0.6559571985113184
0.6575437430108206
0.5470794887269221
0.5487965752705615
0.5823799347975861
0.5619532660406769
0.5270296706278619
0.5263542047443036
0.5334404749288263
0.5268235318440287
0.5246417007353784
0.5287680256748277
0.527707342921903
0.5231932143250135
0.5217641738864457
0.5222890943092526
0.5222807307699853
0.5225562662694059
0.5231195366498692
0.5228758864995269
0.5220662940459126
0.5215737394150753
0.521498751032714
0.5215739467738758
0.5217052025596112
0.5217745141969576
0.5216537673208737
0.521412077814297
0.5212116544046871
0.5211144830808572
0.5210889996834117
0.5210829060332236
0.5210468411224422
0.5209578076546626
0.5208366589360628
0.5207224537416717
0.5206363044422709
0.5205740513477273
0.5205187150950455
0.5204540205731053
0.5203739684683734
0.5202845813814871
0.5201965970064304
0.5201166212775141
0.5200441074758343
0.5199740265213024
0.5199013577759831
0.5198242744526826
0.5197444665754936
0.5196650270026308
0.5195879854799901
0.5195133030346638
0.5194395254034663
0.5193651393615827
0.5192895688911597
0.5192132821981972
0.5191371836578271
0.5190618947839518
0.5189874342279132
0.518913386221321
0.5188393002407656
0.5187649957500947
0.5186906028185969
0.5186163882955158
0.518542543480888
0.5184690836933321
0.51839589215686
0.518322836834032
0.5182498628242221
0.5181770074568549
0.5181043508420913
0.518031953015627
0.5179598226165667
0.5178879282156257
0.5178162323361492
0.5177447193445174
0.5176734008550505
0.517602301723891
0.5175314414492207
0.5174608244388142
0.5173904428672755
0.5173202865500195
0.5172503513354887
0.51718064098205
0.5171111632065297
0.5170419241841733
0.5169729255298923
0.5169041649895391
0.5168356392932955
0.5167673466718008
0.5166992874906697
0.5166314631379276
0.5165638743963653
0.5164965205056028
0.5164293993153589
0.5163625081032598
0.5162958443237871
0.5162294058156104
0.5161631904860176
0.5160971958257894
0.5160314186141497
0.5159658549439143
0.5159005004503725
0.5158353505291581
0.5157704003986641
0.5157056450060646
0.5156410788778711
0.5155766960221864
0.5155124899245429
0.5154484536058939
0.5153845796800235
0.5153208603663013
0.5152572874555196
0.5151938522574981
0.5151305455623321
0.5150673576286664
0.5150042781906414
0.5149412964652021
0.5148784011463481
0.5148155803850323
0.5147528217628148
0.5146901122687223
0.5146274382835632
0.5145647855694991
0.5145021392595455
0.5144394838428997
0.5143768031455208
0.5143140803082291
0.5142512977651094
0.5141884372235541
0.5141254796453677
0.5140624052273752
0.5139991933802774
0.513935822705508
0.5138722709707169
0.5138085150846855
0.5137445310720811
0.5136802940478896
0.5136157781910641
0.5135509567169887
0.5134858018486546
0.5134202847867047
0.5133543756785666
0.5132880435867868
0.513221256456508
0.5131539810819362
0.5130861830716626
0.5130178268127826
0.5129488754338345
0.512879290766607
0.5128090333068263
0.512738062173689
0.512666335068176
0.512593808230083
0.5125204363937267
0.5124461727423104
0.5123709688609369
0.5122947746882491
0.5122175384666628
0.5121392066911472
0.5120597240565025
0.5119790334030995
0.5118970756610399
0.5118137897927063
0.5117291127336614
0.5116429793318542
0.5115553222850822
0.5114660720766573
0.5113751569092257
0.5112825026366876
0.5111880326941615
0.5110916680259351
0.510993327011341
0.5108929253884856
0.5107903761757633
0.5106855895910751
0.5105784729686761
0.510468930673559
0.5103568640132907
0.5102421711471947
0.5101247469927783
0.5100044831292929
0.5098812676983002
0.5097549853011236
0.5096255168930401
0.5094927396740702
0.5093565269762065
0.5092167481469163
0.5090732684287359
0.5089259488347748
0.5087746460199237
0.5086192121475607
0.5084594947515326
0.5082953365931772
0.5081265755131456
0.5079530442777711
0.5077745704197213
0.5075909760726629
0.5074020777996627
0.5072076864150415
0.5070076067993905
0.5068016377074691
0.506589571568691
0.5063711942799192
0.506146284990294
0.5059146158778312
0.5056759519175433
0.5054300506408553
0.5051766618861158
0.5049155275400318
0.5046463812698967
0.5043689482465223
0.5040829448578393
0.5037880784131875
0.5034840468383857
0.5031705383617456
0.5028472311912812
0.5025137931834527
0.5021698815038974
0.501815142280709
0.5014492102509532
0.5010717084012519
0.5006822476034147
0.5002804262462667
0.49986582986500494
0.4994380307696159
0.49899658767410465
0.49854104532853627
0.4980709341561468
0.4975857698980857
0.49708505326867797
0.49656826962444944
0.4960348886505757
0.4954843640688517
0.4949161333717893
0.49432961758800065
0.49372422108464875
0.49309933141343226
0.49245431920733096
0.49178853813618145
0.4911013249300702
0.4903919994805337
0.48965986503064945
0.48890420846626576
0.4881243007218635
0.48731939731586
0.48648873903151524
0.48563155276100217
0.4847470525315896
0.48383444073425486
0.48289290957632425
0.4819216427809055
0.4809198175568532
0.47988660686371076
0.47882118199645934
0.47772271551483225
0.4765903845413665
0.4754233744511219
0.47422088297400544
0.4729821247277669
0.4717063361958725
0.4703927811594881
0.46904075658664035
0.46764959897415326
0.46621869112916314
0.46474746936683636
0.4632354310894078
0.4616821426988832
0.46008724778185295
0.45845047549005846
0.45677164902495104
0.45505069411882704
0.45328764738972843
0.45148266443265517
0.4496360274964259
0.44774815258435896
0.4458195958085899
0.4438510588229904
0.44184339315896737
0.43979760329258294
0.43771484828085566
0.4355964418202012
0.43344385060082774
0.43125869085742663
0.4290427230483248
0.4267978446317129
0.42452608094770905
0.42222957425764607
0.41991057103567486
0.4175714076509662
0.41521449461982396
0.41284229964421104
0.4104573296850089
0.40806211234338585
0.4056591768408605
0.4032510348972601
0.400840161805423
0.39842897799224075
0.3960198313379361
0.3936149805001521
0.39121657945766475
0.3888266634517087
0.38644713646259776
0.3840797603171583
0.3817261454800863
0.3793877435411883
0.3770658413719091
0.3747615568896957
0.3724758363384367
0.37020945296804575
0.36796300697650774
0.36573692656348245
0.36353146993564783
0.3613467281000798
0.3591826282825873
0.3570389378124928
0.3549152683232454
0.35281108012879464
0.35072568664822745
0.3486582587651359
0.34660782902297615
0.34457329557278926
0.3425534258045879
0.34054685960807657
0.338552112221757
0.3365675766415478
0.33459152557045363
0.3326221128992603
0.33065737471436957
0.32869522983244925
0.3267334798622772
0.3247698087918423
0.32280178209334565
0.3208268453304076
0.3188423222409324
0.3168454122566433
0.31483318740764743
0.3128025885496637
0.31075042084559784
0.3086733484356942
0.3065678882460504
0.3044304029189895
0.3022570929061847
0.3000439878519572
0.29778693751454005
0.2954816026306183
0.29312344632411375
0.29070772689189195
0.28822949306081663
0.2856835830919385
0.283064629393158
0.2803670705710314
0.2775851730799716
0.27471306478272445
0.2717447827852053
0.268674337814066
0.2654957971277901
0.2622033874543703
0.2587916186994575
0.255255428149429
0.2515903436056867
0.2477926623606468
0.24385964123108508
0.23978969111263232
0.2355825678648986
0.23123954996866278
0.2267635925190662
0.22215944692430645
0.2174337363153588
0.21259497820828963
0.2076535483632054
0.20262158290582694
0.19751281936802034
0.19234238103602536
0.18712651251226464
0.18188227736070045
0.17662723084550766
0.17137908191801748
0.16615535870392326
0.1609730908518328
0.1558485203799085
0.15079685031878728
0.14583203774664627
0.14096663499607723
0.13621168010594698
0.1315766351739609
0.1270693692628085
0.12269618099458421
0.11846185495355395
0.11436974548267358
0.11042188134949435
0.10661908499722854
0.10296110060264255
0.0994467258497352
0.09607394311904963
0.09284004662013633
0.0897417628056417
0.08677536216013076
0.08393676112868811
0.08122161352475765
0.07862539122839757
0.07614345435721959
0.07377111137007664
0.07150366975863923
0.06933647810659566
0.06726496036301002
0.06528464319755743
0.06339117729204533
0.06158035338452755
0.05984811382756251
0.058190560357374105
0.056603958700997214
0.05508474057782499
0.05362950358312717
0.05223500937596598
0.05089818053372677
0.049616096380812075
