2.0309094344393004
2.310341305237622
2.194194721861555
2.400036317495725
2.2036165049988288
2.0926786886247553
2.1146993900385316
2.0707927101792216
2.2460622272412354
2.025578497527657
2.1146971308889384
2.086470848356278
2.2576511796580916
2.3873935044181036
2.0642635298474112
2.275437901269935
2.102181997531283
2.2802341876647896
2.377155054719404
2.026386721370455
2.182570663183434
2.0792102936661916
2.129117506505659
2.3176199641604183
1.9569123606994911
2.0462957184291777
1.9329983099999533
2.0958845624384534
2.1826699404778593
1.659420439087286
1.831820848648913
1.5927561419863268
1.8850837432896592
1.4339477812152293
1.3285774889872735
1.3616135184264357
1.1467848314903288
1.125252444934561
0.9599849116624485
1.0664001217134107
0.9218447166158162
0.8891629794516013
0.6396476150487761
0.5656968359943385
0.34257400846590275
0.2709520896719482
0.1745294624610146
0.11059539303892339
0.08120743781738937
0.06343837329344018
0.04976332368797396
