2.013716728703499
2.3161861274478364
2.2476507575504456
2.183650861391752
2.14451834753888
2.1176933710100325
2.0959294118855105
2.0763086000695896
2.057793419962273
2.040030926816056
2.0229051084234335
2.0063844842234704
1.9904705373573384
1.9751788304125206
1.9605308525558391
1.9465497231912385
1.933257541239923
1.9206735959307533
1.908813111893097
1.8976863663505728
1.8872980866386906
1.877647070746819
1.8687259915921681
1.860521355272334
1.8530135886805659
1.8461772348951635
1.8399812369417234
1.8343892925012133
1.8293602641273659
1.8248486315513972
1.8208049746004684
1.8171764770301
1.8139074430880178
1.8109398198509365
1.8082137193162642
1.8056679349344047
1.8032404478041193
1.8008689182010944
1.798491158541541
1.7960455843562113
1.7934716404025448
1.7907101996872157
1.7877039338986982
1.7843976545310682
1.7807386247732966
1.7766768429917181
1.7721652992940717
1.7671602071817953
1.761621212631756
1.7555115830697439
1.7487983785907415
1.7414526074457053
1.733449367267915
1.7247679727857803
1.715392069909066
1.7053097351392366
1.6945135583081012
1.6830007057629977
1.6707729603630923
1.6578367340971072
1.6442030488358923
1.6298874807373407
1.6149100641510576
1.5992951515290004
1.5830712268155458
1.5662706710226846
1.548929480129499
1.531086937000278
1.512785240603781
1.4940690973463635
1.4749852807180655
1.4555821666191955
1.4359092526275172
1.4160166700445194
1.3959546978050632
1.3757732872489616
1.3555216063533133
1.3352476113421647
1.3149976526668237
1.2948161212346219
1.2747451395091018
1.254824300765277
1.2350904584144606
1.2155775659666173
1.1963165669228781
1.177335332729385
1.1586586459113928
1.1403082246698955
1.122302784578579
1.10465813257311
1.087387288174304
1.0705006268194095
1.0540060402721727
1.037909109317816
1.0222132842955503
1.0069200694496543
0.9920292075620218
0.9775388618381922
0.9634457925321622
0.9497455262938435
0.9364325166919186
0.9235002947934757
0.9109416090634135
0.8987485541775703
0.8869126886233919
0.8754251411920622
0.8642767066495558
0.8534579310152306
0.842959186980076
0.8327707400677615
0.8228828061850691
0.8132856012290262
0.803969383420508
0.7949244890221133
0.786141362075346
0.7776105787614078
0.7693228669537835
0.7612691214913255
0.7534404156593342
0.7458280093245341
0.7384233541288112
0.7312180961068963
0.7242040760553309
0.7173733279444423
0.7107180756318963
0.7042307281057819
0.6979038734571824
0.6917302717567847
0.6857028469871738
0.6798146781620147
0.6740589897452238
0.6684291414673317
0.6629186176225454
0.6575210159182897
0.652230035939349
0.647039467280896
0.6419431773988569
0.6369350992219938
0.6320092185680359
0.6271595614060022
0.6223801810087682
0.6176651450439274
0.6130085226573426
0.6084043716125053
0.6038467255602283
0.5993295815274634
0.5948468877313173
0.5903925318450168
0.5859603298666699
0.5815440157695334
0.5771372321441255
0.5727335220780432
0.568326322558539
0.5639089597256267
0.5594746463490454
0.5550164819500935
0.5505274560377558
0.5460004549761394
0.5414282730444736
0.5368036282890818
0.5321191837948867
0.5273675750178667
0.5225414438140055
0.5176334797688626
0.5126364693681901
0.507543353447374
0.5023472932089523
0.4970417448971508
0.4916205429614896
0.4860779912258669
0.48040896120607796
0.47460899629302783
0.46867442005201315
0.46260244639763964
0.4563912889134879
0.45004026612616577
0.44354989915141363
0.4369219978455356
0.4301597314594916
0.4232676798433803
0.41625186151586124
0.40911973541417984
0.40188017387699987
0.3945434053656061
0.3871209265594582
0.37962538470987345
0.37207043242473975
0.36447055830157216
0.3568408979377747
0.34919703074440156
0.3415547686072502
0.33392994273346177
0.32633819497659905
0.3187947795601621
0.31131438045657633
0.30391094878470226
0.2965975635369192
0.28938631781573765
0.2822882316269542
0.2753131912101738
0.26846991394317504
0.2617659370729068
0.25520762792455
0.24880021282680928
0.24254782175853232
0.23645354565067736
0.23051950334345914
0.22474691537246566
0.21913618201040375
0.2136869632950258
0.20839825910416665
0.20326848767506997
0.19829556129120618
0.1934769581637431
0.18880978980897378
0.18429086346284532
0.17991673927772062
0.17568378221502204
0.17158820868254654
0.1676261280698945
0.16379357941324804
0.1600865634753723
0.15650107056196505
0.15303310441486104
0.14967870252934762
0.1464339532397952
0.14329500990743338
0.14025810252845844
0.13731954706147775
0.13447575275192128
0.13172322770860867
0.12905858296494888
0.1264785352349273
0.12397990855252626
0.1215596349628554
0.11921475441423343
0.11694241398286584
0.11473986654564661
0.11260446900199284
0.11053368013240567
0.10852505816963523
0.10657625814777671
0.10468502908526939
0.10284921104951801
0.1010667321435854
0.099335605449053
0.09765392595359361
0.09601986748697622
0.09443167968504176
0.09288768499758474
0.09138627575296103
0.08992591128959557
0.08850511516227447
0.08712247242918532
0.08577662702402505
0.08446627921611483
0.08319018316030666
0.08194714453749782
0.08073601828576994
0.07955570642151566
0.07840515594937918
0.0772833568594081
0.07618934020947313
0.07512217629074973
0.07408097287385279
0.0730648735330715
0.07207305604605005
0.07110473086619691
0.07015913966507739
0.06923555394203408
0.06833327369830174
0.0674516261729161
0.06658996463776003
0.0657476672491565
0.06492413595347886
0.06411879544432769
0.06333109216889968
0.06256049338125774
0.061806486240294486
0.06106857695026697
0.06034628994186718
0.05963916709187379
0.058946766979519935
0.05826866417778806
0.057604448577930005
0.0569537247455811
0.05631611130691997
0.05569124036339413
0.05507875693360583
0.05447831842101793
0.05388959410620679
0.053312264662452605
0.05274602169351421
0.05219056729249707
0.05164561362077674
0.051110882505989684
0.050586105058158706
0.050071021303060466
0.049565379831996076
