0.5292663299144527
0.5200402865830602
0.5171654651397579
0.5209329945193151
0.5189358249483078
0.5179965859295751
0.5199071988630566
0.5193845821412397
0.5167496518569947
0.5154892201564821
0.5156280465005705
0.5157852863897799
0.5159781794701963
0.5162181880575317
0.5160166052116623
0.5154393570048194
0.514982858348026
0.5148123560969232
0.5147907765886962
0.5148039811296115
0.5147674415914665
0.5146118487961414
0.5143664647159754
0.514128776954087
0.5139558146423919
0.5138377541638315
0.5137375125112732
0.5136197359281918
0.5134665654220886
0.5132866091913961
0.5131038943666001
0.5129360017769312
0.5127841584534717
0.5126384313850341
0.5124873231575713
0.5123249341430318
0.5121531716062786
0.5119784518234665
0.5118061305333952
0.5116373033106341
0.5114694369728212
0.5112990476846726
0.5111241179862467
0.51094491925815
0.5107631582871325
0.5105804325716624
0.510397208928548
0.5102128377684513
0.5100262678359487
0.5098367958158271
0.5096443753494395
0.5094494190700457
0.5092523641073439
0.5090533484453684
0.508852172886396
0.5086484868239718
0.5084420128708715
0.5082326570220417
0.5080204683153571
0.5078055175517566
0.5075877959757318
0.507367192485261
0.507143540464551
0.506916683741492
0.5066865140879431
0.5064529647663426
0.5062159770522457
0.5059754688670487
0.5057313247407096
0.5054834070748331
0.5052315751375779
0.5049756973145978
0.5047156506880988
0.5044513118103385
0.5041825469996296
0.5039092083399128
0.5036311361122126
0.5033481640728246
0.5030601232303056
0.5027668420018944
0.5024681435538437
0.5021638426847593
0.5018537442065851
0.5015376432449172
0.5012153265266012
0.5008865733593433
0.5005511555775501
0.5002088365950849
0.49985937022919996
0.49950249990588014
0.4991379584277949
0.4987654680655321
0.4983847405874852
0.4979954769868816
0.4975973669206601
0.49719008804719134
0.49677330545198184
0.4963466712303295
0.49590982416605545
0.49546238939232135
0.49500397795639334
0.4945341862864658
0.4940525956147356
0.4935587714165649
0.4930522628918403
0.4925326024748464
0.4919993053409249
0.4914518688876981
0.49088977219205854
0.4903124754626716
0.4897194195111934
0.4891100252562516
0.4884836932625829
0.48783980331243487
0.4871777140097423
0.48649676242566336
0.4857962638009582
0.4850755113229712
0.4843337759932921
0.48357030659962885
0.4827843298048822
0.4819750503686683
0.4811416515203313
0.4802832955059327
0.47939912433365156
0.47848826074264195
0.4775498094206424
0.4765828584963731
0.4755864813341867
0.4745597386600593
0.47350168104909596
0.4724113518048426
0.4712877902597819
0.4701300355246638
0.4689371307119374
0.4677081276554358
0.4664420921443073
0.4651381096836639
0.4637952917872682
0.46241278279877596
0.46098976722761376
0.4595254775735986
0.4580192026009267
0.4564702960072293
0.454878185417116
0.45324238161226316
0.4515624878920221
0.4498382094402568
0.44806936255624835
0.4462558835906855
0.4443978374127028
0.4424954252213912
0.4405489915059865
0.438559029953847
0.43652618810510796
0.4344512705581824
0.43233524054153405
0.4301792196846307
0.4279844858447127
0.42575246887570667
0.4234847442607156
0.4211830245691605
0.4188491487426388
0.41648506925850054
0.4140928372653694
0.4116745858286062
0.40923251146423184
0.40676885417536157
0.40428587623417944
0.40178583997356304
0.39927098486466106
0.39674350415939824
0.3942055213698571
0.3916590668399883
0.38910605463981296
0.38654825997921183
0.38398729729895226
0.38142459915235544
0.3788613959437829
0.3762986965418157
0.37373726973754895
0.37117762647379715
0.36862000273110634
0.3660643429232197
0.3635102836299404
0.3609571374811519
0.35840387700420917
0.3558491182603106
0.35329110412647674
0.35072768713140906
0.3481563118293171
0.345573996799671
0.3429773164970362
0.34036238334794333
0.3377248307049514
0.33505979752428816
0.3323619159327983
0.3296253031886246
0.32684355990815284
0.3240097768110127
0.32111655259607175
0.3181560258619778
0.31511992416918877
0.3119996333365448
0.30878628979525446
0.3054708982078441
0.30204447553494934
0.29849822126934844
0.29482371168230087
0.2910131137488605
0.287059412133851
0.28295664051116953
0.278700106892597
0.2742866018907716
0.2697145791845631
0.26498429898101117
0.26009792784396596
0.2550595915261647
0.2498753808685581
0.24455331383151538
0.2391032587968791
0.23353682514315482
0.22786722675258836
0.22210912284491038
0.21627843883361678
0.21039216831995783
0.20446815635886437
0.19852486405123954
0.1925811154054608
0.1866558291060236
0.1807677399935208
0.17493511727145
0.16917548828506584
0.16350537781670166
0.15794007299410723
0.15249342305457148
0.14717768144367557
0.14200339527565875
0.13697934434589765
0.1321125289955133
0.12740820348944348
0.12286994942196888
0.11849978215600561
0.11429828248556625
0.11026474554889287
0.10639733941214108
0.10269326655134256
0.09914892253293295
0.09576004738876132
0.09252186638177752
0.0894292179752588
0.08647666779430775
0.08365860817408324
0.08096934351779689
0.07840316214787288
0.07595439564485792
0.07361746685475518
0.07138692783186196
0.06925748899509743
0.06722404073265938
0.06528166861066068
0.06342566324056821
0.06165152574885634
0.05995496967835702
0.05833192003996603
0.056778510129293386
0.05529107662766316
0.053866153421607416
0.05250046449989994
0.05119091622194806
0.04993458919538822
