2.166080392677355
2.3097631719901153
2.26830604878557
2.2177741987948334
2.184452832486088
2.1600830684356964
2.1394391043277405
2.120388550375716
2.102169439489198
2.0845243549530004
2.067369593720141
2.0506810858279363
2.034456734627373
2.018703975139467
2.003435314960819
1.9886663269750482
1.9744143899399278
1.9606976776387088
1.9475342627739098
1.9349413074734714
1.9229343401902468
1.9115266242800322
1.9007286228929317
1.8905475625886679
1.8809870955518415
1.8720470578285866
1.8637233188137077
1.856007715410344
1.8488880629435747
1.8423482340673376
1.836368296543108
1.8309247008297636
1.8259905088199164
1.8215356556887763
1.8175272375884957
1.8139298187365034
1.8107057522409407
1.8078155097311805
1.8052180154882336
1.8028709812885269
1.8007312385895409
1.7987550650119957
1.7968985023317163
1.7951176634085908
1.7933690256731003
1.7916097089828615
1.7897977358680675
1.787892272416131
1.7858538483071313
1.7836445548028166
1.7812282198085123
1.7785705594615637
1.7756393060420703
1.7724043123408204
1.7688376329448747
1.7649135832037695
1.7606087769114351
1.7559021439755202
1.7507749295447477
1.7452106762263098
1.7391951911516912
1.7327164997446165
1.7257647881139953
1.718332336042514
1.7104134425718036
1.7020043462001602
1.6931031417085716
1.6837096956127633
1.673825562197942
1.6634539020215693
1.6525994046588166
1.6412682173059396
1.6294678806398055
1.6172072730504328
1.6044965640144246
1.5913471769618601
1.5777717615146423
1.5637841744536658
1.549399468224999
1.5346338852466426
1.5195048557572028
1.5040309964884877
1.4882321070790017
1.4721291609060212
1.455744286927501
1.4391007392114958
1.422222851100928
1.4051359714149418
1.3878663807125913
1.370441186415442
1.3528881964671144
1.335235772154622
1.3175126616767887
1.2997478169645216
1.2819701970827238
1.2642085622260297
1.246491262820945
1.2288460285383964
1.2112997620897525
1.1938783425278012
1.1766064424174707
1.1595073627073678
1.142602888459881
1.1259131678284109
1.1094566158510846
1.0932498438062694
1.0773076140868576
1.061642819832025
1.0462664879330148
1.0311878035209583
1.0164141536584417
1.0019511876935547
0.9878028915895714
0.9739716735044183
0.9604584579472064
0.9472627859677075
0.9343829190216888
0.9218159443835182
0.9095578802320727
0.897603778802931
0.8859478262677156
0.874583438261083
0.8635033502202886
0.8526997019267099
0.8421641158401779
0.8318877689940115
0.8218614583711967
0.8120756598109189
0.8025205806012471
0.7931862060002399
0.7840623399962614
0.7751386406714877
0.7664046505727652
0.757849822523564
0.7494635413320261
0.7412351418649782
0.7331539239681886
0.7252091647206069
0.7173901285162179
0.7096860754725862
0.7020862686710191
0.6945799807401196
0.687156500302783
0.6798051388164225
0.6725152383472316
0.665276180831132
0.6580773993857856
0.6509083922484822
0.6437587399221592
0.6366181261140572
0.6294763630459221
0.6223234216980013
0.6151494675174554
0.6079449020711136
0.6007004110477676
0.5934070189117022
0.5860561503718971
0.5786396986557552
0.5711501003589989
0.5635804163824701
0.5559244181625764
0.5481766780587647
0.5403326623864412
0.53238882518977
0.5243427004534739
0.5161929900791741
0.5079396446275753
0.49958393358411446
0.4911285017750609
0.48257740857476983
0.473936146729316
0.4652116379952682
0.4564122033610831
0.44754750637398577
0.4386284690120568
0.4296671605778794
0.4206766611899706
0.4116709025440176
0.4026644896348827
0.39367250800133313
0.3847103217156396
0.3757933677419246
0.36693695240258234
0.35815605551629903
0.3494651473220097
0.3408780226191414
0.33240765569027275
0.3240660785925623
0.3158642843770363
0.307812155785335
0.2999184190385739
0.2921906215175047
0.2846351314675596
0.27725715736273354
0.27006078423090746
0.2630490240713459
0.25622387746514746
0.24958640356837483
0.24313679585958
0.23687446126240608
0.23079810055525857
0.22490578829213373
0.2191950507734873
0.21366294090951338
0.20830610910008862
0.2031208695092531
0.19810326133363348
0.19324910485245828
0.1885540522022558
0.18401363294388853
0.1796232945860537
0.17537843830097966
0.17127445011826922
0.16730672791507495
0.16347070453830256
0.15976186740026807
0.15617577488582293
0.15270806989867025
0.14935449085935823
0.146110880448813
0.14297319237060419
0.1399374963833753
0.13699998183286782
0.13415695989128146
0.13140486469078794
0.1287402535181494
0.1261598062187892
0.12366032394141455
0.12123872733846563
0.11889205432325581
0.11661745747162719
0.11441220114424
0.11227365839513671
0.11019930772291874
0.10818672971262196
0.10623360360911765
0.10433770385647577
0.10249689663215526
0.10070913640000895
0.09897246250187353
0.09728499580385269
0.09564493541024652
0.09405055545537391
0.09250020198121084
0.09099228990678734
0.08952530009361448
0.088097776509985
0.08670832349580745
0.0853556031286304
0.08403833269069239
0.08275528223615439
0.0815052722571112
0.080287171446542
0.07909989455599717
0.07794240034555279
0.07681368962334717
0.07571280337187054
0.07463882095806931
0.07359085842426363
0.07256806685684883
0.07156963082974448
0.07059476691957495
0.06964272228960593
0.06871277333951095
0.06780422441810574
0.06691640659626788
0.06604867649733016
0.06520041518233245
0.06437102708759657
0.0635599390121879
0.0627665991529156
0.061990476184616804
0.061231058383565705
0.060487852791935894
0.05976038442133649
0.05904819549353106
0.05835084471653027
0.05766790659433946
0.056998970768713055
0.056343641391355954
0.05570153652507808
0.05507228757248639
0.054455538730863895
0.053850946471954625
0.053258179045433514
0.05267691600490404
0.052106847755321165
0.05154767512079568
0.05099910893178562
0.0504608696307313
0.049932686895240934
