2.407579459941323
2.176987450494951
2.131256757523244
2.1142340638054318
2.1063673697146346
2.101379722051929
2.0972071139922277
2.0932745190096
2.0894593931415106
2.085755866344692
2.0821804600442366
2.0787495612973617
2.0754758147931907
2.0723686602509845
2.0694353225835176
2.066681528959096
2.0641119295389583
2.0617303164082785
2.0595397231749084
2.0575424592675806
2.0557401111463176
2.054133528889769
2.0527228085590634
2.0515072761399846
2.0504854762623044
2.0496551674072663
2.0490133244409745
2.048556148775262
2.0482790861079865
2.048176851451142
2.048243460975958
2.048472270067748
2.0488560168791343
2.049386870593294
2.050056483556136
2.050856046406337
2.0517763453232796
2.052807820523695
2.053940625166172
2.055164683866704
2.056469750085541
2.057845461713472
2.0592813942615282
2.060767111139595
2.0622922105939536
2.0638463689592426
2.0654193799645197
2.067001189914423
2.0685819286432623
2.0701519362111256
2.071701785375849
2.073222299932426
2.074704569061784
2.0761399578738007
2.077520114365096
2.0788369730409326
2.08008275547281
2.0812499680798133
2.0823313974330135
2.0833201033889566
2.0842094103611615
2.084992897038391
2.0856643848556913
2.086217925519593
2.0866477878826886
2.086948444455669
2.087114557836796
2.087140967330161
2.0870226760146897
2.0867548385158217
2.0863327497207793
2.085751834666142
2.085007639812558
2.084095825905505
2.0830121626024227
2.0817525250248288
2.080312892368592
2.078689348675965
2.076878085838828
2.074875408863651
2.0726777433849066
2.070281645365216
2.067683812867937
2.064881099731965
2.0618705309204746
2.058649319256713
2.055214883202722
2.0515648652833898
2.0476971507109525
2.043609885726936
2.0393014951521797
2.034770698623952
2.030016525004431
2.025038324469212
2.0198357778289835
2.014408902702663
2.008758056245287
2.002883934237099
1.9967875664585
1.9904703084047843
1.9839338295297513
1.9771800983424335
1.970211364810078
1.963030140636552
1.9556391780823654
1.9480414480649324
1.9402401183209035
1.932238532423195
1.9240401904219653
1.9156487318211668
1.9070679215121058
1.8983016391658571
1.8893538724421408
1.8802287142091345
1.870930363793486
1.8614631320997663
1.8518314502611446
1.8420398813156775
1.8320931342520024
1.821996079640704
1.8117537659683476
1.8013714357242832
1.790854540258603
1.7802087524346424
1.7694399761411401
1.7585543518063824
1.747558257166578
1.7364583026794327
1.7252613211362544
1.7139743512057628
1.7026046148333602
1.6911594886133345
1.6796464694409878
1.6680731349293108
1.6564470992337432
1.6447759650624325
1.6330672727532427
1.6213284473687772
1.6095667447948403
1.5977891978255758
1.5860025631814112
1.5742132703369607
1.562427372939687
1.5506505034824152
1.5388878317603885
1.5271440275040193
1.515423227439303
1.503729006896438
1.4920643559702524
1.4804316601393916
1.4688326851793845
1.457268566160977
1.4457398003110336
1.4342462435291914
1.4227871103979426
1.4113609775943772
1.3999657907046716
1.3885988745526472
1.3772569472757512
1.365936138508861
1.3546320121611009
1.3433395943850006
1.3320534074316597
1.320767510149744
1.309475545908857
1.2981707986965936
1.2868462580402975
1.275494693225858
1.2641087370142579
1.252680978681951
1.2412040657278154
1.2296708129988023
1.218074317300007
1.2064080747973909
1.194666097733014
1.1828430262109941
1.1709342301513872
1.1589358960358553
1.1468450928768683
1.1346598120202271
1.1223789760106262
1.1100024128505506
1.097530793556597
1.084965532899938
1.072308655485825
1.0595626317041988
1.0467301903576836
1.0338141167215802
1.0208170462104142
1.0077412645641872
0.9945885254450314
0.9813598955568835
0.9680556359554273
0.9546751262585956
0.9412168361965343
0.9276783465622198
0.9140564193296036
0.9003471146439671
0.8865459506535945
0.8726481007812625
0.8586486220175862
0.8445427071100942
0.8303259530585317
0.8159946380435488
0.8015459987616855
0.7869785000853083
0.7722920890094397
0.757488425009726
0.7425710792568482
0.727545695660216
0.7124201074927711
0.6972044044099094
0.6819109460264241
0.6665543198340703
0.6511512430757853
0.6357204101588403
0.6202822891844021
0.6048588730786965
0.5894733925141394
0.5741499992007791
0.5589134291238735
0.5437886558456168
0.5288005440547004
0.5139735131472497
0.4993312197994766
0.48489626731525154
0.47068994808898595
0.456732023914773
0.44304054719759106
0.42963172447653014
0.4165198221359542
0.403717112823571
0.3912338599603226
0.3790783368414091
0.36725687619771186
0.35577394570327603
0.34463224475592225
0.3338328178942655
0.32337518041030167
0.3132574520354161
0.3034764949832767
0.2940280530926349
0.28490688929773506
0.27610691914000385
0.26762133850305114
0.2594427441899038
0.25156324635728683
0.24397457217110216
0.23666816034761956
0.2296352464964449
0.22286693938613142
0.2163542884147523
0.2100883426901184
0.204060202212322
0.19826106170979524
0.19268224771379344
0.18731524946971817
0.18215174428100955
0.17718361786618186
0.17240298028510553
0.16780217795957744
0.1633738022778494
0.1591106952349205
0.15500595252154886
0.15105292443622612
0.14724521495667317
0.14357667927134315
0.14004142003744793
0.1366337826003651
0.1333483493801335
0.13017993360412078
0.12712357254082465
0.12417452036809239
0.12132824078965163
0.11858039949664109
0.11592685655561644
0.11336365879114
0.1108870322193824
0.10849337457897548
0.10617924799655618
0.10394137181682436
0.1017766156204247
0.0996819924473793
0.09765465223906301
0.09569187550771545
0.09379106723910682
0.09194975103117518
0.09016556346912098
0.08843624873553374
0.08675965345256866
0.08513372175194636
0.08355649056755532
0.08202608514467694
0.08054071475927305
0.07909866864035697
0.07769831208818431
0.07633808278082466
0.0750164872615929
0.07373209759981125
0.07248354821742892
0.07126953287412788
0.07008880180369127
0.06894015899458351
0.06782245960789107
0.06673460752598827
0.0656755530255278
0.06464429056858284
0.06363985670602189
0.06266132808743487
0.061707819572175415
0.060778482436326185
0.05987250267063262
0.05898909936468161
0.05812752317282969
0.0572870548576056
0.05646700390652204
0.05566670721844095
0.0548855278558279
0.05412285385942356
0.0533780971220434
0.05265069231838171
0.05194009588786854
0.05124578506778331
0.05056725697397409
0.0499040277266798
