0.5233415443189904
0.5739087934084098
0.5617813016156991
0.5525108854827254
0.5457481763428301
0.5409444569660531
0.5375986203228558
0.5353002864610422
0.533736041567555
0.5326773644425948
0.5319627258396461
0.5314803056235858
0.531153771508666
0.5309315034562156
0.5307788119606707
0.5306724827064776
0.5305970237579489
0.5305421154471865
0.5305008914408729
0.5304687862449905
0.5304427652319289
0.530420811446341
0.5304015840963141
0.5303841915305015
0.530368040422513
0.5303527356217423
0.5303380136629293
0.5303236986242715
0.5303096728196575
0.5302958573355687
0.5302821991011039
0.5302686622937814
0.5302552226233239
0.5302418635262987
0.530228573629999
0.5302153450598417
0.530202172307752
0.5301890514739707
0.5301759797577216
0.5301629551139613
0.5301499760211646
0.5301370413235081
0.530124150123034
0.5301113017055032
0.5300984954890386
0.5300857309882647
0.5300730077890368
0.5300603255304522
0.5300476838919121
0.5300350825837056
0.5300225213400812
0.5300099999140895
0.5299975180736995
0.5299850755988429
0.5299726722791411
0.529960307912142
0.5299479823019388
0.5299356952580826
0.5299234465947164
0.5299112361298864
0.5298990636849876
0.5298869290843167
0.5298748321547113
0.5298627727252565
0.5298507506270443
0.529838765692981
0.5298268177576236
0.5298149066570512
0.5298030322287549
0.5297911943115485
0.5297793927454947
0.5297676273718426
0.529755898032976
0.529744204572371
0.5297325468345577
0.5297209246650907
0.5297093379105211
0.5296977864183751
0.5296862700371328
0.529674788616212
0.5296633420059522
0.5296519300576009
0.5296405526233022
0.5296292095560848
0.529617900709852
0.529606625939373
0.5295953851002735
0.5295841780490269
0.5295730046429481
0.5295618647401847
0.5295507581997105
0.5295396848813185
0.5295286446456141
0.529517637354009
0.5295066628687148
0.5294957210527368
0.5294848117698674
0.5294739348846815
0.5294630902625295
0.5294522777695317
0.5294414972725737
0.5294307486392992
0.5294200317381053
0.5294093464381373
0.5293986926092825
0.5293880701221658
0.5293774788481431
0.5293669186592975
0.5293563894284325
0.5293458910290684
0.5293354233354357
0.5293249862224711
0.529314579565812
0.5293042032417911
0.5292938571274318
0.5292835411004437
0.529273255039217
0.5292629988228176
0.5292527723309828
0.5292425754441159
0.5292324080432824
0.5292222700102038
0.5292121612272545
0.5292020815774554
0.5291920309444711
0.5291820092126044
0.5291720162667912
0.5291620519925975
0.5291521162762128
0.529142209004448
0.529132330064729
0.5291224793450937
0.5291126567341868
0.5291028621212559
0.5290930953961466
0.5290833564492995
0.5290736451717445
0.5290639614550976
0.5290543051915566
0.5290446762738965
0.5290350745954657
0.5290255000501821
0.5290159525325286
0.52900643193755
0.5289969381608478
0.5289874710985768
0.5289780306474418
0.5289686167046923
0.5289592291681205
0.5289498679360558
0.5289405329073613
0.5289312239814316
0.528921941058186
0.5289126840380686
0.5289034528220412
0.5288942473115814
0.5288850674086788
0.5288759130158308
0.5288667840360401
0.5288576803728099
0.528848601930141
0.5288395486125284
0.5288305203249575
0.5288215169729009
0.5288125384623149
0.5288035846996361
0.528794655591778
0.5287857510461275
0.528776870970542
0.528768015273346
0.5287591838633271
0.528750376649734
0.528741593542272
0.5287328344511009
0.5287240992868312
0.5287153879605211
0.5287067003836734
0.5286980364682323
0.5286893961265804
0.5286807792715356
0.5286721858163482
0.5286636156746978
0.5286550687606905
0.5286465449888551
0.5286380442741418
0.5286295665319176
0.5286211116779638
0.528612679628474
0.5286042703000507
0.5285958836097023
0.5285875194748403
0.5285791778132765
0.5285708585432205
0.5285625615832773
0.5285542868524431
0.5285460342701047
0.5285378037560348
0.5285295952303907
0.528521408613711
0.5285132438269131
0.5285051007912913
0.5284969794285126
0.5284888796606154
0.5284808014100075
0.5284727445994617
0.5284647091521149
0.5284566949914644
0.5284487020413671
0.5284407302260348
0.5284327794700343
0.5284248496982826
0.5284169408360461
0.5284090528089374
0.5284011855429135
0.5283933389642732
0.5283855129996547
0.5283777075760332
0.5283699226207188
0.5283621580613547
0.5283544138259135
0.5283466898426971
0.5283389860403321
0.5283313023477698
0.5283236386942822
0.5283159950094611
0.5283083712232155
0.5283007672657689
0.5282931830676584
0.5282856185597313
0.5282780736731439
0.5282705483393595
0.5282630424901454
0.5282555560575715
0.5282480889740083
0.5282406411721251
0.5282332125848874
0.5282258031455551
0.528218412787681
0.5282110414451079
0.5282036890519679
0.52819635554268
0.5281890408519468
0.5281817449147551
0.5281744676663722
0.5281672090423446
0.5281599689784962
0.5281527474109264
0.5281455442760081
0.5281383595103861
0.5281311930509758
0.52812404483496
0.5281169147997886
0.5281098028831757
0.528102709023099
0.5280956331577974
0.5280885752257687
0.5280815351657694
0.5280745129168114
0.528067508418162
0.5280605216093399
0.5280535524301164
0.5280466008205115
0.528039666720793
0.5280327500714755
0.528025850813318
0.5280189688873222
0.5280121042347319
0.5280052567970299
0.5279984265159388
0.5279916133334162
0.5279848171916564
0.5279780380330867
0.5279712758003668
0.5279645304363874
0.5279578018842679
0.5279510900873557
0.5279443949892247
0.5279377165336732
0.5279310546647229
0.527924409326618
0.5279177804638227
0.5279111680210201
0.5279045719431117
0.5278979921752149
0.5278914286626615
0.5278848813509975
0.5278783501859816
0.5278718351135816
0.5278653360799764
0.5278588530315522
0.5278523859149022
0.5278459346768252
0.5278394992643242
0.5278330796246048
0.5278266757050745
0.5278202874533411
0.5278139148172112
0.5278075577446897
0.5278012161839776
0.5277948900834714
0.5277885793917616
0.5277822840576317
0.5277760040300569
0.5277697392582024
0.5277634896914231
0.5277572552792619
0.5277510359714483
0.5277448317178981
0.5277386424687107
0.5277324681741699
0.527726308784741
0.5277201642510709
0.5277140345239862
0.5277079195544926
0.527701819293773
0.5276957336931881
0.5276896627042726
0.5276836062787368
0.5276775643684641
0.5276715369255099
0.5276655239021016
0.5276595252506359
0.5276535409236789
0.527647570873965
0.5276416150543956
0.5276356734180381
0.5276297459181246
0.5276238325080517
0.527617933141379
0.5276120477718272
0.5276061763532789
0.5276003188397765
0.5275944751855212
0.5275886453448723
0.5275828292723467
0.5275770269226164
0.5275712382505098
0.5275654632110085
0.5275597017592479
0.5275539538505158
0.5275482194402512
0.5275424984840438
0.527536790937633
0.5275310967569061
0.5275254158978995
0.5275197483167958
0.5275140939699234
0.5275084528137562
0.5275028248049123
0.5274972099001531
0.5274916080563827
0.5274860192306468
0.5274804433801318
0.5274748804621641
0.5274693304342095
0.5274637932538717
0.5274582688788919
0.5274527572671487
0.5274472583766554
0.5274417721655612
0.527436298592149
0.5274308376148353
0.5274253891921695
0.5274199532828323
0.5274145298456356
0.527409118839522
0.527403720223563
0.5273983339569589
0.5273929599990385
0.5273875983092571
0.5273822488471971
0.5273769115725658
0.5273715864451962
0.5273662734250452
0.527360972472193
0.5273556835468431
0.5273504066093202
0.5273451416200711
0.5273398885396627
0.5273346473287821
0.5273294179482352
0.5273242003589466
0.5273189945219587
0.5273138003984309
0.5273086179496391
0.5273034471369746
0.5272982879219444
0.5272931402661691
0.5272880041313833
0.5272828794794349
0.5272777662722835
0.5272726644720013
0.5272675740407706
0.5272624949408851
0.527257427134747
0.5272523705848688
0.5272473252538712
0.5272422911044821
0.5272372680995373
0.527232256201979
0.5272272553748555
0.5272222655813199
0.5272172867846309
0.5272123189481508
0.5272073620353452
0.5272024160097835
0.5271974808351365
0.527192556475177
0.5271876428937794
0.5271827400549184
0.5271778479226683
0.5271729664612032
0.5271680956347959
0.5271632354078177
0.5271583857447374
0.5271535466101203
0.5271487179686292
0.5271438997850224
0.5271390920241538
0.5271342946509722
0.5271295076305206
0.5271247309279358
0.5271199645084479
0.5271152083373796
0.5271104623801459
0.5271057266022536
0.5271010009693003
0.5270962854469743
0.5270915800010539
0.5270868845974068
0.5270821992019905
0.5270775237808498
0.5270728583001185
0.5270682027260173
0.5270635570248541
0.5270589211630233
0.5270542951070053
0.5270496788233656
0.5270450722787553
0.5270404754399096
0.5270358882736479
0.5270313107468726
0.5270267428265698
0.5270221844798082
0.527017635673738
0.5270130963755912
0.5270085665526811
0.5270040461724017
0.526999535202227
0.5269950336097107
0.5269905413624858
0.5269860584282644
0.5269815847748366
0.5269771203700708
0.5269726651819121
0.5269682191783833
0.5269637823275836
0.5269593545976881
0.5269549359569473
0.5269505263736881
0.5269461258163105
0.5269417342532902
0.5269373516531763
0.5269329779845913
0.526928613216231
0.5269242573168633
0.5269199102553291
0.5269155720005404
0.5269112425214808
0.526906921787205
0.5269026097668381
0.5268983064295752
0.5268940117446812
0.5268897256814903
0.5268854482094056
0.5268811792978985
0.5268769189165088
0.5268726670348436
0.5268684236225777
0.5268641886494525
0.5268599620852756
0.5268557438999214
0.5268515340633296
0.526847332545505
0.5268431393165178
0.5268389543465021
0.5268347776056568
0.526830609064244
0.5268264486925898
0.5268222964610829
0.5268181523401747
0.5268140163003786
0.5268098883122707
0.5268057683464876
0.5268016563737276
0.5267975523647496
0.5267934562903732
0.5267893681214777
0.526785287829002
0.5267812153839451
0.5267771507573639
0.5267730939203742
0.5267690448441507
0.5267650034999252
0.5267609698589875
0.526756943892684
0.526752925572419
0.5267489148696523
0.5267449117558999
0.5267409162027343
0.5267369281817827
0.5267329476647278
0.526728974623307
0.5267250090293122
0.5267210508545888
0.5267171000710367
0.526713156650609
0.5267092205653116
0.5267052917872034
0.5267013702883955
0.5266974560410513
0.526693549017386
0.5266896491896659
0.5266857565302084
0.5266818710113823
0.5266779926056059
0.5266741212853484
0.5266702570231284
0.5266663997915141
0.526662549563123
0.526658706310621
0.5266548700067231
0.5266510406241919
0.5266472181358387
0.5266434025145215
0.5266395937331462
0.5266357917646656
0.5266319965820787
0.5266282081584313
0.526624426466815
0.5266206514803673
0.5266168831722713
0.5266131215157547
0.5266093664840905
0.5266056180505958
0.5266018761886323
0.5265981408716053
0.5265944120729641
0.5265906897662012
0.5265869739248514
0.5265832645224936
0.5265795615327482
0.5265758649292775
0.5265721746857868
0.5265684907760215
0.5265648131737697
0.5265611418528594
0.5265574767871598
0.5265538179505804
0.5265501653170706
0.5265465188606202
0.5265428785552578
0.5265392443750517
0.5265356162941094
0.5265319942865765
0.5265283783266372
0.5265247683885141
0.5265211644464677
0.5265175664747954
0.5265139744478327
0.5265103883399516
0.5265068081255608
0.5265032337791058
0.5264996652750684
0.5264961025879656
0.5264925456923508
0.5264889945628122
0.5264854491739734
0.526481909500493
0.5264783755170636
0.5264748471984123
0.5264713245193007
0.5264678074545233
0.5264642959789088
0.5264607900673186
0.5264572896946473
0.5264537948358221
0.5264503054658028
0.5264468215595809
0.5264433430921803
0.5264398700386559
0.5264364023740946
0.5264329400736141
0.5264294831123628
0.5264260314655198
0.5264225851082946
0.5264191440159267
0.5264157081636851
0.5264122775268688
0.5264088520808058
0.5264054318008529
0.5264020166623962
0.5263986066408499
0.5263952017116567
0.5263918018502869
0.526388407032239
0.5263850172330387
0.5263816324282388
0.5263782525934195
0.5263748777041878
0.526371507736176
0.5263681426650444
0.5263647824664776
0.526361427116187
0.5263580765899092
0.5263547308634058
0.5263513899124634
0.5263480537128937
0.5263447222405323
0.5263413954712397
0.5263380733808994
0.5263347559454198
0.5263314431407319
0.5263281349427902
0.5263248313275722
0.5263215322710783
0.5263182377493312
0.5263149477383755
0.5263116622142787
0.5263083811531293
0.5263051045310376
0.5263018323241353
0.5262985645085748
0.5262953010605295
0.5262920419561931
0.5262887871717801
0.5262855366835248
0.5262822904676809
0.5262790485005227
0.5262758107583425
0.526272577217453
0.5262693478541847
0.5262661226448874
0.5262629015659289
0.5262596845936957
0.526256471704591
0.526253262875037
0.5262500580814726
0.5262468573003544
0.526243660508155
0.5262404676813648
0.5262372787964895
0.5262340938300524
0.5262309127585916
0.5262277355586615
0.526224562206832
0.5262213926796885
0.5262182269538307
0.5262150650058738
0.5262119068124473
0.5262087523501953
0.5262056015957753
0.5262024545258598
0.5261993111171337
0.5261961713462963
0.5261930351900591
0.5261899026251475
0.5261867736282992
0.526183648176264
0.5261805262458044
0.5261774078136944
0.5261742928567205
0.5261711813516797
0.5261680732753816
0.5261649686046453
0.5261618673163022
0.526158769387193
0.5261556747941697
0.5261525835140939
0.5261494955238373
0.5261464108002809
0.5261433293203159
0.5261402510608417
0.5261371759987673
0.52613410411101
0.5261310353744961
0.5261279697661596
0.526124907262943
0.526121847841796
0.5261187914796763
0.5261157381535488
0.5261126878403858
0.5261096405171654
0.5261065961608736
0.5261035547485019
0.5261005162570483
0.5260974806635169
0.5260944479449169
0.5260914180782635
0.5260883910405769
0.5260853668088822
0.5260823453602093
0.5260793266715929
0.5260763107200714
0.5260732974826878
0.5260702869364886
0.526067279058524
0.5260642738258476
0.5260612712155159
0.5260582712045886
0.5260552737701278
0.5260522788891978
0.5260492865388657
0.5260462966962003
0.5260433093382717
0.5260403244421519
0.5260373419849141
0.5260343619436325
0.5260313842953819
0.5260284090172377
0.5260254360862758
0.526022465479572
0.526019497174202
0.5260165311472411
0.5260135673757638
0.5260106058368439
0.5260076465075543
0.5260046893649659
0.5260017343861487
0.5259987815481708
0.5259958308280976
0.5259928822029931
0.5259899356499182
0.5259869911459312
0.5259840486680876
0.5259811081934388
0.5259781696990343
0.5259752331619186
0.5259722985591327
0.5259693658677133
0.5259664350646927
0.5259635061270984
0.5259605790319537
0.5259576537562758
0.5259547302770772
0.5259518085713645
0.5259488886161381
0.5259459703883934
0.5259430538651182
0.5259401390232945
0.5259372258398973
0.5259343142918944
0.5259314043562462
0.525928496009906
0.5259255892298192
0.5259226839929229
0.5259197802761457
0.5259168780564089
0.5259139773106234
0.5259110780156924
0.5259081801485092
0.5259052836859578
0.5259023886049125
0.5258994948822373
0.5258966024947869
0.5258937114194044
0.5258908216329229
0.5258879331121644
0.5258850458339395
0.5258821597750476
0.525879274912276
0.5258763912224009
0.5258735086821853
0.5258706272683805
0.5258677469577249
0.5258648677269439
0.5258619895527493
0.5258591124118402
0.5258562362809021
0.5258533611366056
0.525850486955608
0.5258476137145517
0.5258447413900647
0.5258418699587599
0.5258389993972349
0.5258361296820724
0.5258332607898384
0.525830392697084
0.5258275253803437
0.5258246588161348
0.5258217929809594
0.5258189278513015
0.5258160634036279
0.5258131996143883
0.5258103364600148
0.5258074739169206
0.5258046119615021
0.5258017505701359
0.5257988897191802
0.5257960293849746
0.5257931695438386
0.5257903101720729
0.525787451245958
0.5257845927417545
0.5257817346357024
0.5257788769040215
0.5257760195229102
0.5257731624685463
0.5257703057170859
0.5257674492446633
0.5257645930273915
0.5257617370413605
0.5257588812626386
0.5257560256672709
0.5257531702312793
0.5257503149306633
0.5257474597413981
0.5257446046394352
0.5257417496007023
0.5257388946011027
0.525736039616515
0.5257331846227928
0.5257303295957649
0.5257274745112342
0.5257246193449785
0.5257217640727492
0.5257189086702714
0.5257160531132438
0.5257131973773382
0.5257103414381998
0.5257074852714458
0.5257046288526661
0.5257017721574228
0.5256989151612493
0.5256960578396511
0.5256932001681045
0.5256903421220571
0.525687483676927
0.5256846248081026
0.5256817654909429
0.5256789057007762
0.5256760454129005
0.5256731846025829
0.52567032324506
0.5256674613155365
0.5256645987891859
0.5256617356411494
0.5256588718465365
0.5256560073804236
0.525653142217855
0.5256502763338419
0.5256474097033612
0.5256445423013575
0.5256416741027405
0.5256388050823859
0.5256359352151354
0.5256330644757948
0.525630192839136
0.5256273202798943
0.5256244467727703
0.5256215722924279
0.525618696813495
0.5256158203105625
0.525612942758185
0.5256100641308793
0.5256071844031249
0.5256043035493635
0.5256014215439986
0.525598538361395
0.5255956539758793
0.5255927683617383
0.5255898814932202
0.5255869933445327
0.5255841038898441
0.5255812131032822
0.5255783209589342
0.5255754274308462
0.525572532493023
0.5255696361194282
0.5255667382839833
0.5255638389605674
0.5255609381230173
0.5255580357451266
0.5255551318006465
0.5255522262632837
0.5255493191067019
0.5255464103045201
0.5255434998303132
0.5255405876576111
0.5255376737598987
0.5255347581106153
0.5255318406831546
0.525528921450864
0.5255260003870447
0.5255230774649509
0.5255201526577895
0.5255172259387206
0.525514297280856
0.5255113666572595
0.5255084340409464
0.5255054994048836
0.525502562721988
0.5254996239651283
0.5254966831071219
0.5254937401207374
0.5254907949786918
0.5254878476536522
0.5254848981182336
0.5254819463450001
0.5254789923064638
0.5254760359750841
0.5254730773232686
0.525470116323371
0.5254671529476928
0.5254641871684809
0.5254612189579282
0.5254582482881742
0.5254552751313025
0.5254522994593425
0.5254493212442675
0.5254463404579953
0.5254433570723874
0.525440371059249
0.525437382390328
0.5254343910373155
0.5254313969718443
0.5254284001654899
0.5254254005897687
0.5254223982161392
0.5254193930159998
0.52541638496069
0.5254133740214894
0.5254103601696167
0.5254073433762311
0.5254043236124295
0.5254013008492484
0.5253982750576619
0.5253952462085822
0.5253922142728586
0.5253891792212779
0.5253861410245633
0.5253830996533742
0.525380055078306
0.5253770072698896
0.5253739561985906
0.5253709018348101
0.5253678441488825
0.5253647831110768
0.5253617186915953
0.5253586508605733
0.5253555795880788
0.5253525048441119
0.525349426598605
0.5253463448214214
0.5253432594823559
0.5253401705511339
0.5253370779974107
0.5253339817907716
0.5253308819007314
0.5253277782967337
0.5253246709481508
0.5253215598242829
0.525318444894358
0.5253153261275313
0.5253122034928853
0.5253090769594284
0.5253059464960952
0.5253028120717458
0.5252996736551655
0.5252965312150643
0.5252933847200765
0.5252902341387601
0.5252870794395963
0.5252839205909898
0.5252807575612674
0.5252775903186777
0.5252744188313918
0.5252712430675008
0.5252680629950174
0.5252648785818743
0.5252616897959237
0.5252584966049373
0.5252552989766059
0.5252520968785387
0.5252488902782626
0.5252456791432218
0.5252424634407786
0.5252392431382106
0.525236018202712
0.5252327886013929
0.5252295543012783
0.5252263152693075
0.5252230714723349
0.5252198228771279
0.5252165694503671
0.5252133111586466
0.5252100479684715
0.5252067798462603
0.5252035067583413
0.5252002286709547
0.5251969455502505
0.5251936573622883
0.5251903640730378
0.5251870656483766
0.5251837620540911
0.5251804532558758
0.5251771392193318
0.5251738199099676
0.525170495293198
0.5251671653343428
0.5251638299986281
0.5251604892511841
0.5251571430570456
0.5251537913811507
0.525150434188341
0.5251470714433607
0.5251437031108561
0.5251403291553751
0.525136949541367
0.5251335642331811
0.525130173195067
0.5251267763911737
0.525123373785549
0.5251199653421393
0.5251165510247893
0.5251131307972396
0.525109704623129
0.5251062724659916
0.5251028342892574
0.5250993900562517
0.5250959397301938
0.5250924832741973
0.5250890206512692
0.5250855518243092
0.525082076756109
0.5250785954093525
0.5250751077466145
0.5250716137303602
0.5250681133229447
0.5250646064866125
0.5250610931834967
0.5250575733756193
0.525054047024889
0.5250505140931019
0.5250469745419407
0.5250434283329736
0.5250398754276536
0.5250363157873195
0.5250327493731926
0.5250291761463788
0.5250255960678661
0.5250220090985251
0.5250184151991075
0.5250148143302459
0.5250112064524537
0.5250075915261232
0.5250039695115267
0.5250003403688138
0.5249967040580129
0.5249930605390288
0.524989409771643
0.524985751715513
0.5249820863301714
0.524978413575025
0.5249747334093553
0.5249710457923161
0.5249673506829345
0.5249636480401091
0.5249599378226099
0.5249562199890774
0.5249524944980222
0.524948761307824
0.524945020376731
0.5249412716628595
0.5249375151241926
0.5249337507185803
0.5249299784037382
0.5249261981372473
0.5249224098765527
0.5249186135789632
0.524914809201651
0.5249109967016503
0.524907176035857
0.5249033471610278
0.52489951003378
0.5248956646105898
0.5248918108477924
0.524887948701581
0.524884078128006
0.5248801990829743
0.5248763115222491
0.524872415401448
0.5248685106760432
0.5248645973013606
0.5248606752325788
0.5248567444247285
0.5248528048326915
0.5248488564112004
0.5248448991148376
0.5248409328980345
0.5248369577150703
0.5248329735200725
0.5248289802670144
0.524824977909716
0.5248209664018417
0.5248169456969007
0.5248129157482455
0.5248088765090713
0.5248048279324156
0.5248007699711562
0.5247967025780121
0.5247926257055413
0.5247885393061406
0.5247844433320443
0.5247803377353244
0.5247762224678882
0.5247720974814796
0.5247679627276752
0.5247638181578872
0.5247596637233591
0.5247554993751675
0.524751325064219
0.5247471407412514
0.5247429463568314
0.5247387418613543
0.5247345272050431
0.5247303023379473
0.5247260672099426
0.5247218217707297
0.5247175659698331
0.524713299756601
0.5247090230802031
0.5247047358896311
0.5247004381336974
0.524696129761033
0.5246918107200889
0.5246874809591329
0.5246831404262498
0.5246787890693401
0.5246744268361199
0.5246700536741185
0.5246656695306792
0.524661274352956
0.5246568680879157
0.5246524506823341
0.5246480220827964
0.5246435822356964
0.5246391310872354
0.52463466858342
0.5246301946700631
0.5246257092927817
0.5246212123969957
0.5246167039279277
0.5246121838306017
0.5246076520498417
0.524603108530271
0.5245985532163118
0.5245939860521827
0.524589406981899
0.5245848159492714
0.5245802128979039
0.5245755977711947
0.5245709705123331
0.5245663310643001
0.5245616793698658
0.5245570153715902
0.52455233901182
0.5245476502326896
0.5245429489761182
0.5245382351838103
0.5245335087972531
0.5245287697577165
0.5245240180062518
0.5245192534836896
0.5245144761306405
0.5245096858874925
0.5245048826944103
0.524500066491334
0.5244952372179787
0.5244903948138323
0.5244855392181554
0.5244806703699789
0.5244757882081039
0.5244708926711001
0.5244659836973047
0.5244610612248212
0.524456125191518
0.5244511755350278
0.5244462121927453
0.5244412351018276
0.5244362441991913
0.5244312394215123
0.5244262207052245
0.5244211879865179
0.5244161412013384
0.5244110802853856
0.5244060051741122
0.524400915802722
0.5243958121061696
0.5243906940191582
0.5243855614761392
0.5243804144113103
0.524375252758614
0.5243700764517368
0.5243648854241081
0.5243596796088983
0.5243544589390173
0.5243492233471144
0.5243439727655752
0.524338707126522
0.524333426361811
0.5243281304030321
0.5243228191815062
0.5243174926282859
0.5243121506741516
0.5243067932496119
0.5243014202849019
0.5242960317099808
0.5242906274545323
0.5242852074479611
0.5242797716193932
0.5242743198976735
0.5242688522113644
0.524263368488745
0.524257868657809
0.5242523526462634
0.5242468203815271
0.5242412717907295
0.5242357068007087
0.5242301253380105
0.5242245273288862
0.5242189126992919
0.5242132813748862
0.5242076332810293
0.524201968342781
0.5241962864848992
0.5241905876318392
0.5241848717077504
0.5241791386364765
0.5241733883415529
0.5241676207462054
0.5241618357733485
0.5241560333455839
0.524150213385199
0.5241443758141648
0.5241385205541352
0.5241326475264441
0.5241267566521046
0.5241208478518072
0.5241149210459181
0.5241089761544774
0.5241030130971972
0.5240970317934609
0.5240910321623202
0.5240850141224942
0.5240789775923674
0.524072922489988
0.524066848733066
0.524060756238972
0.5240546449247345
0.5240485147070391
0.5240423655022263
0.524036197226289
0.5240300097948726
0.5240238031232707
0.5240175771264252
0.5240113317189236
0.5240050668149977
0.5239987823285209
0.5239924781730071
0.5239861542616087
0.523979810507114
0.5239734468219466
0.5239670631181623
0.5239606593074477
0.5239542353011185
0.5239477910101169
0.5239413263450101
0.5239348412159882
0.5239283355328626
0.5239218092050637
0.5239152621416381
0.5239086942512488
0.5239021054421704
0.5238954956222892
0.5238888646991005
0.5238822125797058
0.5238755391708119
0.523868844378728
0.5238621281093648
0.5238553902682304
0.5238486307604296
0.523841849490662
0.5238350463632189
0.523828221281982
0.5238213741504198
0.5238145048715882
0.5238076133481249
0.5238006994822502
0.5237937631757628
0.5237868043300383
0.5237798228460271
0.5237728186242521
0.5237657915648058
0.5237587415673491
0.5237516685311083
0.5237445723548729
0.5237374529369936
0.5237303101753792
0.5237231439674952
0.5237159542103612
0.5237087408005479
0.5237015036341758
0.5236942426069111
0.5236869576139658
0.5236796485500931
0.5236723153095858
0.5236649577862739
0.5236575758735218
0.5236501694642267
0.5236427384508145
0.5236352827252393
0.5236278021789789
0.5236202967030339
0.523612766187924
0.5236052105236864
0.5235976295998723
0.5235900233055447
0.5235823915292763
0.5235747341591461
0.5235670510827368
0.5235593421871326
0.5235516073589169
0.5235438464841681
0.5235360594484586
0.5235282461368508
0.5235204064338954
0.523512540223628
0.5235046473895664
0.5234967278147079
0.5234887813815267
0.5234808079719708
0.5234728074674595
0.52346477974888
0.523456724696585
0.5234486421903901
0.5234405321095701
0.5234323943328565
0.5234242287384347
0.5234160352039413
0.52340781360646
0.5233995638225201
0.5233912857280925
0.5233829791985867
0.523374644108849
0.5233662803331574
0.5233578877452203
0.5233494662181726
0.5233410156245726
0.5233325358363995
0.5233240267250491
0.523315488161332
0.5233069200154694
0.5232983221570904
0.5232896944552283
0.5232810367783184
0.5232723489941933
0.5232636309700814
0.5232548825726013
0.5232461036677609
0.5232372941209528
0.5232284537969504
0.5232195825599059
0.5232106802733463
0.5232017468001697
0.5231927820026424
0.5231837857423948
0.5231747578804186
0.523165698277063
0.5231566067920315
0.5231474832843773
0.5231383276125013
0.5231291396341476
0.5231199192063999
0.5231106661856783
0.5231013804277351
0.523092061787652
0.5230827101198353
0.5230733252780132
0.5230639071152318
0.5230544554838507
0.5230449702355403
0.523035451221277
0.5230258982913404
0.5230163112953087
0.5230066900820549
0.5229970344997433
0.5229873443958257
0.5229776196170366
0.5229678600093901
0.5229580654181756
0.5229482356879545
0.5229383706625543
0.5229284701850668
0.5229185340978431
0.5229085622424883
0.5228985544598601
0.522888510590062
0.5228784304724408
0.5228683139455816
0.522858160847304
0.5228479710146572
0.522837744283917
0.5228274804905806
0.5228171794693617
0.5228068410541878
0.5227964650781943
0.5227860513737213
0.5227755997723083
0.5227651101046901
0.5227545822007923
0.522744015889727
0.5227334109997877
0.5227227673584458
0.5227120847923447
0.5227013631272963
0.5226906021882758
0.5226798017994173
0.5226689617840086
0.5226580819644874
0.5226471621624355
0.5226362021985753
0.5226252018927634
0.5226141610639874
0.5226030795303598
0.5225919571091137
0.522580793616598
0.5225695888682721
0.5225583426787008
0.5225470548615503
0.5225357252295816
0.5225243535946467
0.5225129397676831
0.5225014835587088
0.5224899847768165
0.5224784432301695
0.5224668587259956
0.5224552310705822
0.5224435600692711
0.522431845526453
0.5224200872455622
0.5224082850290719
0.5223964386784868
0.5223845479943405
0.5223726127761879
0.5223606328226001
0.5223486079311602
0.5223365378984554
0.5223244225200735
0.5223122615905962
0.5223000549035939
0.5222878022516194
0.522275503426203
0.5222631582178462
0.5222507664160156
0.5222383278091385
0.5222258421845943
0.522213309328712
0.5222007290267618
0.5221881010629499
0.5221754252204123
0.5221627012812093
0.5221499290263194
0.5221371082356322
0.5221242386879426
0.5221113201609457
0.5220983524312299
0.5220853352742697
0.5220722684644205
0.5220591517749128
0.5220459849778435
0.5220327678441726
0.5220195001437141
0.5220061816451312
0.5219928121159285
0.5219793913224468
0.5219659190298552
0.5219523950021456
0.5219388190021255
0.5219251907914102
0.5219115101304184
0.5218977767783638
0.521883990493248
0.5218701510318549
0.5218562581497425
0.5218423116012368
0.521828311139425
0.5218142565161473
0.5218001474819907
0.5217859837862817
0.5217717651770795
0.5217574914011678
0.5217431622040488
0.5217287773299351
0.5217143365217422
0.521699839521082
0.5216852860682547
0.5216706759022416
0.5216560087606973
0.5216412843799426
0.5216265024949568
0.5216116628393697
0.521596765145454
0.5215818091441187
0.5215667945648992
0.5215517211359517
0.5215365885840434
0.5215213966345464
0.5215061450114287
0.5214908334372458
0.5214754616331342
0.5214600293188015
0.52144453621252
0.5214289820311165
0.5214133664899668
0.5213976893029848
0.5213819501826157
0.5213661488398267
0.5213502849840999
0.5213343583234226
0.5213183685642792
0.5213023154116427
0.5212861985689665
0.5212700177381745
0.521253772619654
0.5212374629122459
0.521221088313236
0.521204648518347
0.521188143221728
0.521171572115947
0.5211549348919813
0.5211382312392088
0.5211214608453981
0.5211046233967005
0.5210877185776398
0.5210707460711035
0.5210537055583336
0.521036596718917
0.521019419230776
0.5210021727701591
0.5209848570116318
0.5209674716280659
0.5209500162906314
0.5209324906687858
0.5209148944302643
0.5208972272410706
0.520879488765467
0.5208616786659642
0.5208437966033115
0.5208258422364871
0.5208078152226875
0.5207897152173175
0.5207715418739808
0.5207532948444688
0.5207349737787507
0.520716578324964
0.5206981081294025
0.5206795628365071
0.520660942088855
0.5206422455271492
0.5206234727902077
0.5206046235149531
0.5205856973364015
0.5205666938876523
0.5205476127998773
0.5205284537023087
0.5205092162222305
0.5204898999849649
0.5204705046138627
0.5204510297302923
0.5204314749536283
0.520411839901239
0.5203921241884779
0.5203723274286698
0.5203524492331
0.5203324892110038
0.5203124469695546
0.5202923221138513
0.5202721142469082
0.5202518229696422
0.5202314478808617
0.5202109885772543
0.5201904446533752
0.5201698157016351
0.520149101312289
0.5201283010734229
0.5201074145709423
0.5200864413885607
0.520065381107786
0.5200442333079094
0.5200229975659925
0.5200016734568549
0.5199802605530619
0.5199587584249123
0.5199371666404249
0.519915484765327
0.5198937123630404
0.5198718489946696
0.5198498942189897
0.519827847592431
0.5198057086690684
0.519783477000608
0.5197611521363728
0.5197387336232911
0.5197162210058822
0.5196936138262438
0.5196709116240387
0.5196481139364804
0.519625220298322
0.5196022302418397
0.5195791432968219
0.5195559589905538
0.5195326768478046
0.5195092963908137
0.5194858171392769
0.5194622386103322
0.5194385603185465
0.519414781775901
0.5193909024917776
0.5193669219729447
0.519342839723543
0.5193186552450716
0.5192943680363735
0.5192699775936207
0.5192454834103013
0.5192208849772035
0.5191961817824022
0.5191713733112439
0.5191464590463319
0.5191214384675126
0.5190963110518594
0.5190710762736597
0.5190457336043979
0.5190202825127426
0.5189947224645297
0.5189690529227492
0.518943273347529
0.51891738319612
0.5188913819228811
0.5188652689792641
0.5188390438137979
0.5188127058720734
0.5187862545967287
0.5187596894274324
0.5187330098008696
0.5187062151507249
0.5186793049076679
0.518652278499337
0.518625135350324
0.518597874882158
0.5185704965132896
0.518542999659075
0.5185153837317612
0.5184876481404683
0.5184597922911747
0.5184318155867003
0.5184037174266912
0.518375497207603
0.5183471543226845
0.518318688161962
0.5182900981122224
0.5182613835569972
0.5182325438765469
0.5182035784478424
0.518174486644551
0.5181452678370184
0.5181159213922528
0.5180864466739077
0.5180568430422663
0.5180271098542237
0.517997246463271
0.5179672522194784
0.5179371264694781
0.5179068685564479
0.5178764778200938
0.5178459535966344
0.5178152952187822
0.5177845020157283
0.5177535733131242
0.5177225084330656
0.5176913066940751
0.5176599674110851
0.517628489895421
0.5175968734547834
0.517565117393232
0.5175332210111676
0.5175011836053155
0.5174690044687079
0.5174366828906667
0.5174042181567869
0.5173716095489185
0.5173388563451495
0.5173059578197895
0.5172729132433506
0.5172397218825322
0.5172063830002022
0.5171728958553801
0.51713925970322
0.5171054737949927
0.5170715373780692
0.5170374496959023
0.5170032099880104
0.5169688174899592
0.5169342714333448
0.5168995710457764
0.5168647155508593
0.5168297041681771
0.5167945361132739
0.5167592105976384
0.5167237268286857
0.5166880840097401
0.5166522813400181
0.5166163180146107
0.5165801932244675
0.5165439061563771
0.516507455992953
0.516470841912614
0.5164340630895682
0.5163971186937957
0.5163600078910315
0.5163227298427493
0.516285283706143
0.5162476686341111
0.5162098837752396
0.5161719282737846
0.5161338012696557
0.5160955018984001
0.516057029291185
0.5160183825747813
0.5159795608715465
0.5159405632994094
0.5159013889718529
0.5158620369978972
0.5158225064820848
0.515782796524463
0.515742906220568
0.5157028346614089
0.5156625809334533
0.515622144118608
0.5155815232942064
0.5155407175329912
0.5154997259030986
0.5154585474680438
0.5154171812867043
0.5153756264133059
0.515333881897406
0.5152919467838798
0.5152498201129045
0.5152075009199443
0.5151649882357362
0.5151222810862752
0.5150793784927992
0.5150362794717751
0.5149929830348846
0.5149494881890098
0.5149057939362189
0.5148618992737536
0.5148178031940135
0.5147735046845443
0.5147290027280235
0.5146842963022472
0.5146393843801175
0.5145942659296288
0.5145489399138562
0.5145034052909417
0.5144576610140829
0.51441170603152
0.5143655392865245
0.514319159717387
0.5142725662574053
0.5142257578348737
0.5141787333730719
0.5141314917902527
0.514084031999633
0.5140363529093819
0.5139884534226111
0.5139403324373646
0.5138919888466089
0.5138434215382236
0.5137946293949914
0.5137456112945897
0.5136963661095819
0.5136468927074076
0.5135971899503754
0.5135472566956549
0.5134970917952681
0.513446694096083
0.5133960624398051
0.5133451956629711
0.5132940925969435
0.5132427520679017
0.5131911728968386
0.5131393538995535
0.5130872938866462
0.5130349916635142
0.5129824460303457
0.5129296557821164
0.5128766197085849
0.5128233365942899
0.5127698052185461
0.5127160243554412
0.5126619927738341
0.5126077092373518
0.5125531725043879
0.512498381328102
0.5124433344564167
0.5123880306320187
0.512332468592358
0.5122766470696479
0.5122205647908655
0.5121642204777535
0.5121076128468199
0.5120507406093419
0.5119936024713666
0.5119361971337152
0.5118785232919845
0.511820579636552
0.5117623648525796
0.5117038776200178
0.5116451166136111
0.5115860805029037
0.5115267679522457
0.5114671776207991
0.5114073081625452
0.5113471582262923
0.5112867264556835
0.5112260114892063
0.5111650119602
0.5111037264968671
0.5110421537222825
0.5109802922544049
0.510918140706088
0.5108556976850926
0.5107929617940988
0.510729931630719
0.5106666057875123
0.5106029828519978
0.5105390614066705
0.5104748400290159
0.5104103172915266
0.5103454917617192
0.5102803620021508
0.5102149265704379
0.5101491840192747
0.5100831328964522
0.5100167717448784
0.5099500991025983
0.5098831135028163
0.509815813473917
0.5097481975394882
0.5096802642183444
0.5096120120245505
0.5095434394674465
0.509474545051673
0.5094053272771975
0.5093357846393403
0.5092659156288035
0.509195718731698
0.5091251924295728
0.5090543351994453
0.5089831455138314
0.5089116218407757
0.5088397626438858
0.5087675663823629
0.5086950315110361
0.5086221564803975
0.5085489397366356
0.5084753797216727
0.5084014748732001
0.5083272236247173
0.5082526244055685
0.5081776756409826
0.5081023757521133
0.5080267231560783
0.5079507162660026
0.5078743534910594
0.5077976332365137
0.5077205539037671
0.5076431138904005
0.5075653115902218
0.5074871453933112
0.5074086136860688
0.5073297148512627
0.5072504472680777
0.5071708093121658
0.5070907993556966
0.507010415767408
0.5069296569126599
0.5068485211534867
0.5067670068486512
0.5066851123537008
0.5066028360210216
0.5065201761998964
0.5064371312365619
0.5063536994742669
0.506269879253332
0.5061856689112095
0.5061010667825447
0.5060160711992375
0.5059306804905055
0.5058448929829473
0.5057587070006071
0.5056721208650409
0.5055851328953813
0.5054977414084062
0.5054099447186049
0.5053217411382488
0.5052331289774603
0.505144106544283
0.5050546721447537
0.5049648240829743
0.504874560661185
0.5047838801798383
0.5046927809376738
0.5046012612317936
0.504509319357739
0.5044169536095674
0.504324162279931
0.5042309436601551
0.5041372960403178
0.504043217709331
0.5039487069550216
0.503853762064213
0.5037583813228086
0.5036625630158751
0.5035663054277271
0.5034696068420124
0.503372465541797
0.5032748798096537
0.5031768479277468
0.5030783681779225
0.502979438841797
0.5028800582008452
0.5027802245364923
0.5026799361302039
0.502579191263577
0.5024779882184337
0.5023763252769129
0.5022742007215644
0.5021716128354425
0.5020685599022012
0.5019650402061897
0.5018610520325472
0.5017565936673007
0.5016516633974619
0.5015462595111236
0.5014403802975593
0.5013340240473205
0.5012271890523371
0.5011198736060156
0.5010120760033405
0.5009037945409739
0.5007950275173567
0.5006857732328099
0.5005760299896366
0.5004657960922234
0.5003550698471442
0.5002438495632612
0.5001321335518294
0.5000199201265998
0.4999072076039226
0.49979399430285193
0.4996802785452491
0.499566058655888
0.4994513329625591
0.49933609979617477
0.4992203574908738
0.4991041043841268
0.49898733881684143
0.49887005913346777
0.49875226368210346
0.4986339508145996
0.498515118886666
0.4983957662579766
0.4982758912922755
0.49815549235748147
0.49803456782579425
0.4979131160737994
0.49779113548257353
0.4976686244377898
0.4975455813298219
0.4974220045538501
0.49729789250996437
0.49717324360326987
0.4970480562439903
0.4969223288475721
0.49679605983478725
0.49666924763183773
0.49654189067045684
0.49641398738801246
0.4962855362276094
0.49615653563818984
0.49602698407463597
0.49589687999786947
0.495766221874952
0.49563500817918615
0.49550323739021257
0.4953709079941096
0.4952380184834916
0.49510456735760566
0.49497055312242866
0.494835974290763
0.4947008293823328
0.4945651169238774
0.49442883544924604
0.49429198349949127
0.49415455962296084
0.4940165623753894
0.4938779903199895
0.4937388420275408
0.49359911607648066
0.4934588110529906
0.4933179255510848
0.4931764581726958
0.49303440752776
0.4928917722343026
0.49274855091851943
0.49260474221486217
0.4924603447661164
0.49231535722348474
0.49216977824666436
0.49202360650392607
0.4918768406721909
0.4917294794371063
0.49158152149312095
0.49143296554355814
0.491283810300689
0.49113405448580305
0.4909836968292786
0.4908327360706517
0.4906811709586838
0.4905290002514286
0.4903762227162962
0.4902228371301184
0.4900688422792101
0.4899142369594319
0.48975901997624943
0.48960319014479214
0.48944674628991125
0.48928968724623584
0.4891320118582272
0.4889737189802326
0.48881480747653855
0.48865527622141974
0.48849512409919016
0.4883343500042503
0.4881729528411346
0.48801093152455666
0.48784828497945304
0.48768501214102633
0.48752111195478687
0.48735658337659227
0.487191425372686
0.4870256369197354
0.48685921700486684
0.48669216462570136
0.48652447879038685
0.4863561585176305
0.48618720283673006
0.48601761078760175
0.48584738142080985
0.48567651379759225
0.48550500698988586
0.48533286008035126
0.4851600721623952
0.48498664234019206
0.4848125697287048
0.48463785345370225
0.4844624926517789
0.4842864864703703
0.4841098340677687
0.48393253461313734
0.4837545872865231
0.4835759912788683
0.4833967457920223
0.48321685003874926
0.4830363032427385
0.4828551046386104
0.48267325347192336
0.48249074899917876
0.4823075904878251
0.4821237772162614
0.4819393084738391
0.4817541835608632
0.48156840178859256
0.4813819624792396
0.48119486496596786
0.4810071085928903
0.48081869271506505
0.48062961669849247
0.48043987992010917
0.4802494817677822
0.4800584216403031
0.47986669894738065
0.47967431310963154
0.4794812635585736
0.47928754973661536
0.47909317109704563
0.47889812710402424
0.4787024172325698
0.47850604096854843
0.4783089978086613
0.47811128726043206
0.4779129088421937
0.4777138620830745
0.4775141465229844
0.4773137617126001
0.47711270721335053
0.47691098259740183
0.4767085874476412
0.47650552135766155
0.4763017839317461
0.4760973747848505
0.47589229354258833
0.47568653984121273
0.47548011332760093
0.47527301365923674
0.47506524050419324
0.4748567935411162
0.47464767245920747
0.4744378769582061
0.47422740674837316
0.47401626155047333
0.4738044410957585
0.4735919451259503
0.4733787733932236
0.47316492566018925
0.47295040169987856
0.47273520129572516
0.4725193242415503
0.47230277034154544
0.47208553941025755
0.4718676312725728
0.47164904576370154
0.4714297827291632
0.4712098420247711
0.47098922351661887
0.4707679270810659
0.47054595260472337
0.4703232999844412
0.47009996912729524
0.469875959950574
0.46965127238176774
0.46942590635855497
0.46919986182879314
0.4689731387505062
0.46874573709187495
0.4685176568312268
0.468288897957027
0.4680594604678687
0.46782934437246537
0.4675985496896429
0.4673670764483307
0.467134924687557
0.466902094456441
0.46666858581418735
0.4664343988300808
0.46619953358348215
0.46596399016382267
0.4657277686706013
0.4654908692133817
0.4652532919117884
0.4650150368955061
0.464776104304278
0.4645364942879033
0.4642962070062385
0.46405524262919645
0.46381360133674726
0.4635712833189194
0.46332828877580057
0.4630846179175415
0.46284027096435687
0.46259524814652897
0.4623495497044117
0.4621031758884341
0.4618561269591047
0.4616084031870174
0.46136000485285567
0.46111093224739963
0.460861185671531
0.4606107654362406
0.46035967186263493
0.4601079052819446
0.4598554660355301
0.459602354474892
0.45934857096167775
0.4590941158676912
0.4588389895749021
0.45858319247545387
0.4583267249716746
0.4580695874760857
0.4578117804114133
0.4575533042105966
0.4572941593167998
0.45703434618342137
0.456773865274106
0.4565127170627543
0.4562509020335335
0.45598842068088924
0.4557252735095557
0.4554614610345673
0.4551969837812688
0.4549318422853264
0.4546660370927393
0.45439956875984955
0.4541324378533534
0.45386464495031126
0.4535961906381586
0.4533270755147156
0.45305730018819773
0.4527868652772248
0.4525157714108313
0.4522440192284749
0.45197160938004605
0.451698542525875
0.4514248193367424
0.4511504404938847
0.4508754066890035
0.45059971862427073
0.4503233770123366
0.45004638257633434
0.4497687360498869
0.4494904381771104
0.44921148971261915
0.4489318914215299
0.4486516440794636
0.44837074847254876
0.4480892053974228
0.4478070156612329
0.4475241800816364
0.44724069948680023
0.4469565747153991
0.44667180661661476
0.44638639605013103
0.4461003438861312
0.4458136510052928
0.44552631829878225
0.44523834666824724
0.4449497370258104
0.44466049029405974
0.4443706074060388
0.444080089305237
0.443788936945577
0.4434971512914013
0.4432047333174598
0.4429116840088928
0.44261800436121657
0.4423236953803035
0.44202875808236575
0.4417331934939337
0.44143700265183544
0.44114018660317333
0.440842746405302
0.4405446831258015
0.4402459978424509
0.4399466916432021
0.43964676562614924
0.439346220899498
0.4390450585815344
0.43874327980059136
0.43844088569501316
0.4381378774131194
0.43783425611316784
0.4375300229633141
0.43722517914157144
0.43691972583576855
0.43661366424350484
0.43630699557210667
0.43599972103857887
0.4356918418695565
0.4353833593012553
0.4350742745794196
0.43476458895926884
0.43445430370544313
0.434143420091946
0.4338319394020866
0.4335198629284203
0.433207191972686
0.43289392784574415
0.4325800718675114
0.43226562536689406
0.43195058968171984
0.43163496615866914
0.43131875615320125
0.4310019610294836
0.4306845821603154
0.43036662092705125
0.43004807871952344
0.42972895693596114
0.4294092569829093
0.4290889802751456
0.42876812823559435
0.4284467022952408
0.4281247038930421
0.4278021344758375
0.42747899549825674
0.427155288422626
0.4268310147188736
0.426506175864432
0.4261807733441413
0.42585480865014697
0.4255282832817999
0.42520119874555196
0.4248735565548518
0.4245453582300375
0.42421660529822947
0.42388729929321917
0.4235574417553595
0.4232270342314507
0.42289607827462616
0.4225645754442366
0.42223252730573324
0.42189993543054694
0.4215668013959696
0.42123312678503144
0.4208989131863775
0.4205641621941425
0.4202288754078262
0.41989305443216324
0.4195567008769959
0.4192198163571433
0.41888240249226927
0.41854446090674996
0.418205993229539
0.41786700109403196
0.41752748613792984
0.41718745000310037
0.4168468943354393
0.41650582078473036
0.41616423100450206
0.4158221266518872
0.41547950938747724
0.41513638087517857
0.4147927427820663
0.4144485967782372
0.41410394453666244
0.4137587877330379
0.4134131280456352
0.413066967155151
0.4127203067445555
0.41237314849893986
0.41202549410536404
0.4116773452527018
0.41132870363148705
0.41097957093375875
0.4106299488529041
0.4102798390835034
0.40992924332117175
0.4095781632624023
0.409226600604408
0.4088745570449625
0.40852203428224176
0.4081690340146641
0.4078155579407312
0.40746160775886703
0.40710718516725797
0.4067522918636923
0.4063969295453987
0.40604109990888587
0.4056848046497812
0.4053280454626692
0.40497082404093054
0.4046131420765805
0.4042550012601074
0.4038964032803118
0.4035373498241458
0.40317784257655026
0.4028178832202964
0.40245747343582233
0.40209661490107584
0.4017353092913522
0.4013735582791348
0.40101136353393646
0.40064872672214036
0.4002856495068413
0.3999221335476879
0.399558180500726
0.39919379201824085
0.3988289697486013
0.398463715336105
0.3980980304208226
0.3977319166384448
0.39736537562012875
0.39699840899234545
0.3966310183767284
0.3962632053899238
0.3958949716434397
0.39552631874349836
0.3951572482908883
0.39478776188081777
0.3944178611027699
0.39404754754035765
0.39367682277118166
0.3933056883666874
0.39293414589202585
0.39256219690591365
0.39218984296049497
0.3918170856012061
0.3914439263666388
0.3910703667884079
0.3906964083910188
0.3903220526917371
0.38994730120045906
0.3895721554195848
0.38919661684389156
0.3888206869604111
0.38844436724830567
0.3880676591787488
0.38769056421480463
0.3873130838113125
0.3869352194147705
0.38655697246322307
0.38617834438614806
0.3857993366043486
0.38541995052984446
0.3850401875657666
0.3846600491062539
0.38427953653635116
0.38389865123190947
0.38351739455948886
0.3831357678762635
0.3827537725299276
0.3823714098586048
0.3819886811907596
0.38160558784511067
0.3812221311305459
0.3808383123460412
0.38045413278058043
0.380069593713077
0.3796846964123002
0.37929944213680156
0.3789138321348442
0.3785278676443357
0.3781415498927614
0.3777548800971216
0.3773678594638713
0.37698048918886096
0.37659277045728157
0.3762047044436103
0.375816292311561
0.3754275352140344
0.3750384342930725
0.3746489906798171
0.37425920549446634
0.3738690798462389
0.3734786148333367
0.3730878115429127
0.37269667105104054
0.37230519442268606
0.3719133827116831
0.37152123696070966
0.37112875820126817
0.37073594745366917
0.37034280572701495
0.3699493340191883
0.3695555333168429
0.3691614045953963
0.36876694881902505
0.36837216694066405
0.36797705990200713
0.3675816286335104
0.36718587405439823
0.3667897970726727
0.36639339858512565
0.3659966794773506
0.3655996406237619
0.3652022828876122
0.3648046071210157
0.36440661416497167
0.36400830484939173
0.36360967999313043
0.36321074040401624
0.3628114868788869
0.36241192020362706
0.3620120411532079
0.3616118504917296
0.36121134897246676
0.3608105373379145
0.3604094163198409
0.36000798663933664
0.35960624900687277
0.35920420412235565
0.3588018526751887
0.35839919534433395
0.3579962327983763
0.35759296569559196
0.35718939468401684
0.3567855204015189
0.3563813434758724
0.35597686452483457
0.35557208415622427
0.3551670029680038
0.35476162154836155
0.354355940475799
0.3539499603192173
0.3535436816380086
0.35313710498214845
0.35273023089228994
0.3523230598998603
0.35191559252716176
0.3515078292874697
0.35109977068513876
0.35069141721570585
0.3502827693659989
0.349873827614246
0.3494645924301861
0.3490550642751834
0.34864524360234184
0.3482351308566235
0.34782472647496665
0.34741403088640793
0.34700304451220476
0.34659176776596057
0.34618020105375097
0.3457683447742533
0.3453561993188763
0.34494376507189206
0.3445310424105702
0.34411803170531363
0.3437047333197949
0.34329114761109625
0.34287727492984954
0.342463115620378
0.3420486700208414
0.34163393846337947
0.34121892127426073
0.3408036187740294
0.3403880312776562
0.33997215909468914
0.339556002529407
0.339139561880973
0.33872283744359083
0.3383058295066615
0.33788853835494204
0.33747096426870493
0.3370531075238993
0.33663496839231294
0.3362165471417372
0.3357978440361294
0.33537885933578154
0.33495959329748604
0.3345400461747041
0.33412021821773646
0.33370010967389285
0.3332797207876643
0.33285905180089626
0.33243810295296233
0.3320168744809394
0.3315953666197835
0.3311735796025072
0.3307515136603568
0.33032916902299275
0.32990654591866775
0.3294836445744093
0.32906046521620047
0.3286370080691619
0.3282132733577368
0.3277892613058744
0.32736497213721455
0.326940406075275
0.32651556334363674
0.3260904441661311
0.3256650487670307
0.3252393773712348
0.32481343020446124
0.32438720749343575
0.3239607094660835
0.32353393635172023
0.32310688838124435
0.32267956578733026
0.3222519688046218
0.32182409766992603
0.32139595262240767
0.3209675339037845
0.320538841758523
0.32010987643403443
0.3196806381808714
0.31925112725292554
0.3188213439076242
0.31839128840612896
0.31796096101353444
0.3175303619990666
0.3170994916362824
0.3166683502032688
0.3162369379828439
0.31580525526275616
0.3153733023358858
0.3149410795004452
0.3145085870601808
0.3140758253245748
0.31364279460904565
0.3132094952351515
0.31277592753079214
0.31234209183041145
0.3119079884751996
0.3114736178132972
0.31103898019999676
0.3106040759979474
0.3101689055773571
0.3097334693161966
0.30929776760040273
0.30886180082408243
0.308425569389716
0.3079890737083609
0.3075523141998555
0.307115291293023
0.30667800542587487
0.3062404570458149
0.305802646609842
0.30536457458475497
0.30492624144735514
0.3044876476846496
0.3040487937940558
0.30360968028360236
0.3031703076721336
0.3027306764895128
0.30229078727682196
0.3018506405865674
0.30141023698287955
0.3009695770417149
0.3005286613510588
0.30008749051112465
0.29964606513455583
0.2992043858466255
0.298762453285437
0.29832026810212287
0.2978778309610445
0.2974351425399897
0.2969922035303719
0.2965490146374272
0.29610557658041126
0.2956618900927955
0.2952179559224633
0.29477377483190537
0.2943293475984133
0.2938846750142743
0.2934397578869631
0.2929945970393356
0.2925491933098192
0.2921035475526037
0.2916576606378315
0.2912115334517858
0.2907651668970792
0.29031856189284033
0.2898717193749003
0.2894246402959765
0.28897732562585837
0.28852977635158816
0.28808199347764435
0.287633978026121
0.28718573103690764
0.2867372535678674
0.2862885466950132
0.2858396115126839
0.2853904491337179
0.2849410606896258
0.2844914473307623
0.28404161022649504
0.2835915505653738
0.28314126955529634
0.28269076842367413
0.28224004841759537
0.2817891108039875
0.28133795686977603
0.2808865879220439
0.280435005288187
0.27998321031607026
0.27953120437417867
0.279078988851769
0.27862656515901796
0.2781739347271699
0.2777210990086808
0.2772680594773602
0.27681481762851345
0.2763613749790781
0.27590773306776023
0.2754538934551686
0.2749998577239455
0.2745456274788958
0.2740912043471134
0.2736365899781047
0.27318178604391075
0.2727267942392254
0.27227161628151253
0.27181625391111786
0.27136070889138203
0.27090498300874677
0.27044907807286106
0.26999299591668385
0.2695367383965829
0.2690803073924316
0.26862370480770276
0.2681669325695588
0.2677099926289404
0.2672528869606489
0.26679561756343
0.2663381864600489
0.26588059569736794
0.2654228473464162
0.26496494350245847
0.26450688628505964
0.26404867783814645
0.26359032033006485
0.26313181595363494
0.2626731669262018
0.26221437548968246
0.26175544391060945
0.2612963744801713
0.26083716951424896
0.2603778313534477
0.25991836236312654
0.25945876493342274
0.25899904147927383
0.25853919444043366
0.2580792262814874
0.25761913949185966
0.2571589365858204
0.2566986201024869
0.2562381926058205
0.2557776566846205
0.25531701495251324
0.2548562700479374
0.2543954246341255
0.2539344813990796
0.253473443055545
0.25301231234097865
0.252551092017513
0.2520897848719158
0.25162839371554696
0.2511669213843083
0.2507053707385918
0.2502437446632221
0.24978204606739418
0.2493202778846083
0.2488584430725992
0.24839654461326163
0.2479345855125703
0.24747256880049706
0.2470104975309231
0.24654837478154534
0.24608620365378114
0.24562398727266566
0.24516172878674614
0.24469943136797234
0.24423709821158146
0.24377473253597925
0.24331233758261545
0.24284991661585736
0.2423874729228555
0.2419250098134077
0.2414625306198181
0.24100003869675019
0.24053753742107725
0.2400750301917276
0.2396125204295258
0.23915001157702814
0.23868750709835634
0.23822501047902456
0.23776252522576286
0.23730005486633643
0.2368376029493605
0.23637517304411138
0.23591276874033212
0.23545039364803466
0.23498805139729878
0.23452574563806428
0.23406348003992156
0.2336012582918966
0.2331390841022332
0.2326769611981689
0.23221489332570888
0.23175288424939627
0.23129093775207551
0.23082905763465483
0.2303672477158647
0.22990551183200877
0.22944385383671695
0.22898227760068923
0.22852078701143883
0.22805938597303158
0.2275980784058197
0.22713686824617396
0.2266757594462125
0.22621475597352347
0.22575386181088775
0.22529308095599615
0.2248324174211629
0.22437187523303848
0.22391145843231572
0.22345117107343548
0.22299101722428832
0.22253100096591216
0.22207112639218857
0.22161139760953566
0.221151818736597
0.22069239390392892
0.22023312725368482
0.2197740229392966
0.21931508512515374
0.2188563179862788
0.21839772570800223
0.21793931248563364
0.2174810825241304
0.21702304003776474
0.2165651892497883
0.2161075343920945
0.21565007970487865
0.21519282943629664
0.21473578784212136
0.2142789591853968
0.21382234773609116
0.21336595777074768
0.21290979357213397
0.21245385942889022
0.2119981596351746
0.21154269849030977
0.2110874802984241
0.21063250936809613
0.21017779001199424
0.20972332654651732
0.20926912329143313
0.20881518456951706
0.20836151470618774
0.20790811802914513
0.20745499886800473
0.20700216155393253
0.2065496104192795
0.206097349797216
0.2056453840213638
0.20519371742543013
0.20474235434283944
0.20429129910636773
0.2038405560477728
0.2033901294974274
0.20294002378395254
0.2024902432338491
0.2020407921711307
0.20159167491695668
0.20114289578926595
0.20069445910240996
0.2002463691667876
0.19979863028847977
0.19935124676888533
0.19890422290435644
0.19845756298583644
0.19801127129849722
0.1975653521213786
0.19711980972702764
0.19667464838113974
0.19622987234220113
0.19578548586113217
0.1953414931809316
0.19489789853632256
0.1944547061534012
0.19401192024928426
0.19356954503176074
0.19312758469894356
0.19268604343892393
0.19224492542942698
0.19180423483746917
0.19136397581901882
0.19092415251865566
0.19048476906923684
0.19004582959156108
0.18960733819403688
0.18916929897235263
0.18873171600914915
0.18829459337369453
0.1878579351215608
0.18742174529430364
0.18698602791914568
0.1865507870086595
0.18611602656045595
0.18568175055687414
0.1852479629646739
0.1848146677347321
0.1843818688017399
0.1839495700839051
0.18351777548265594
0.18308648888234838
0.18265571414997614
0.1822254551348848
0.18179571566848704
0.1813664995639836
0.18093781061608497
0.18050965260073848
0.18008202927485678
0.1796549443760509
0.1792284016223667
0.17880240471202347
0.17837695732315773
0.1779520631135688
0.1775277257204693
0.17710394876023838
0.1766807358281777
0.17625809049827418
0.17583601632296164
0.17541451683289036
0.1749935955366979
0.17457325592078454
0.17415350144909167
0.1737343355628853
0.17331576168054186
0.1728977831973383
0.1724804034852469
0.17206362589273222
0.1716474537445534
0.17123189034156924
0.17081693896054798
0.17040260285398046
0.16998888524989753
0.16957578935169046
0.16916331833793682
0.16875147536222912
0.16834026355300724
0.1679296860133961
0.16751974582104576
0.16711044602797615
0.16670178966042676
0.16629377971870732
0.16588641917705696
0.16547971098350206
0.16507365805972296
0.16466826330092124
0.1642635295756928
0.16385945972590354
0.16345605656657072
0.16305332288574567
0.1626512614444041
0.16224987497633642
0.16184916618804468
0.16144913775864198
0.1610497923397573
0.1606511325554425
0.160253161002084
0.15985588024831837
0.1594592928349519
0.1590634012748836
0.15866820805303222
0.15827371562626721
0.15787992642334275
0.15748684284483688
0.1570944672630934
0.15670280202216735
0.15631184943777504
0.15592161179724684
0.15553209135948493
0.15514329035492266
0.1547552109854899
0.1543678554245795
0.15398122581702076
0.15359532427905193
0.15321015289830037
0.15282571373376375
0.1524420088157954
0.15205904014609412
0.15167680969769481
0.15129531941496566
0.1509145712136066
0.15053456698065137
0.15015530857447335
0.14977679782479533
0.14939903653269995
0.14902202647064666
0.14864576938248986
0.1482702669834997
0.1478955209603885
0.147521532971337
0.14714830464602646
0.1467758375856722
0.14640413336306035
0.1460331935225879
0.1456630195803058
0.14529361302396412
0.1449249753130605
0.14455710787889187
0.14419001212460836
0.14382368942526985
0.14345814112790584
0.14309336855157737
0.14272937298744193
0.14236615569882033
0.14200371792126776
0.14164206086264497
0.14128118570319334
0.14092109359561344
0.14056178566514335
0.1402032630096411
0.13984552669966963
0.1394885777785833
0.13913241726261621
0.13877704614097425
0.13842246537592778
0.13806867590290778
0.13771567863060288
0.1373634744410593
0.1370120641897821
0.13666144870583952
0.13631162879196815
0.13596260522468026
0.13561437875437374
0.13526695010544293
0.13492031997639148
0.1345744890399478
0.1342294579431808
0.13388522730761862
0.1335417977293682
0.1331991697792365
0.13285734400285423
0.13251632092079993
0.13217610102872557
0.13183668479748517
0.13149807267326305
0.13116026507770404
0.1308232624080457
0.1304870650372509
0.13015167331414243
0.12981708756353824
0.1294833080863887
0.12915033515991414
0.12881816903774393
0.1284868099500573
0.12815625810372366
0.12782651368244582
0.12749757684690294
0.12716944773489458
0.12684212646148663
0.1265156131191572
0.12618990777794328
0.12586501048558932
0.1255409212676955
0.12521764012786718
0.12489516704786577
0.12457350198775868
0.12425264488607207
0.12393259565994237
0.12361335420526955
0.1232949203968709
0.12297729408863448
0.1226604751136749
0.12234446328448659
0.12202925839310189
0.12171486021124531
0.12140126849049074
0.12108848296241831
0.12077650333877171
0.12046532931161591
0.1201549605534949
0.11984539671759008
0.1195366374378791
0.1192286823292936
0.1189215309878798
0.11861518299095603
0.11830963789727308
0.11800489524717339
0.11770095456275065
0.1173978153480091
0.11709547708902429
0.11679393925410131
0.11649320129393642
0.11619326264177562
0.11589412271357424
0.11559578090815814
0.11529823660738209
0.11500148917628983
0.11470553796327332
0.11441038230023304
0.11411602150273581
0.11382245487017495
0.11352968168592892
0.1132377012175197
0.1129465127167717
0.11265611541996973
0.11236650854801672
0.11207769130659193
0.11178966288630812
0.11150242246286904
0.11121596919722525
0.11093030223573142
0.11064542071030205
0.11036132373856763
0.11007801042402895
0.10979547985621296
0.10951373111082732
0.10923276324991331
0.10895257532200109
0.10867316636226135
0.10839453539265902
0.10811668142210504
0.10783960344660803
0.10756330044942564
0.10728777140121505
0.10701301526018363
0.10673903097223751
0.10646581747113164
0.10619337367861739
0.10592169850459125
0.1056507908472413
0.10538064959319478
0.1051112736176631
0.10484266178458801
0.10457481294678658
0.10430772594609475
0.10404139961351117
0.10377583276934005
0.10351102422333341
0.10324697277483266
0.10298367721290914
0.10272113631650479
0.10245934885457095
0.1021983135862079
0.10193802926080202
0.10167849461816417
0.10141970838866503
0.10116166929337204
0.10090437604418433
0.10064782734396649
0.10039202188668281
0.10013695835753014
0.09988263543306983
0.09962905178135881
0.09937620606208095
0.09912409692667659
0.09887272301847105
0.09862208297280342
0.09837217541715401
0.09812299897127118
0.09787455224729633
0.09762683384989068
0.09737984237635774
0.09713357641676801
0.09688803455408125
0.09664321536426868
0.09639911741643338
0.0961557392729313
0.09591307948949042
0.09567113661532917
0.09542990919327435
0.09518939575987852
0.09494959484553561
0.09471050497459663
0.0944721246654837
0.09423445243080489
0.09399748677746536
0.09376122620678112
0.09352566921458896
0.09329081429135763
0.09305665992229714
0.09282320458746698
0.09259044676188515
0.09235838491563399
0.09212701751396754
0.09189634301741591
0.09166635988189067
0.0914370665587882
0.09120846149509235
0.09098054313347746
0.09075330991240871
0.09052676026624304
0.0903008926253285
0.09007570541610307
0.08985119706119332
0.08962736597951007
0.08940421058634662
0.0891817292934726
0.08895992050922963
0.08873878263862509
0.08851831408342462
0.0882985132422452
0.0880793785106463
0.08786090828121987
0.08764310094368151
0.08742595488495816
0.08720946848927717
0.08699364013825364
0.08677846821097682
0.0865639510840962
0.08635008713190606
0.08613687472643086
0.0859243122375075
0.08571239803286859
0.08550113047822472
0.0852905079373447
0.08508052877213701
0.08487119134272847
0.0846624940075437
0.08445443512338288
0.08424701304549934
0.08404022612767553
0.08383407272229973
0.08362855118044035
0.0834236598519204
0.08321939708539142
0.0830157612284054
0.08281275062748816
0.08261036362820957
0.08240859857525439
0.0822074538124927
0.08200692768304843
0.08180701852936823
0.08160772469328856
0.0814090445161033
0.08121097633863013
0.08101351850127556
0.08081666934409991
0.08062042720688227
0.08042479042918252
0.08022975735040554
0.08003532630986276
0.07984149564683347
0.07964826370062565
0.07945562881063614
0.07926358931640984
0.07907214355769884
0.07888128987451996
0.07869102660721236
0.07850135209649461
0.07831226468352045
0.07812376270993422
0.07793584451792583
0.0777485084502848
0.07756175285045389
0.07737557606258202
0.07718997643157634
0.07700495230315418
0.07682050202389393
0.07663662394128523
0.07645331640377914
0.07627057776083734
0.07608840636298031
0.07590680056183553
0.07572575871018533
0.07554527916201312
0.07536536027254953
0.07518600039831846
0.07500719789718215
0.07482895112838561
0.07465125845259983
0.07447411823196641
0.07429752883013942
0.07412148861232767
0.07394599594533686
0.07377104919761034
0.07359664673926983
0.07342278694215554
0.07324946817986527
0.0730766888277939
0.07290444726317152
0.07273274186510137
0.07256157101459744
0.0723909330946207
0.0722208264901168
0.07205124958805026
0.07188220077744101
0.0717136784493987
0.07154568099715748
0.07137820681610918
0.07121125430383718
0.07104482186014957
0.07087890788711049
0.07071351078907327
0.0705486289727112
0.07038426084704844
0.07022040482349101
0.07005705931585629
0.0698942227404031
0.06973189351586065
0.06957007006345692
0.06940875080694758
0.0692479341726431
0.06908761858943671
0.06892780248883057
0.0687684843049633
0.06860966247463492
0.06845133543733335
0.06829350163525942
0.06813615951335142
0.06797930751930958
0.06782294410362039
0.06766706771957973
0.06751167682331621
0.06735676987381432
0.06720234533293612
0.06704840166544386
0.06689493733902098
0.06674195082429422
0.06658944059485333
0.06643740512727267
0.06628584290113045
0.06613475239902887
0.06598413210661332
0.06583398051259154
0.06568429610875216
0.06553507738998302
0.06538632285428858
0.06523803100280867
0.06509020033983469
0.06494282937282692
0.0647959166124306
0.06464946057249324
0.06450345977007917
0.06435791272548605
0.06421281796225971
0.06406817400720893
0.06392397939042058
0.06378023264527287
0.06363693230845083
0.06349407691995824
0.06335166502313233
0.06320969516465602
0.06306816589457095
0.06292707576628995
0.06278642333660901
0.0626462071657193
0.06250642581721864
0.062367077858122705
0.06222816185887623
0.06208967639336342
0.061951620038918714
0.061813991376336766
0.061676788989882006
0.06154001146729924
0.0614036573998217
0.06126772538218121
0.06113221401261639
0.06099712189288156
0.060862447628255115
0.060728189827547116
0.060594347103107626
0.06046091807083392
0.060327901350178056
0.060195295564153914
0.06006309933934406
0.05993131130590626
0.0597999300975799
0.05966895435169227
0.05953838270916426
0.05940821381451633
0.059278446315873756
0.059149078864971956
0.05902011011716175
0.0588915387314137
0.0587633633703233
0.058635582700115006
0.05850819539064632
0.05838120011541252
0.058254595551549174
0.058128380379837155
0.05800255328470502
0.057877112954232646
0.05775205808015399
0.05762738735786012
0.057503099486401726
0.057379193168491605
0.057255667110506864
0.057132520022490904
0.057009750618155663
0.05688735761488277
0.056765339733725606
0.05664369569941029
0.05652242424033713
0.05640152408858151
0.056280993979894604
0.05616083265370464
0.05604103885311657
0.055921611324913245
0.05580254881955487
0.05568385009117985
0.05556551389760396
0.05544753900032069
0.05532992416450027
0.055212668158989654
0.0550957697563114
0.05497922773266285
0.05486304086791581
0.054747207945614336
0.05463172775297406
0.05451659908088102
0.05440182072388949
0.05428739148022088
0.05417331015176156
0.05405957554406096
0.05394618646632968
0.05383314173143722
0.05372044015590939
0.05360808055992651
0.053496061767319816
0.05338438260556992
0.05327304190580341
0.05316203850278958
0.05305137123493819
0.052941038944296
0.05283104047654304
0.05272137468098988
0.05261204041057393
0.052503036521855735
0.052394361875015505
0.05228601533384912
0.05217799576576411
0.05207030204177614
0.0519629330365044
0.051855887628167965
0.051749164698580735
0.0516427631331477
0.05153668182086043
0.0514309196542918
0.05132547552959231
0.051220348346484715
0.051115537008259306
0.05101104042176904
0.05090685749742444
0.05080298714918864
0.050699428294572066
0.05059617985462735
0.05049324075394372
0.05039060992064197
0.05028828628636846
0.05018626878629006
0.050084556359088206
0.04998314794695323
