0.5131064598200789
0.545681605573812
0.5198995306509332
0.5322852377064274
0.5365266198506102
0.5224664702330286
0.5139032163890614
0.5164412244993153
0.5172300488654661
0.5153760616981365
0.5158447405942664
0.5167794255926729
0.5155642922122743
0.5138319686271674
0.5133091279860882
0.5134115412355459
0.5134557277861527
0.513547477799287
0.5136006006639476
0.5133497086330415
0.5129059966825391
0.5125625241796449
0.5123961871525714
0.5123214492868198
0.5122661464769054
0.5121784881602889
0.5120198558121307
0.5118051991247224
0.5115898128552648
0.5114115129881829
0.5112695461986811
0.5111433702239855
0.5110113785827308
0.5108606560514473
0.5106924594924585
0.5105188782984893
0.5103518940949304
0.5101955102107283
0.5100460953250785
0.5098971293389469
0.5097437376263245
0.5095850143407401
0.5094235133365795
0.5092627156053146
0.5091045991935146
0.5089489019340637
0.508793980204697
0.5086381974717292
0.5084808834858568
0.5083224502425622
0.5081638261324998
0.5080057379586418
0.5078483281719007
0.5076912402815617
0.5075339749754771
0.5073762223835815
0.5072179820996152
0.5070594620081916
0.5069008806793805
0.5067423207516392
0.5065837065876891
0.5064248821711019
0.5062657123927441
0.5061061402746866
0.5059461790238079
0.5057858628806081
0.5056251983790065
0.5054641451038199
0.5053026286384354
0.5051405682685217
0.5049778983879746
0.50481457259587
0.5046505530973301
0.5044857960516175
0.5043202427876632
0.5041538203385129
0.5039864481245034
0.5038180448671463
0.5036485314339423
0.5034778290285811
0.5033058551050514
0.5031325200432264
0.502957726262984
0.5027813694887342
0.5026033406665865
0.5024235270849713
0.502241812154148
0.5020580742639118
0.5018721855653296
0.5016840113138664
0.5014934098807526
0.5013002331012489
0.5011043265190075
0.500905529273786
0.5007036736642823
0.5004985845990295
0.5002900791474236
0.5000779662742045
0.49986204669938533
0.4996421127606617
0.4994179481834664
0.49918932774069386
0.4989560168489563
0.4987177711654246
0.4984743362224527
0.49822544709545796
0.4979708280725733
0.4977101922944005
0.4974432413510824
0.49716966484488395
0.49688913993624173
0.49660133088720426
0.4963058886048954
0.4960024501781274
0.49569063839791444
0.49537006125685956
0.4950403114288156
0.49470096573443945
0.494351584598465
0.4939917115019234
0.4936208724297169
0.49323857531289483
0.4928443094660465
0.4924375450224141
0.49201773237122953
0.4915843016026459
0.49113666196555417
0.490674201343255
0.4901962857520764
0.48970225886883234
0.4891914415943268
0.48866313166148445
0.48811660329788176
0.4875511069533819
0.48696586910445316
0.4863600921477629
0.4857329543969217
0.4850836101977527
0.4844111901790639
0.4837148016574938
0.4829935292165263
0.4822464354812541
0.4814725621119435
0.48067093104091846
0.479840545978716
0.4789803942167335
0.4780894487546351
0.4771666707814918
0.4762110125399025
0.47522142060213024
0.4741968395864553
0.473136216340397
0.4720385046150358
0.47090267025122384
0.4697276968938803
0.4685125922446737
0.46725639485610604
0.4659581814612201
0.4646170748228031
0.46323225207401
0.46180295350880557
0.4603284917656137
0.45880826133120767
0.45724174827445274
0.45562854010131687
0.4539683356040771
0.45226095455935705
0.4505063471121765
0.4487046026672778
0.44685595809537454
0.4449608050514614
0.44301969619573284
0.44103335010575073
0.439002654671978
0.43692866877819814
0.4348126220840479
0.43265591274904003
0.4304601029659164
0.42822691220550746
0.42595820811473684
0.42365599505292934
0.4213224002978015
0.41895965799984525
0.4165700910104569
0.4141560907532783
0.41172009534789583
0.4092645662285517
0.4067919635262919
0.4043047204997411
0.401805217306618
0.3992957544047294
0.39677852585758566
0.39425559279650163
0.39172885725909956
0.3892000365849828
0.38667063850480876
0.3841419370112168
0.38161494905144133
0.37909041203451865
0.3765687621034641
0.37405011308744396
0.3715342360236018
0.3690205391257552
0.36650804808059667
0.3639953865743558
0.3614807569971882
0.35896192134190025
0.3564361824109489
0.3539003655734134
0.3513508014736253
0.34878331028559667
0.3461931883304987
0.3435751981230607
0.3409235631773889
0.33823196916804105
0.33549357328618074
0.33270102382367117
0.3298464921233376
0.3269217190094142
0.32391807761526814
0.3208266541182673
0.3176383472511839
0.31434398658846163
0.31093446854298484
0.3074009078373853
0.30373480106009326
0.2999281979401767
0.295973875345596
0.29186550886926277
0.2875978372900951
0.2831668161506052
0.2785697580226898
0.2738054584700715
0.2688743079219075
0.2637783903150943
0.25852156920017505
0.2531095609574093
0.24754999295680158
0.2418524422338723
0.2360284479974999
0.23009148954851003
0.2240569204378812
0.21794185027253316
0.21176496763282854
0.2055463010218945
0.19930691932086536
0.19306857838296215
0.18685332554063638
0.18068307825835178
0.17457919633031893
0.1685620684446797
0.16265073339500202
0.15686255377359218
0.1512129559524066
0.14571524507619607
0.14038049829864807
0.13521753422351968
0.13023295200417676
0.1254312301699307
0.12081487315019318
0.11638459263546003
0.11213951118071772
0.10807737656696731
0.10419477710284708
0.10048734999688377
0.09694997693155843
0.09357696285163855
0.09036219563013048
0.0872992856386965
0.08438168531089224
0.08160278956157571
0.0789560184480387
0.07643488377044497
0.07403304145549826
0.07174433158973541
0.06956280790400693
0.06748275838882094
0.06549871856506724
0.06360547876414434
0.061798086598486214
0.060071845636646845
0.058422311141883856
0.05684528359263591
0.05533680057868131
0.05389312755817824
0.05251074786752026
0.0511863522968113
0.0499168284773702
