0.49994461545875407
0.5328624081104482
0.5189087100468699
0.5256161525828407
0.528839063205812
0.5211419789258139
0.515117258805169
0.5155703038187026
0.5164209026465735
0.5157564221640368
0.5158706637875927
0.5164999479014384
0.5160752132260614
0.5149304390992888
0.514210161515263
0.5140539914064006
0.5140507981231051
0.514071309910795
0.5140910488026504
0.5139740071291974
0.5136795465094058
0.5133417935526174
0.513086002586546
0.5129235376828235
0.512810129970692
0.5127025772690027
0.5125660629425276
0.5123851363036787
0.5121750149457646
0.5119658677988591
0.5117770364516319
0.5116088381369598
0.5114502964950037
0.5112887717129025
0.5111164444404939
0.5109332827662935
0.5107452312122468
0.5105590095075755
0.5103778709948912
0.5102008838798435
0.51002482580601
0.5098466329505708
0.5096650092792903
0.5094806401171526
0.5092952333050307
0.509110239590286
0.5089261053499494
0.5087423295429953
0.5085580295692049
0.5083725416086877
0.5081857204613676
0.5079978630204074
0.5078094057564687
0.5076206331100063
0.5074315593704307
0.5072419978990385
0.5070517214258168
0.5068605965840592
0.5066686257182041
0.5064759001916364
0.5062825175774119
0.5060885200577218
0.5058938823430519
0.5056985409954399
0.505502436252829
0.5053055391702279
0.5051078532378032
0.5049093971521037
0.5047101840183529
0.5045102097303348
0.5043094543052664
0.5041078915253522
0.5039054989478127
0.503702262501067
0.5034981746494376
0.5032932290331698
0.5030874156150988
0.5028807188811063
0.5026731191573399
0.5024645953235876
0.5022551269200292
0.5020446945788759
0.501833278975468
0.5016208592735646
0.5014074120368459
0.5011929110248436
0.5009773276631997
0.5007606316543696
0.5005427912702726
0.500323773182836
0.5001035419926239
0.49988205973925137
0.4996592856024442
0.4994351758301547
0.4992096837872998
0.498982759978578
0.4987543519544758
0.49852440410111604
0.49829285737896784
0.498059649083505
0.4978247126643774
0.4975879775925488
0.4973493692374237
0.4971088087183722
0.4968662127172491
0.4966214932618774
0.49637455750113946
0.49612530748772626
0.4958736399718321
0.49561944619791565
0.4953626116931392
0.4951030160400841
0.49484053263331856
0.4945750284244327
0.49430636366082187
0.49403439162068297
0.493758958343007
0.4934799023492497
0.4931970543536015
0.492910236960559
0.49261926435032627
0.49232394195334045
0.49202406611478433
0.49171942374890887
0.4914097919821402
0.49109493778375674
0.49077461758331264
0.4904485768745926
0.4901165498062704
0.48977825875949965
0.4894334139124425
0.4890817127915105
0.48872283980903164
0.48835646578720165
0.487982247468448
0.4875998270125967
0.48720883148142563
0.48680887231129427
0.4863995447746507
0.4859804274313871
0.4855510815712841
0.48511105064912613
0.48465985971447934
0.4841970148385355
0.48372200254087105
0.483234289219465
0.4827333205878616
0.48221852112402586
0.4816892935361693
0.48114501825165845
0.48058505293602555
0.4800087320501053
0.4794153664544031
0.47880424307099934
0.47817462461459276
0.4775257494056988
0.47685683128052947
0.4761670596136924
0.4754555994715231
0.47472159191561625
0.4739641544779052
0.4731823818304344
0.472375346674739
0.4715421008774284
0.47068167688011275
0.4697930894131346
0.4688753375435776
0.4679274070886339
0.4669482734254955
0.465936904728364
0.4648922656618276
0.46381332155754873
0.4626990430978345
0.4615484115250248
0.46036042438961833
0.4591341018425149
0.4578684934675754
0.45656268563982305
0.4552158093819968
0.45382704867785173
0.45239564918469527
0.4509209272703403
0.44940227928123166
0.44783919092937186
0.4462312466663184
0.4445781388936043
0.4428796768411181
0.4411357949291418
0.4393465604166945
0.43751218012952897
0.43563300605643124
0.4337095396032006
0.4317424343005601
0.4297324967757277
0.4276806858177402
0.42558810939379776
0.4234560195074819
0.42128580482891353
0.4190789810706261
0.4168371791296433
0.4145621310642196
0.41225565402096653
0.40991963227262046
0.40755599756649236
0.4051667080168727
0.4027537257997515
0.40031899392405634
0.39786441235948333
0.39539181379678007
0.39290293930240805
0.3903994141067804
0.38788272373512017
0.3853541906541876
0.3828149515687666
0.3802659354611725
0.3777078424275424
0.3751411233287526
0.3725659602438886
0.36998224769261145
0.36738957458176974
0.36478720683335747
0.362174070667402
0.35954873654649283
0.35690940384012054
0.3542538863382131
0.35157959883524886
0.34888354511943487
0.3461623078350168
0.34341204083772225
0.3406284648295596
0.33780686723295555
0.3349421074356096
0.33202862869276994
0.32906047809532385
0.3260313360788767
0.3229345569370972
0.31976322168776505
0.31651020440063315
0.31316825271806675
0.3097300827801343
0.30618848812039573
0.30253646136269463
0.29876732678011414
0.2948748810500016
0.29085353893755855
0.28669848024350897
0.2824057942146027
0.2779726177554259
0.2733972641614252
0.2686793396294881
0.2638198453673536
0.2588212635753182
0.2536876257905919
0.2484245619961826
0.2430393285100321
0.23754081208067448
0.23193950699311436
0.22624746154927497
0.220478190251634
0.2146465485650356
0.2087685683563324
0.20286125400170885
0.1969423415773291
0.1910300262754282
0.18514266590602507
0.17929847071556393
0.17351519146170663
0.16780981848441148
0.1621983042756252
0.15669532077559598
0.15131406044843854
0.14606608735860593
0.14096124129800103
0.13600759483420477
0.13121146026720926
0.1265774411296673
0.12210852118698068
0.11780618293545858
0.11367054732112289
0.10970052670699393
0.10589398386397829
0.10224789079876281
0.09875848241850936
0.09542140124564308
0.09223183054456835
0.0891846142438478
0.08627436289793249
0.0834955456201106
0.08084256843777073
0.07830983988810751
0.07589182490883241
0.07358308820835627
0.07137832834690684
0.06927240374567509
0.06726035178384833
0.06533740205850708
0.06349898478177611
0.06174073518236175
0.060058494671180115
0.05844830942763436
0.05690642696706266
0.05542929116254243
0.05401353611629556
0.05265597920745495
0.051353613583551054
0.050103600312144246
0.04890326036578449
