0.48735600152042746
0.5167953474999092
0.5170243658086563
0.5169042109977815
0.5173895580340299
0.5174278692247825
0.5166763487045829
0.5159662114543533
0.5157421731752807
0.515755153348186
0.5157952493010721
0.5158345838705873
0.5157940009943772
0.515609035375217
0.5153549255313068
0.5151480143311498
0.5150228666240079
0.5149486348242717
0.5148864383715351
0.51480564553549
0.5146898488013291
0.5145469982439586
0.5144013094307643
0.5142716190024419
0.5141607318978676
0.5140602346853653
0.5139591971227985
0.513850305581411
0.513732792965499
0.513611353368899
0.5134918476259778
0.5133773850899802
0.5132673857272539
0.5131591245559957
0.5130499149037728
0.5129385863596485
0.5128257175513077
0.5127128046614882
0.5126011211935126
0.5124910478428432
0.512382130426178
0.5122735962870304
0.512164890946279
0.5120559310535736
0.5119470148898851
0.5118385393710934
0.5117307437372258
0.5116236213300309
0.5115169994348518
0.5114106899047968
0.5113046032113885
0.5111987719170605
0.5110932969922691
0.5109882706657236
0.5108837272723957
0.5107796420465789
0.5106759641174946
0.5105726544592729
0.5104697055285572
0.5103671367820113
0.510264975839461
0.5101632404141512
0.5100619311829059
0.5099610364196743
0.5098605421926408
0.5097604405819651
0.5096607317723579
0.5095614206390648
0.5094625114332466
0.509364004192179
0.5092658944221395
0.5091681752516041
0.5090708400676602
0.508973883964
0.5088773035139817
0.5087810954942289
0.508685255603528
0.5085897779127676
0.5084946551398353
0.5083998793388447
0.5083054424763593
0.5082113365901416
0.5081175535583391
0.50802408472415
0.5079309206316764
0.5078380509881983
0.507745464802785
0.5076531505641103
0.5075610963386212
0.5074692897518907
0.5073777178948607
0.5072863672278962
0.5071952235351884
0.5071042719372593
0.5070134969333369
0.5069228824364774
0.5068324117795846
0.5067420676938955
0.5066518322770228
0.5065616869685968
0.5064716125417197
0.506381589106724
0.5062915961175238
0.5062016123720983
0.5061116160044401
0.5060215844709021
0.5059314945360707
0.5058413222618316
0.5057510430000925
0.5056606313870703
0.5055700613364513
0.5054793060298415
0.5053883379045986
0.5052971286402297
0.5052056491445743
0.5051138695402722
0.5050217591511716
0.504929286487906
0.5048364192319708
0.5047431242180626
0.5046493674148302
0.5045551139043378
0.5044603278604145
0.5043649725258292
0.5042690101880462
0.5041724021532852
0.5040751087186837
0.5039770891424896
0.5038783016122773
0.5037787032111756
0.5036782498820362
0.5035768963894085
0.5034745962791506
0.5033713018355204
0.5032669640356106
0.503161532501023
0.5030549554466761
0.5029471796266227
0.5028381502767408
0.5027278110541291
0.5026161039730422
0.5025029693371978
0.5023883456682913
0.5022721696305481
0.502154375951142
0.5020348973362895
0.5019136643828226
0.5017906054850276
0.501665646736536
0.5015387118270431
0.501409721933623
0.5012785956064012
0.5011452486483339
0.5010095939888303
0.5008715415509458
0.5007309981118603
0.5005878671563461
0.5004420487229219
0.5002934392423726
0.5001419313683104
0.4999874137994331
0.49982977109312837
0.49966888347006216
0.4995046266093728
0.4993368714340884
0.4991654838863701
0.49899032469217763
0.49881124911494146
0.4986281066978212
0.49844074099412217
0.4982489892854364
0.4980526822870752
0.4978516438403545
0.497645690591303
0.4974346316553643
0.49721826826767346
0.49699639341850815
0.4967687914735218
0.49653523777840497
0.49629549824763863
0.4960493289370559
0.49579647559995904
0.49553667322661715
0.49526964556701825
0.49499510463684415
0.4947127502067291
0.4944222692749699
0.49412333552399484
0.4938156087610394
0.49349873434365665
0.4931723425908877
0.49283604818114063
0.4924894495380914
0.49213212820620633
0.4917636482178257
0.4913835554541129
0.490991377002601
0.4905866205145372
0.4901687735657527
0.48973730302536866
0.48929165443730377
0.4888312514202671
0.48835549509271
0.487863763530086
0.4873554112627176
0.48682976882360546
0.4862861423566396
0.48572381329688047
0.4851420381358812
0.48454004828639285
0.4839170500622604
0.4832722247908432
0.4826047290768767
0.4819136952383125
0.4811982319363213
0.4804574250232648
0.4796903386340225
0.4788960165475548
0.47807348384691994
0.4772217489071026
0.4763398057408791
0.4754266367334257
0.4744812157964379
0.473502511971998
0.47248949351524916
0.47144113248294783
0.4703564098520665
0.4692343211886707
0.468073882882162
0.4668741389535664
0.4656341684387212
0.46435309333791674
0.463030087112719
0.46166438369832785
0.46025528698596807
0.45880218071455814
0.4573045386944634
0.4557619352687557
0.4541740558994535
0.4525407077481516
0.4508618301028121
0.44913750448593315
0.44736796426454756
0.44555360357031126
0.4436949853291384
0.44179284819520903
0.4398481121845205
0.4378618828090963
0.43583545352507747
0.4337703063265149
0.43166811034186386
0.4295307183217742
0.427360160944292
0.4251586389062345
0.4229285128161692
0.4206722909537266
0.41839261501028824
0.4160922439756348
0.4137740363820516
0.4114409311598371
0.4090959273944311
0.40674206330396423
0.4043823947757577
0.4020199738103559
0.3996578272216702
0.3972989359318429
0.39494621517998013
0.39260249593589996
0.39027050777475125
0.3879528634272961
0.38565204517554597
0.3833703932160548
0.38111009606529517
0.3788731830348076
0.3766615187597283
0.3744767997240842
0.37232055269089426
0.37019413491528186
0.36809873599490467
0.36603538119413787
0.36400493606648193
0.3620081121932748
0.36004547385546537
0.35811744545834423
0.35622431953602507
0.35436626517243514
0.35254333668785026
0.35075548245395377
0.3490025537153566
0.3472843133109316
0.3456004442037128
0.34395055774309136
0.34233420159728667
0.3407508673073399
0.3391999974260206
0.3376809922159247
0.3361932158906558
0.3347360023912881
0.3333086606973599
0.33191047967749504
0.3305407324894591
0.32919868054314566
0.3278835770427212
0.32659467012605087
0.3253312056206855
0.3240924294361801
0.32287758961244106
0.3216859380432408
0.320516731893045
0.3193692347239395
0.318242717347773
0.3171364584166555
0.31604974476273806
0.31498187149571255
0.3139321418637515
0.31289986688062416
0.3118843647184522
0.3108849598619837
0.30990098201628946
0.308931764755373
0.30797664389421703
0.307034955561158
0.30610603394103436
0.3051892086520954
0.30428380171095626
0.30338912402964124
0.30250447137661407
0.30162911971916595
0.30076231984708524
0.29990329115641223
0.29905121444640786
0.29820522355151524
0.2973643955916324
0.29652773957668926
0.29569418304306394
0.2948625563270092
0.2940315739904087
0.29319981280244983
0.2923656855415994
0.2915274097087025
0.29068297002553856
0.28983007332323507
0.2889660940889623
0.2880880085223012
0.2871923144376136
0.28627493371737706
0.28533109325626127
0.28435517942421923
0.2833405600193423
0.2822793665052862
0.28116222811352254
0.27997794831214085
0.27871311353963907
0.27735162458965357
0.27587414367344865
0.27425745673758756
0.27247376384825595
0.2704899345118842
0.2682668053866867
0.2657586617992205
0.26291313782284587
0.25967189235544663
0.2559725539247011
0.25175252429386313
0.24695518691301943
0.24153872247604563
0.23548693117846983
0.22882019273700133
0.22160333145111613
0.21394654550825684
0.2059966945738779
0.19791937945384633
0.18987618370315326
0.1820038800329169
0.1744015910135261
0.16712820925412133
0.1602081679964204
0.1536413229614117
0.1474129453810615
0.1415015551695512
0.13588405880379917
0.13053863283995415
0.1254460487813942
0.1205900292445675
0.11595705125483158
0.11153588227033367
0.10731704363851774
0.10329231817513258
0.09945435012373038
0.09579633884213087
0.09231180799641245
0.0889944328140237
0.08583791625476049
0.08283591099386041
0.07998198463583697
0.07726962238972891
0.07469225789343897
0.07224332126614497
0.06991629424999776
0.0677047646732764
0.06560247529263005
0.06360336451727003
0.061701598235523424
0.05989159298286309
0.05816803121031206
0.056525869641716915
0.05496034179039515
0.05346695571137419
0.05204148802115436
0.05067997513206646
0.049378702531839076
