2.079135669264408
2.171458521125578
2.141914081553078
2.1058422256764517
2.0772771888588193
2.052167317363689
2.0286824215198496
2.0063026138816134
1.9849227492339092
1.9645490902925802
1.9452137290924685
1.9269514883959844
1.9097931069108907
1.8937626108303849
1.8788759881627852
1.8651405226596898
1.8525546166081208
1.8411080056640543
1.830782272685404
1.8215515691293325
1.8133834609384127
1.806239828882492
1.8000777681907414
1.7948504469957935
1.7905078964278927
1.7869977165243438
1.7842656912258412
1.7822563126398614
1.780913219649638
1.780179559117022
1.7799982796907396
1.7803123689105302
1.7810650441879337
1.782199907599795
1.7836610734566711
1.7853932764637042
1.7873419670921278
1.7894533996053448
1.7916747170857683
1.7939540368167037
1.7962405385006326
1.798484557043477
1.8006376809980043
1.8026528572282998
1.804484501918066
1.806088617684117
1.807422916258471
1.8084469459541017
1.8091222229182593
1.8094123649926996
1.80928322683388
1.808703034792599
1.8076425199088495
1.8060750472443459
1.8039767396552295
1.801326594006698
1.7981065877569817
1.7943017737983729
1.7899003614454645
1.7848937815110457
1.779276733510804
1.773047213187601
1.7662065187385043
1.7587592343529093
1.75071318991471
1.742079395971544
1.7328719533170323
1.7231079367593933
1.7128072528602878
1.7019924716277242
1.6906886323509747
1.678923023994918
1.6667249408503255
1.6541254144882742
1.6411569235074195
1.6278530830971971
1.6142483170578916
1.6003775155934323
1.5862756828824107
1.5719775790834352
1.557517361982429
1.5429282338830648
1.528242099526683
1.5134892407692542
1.4986980134241599
1.4838945711065947
1.469102620115386
1.4543432084065648
1.4396345506096149
1.4249918898791054
1.4104273962304774
1.3959500999438281
1.381565857689896
1.367277348282195
1.3530840944187732
1.338982506463078
1.3249659442295678
1.3110247928791077
1.297146549376726
1.2833159164994943
1.2695149020822036
1.2557229220297623
1.2419169065858873
1.228071410408231
1.21415872814342
1.2001490184060892
1.1860104403285114
1.1717093081433712
1.1572102705671035
1.1424765230292413
1.1274700619924167
1.112151991653517
1.0964828941055444
1.080423274433922
1.0639340920424887
1.0469773885349982
1.0295170204621984
1.0115195019030676
0.9929549569023339
0.9737981749964864
0.9540297542884988
0.9336373058166002
0.9126166806143292
0.8909731675541038
0.8687225969245334
0.8458922733049455
0.8225216536733437
0.7986626850482758
0.7743797224512068
0.7497489641523766
0.7248573675117985
0.6998010441764673
0.6746831750686729
0.6496115289352518
0.624695707540825
0.6000442700483569
0.5757619039380637
0.5519468072858033
0.528688427450418
0.5060656671174061
0.48414562531830596
0.4629828946918816
0.4426193929178664
0.42308467074646144
0.4043966142888642
0.3865624461057464
0.3695799272509619
0.3534386687040231
0.33812147288073735
0.32360564144236315
0.30986420209086346
0.296867022677102
0.28458179462076466
0.2729748787687078
0.2620120152674722
0.2516589049640249
0.24188167362092003
0.2326472322575267
0.22392354763123046
0.21567983663552237
0.20788669753812422
0.20051618976658092
0.19354187256152494
0.18693881139355498
0.1806835596674195
0.17475412197091747
0.16912990399385835
0.16379165325485898
0.15872139392909995
0.15390235835954252
0.14931891724470228
0.14495651001333257
0.1408015765055464
0.13684149076698107
0.1330644975147699
0.12945965163999787
0.1260167609611396
0.12272633232836133
0.11957952109246792
0.11656808388887915
0.11368433464152156
0.11092110366003742
0.10827169968306732
0.10572987470804623
0.10328979144192606
0.10094599320592443
0.09869337612951312
0.09652716347344993
0.0944428819279275
0.09243633973931002
0.09050360652697298
0.08864099466014919
0.08684504207312957
0.08511249640552909
0.0834403003624388
0.08182557819707512
0.08026562322595938
0.07875788629364547
0.07729996511058643
0.0758895943938521
0.07452463674611363
0.07320307421358949
0.07192300046852794
0.07068261356630165
0.06948020923133692
0.06831417462990065
0.06718298259126863
0.06608518624199732
0.06501941402096349
0.06398436504551422
0.06297880480153968
0.062001561132521116
0.06105152050467116
0.06012762452715953
0.05922886670814075
0.05835428942887067
0.057502981119638384
0.05667407362255373
0.05586673972743331
0.055080190868129104
0.05431367496765083
0.05356647442135181
0.0528379042082977
0.05212731012170353
0.05143406711003834
0.05075757772104303
0.05009727064150404
0.04945259932616913
