2.4256481899044764
2.233460500421982
2.191013321322035
2.1693337165915807
2.1544478024043987
2.1418937860177136
2.130175438883793
2.118854836210696
2.1078279646298888
2.097085167484209
2.086639859403384
2.0765093543879165
2.0667105781486694
2.0572595710824766
2.0481716973354835
2.039461808418827
2.031144245060971
2.023232709566786
2.0157400597835875
2.0086780656687444
2.00205715668608
1.9958861783496515
1.9901721694274959
1.9849201668262928
1.9801330422329793
1.9758113726343793
1.971953345505267
1.9685546985197275
1.9656086929596817
1.9631061194819026
1.9610353345072737
1.9593823251789337
1.9581308005764675
1.9572623066563835
1.9567563622053463
1.9565906129374706
1.9567410007398545
1.9571819449743113
1.957886532682958
1.958826714527512
1.9599735033232686
1.96129717211437
1.962767448880668
1.9643537051691202
1.9660251362021224
1.9677509303260527
1.9695004260177078
1.971243255053512
1.972949470854637
1.9745896614373424
1.9761350468092775
1.9775575610469518
1.9788299196563024
1.979925673148363
1.9808192480484796
1.981485976795695
1.981902118176052
1.9820448700690934
1.9818923763714724
1.981423729997665
1.9806189738483295
1.979459101585657
1.9779260599660946
1.976002754358097
1.9736730589199627
1.9709218327336722
1.9677349429879847
1.964099296080172
1.9600028772624036
1.9554347991970047
1.9503853595051113
1.9448461070955607
1.938809916744998
1.9322710710656152
1.9252253486439392
1.9176701167634338
1.9096044267382268
1.901029109490019
1.8919468686038774
1.8823623677139691
1.872282308715246
1.86171549699498
1.8506728896572735
1.8391676226068694
1.8272150124008073
1.8148325290018132
1.802039736005664
1.7888581955866458
1.7753113363172828
1.7614242831589615
1.7472236502555716
1.732737298636256
1.7179940624679708
1.703023448998159
1.6878553186871297
1.672519553142642
1.657045719240414
1.6414627381697615
1.625798568040175
1.6100799081156791
1.5943319317414861
1.578578053659839
1.5628397357760502
1.5471363336474715
1.531484984149951
1.5159005330452993
1.500395499630446
1.484980074371342
1.4696621444610576
1.454447341611723
1.439339106087016
1.4243387609773646
1.4094455909700008
1.3946569203181478
1.379968185313792
1.3653729972659143
1.350863192737954
1.3364288685721286
1.3220584000034648
1.3077384409340203
1.2934539062001684
1.2791879364346919
1.2649218469204968
1.250635062679853
1.236305042972068
1.2219071994160826
1.2074148131462095
1.1927989577821358
1.1780284365788471
1.16306974394347
1.1478870635795457
1.1324423178437653
1.1166952854460508
1.1006038073163744
1.0841241031547537
1.067211223622402
1.0498196649194946
1.0319041730256675
1.013420763307015
0.9943279764117368
0.9745883820643866
0.9541703271408194
0.9330499021181973
0.9112130702280412
0.8886578673361967
0.8653965406879296
0.8414574565859124
0.8168865785033291
0.7917483070218414
0.7661254895296222
0.7401184556613982
0.7138430130753477
0.6874274394385801
0.6610086163376121
0.6347275516774598
0.6087246118077211
0.5831348201303123
0.5580835692370228
0.5336830407122355
0.5100295401949596
0.4872018501910965
0.4652605967553045
0.44424853432556116
0.4241915868460761
0.40510044766828013
0.3869725341875665
0.36979410980724536
0.35354241745340564
0.3381877073119311
0.3236950800403542
0.31002610091916216
0.29714016790691133
0.28499563673625156
0.2735507195683907
0.2627641814558484
0.2525958622914315
0.24300705232680583
0.2339607478106212
0.22542181066404177
0.2173570529859119
0.20973526396611716
0.20252719373400802
0.19570550591559766
0.18924470827795725
0.18312106881119636
0.17731252291780888
0.17179857601071902
0.1665602047236126
0.1615797590681328
0.15684086719291052
0.1523283438741978
0.14802810346678735
0.14392707774157043
0.14001313881145766
0.13627502718339252
0.1327022848570584
0.129285193309661
0.1260147161522158
0.1228824462092934
0.1198805567559008
0.11700175663802984
0.11423924900423826
0.11158669338206953
0.10903817084335374
0.10658815201509068
0.10423146770672966
0.10196328193943777
0.09977906717790738
0.09767458157997837
0.09564584809360842
0.0936891352443272
0.09180093946916518
0.08997796886509482
0.08821712823123694
0.08651550529447205
0.08487035801769041
0.08327910289872492
0.08173930417609708
0.08024866386510507
0.07880501255454173
0.07740630090049645
0.07605059175931088
0.07473605290687707
0.07346095029611738
0.07222364180872011
0.07102257146105034
0.0698562640276581
0.06872332004897537
0.06762241119269284
0.06655227594092689
0.06551171557767477
0.06449959045323084
0.06351481650420769
0.06255636200960252
0.06162324456498733
0.060714528258387655
0.05982932103277243
0.058966772221312636
0.058126070242696774
0.057306440444814886
0.056507143086065054
0.05572747144439426
0.05496675004496393
0.05422433299805241
0.05349960243945962
0.05279196706627488
0.05210086076142789
0.051425741300933206
0.05076608913821108
0.050121406260285134
0.04949121511104711
