0.5025380904863583
0.5226567779245231
0.5224396788969992
0.5222354172371287
0.5220937437128528
0.5219946991698758
0.521924523777831
0.5218739013007994
0.5218365285816245
0.5218081417777322
0.5217858560866993
0.5217677188503246
0.5217524074192297
0.5217390250179814
0.5217269628651425
0.5217158070487711
0.5217052756201213
0.5216951760858775
0.5216853766700098
0.5216757868718498
0.5216663443020428
0.5216570057597998
0.5216477411771332
0.5216385295024455
0.5216293558971309
0.5216202098220871
0.521611083728162
0.5216019721571026
0.5215928711220553
0.5215837776788697
0.5215746896279772
0.5215656053059141
0.5215565234386115
0.5215474430374267
0.5215383633249014
0.521529283681304
0.5215202036057991
0.5215111226879864
0.5215020405868398
0.5214929570149793
0.5214838717268142
0.5214747845095262
0.5214656951761517
0.5214566035602346
0.5214475095116602
0.5214384128933919
0.5214293135788945
0.5214202114500941
0.5214111063957518
0.5214019983101652
0.5213928870921248
0.5213837726440756
0.521374654871441
0.5213655336820746
0.5213564089858197
0.5213472806941484
0.52133814871987
0.5213290129768956
0.5213198733800437
0.5213107298448832
0.5213015822876065
0.5212924306249227
0.5212832747739753
0.52127411465227
0.5212649501776183
0.5212557812680914
0.5212466078419811
0.5212374298177689
0.5212282471140997
0.5212190596497603
0.521209867343663
0.5212006701148297
0.5211914678823802
0.5211822605655225
0.5211730480835434
0.5211638303558024
0.5211546073017255
0.5211453788407996
0.5211361448925682
0.5211269053766281
0.521117660212625
0.5211084093202522
0.5210991526192463
0.5210898900293861
0.5210806214704896
0.521071346862413
0.5210620661250475
0.5210527791783189
0.521043485942186
0.5210341863366377
0.5210248802816926
0.5210155676973984
0.5210062485038286
0.5209969226210825
0.5209875899692842
0.5209782504685796
0.5209689040391376
0.5209595506011464
0.5209501900748147
0.5209408223803684
0.5209314474380504
0.5209220651681199
0.52091267549085
0.5209032783265277
0.5208938735954525
0.5208844612179342
0.5208750411142932
0.5208656132048588
0.5208561774099674
0.5208467336499628
0.5208372818451941
0.5208278219160141
0.5208183537827796
0.5208088773658491
0.5207993925855824
0.5207898993623389
0.5207803976164771
0.520770887268353
0.5207613682383193
0.5207518404467242
0.5207423038139105
0.520732758260214
0.5207232037059628
0.5207136400714767
0.5207040672770645
0.5206944852430253
0.5206848938896451
0.5206752931371975
0.5206656829059413
0.52065606311612
0.5206464336879616
0.5206367945416757
0.5206271455974543
0.5206174867754687
0.5206078179958709
0.5205981391787903
0.5205884502443348
0.5205787511125868
0.5205690417036055
0.5205593219374237
0.5205495917340472
0.5205398510134542
0.5205300996955937
0.5205203377003852
0.5205105649477165
0.520500781357444
0.520490986849391
0.5204811813433461
0.5204713647590637
0.5204615370162617
0.5204516980346208
0.5204418477337835
0.5204319860333537
0.5204221128528946
0.5204122281119287
0.5204023317299354
0.5203924236263524
0.520382503720572
0.5203725719319423
0.5203626281797645
0.520352672383293
0.5203427044617341
0.520332724334245
0.5203227319199328
0.5203127271378535
0.5203027099070109
0.5202926801463563
0.5202826377747861
0.5202725827111427
0.520262514874212
0.5202524341827233
0.5202423405553473
0.520232233910697
0.5202221141673246
0.520211981243722
0.5202018350583197
0.5201916755294849
0.5201815025755214
0.5201713161146687
0.5201611160651003
0.5201509023449237
0.520140674872179
0.5201304335648376
0.5201201783408018
0.5201099091179038
0.5200996258139043
0.5200893283464926
0.5200790166332843
0.5200686905918215
0.5200583501395711
0.5200479951939248
0.5200376256721968
0.5200272414916244
0.520016842569366
0.5200064288225007
0.519996000168027
0.5199855565228628
0.5199750978038432
0.51996462392772
0.519954134811162
0.5199436303707524
0.5199331105229887
0.5199225751842821
0.5199120242709558
0.5199014576992449
0.519890875385295
0.5198802772451616
0.519869663194809
0.5198590331501096
0.5198483870268429
0.5198377247406946
0.5198270462072558
0.5198163513420225
0.519805640060394
0.519794912277672
0.519784167909061
0.5197734068696659
0.5197626290744922
0.5197518344384444
0.5197410228763256
0.5197301943028366
0.5197193486325752
0.5197084857800346
0.5196976056596032
0.5196867081855642
0.5196757932720935
0.51966486083326
0.5196539107830241
0.5196429430352373
0.519631957503641
0.5196209541018655
0.5196099327434301
0.5195988933417415
0.5195878358100928
0.5195767600616636
0.5195656660095179
0.5195545535666046
0.5195434226457558
0.5195322731596862
0.5195211050209926
0.5195099181421526
0.5194987124355243
0.5194874878133449
0.5194762441877304
0.5194649814706749
0.5194536995740491
0.5194423984096006
0.5194310778889515
0.5194197379235994
0.5194083784249155
0.5193969993041441
0.519385600472402
0.5193741818406772
0.5193627433198289
0.5193512848205859
0.5193398062535466
0.5193283075291777
0.5193167885578134
0.5193052492496553
0.5192936895147705
0.5192821092630926
0.5192705084044186
0.5192588868484103
0.5192472445045923
0.5192355812823514
0.519223897090937
0.5192121918394581
0.5192004654368849
0.5191887177920466
0.5191769488136314
0.519165158410185
0.5191533464901108
0.5191415129616683
0.5191296577329736
0.5191177807119969
0.5191058818065633
0.5190939609243512
0.5190820179728924
0.5190700528595709
0.5190580654916215
0.5190460557761304
0.5190340236200337
0.519021968930117
0.5190098916130149
0.5189977915752092
0.5189856687230295
0.5189735229626524
0.5189613542000993
0.5189491623412381
0.5189369472917804
0.5189247089572824
0.5189124472431428
0.5189001620546031
0.5188878532967471
0.5188755208744992
0.5188631646926244
0.518850784655728
0.5188383806682542
0.5188259526344857
0.5188135004585435
0.5188010240443853
0.5187885232958058
0.5187759981164357
0.5187634484097408
0.5187508740790213
0.5187382750274125
0.518725651157882
0.5187130023732308
0.5187003285760918
0.5186876296689298
0.5186749055540398
0.5186621561335479
0.5186493813094093
0.5186365809834089
0.5186237550571595
0.5186109034321017
0.5185980260095039
0.518585122690461
0.5185721933758936
0.5185592379665479
0.5185462563629957
0.5185332484656316
0.5185202141746756
0.5185071533901696
0.518494066011979
0.51848095193979
0.5184678110731116
0.5184546433112726
0.5184414485534221
0.5184282266985301
0.5184149776453841
0.5184017012925916
0.5183883975385772
0.5183750662815838
0.5183617074196707
0.5183483208507139
0.518334906472405
0.518321464182251
0.5183079938775745
0.5182944954555113
0.5182809688130114
0.5182674138468385
0.5182538304535683
0.5182402185295893
0.5182265779711013
0.5182129086741156
0.5181992105344541
0.5181854834477486
0.5181717273094414
0.5181579420147829
0.5181441274588335
0.5181302835364607
0.5181164101423403
0.5181025071709555
0.518088574516596
0.5180746120733577
0.5180606197351431
0.5180465973956592
0.5180325449484184
0.5180184622867375
0.5180043493037376
0.5179902058923429
0.5179760319452806
0.5179618273550817
0.5179475920140783
0.5179333258144044
0.5179190286479961
0.5179047004065899
0.5178903409817228
0.5178759502647322
0.5178615281467551
0.5178470745187279
0.5178325892713854
0.5178180722952612
0.5178035234806871
0.5177889427177923
0.5177743298965034
0.5177596849065439
0.5177450076374337
0.5177302979784888
0.5177155558188211
0.5177007810473375
0.5176859735527406
0.5176711332235266
0.5176562599479871
0.5176413536142066
0.5176264141100635
0.5176114413232297
0.5175964351411693
0.5175813954511397
0.5175663221401897
0.5175512150951604
0.5175360742026842
0.5175208993491845
0.5175056904208759
0.5174904473037633
0.5174751698836418
0.5174598580460963
0.5174445116765014
0.5174291306600212
0.5174137148816081
0.517398264226004
0.5173827785777383
0.5173672578211291
0.5173517018402825
0.517336110519091
0.5173204837412358
0.5173048213901841
0.5172891233491899
0.517273389501294
0.5172576197293232
0.51724181391589
0.5172259719433927
0.5172100936940154
0.5171941790497265
0.5171782278922802
0.5171622401032149
0.5171462155638534
0.5171301541553033
0.5171140557584553
0.5170979202539845
0.5170817475223495
0.5170655374437918
0.5170492898983369
0.517033004765792
0.5170166819257479
0.517000321257578
0.5169839226404374
0.5169674859532636
0.5169510110747761
0.5169344978834763
0.5169179462576471
0.5169013560753525
0.5168847272144377
0.5168680595525296
0.5168513529670354
0.5168346073351434
0.5168178225338222
0.516800998439821
0.5167841349296688
0.5167672318796759
0.516750289165931
0.5167333066643041
0.516716284250444
0.5166992217997795
0.5166821191875185
0.5166649762886487
0.5166477929779367
0.5166305691299282
0.516613304618948
0.5165959993190996
0.5165786531042655
0.5165612658481068
0.5165438374240627
0.516526367705352
0.5165088565649705
0.5164913038756933
0.5164737095100733
0.5164560733404413
0.5164383952389068
0.5164206750773566
0.5164029127274556
0.516385108060647
0.5163672609481511
0.516349371260966
0.5163314388698681
0.5163134636454101
0.5162954454579237
0.5162773841775172
0.5162592796740764
0.5162411318172647
0.5162229404765228
0.5162047055210687
0.5161864268198975
0.5161681042417818
0.5161497376552715
0.5161313269286931
0.516112871930151
0.5160943725275262
0.516075828588477
0.5160572399804393
0.5160386065706251
0.516019928226024
0.5160012048134033
0.5159824361993063
0.5159636222500539
0.515944762831744
0.5159258578102516
0.5159069070512285
0.5158879104201044
0.5158688677820849
0.5158497790021535
0.5158306439450706
0.5158114624753737
0.5157922344573774
0.5157729597551735
0.5157536382326308
0.5157342697533958
0.5157148541808914
0.5156953913783184
0.5156758812086548
0.5156563235346556
0.5156367182188533
0.5156170651235572
0.5155973641108554
0.5155776150426118
0.5155578177804686
0.5155379721858452
0.515518078119939
0.515498135443724
0.5154781440179529
0.5154581037031551
0.5154380143596381
0.5154178758474872
0.5153976880265653
0.5153774507565129
0.5153571638967485
0.5153368273064686
0.5153164408446472
0.5152960043700371
0.5152755177411679
0.515254980816348
0.515234393453664
0.5152137555109799
0.5151930668459387
0.515172327315961
0.5151515367782458
0.5151306950897705
0.5151098021072905
0.51508885768734
0.5150678616862316
0.5150468139600555
0.5150257143646815
0.5150045627557569
0.5149833589887085
0.5149621029187408
0.5149407944008375
0.5149194332897605
0.5148980194400506
0.5148765527060275
0.5148550329417889
0.5148334600012119
0.5148118337379521
0.5147901540054436
0.5147684206569
0.5147466335453128
0.514724792523453
0.5147028974438701
0.5146809481588922
0.5146589445206269
0.5146368863809601
0.5146147735915564
0.5145926060038595
0.514570383469092
0.5145481058382547
0.514525772962128
0.5145033846912703
0.5144809408760195
0.5144584413664911
0.5144358860125804
0.5144132746639607
0.5143906071700837
0.5143678833801801
0.514345103143259
0.514322266308108
0.5142993727232925
0.514276422237157
0.5142534146978237
0.5142303499531931
0.5142072278509437
0.5141840482385325
0.5141608109631937
0.5141375158719393
0.51411416281156
0.5140907516286226
0.514067282169473
0.514043754280233
0.5140201678068024
0.5139965225948581
0.5139728184898533
0.5139490553370187
0.5139252329813617
0.5139013512676655
0.5138774100404897
0.5138534091441709
0.5138293484228204
0.5138052277203262
0.5137810468803513
0.5137568057463342
0.5137325041614883
0.5137081419688025
0.5136837190110395
0.5136592351307364
0.5136346901702055
0.5136100839715316
0.5135854163765743
0.5135606872269656
0.5135358963641108
0.5135110436291881
0.5134861288631476
0.5134611519067123
0.5134361126003759
0.5134110107844043
0.5133858462988341
0.5133606189834727
0.5133353286778973
0.5133099752214559
0.5132845584532651
0.513259078212211
0.5132335343369485
0.5132079266659002
0.513182255037257
0.5131565192889768
0.5131307192587846
0.5131048547841714
0.5130789257023944
0.513052931850476
0.513026873065203
0.5130007491831272
0.5129745600405637
0.5129483054735908
0.5129219853180493
0.5128955994095424
0.5128691475834338
0.5128426296748491
0.5128160455186728
0.5127893949495497
0.5127626778018832
0.5127358939098349
0.5127090431073231
0.5126821252280238
0.5126551401053683
0.5126280875725431
0.5126009674624895
0.5125737796079026
0.5125465238412297
0.5125191999946705
0.5124918079001763
0.5124643473894481
0.5124368182939372
0.5124092204448427
0.5123815536731124
0.51235381780944
0.5123260126842655
0.5122981381277738
0.5122701939698943
0.5122421800402984
0.5122140961684001
0.5121859421833544
0.5121577179140558
0.5121294231891381
0.5121010578369725
0.5120726216856669
0.5120441145630648
0.5120155362967441
0.5119868867140162
0.5119581656419236
0.511929372907241
0.5119005083364714
0.5118715717558471
0.511842562991327
0.5118134818685957
0.5117843282130629
0.5117551018498607
0.5117258026038438
0.5116964302995867
0.5116669847613832
0.5116374658132449
0.511607873278899
0.5115782069817881
0.5115484667450679
0.5115186523916055
0.5114887637439782
0.5114588006244724
0.5114287628550811
0.5113986502575031
0.5113684626531408
0.511338199863099
0.5113078617081829
0.5112774480088963
0.5112469585854407
0.5112163932577125
0.5111857518453017
0.5111550341674903
0.5111242400432503
0.5110933692912417
0.5110624217298108
0.5110313971769885
0.5110002954504878
0.5109691163677024
0.5109378597457048
0.5109065254012439
0.5108751131507429
0.5108436228102977
0.5108120541956753
0.5107804071223097
0.5107486814053022
0.5107168768594177
0.5106849932990831
0.5106530305383856
0.5106209883910687
0.5105888666705319
0.5105566651898277
0.5105243837616589
0.5104920221983766
0.5104595803119785
0.5104270579141049
0.510394454816038
0.510361770828698
0.5103290057626426
0.510296159428062
0.5102632316347776
0.5102302221922406
0.5101971309095276
0.5101639575953386
0.5101307020579946
0.5100973641054349
0.5100639435452144
0.5100304401845008
0.5099968538300717
0.5099631842883119
0.5099294313652114
0.5098955948663608
0.5098616745969506
0.5098276703617667
0.5097935819651881
0.5097594092111843
0.5097251519033115
0.5096908098447103
0.5096563828381024
0.5096218706857878
0.5095872731896413
0.5095525901511097
0.5095178213712089
0.5094829666505202
0.5094480257891875
0.5094129985869138
0.5093778848429584
0.5093426843561331
0.5093073969248
0.5092720223468662
0.5092365604197826
0.509201010940539
0.5091653737056616
0.5091296485112089
0.5090938351527693
0.5090579334254559
0.5090219431239049
0.5089858640422709
0.5089496959742231
0.5089134387129433
0.5088770920511205
0.508840655780948
0.50880412969412
0.5087675135818277
0.5087308072347552
0.5086940104430764
0.5086571229964507
0.5086201446840197
0.508583075294403
0.5085459146156945
0.5085086624354587
0.5084713185407262
0.5084338827179908
0.5083963547532044
0.5083587344317742
0.5083210215385577
0.5082832158578594
0.5082453171734267
0.5082073252684451
0.508169239925535
0.5081310609267473
0.508092788053559
0.5080544210868697
0.508015959806997
0.5079774039936719
0.5079387534260352
0.5079000078826336
0.5078611671414144
0.5078222309797218
0.5077831991742929
0.5077440715012527
0.5077048477361106
0.5076655276537549
0.5076261110284498
0.5075865976338297
0.5075469872428957
0.5075072796280111
0.507467474560896
0.507427571812624
0.5073875711536171
0.5073474723536421
0.5073072751818039
0.5072669794065432
0.5072265847956314
0.5071860911161651
0.5071454981345629
0.5071048056165591
0.5070640133272013
0.507023121030843
0.5069821284911422
0.5069410354710535
0.5068998417328261
0.5068585470379969
0.5068171511473879
0.5067756538210997
0.5067340548185079
0.5066923538982577
0.5066505508182598
0.5066086453356852
0.5065666372069602
0.5065245261877623
0.506482312033015
0.5064399944968827
0.506397573332767
0.5063550482933005
0.5063124191303425
0.5062696855949749
0.5062268474374966
0.5061839044074181
0.5061408562534585
0.5060977027235386
0.5060544435647771
0.5060110785234861
0.5059676073451651
0.5059240297744971
0.5058803455553433
0.5058365544307382
0.5057926561428847
0.5057486504331495
0.505704537042058
0.5056603157092894
0.5056159861736718
0.5055715481731775
0.505527001444918
0.5054823457251387
0.5054375807492152
0.5053927062516466
0.5053477219660525
0.5053026276251668
0.5052574229608335
0.5052121077040014
0.5051666815847198
0.5051211443321327
0.5050754956744753
0.5050297353390676
0.504983863052311
0.5049378785396826
0.5048917815257301
0.5048455717340679
0.5047992488873717
0.5047528127073738
0.5047062629148584
0.5046595992296568
0.5046128213706422
0.5045659290557253
0.50451892200185
0.5044717999249879
0.5044245625401339
0.5043772095613008
0.5043297407015166
0.5042821556728169
0.5042344541862427
0.5041866359518348
0.5041387006786282
0.5040906480746496
0.5040424778469109
0.5039941897014053
0.5039457833431028
0.5038972584759456
0.5038486148028434
0.5037998520256688
0.5037509698452529
0.5037019679613816
0.5036528460727889
0.5036036038771555
0.5035542410711015
0.5035047573501839
0.5034551524088914
0.5034054259406404
0.5033555776377702
0.503305607191539
0.5032555142921195
0.5032052986285945
0.5031549598889533
0.5031044977600861
0.5030539119277819
0.5030032020767217
0.5029523678904766
0.5029014090515025
0.5028503252411362
0.5027991161395915
0.5027477814259553
0.5026963207781828
0.5026447338730943
0.5025930203863713
0.5025411799925514
0.502489212365026
0.5024371171760352
0.5023848940966646
0.5023325427968409
0.5022800629453288
0.5022274542097265
0.5021747162564627
0.5021218487507924
0.5020688513567934
0.502015723737362
0.5019624655542112
0.5019090764678646
0.5018555561376552
0.5018019042217202
0.5017481203769981
0.5016942042592257
0.501640155522934
0.5015859738214449
0.5015316588068682
0.5014772101300979
0.5014226274408091
0.5013679103874549
0.5013130586172622
0.5012580717762303
0.5012029495091258
0.5011476914594806
0.5010922972695886
0.5010367665805028
0.5009810990320311
0.500925294262735
0.5008693519099258
0.5008132716096612
0.5007570529967429
0.5007006957047138
0.5006441993658554
0.5005875636111838
0.5005307880704485
0.5004738723721281
0.5004168161434288
0.5003596190102815
0.5003022805973378
0.5002448005279695
0.5001871784242645
0.5001294139070247
0.5000715065957634
0.5000134561087027
0.4999552620627713
0.49989692407360203
0.49983844175552883
0.49977981472158495
0.4997210425835004
0.4996621249517
0.4996030614352999
0.4995438516421072
0.4994844951786154
0.4994249916500041
0.4993653406601356
0.4993055418115537
0.4992455947054802
0.4991854989418144
0.4991252541191294
0.4990648598346715
0.4990043156843563
0.49894362126276887
0.49888277616316
0.49882177997744503
0.4987606322962012
0.49869933270866645
0.4986378808027373
0.49857627616496625
0.49851451838056093
0.4984526070333813
0.4983905417059381
0.49832832197939136
0.4982659474335477
0.4982034176468593
0.4981407321964222
0.4980778906579732
0.4980148926058892
0.49795173761318556
0.49788842525151344
0.497824955091159
0.4977613267010404
0.4976975396487072
0.4976335935003383
0.49756948782073984
0.4975052221733437
0.497440796120206
0.49737620922200443
0.4973114610380381
0.4972465511262242
0.4971814790430973
0.49711624434380736
0.49705084658211757
0.4969852853104033
0.4969195600796496
0.4968536704394499
0.4967876159380046
0.4967213961221182
0.49665501053719874
0.4965884587272551
0.4965217402348958
0.49645485460132655
0.4963878013663492
0.496320580068359
0.4962531902443439
0.49618563142988137
0.496117903159137
0.4960500049648633
0.4959819363783968
0.49591369692965626
0.4958452861471411
0.4957767035579288
0.49570794868767365
0.49563902106060376
0.49556992019951973
0.49550064562579177
0.49543119685935855
0.49536157341872383
0.4952917748209554
0.49522180058168175
0.49515165021509056
0.4950813232339259
0.4950108191494862
0.4949401374716215
0.4948692777087313
0.49479823936776174
0.4947270219542033
0.4946556249720882
0.4945840479239876
0.49451229031100913
0.494440351632794
0.4943682313875142
0.49429592907187
0.4942234441810862
0.49415077620891057
0.4940779246476095
0.4940048889879656
0.4939316687192745
0.49385826332934224
0.49378467230448053
0.49371089512950495
0.4936369312877313
0.49356278026097145
0.49348844152953053
0.4934139145722034
0.49333919886627053
0.49326429388749476
0.4931891991101178
0.4931139140068554
0.4930384380488944
0.4929627707058886
0.49288691144595426
0.49281085973566663
0.49273461504005517
0.49265817682260005
0.4925815445452265
0.49250471766830195
0.4924276956506309
0.49235047794944964
0.4922730640204225
0.49219545331763676
0.4921176452935984
0.4920396393992261
0.49196143508384693
0.49188303179519166
0.49180442897938886
0.49172562608095993
0.4916466225428141
0.49156741780624236
0.4914880113109129
0.49140840249486445
0.4913285907945018
0.4912485756445886
0.4911683564782431
0.49108793272693113
0.49100730382046054
0.49092646918697447
0.4908454282529465
0.49076418044317294
0.4906827251807673
0.490601061887153
0.49051918998205846
0.49043710888350867
0.4903548180078189
0.4902723167695891
0.4901896045816952
0.4901066808552837
0.4900235449997634
0.48994019642279873
0.4898566345303029
0.4897728587264299
0.48968886841356707
0.4896046629923284
0.48952024186154597
0.4894356044182626
0.4893507500577248
0.4892656781733735
0.48918038815683773
0.48909487939792523
0.4890091512846151
0.4889232032030497
0.4888370345375259
0.4887506446704875
0.4886640329825161
0.488577198852323
0.4884901416567405
0.4884028607707139
0.4883153555672916
0.48822762541761827
0.4881396696909235
0.4880514877545153
0.48796307897376995
0.4878744427121229
0.48778557833106084
0.487696485190111
0.4876071626468334
0.48751761005681066
0.4874278267736396
0.48733781214892113
0.4872475655322515
0.4871570862712122
0.4870663737113615
0.4869754271962244
0.4868842460672828
0.486792829663967
0.4867011773236448
0.48660928838161305
0.48651716217108754
0.4864247980231931
0.48633219526695476
0.4862393532292872
0.4861462712349857
0.48605294860671605
0.48595938466500527
0.4858655787282313
0.4857715301126141
0.4856772381322057
0.4855827020988799
0.4854879213223235
0.4853928951100265
0.48529762276727173
0.4852021035971266
0.48510633690043237
0.4850103219757948
0.4849140581195759
0.48481754462588267
0.48472078078655917
0.4846237658911762
0.4845264992270226
0.48442898007909624
0.4843312077300941
0.48423318146040384
0.4841349005480947
0.4840363642689084
0.4839375718962503
0.48383852270118105
0.48373921595240776
0.48363965091627475
0.48353982685675667
0.48343974303544873
0.48333939871155884
0.4832387931419006
0.48313792558088375
0.4830367952805076
0.4829354014903523
0.482833743457573
0.4827318204268901
0.4826296316405843
0.4825271763384884
0.4824244537579802
0.4823214631339766
0.48221820369892693
0.4821146746828059
0.4820108753131082
0.4819068048148425
0.4818024624105252
0.48169784732017606
0.4815929587613114
0.48148779594894
0.481382358095558
0.48127664441114487
0.481170654103158
0.4810643863765299
0.4809578404336629
0.4808510154744269
0.4807439106961556
0.4806365252936434
0.48052885845914267
0.4804209093823616
0.48031267725046195
0.48020416124805737
0.4800953605572114
0.47998627435743724
0.47987690182569576
0.47976724213639654
0.47965729446139593
0.47954705796999897
0.4794365318289584
0.47932571520247713
0.47921460725220816
0.4791032071372572
0.47899151401418466
0.4788795270370076
0.4787672453572033
0.4786546681237118
0.47854179448294076
0.478428623578768
0.47831515455254775
0.4782013865431147
0.4780873186867896
0.47797295011738544
0.47785827996621355
0.4777433073620908
0.4776280314313467
0.4775124512978314
0.4773965660829239
0.4772803749055407
0.477163876882146
0.47704707112676037
0.4769299567509721
0.47681253286394765
0.47669479857244285
0.47657675298081564
0.4764583951910384
0.47633972430271065
0.47622073941307314
0.4761014396170222
0.47598182400712363
0.4758618916736301
0.4757416417044954
0.4756210731853913
0.47550018519972637
0.4753789768286615
0.4752574471511305
0.4751355952438582
0.4750134201813803
0.4748909210360636
0.4747680968781283
0.47464494677566826
0.4745214697946743
0.47439766499905645
0.4742735314506693
0.47414906820933483
0.4740242743328684
0.4738991488771047
0.47377369089592347
0.4736478994412781
0.47352177356322245
0.4733953123099404
0.4732685147277751
0.47314137986125865
0.4730139067531439
0.4728860944444356
0.4727579419744231
0.47262944838071363
0.472500612699266
0.47237143396442594
0.47224191120896086
0.47211204346409696
0.4719818297595558
0.4718512691235929
0.47172036058303535
0.4715891031633231
0.47145749588854724
0.4713255377814928
0.47119322786368
0.4710605651554072
0.47092754867579484
0.4707941774428292
0.4706604504734086
0.4705263667833889
0.470391925387631
0.4702571253000484
0.4701219655336558
0.4699864451006192
0.46985056301230615
0.4697143182793366
0.4695777099116356
0.4694407369184861
0.46930339830858364
0.4691656930900896
0.46902762027068845
0.46888917885764325
0.4687503678578542
0.46861118627791565
0.4684716331241767
0.46833170740280017
0.4681914081198247
0.4680507342812259
0.4679096848929796
0.46776825896112534
0.46762645549183124
0.46748427349145905
0.4673417119666318
0.4671987699242998
0.46705544637180946
0.46691174031697247
0.4667676507681363
0.46662317673425413
0.4664783172249578
0.46633307125063006
0.4661874378224783
0.4660414159526095
0.4658950046541052
0.46574820294109853
0.465601009828851
0.4654534243338313
0.46530544547379393
0.4651570722678593
0.46500830373659496
0.4648591389020973
0.464709576788074
0.4645596164199282
0.464409256824842
0.4642584970318638
0.4641073360719918
0.4639557729782637
0.4638038067858433
0.4636514365321097
0.4634986612567472
0.4633454800018361
0.46319189181194376
0.463037895734217
0.4628834908184761
0.46272867611730756
0.4625734506861602
0.4624178135834399
0.46226176387060697
0.4621053006122732
0.46194842287629967
0.46179112973389663
0.4616334202597227
0.4614752935319857
0.4613167486325441
0.4611577846470088
0.460998400664847
0.46083859577948494
0.4606783690884135
0.4605177196932926
0.46035664670005727
0.4601951492190251
0.46003322636500327
0.4598708772573966
0.45970810102031684
0.45954489678269206
0.4593812636783771
0.4592172008462645
0.459052707430396
0.45888778258007534
0.4587224254499812
0.4585566352002801
0.4583904109967415
0.45822375201085186
0.45805665741993135
0.45788912640724844
0.4577211581621377
0.45755275188011646
0.4573839067630027
0.45721462201903357
0.45704489686298355
0.4568747305162845
0.45670412220714596
0.4565330711706739
0.4563615766489929
0.45618963789136724
0.45601725415432237
0.4558444247017669
0.4556711488051154
0.45549742574341134
0.4553232548034509
0.4551486352799055
0.45497356647544707
0.45479804770087223
0.4546220782752256
0.4544456575259274
0.4542687847888959
0.45409145940867557
0.4539136807385606
0.45373544814072275
0.45355676098633624
0.45337761865570536
0.4531980205383896
0.4530179660333321
0.452837454548985
0.4526564855034376
0.4524750583245424
0.45229317245004325
0.4521108273277018
0.45192802241542507
0.45174475718139273
0.4515610311041841
0.45137684367290576
0.4511921943873183
0.4510070827579635
0.45082150830629125
0.4506354705647869
0.45044896907709725
0.4502620033981575
0.4500745730943176
0.44988667774346824
0.4496983169351672
0.4495094902707644
0.44932019736352713
0.44913043783876666
0.4489402113339609
0.44874951749888037
0.44855835599571103
0.4483667264991792
0.4481746286966732
0.4479820622883676
0.4477890269873442
0.44759552251971496
0.44740154862474174
0.44720710505495853
0.4470121915762904
0.4468168079681737
0.4466209540236745
0.44642462954960654
0.4462278343666494
0.44603056830946486
0.44583283122681305
0.445634622981668
0.4454359434513311
0.44523679252754644
0.44503717011661226
0.4448370761394936
0.44463651053193265
0.44443547324456034
0.44423396424300376
0.4440319835079959
0.4438295310354814
0.4436266068367237
0.4434232109384104
0.44321934338275637
0.44301500422760665
0.4428101935465395
0.44260491142896485
0.4423991579802261
0.4421929333216961
0.44198623759087563
0.44177907094148816
0.441571433543574
0.44136332558358415
0.4411547472644708
0.4409456988057789
0.4407361804437331
0.4405261924313273
0.4403157350384086
0.44010480855176254
0.4398934132751961
0.43968154952961863
0.4394692176531214
0.4392564180010565
0.43904315094611257
0.43882941687838967
0.4386152162054731
0.43840054935250355
0.4381854167622483
0.4379698188951684
0.4377537562294842
0.43753722926124106
0.4373202385043708
0.43710278449075235
0.4368848677702713
0.43666648891087617
0.4364476484986333
0.4362283471377799
0.43600858545077514
0.43578836407834887
0.43556768367954923
0.4353465449317864
0.4351249485308765
0.43490289519108194
0.4346803856451501
0.43445742064434945
0.4342340009585046
0.4340101273760278
0.43378580070394973
0.43356102176794614
0.43333579141236434
0.433110110500246
0.4328839799133485
0.4326574005521632
0.4324303733359319
0.4322028992026616
0.4319749791091354
0.4317466140309223
0.4315178049623843
0.43128855291668045
0.43105885892577017
0.4308287240404117
0.4305981493301607
0.4303671358833645
0.4301356848071542
0.42990379722743616
0.42967147428887775
0.4294387171548937
0.4292055270076274
0.4289719050479322
0.4287378524953484
0.4285033705880776
0.4282684605829558
0.42803312375542363
0.4277973613994917
0.42756117482770817
0.4273245653711185
0.42708753437922664
0.4268500832199509
0.42661221327957927
0.42637392596272
0.4261352226922529
0.4258961049092735
0.42565657407303925
0.4254166316609095
0.425176279168285
0.4249355181085439
0.42469435001297584
0.424452776430712
0.42421079892865465
0.42396841909140237
0.42372563852117334
0.4234824588377258
0.42323888167827695
0.4229949086974177
0.4227505415670252
0.4225057819761747
0.4222606316310454
0.4220150922548277
0.42176916558762406
0.4215228533863502
0.4212761574246324
0.421029079492703
0.42078162139729214
0.42053378496151894
0.420285572024778
0.42003698444262577
0.4197880240866618
0.4195386928444108
0.4192889926191986
0.4190389253300289
0.4187884929114553
0.4185376973134532
0.4182865405012866
0.4180350244553749
0.41778315117115683
0.4175309226589505
0.4172783409438135
0.41702540806539934
0.41677212607781167
0.4165184970494573
0.4162645230628948
0.41601020621468415
0.41575554861523145
0.4155005523886322
0.4152452196725134
0.4149895526178736
0.4147335533889183
0.4144772241628974
0.41422056712993677
0.41396358449287085
0.4137062784670712
0.4134486512802743
0.41319070517240736
0.4129324423954112
0.4126738652130629
0.41241497590079557
0.4121557767455164
0.4118962700454241
0.4116364581098223
0.41137634325893363
0.411115927823711
0.410855214145648
0.4105942045765859
0.41033290147852175
0.410071307223413
0.40980942419298066
0.4095472547785132
0.409284801380666
0.4090220664092616
0.40875905228308695
0.4084957614296924
0.4082321962851845
0.4079683592940222
0.40770425290881007
0.40743987959008937
0.40717524180612974
0.4069103420327186
0.4066451827529501
0.40637976645701257
0.40611409564197637
0.40584817281157837
0.40558200047600756
0.40531558115169003
0.4050489173610703
0.40478201163239574
0.4045148664994975
0.40424748450157216
0.40397986818296067
0.4037120200929306
0.40344394278545315
0.4031756388189839
0.40290711075623864
0.40263836116397345
0.40236939261276067
0.40210020767676613
0.40183080893352563
0.4015611989637225
0.401291380350961
0.40102135568154523
0.40075112754425224
0.4004806985301092
0.4002100712321679
0.39993924824528054
0.39966823216587466
0.3993970255917285
0.3991256311217467
0.39885405135573554
0.3985822888941782
0.3983103463380109
0.398038226288399
0.3977659313465124
0.39749346411330283
0.3972208271892803
0.39694802317429
0.3966750546672899
0.3964019242661295
0.39612863456732644
0.3958551881658474
0.39558158765488605
0.3953078356256441
0.3950339346671107
0.39475988736584494
0.39448569630575714
0.394211364067891
0.39393689323020825
0.39366228636737144
0.39338754605052906
0.3931126748471029
0.392837675320572
0.39256255003026275
0.3922873015311357
0.39201193237357534
0.3917364451031815
0.3914608422605595
0.3911851263811129
0.39090929999483814
0.3906333656261177
0.39035732579351723
0.39008118300958194
0.38980493978063435
0.38952859860657496
0.389252161980682
0.3889756323894131
0.3886990123122095
0.3884223042212995
0.3881455105815053
0.38786863385004977
0.3875916764763651
0.3873146409019031
0.38703752955994636
0.38676034487542127
0.3864830892647132
0.386205765135481
0.3859283748864758
0.385650920907359
0.3853734055785236
0.38509583127091584
0.38481820034585906
0.3845405151548783
0.3842627780395291
0.38398499133122405
0.3837071573510638
0.383429278409669
0.38315135680701384
0.3828733948322615
0.38259539476360066
0.38231735886808454
0.3820392894014711
0.3817611886080656
0.381483058720564
0.3812049019598988
0.380926720535087
0.3806485166430784
0.38037029246860765
0.380092050184046
0.3798137919492568
0.3795355199114518
0.3792572362050489
0.3789789429515324
0.3787006422593153
0.37842233622360283
0.3781440269262575
0.37786571643566735
0.37758740680661385
0.37730910008014523
0.37703079828344677
0.37675250342971744
0.3764742175180454
0.3761959425332869
0.37591768044594714
0.3756394332120613
0.37536120277307855
0.3750829910557489
0.37480479997200966
0.37452663141887554
0.37424848727833016
0.3739703694172177
0.3736922796871399
0.37341421992435103
0.37313619194965697
0.3728581975683165
0.3725802385699416
0.37230231672840214
0.37202443380173256
0.37174659153203765
0.37146879164540264
0.37119103585180385
0.37091332584502157
0.370635663302554
0.3703580498855338
0.3700804872386458
0.36980297699004616
0.36952552075128436
0.3692481201172251
0.3689707766659732
0.36869349195879986
0.3684162675400703
0.3681391049371736
0.3678620056604523
0.36758497120313716
0.3673080030412794
0.3670311026336874
0.36675427142186345
0.36647751082994273
0.366200822264634
0.36592420711516094
0.3656476667532044
0.36537120253284955
0.3650948157905299
0.3648185078449755
0.3645422799971619
0.36426613353026055
0.36399006970959075
0.36371408978257197
0.3634381949786786
0.3631623865093963
0.3628866655681776
0.36261103333040146
0.3623354909533314
0.36206003957607724
0.36178468031955674
0.36150941428645855
0.36123424256120595
0.36095916620992324
0.36068418628040133
0.3604093038020655
0.3601345197859446
0.3598598352246398
0.35958525109229567
0.35931076834457243
0.3590363879186177
0.3587621107330407
0.3584879376878866
0.35821386966461194
0.3579399075260614
0.357666052116444
0.35739230426131235
0.3571186647675405
0.35684513442330446
0.3565717139980614
0.35629840424253206
0.35602520588868114
0.3557521196497014
0.3554791462199955
0.3552062862751604
0.3549335404719719
0.35466090944836876
0.3543883938234391
0.35411599419740647
0.35384371115161556
0.3535715452485206
0.35329949703167063
0.3530275670257004
0.3527557557363161
0.3524840636502852
0.3522124912354252
0.35194103894059353
0.351669707195676
0.3513984964115782
0.35112740698021383
0.3508564392744968
0.35058559364833075
0.3503148704366
0.35004426995516
0.349773792500829
0.34950343835137804
0.349233207765523
0.3489631009829144
0.34869311822412985
0.348423259690664
0.34815352556491974
0.3478839160101995
0.3476144311706948
0.3473450711714782
0.34707583611849263
0.34680672609854235
0.34653774117928193
0.34626888140920686
0.3460001468176428
0.3457315374147339
0.34546305319143233
0.34519469411948656
0.3449264601514285
0.3446583512205622
0.34439036724094985
0.34412250810739936
0.34385477369544903
0.34358716386135474
0.3433196784420732
0.34305231725524715
0.3427850800991894
0.34251796675286456
0.3422509769758729
0.341984110508431
0.3417173670713521
0.3414507463660274
0.3411842480744049
0.34091787185896677
0.3406516173627088
0.34038548420911524
0.3401194720021351
0.33985358032615737
0.3395878087459843
0.339322156806804
0.3390566240341624
0.3387912099339336
0.3385259139922898
0.33826073567566856
0.3379956744307415
0.3377307296843786
0.33746590084361405
0.33720118729560944
0.3369365884076153
0.33667210352693255
0.33640773198087165
0.33614347307671066
0.33587932610165183
0.33561529032277637
0.33535136498699836
0.33508754932101786
0.33482384253126934
0.3345602438038723
0.334296752304578
0.33403336717871474
0.333770087551133
0.33350691252614606
0.33324384118747175
0.33298087259817033
0.332718005800582
0.3324552398162608
0.33219257364590915
0.33193000626930763
0.3316675366452445
0.3314051637114433
0.3311428863844871
0.33088070355974225
0.3306186141112791
0.33035661689178997
0.3300947107325067
0.329832894443114
0.32957116681166243
0.32930952660447727
0.32904797256606577
0.32878650341902327
0.3285251178639341
0.328263814579273
0.3280025922213019
0.3277414494239651
0.32748038479878183
0.32721939693473556
0.326958484398162
0.3266976457326324
0.3264368794588358
0.32617618407445786
0.3259155580540567
0.32565499984893587
0.3253945078870151
0.3251340805726968
0.3248737162867302
0.3246134133860731
0.3243531702037495
0.32409298504870404
0.32383285620565483
0.32357278193494043
0.32331276047236557
0.3230527900290428
0.32279286879123165
0.32253299492017123
0.3222731665519147
0.32201338179715455
0.3217536387410484
0.321493935443039
0.321234269936671
0.3209746402294047
0.3207150443024252
0.3204554801104472
0.3201959455815183
0.31993643861681453
0.3196769570904357
0.31941749884919396
0.3191580617124
0.31889864347164393
0.3186392418905718
0.31837985470465946
0.3181204796209803
0.31786111431796843
0.3176017564451806
0.3173424036230482
0.31708305344263
0.31682370346535654
0.31656435122277204
0.31630499421627006
0.31604562991682567
0.3157862557647208
0.31552686916926775
0.3152674675085238
0.3150080481290048
0.3147486083453896
0.3144891454402227
0.31422965666360964
0.31397013923290756
0.31371059033241105
0.3134510071130311
0.31319138669197005
0.3129317261523901
0.3126720225430759
0.3124122728780926
0.31215247413643726
0.31189262326168404
0.3116327171616237
0.3113727527078993
0.3111127267356317
0.3108526360430428
0.31059247739106977
0.3103322475029758
0.3100719430639509
0.30981156072071125
0.30955109708108647
0.3092905487136052
0.30902991214707126
0.30876918387013474
0.30850836033085427
0.3082474379362561
0.3079864130518822
0.3077252820013353
0.307464041065813
0.3072026864836395
0.3069412144497859
0.3066796211153868
0.3064179025872463
0.3061560549273408
0.3058940741523107
0.30563195623294737
0.30536969709367145
0.30510729261200353
0.3048447386180285
0.3045820308938512
0.3043191651730453
0.30405613714009333
0.30379294242982063
0.30352957662682056
0.30326603526487117
0.3030023138263466
0.30273840774161853
0.302474312388449
0.30221002309137845
0.3019455351211033
0.30168084369384635
0.30141594397071836
0.3011508310570745
0.3008855000018587
0.3006199457969435
0.3003541633764601
0.3000881476161209
0.2998218933325339
0.29955539528250996
0.2992886481623608
0.2990216466071902
0.2987543851901764
0.298486858421848
0.2982190607493503
0.2979509865557053
0.29768263015906343
0.297413985811948
0.2971450477004913
0.29687580994366425
0.29660626659249734
0.29633641162929725
0.2960662389668507
0.295795742447628
0.2955249158429747
0.29525375285229793
0.29498224710224763
0.2947103921458877
0.2944381814618653
0.2941656084535698
0.2938926664482894
0.29361934869635836
0.29334564837030297
0.29307155856397704
0.29279707229169805
0.29252218248737394
0.29224688200362703
0.2919711636109154
0.29169501999664704
0.2914184437642933
0.29114142743249743
0.2908639634341817
0.29058604411565087
0.2903076617356939
0.29002880846468454
0.28974947638368
0.28946965748351977
0.289189343663924
0.28890852673259154
0.2886271984042997
0.2883453503000048
0.28806297394594543
0.2877800607727488
0.2874966021145374
0.2872125892080445
0.28692801319172984
0.28664286510490367
0.28635713588685574
0.28607081637599174
0.28578389730897724
0.28549636931989053
0.2852082229393853
0.28491944859386353
0.28463003660466046
0.284339977187241
0.2840492604504116
0.28375787639554473
0.283465814915821
0.2831730657954867
0.2828796187091318
0.282585463220984
0.28229058878422764
0.2819949847403416
0.28169864031846253
0.281401544634772
0.28110368669191066
0.280805055378421
0.28050563946821844
0.2802054276200946
0.2799044083772538
0.2796025701668826
0.2792999012997588
0.27899638996989545
0.2786920242542274
0.27838679211234
0.27808068138624026
0.2777736798001764
0.27746577496050506
0.2771569543556087
0.2768472053558666
0.27653651521368133
0.2762248710635607
0.27591225992226337
0.2755986686890034
0.27528408414572114
0.2749684929574235
0.2746518816725904
0.27433423672365875
0.27401554442757914
0.2736957909864509
0.27337496248824245
0.2730530449075902
0.27273002410669006
0.272405885836276
0.27208061573669384
0.2717541993390705
0.27142662206658474
0.27109786923583834
0.27076792605833677
0.2704367776420765
0.27010440899324817
0.26977080501805245
0.2694359505246406
0.2690998302251733
0.2687624287380098
0.26842373059002583
0.26808372021906474
0.2677423819765279
0.26739970013010317
0.2670556588666402
0.26671024229517215
0.26636343445008964
0.2660152192944686
0.2656655807235575
0.26531450256842687
0.26496196859978194
0.2646079625319473
0.2642524680270201
0.26389546869920155
0.2635369481193063
0.263176889819451
0.26281527729793214
0.2624520940242879
0.2620873234445522
0.2617209489867032
0.26135295406630543
0.2609833220923526
0.2606120364733102
0.2602390806233625
0.2598644379688636
0.25948809195499545
0.25911002605263606
0.25873022376543686
0.25834866863711176
0.2579653442589387
0.25758023427747456
0.2571933224024847
0.2568045924150854
0.2564140281761013
0.25602161363463605
0.25562733283685607
0.25523116993498873
0.2548331091965268
0.2544331350136481
0.2540312319128365
0.2536273845647137
0.2532215777940678
0.25281379659008507
0.2524040261167747
0.25199225172358575
0.2515784589562111
0.2511626335675736
0.25074476152898867
0.2503248290414973
0.24990282254736432
0.24947872874173457
0.2490525345844385
0.24862422731194134
0.24819379444942627
0.24776122382300256
0.24732650357203062
0.2468896221615529
0.24645056839482116
0.2460093314259074
0.24556590077239007
0.2451202663280998
0.2446724183759167
0.2442223476006014
0.2437700451016501
0.24331550240615782
0.2428587114816753
0.24239966474904756
0.24193835509521255
0.241474775885951
0.24100892097856724
0.24054078473448393
0.24007036203173748
0.23959764827735186
0.23912263941957712
0.23864533195997173
0.23816572296531408
0.23768381007931857
0.23719959153414533
0.23671306616167692
0.23622423340455043
0.23573309332691794
0.2352396466249243
0.23474389463687548
0.23424583935308405
0.23374548342537013
0.2332428301761972
0.23273788360742806
0.23223064840867846
0.2317211299652524
0.2312093343656384
0.23069526840855326
0.2301789396095106
0.2296603562069019
0.22913952716757013
0.22861646219186316
0.22809117171814924
0.22756366692678118
0.22703395974349408
0.22650206284222574
0.22596798964734555
0.22543175433527804
0.22489337183551739
0.22435285783101455
0.22381022875793422
0.22326550180477167
0.22271869491082136
0.22216982676399394
0.22161891679797607
0.22106598518872744
0.22051105285031591
0.2199541414300873
0.21939527330316938
0.21883447156631272
0.2182717600310696
0.21770716321631411
0.2171407063401088
0.21657241531092306
0.21600231671821107
0.21543043782235724
0.21485680654399814
0.21428145145273142
0.21370440175522373
0.21312568728273232
0.21254533847805063
0.2119633863818946
0.21137986261874878
0.2107947993821831
0.21020822941966416
0.20962018601687676
0.2090307029815764
0.20843981462699432
0.20784755575481384
0.20725396163774407
0.20665906800171102
0.20606291100768953
0.2054655272332026
0.20486695365350996
0.20426722762251123
0.2036663868533918
0.2030644693990335
0.2024615136322173
0.20185755822564536
0.2012526421318076
0.2006468045627186
0.2000400849695524
0.1994325230222005
0.19882415858877958
0.19821503171511545
0.1976051826042279
0.19699465159584167
0.19638347914595145
0.19577170580646075
0.19515937220492427
0.1945465190244122
0.19393318698352469
0.19331941681657486
0.19270524925396432
0.19209072500277352
0.19147588472758398
0.1908607690315562
0.19024541843777942
0.18962987337091308
0.18901417413913615
0.18839836091642323
0.18778247372515797
0.18716655241910687
0.1865506366667582
0.18593476593504585
0.18531897947346687
0.18470331629860648
0.18408781517907535
0.18347251462087732
0.18285745285320656
0.1822426678146886
0.1816281971400683
0.1810140781473522
0.18040034782540865
0.17978704282203128
0.17917419943246787
0.1785618535884173
0.17795004084749566
0.17733879638317424
0.17672815497518526
0.17611815100040035
0.17550881842417398
0.17490019079215582
0.17429230122256362
0.17368518239891773
0.17307886656323088
0.1724733855096479
0.17186877057853364
0.17126505265099878
0.17066226214386174
0.1700604290050372
0.16945958270934514
0.16885975225473315
0.16826096615890532
0.1676632524563459
0.16706663869573415
0.16647115193773848
0.16587681875318136
0.16528366522156768
0.1646917169299642
0.16410099897222308
0.16351153594853934
0.16292335196533175
0.16233647063543644
0.16175091507860656
0.1611667079223037
0.16058387130277554
0.16000242686640434
0.15942239577132145
0.15884379868927523
0.15826665580774157
0.15769098683226962
0.1571168109890503
0.15654414702769975
0.15597301322424736
0.15540342738431823
0.1548354068465017
0.15426896848589572
0.1537041287178196
0.1531409035016831
0.15257930834500616
0.1520193583075798
0.15146106800575723
0.15090445161687155
0.15034952288376752
0.14979629511944215
0.14924478121178497
0.1486949936284125
0.14814694442158624
0.14760064523321031
0.14705610729990173
0.14651334145812242
0.14597235814937312
0.14543316742543716
0.14489577895367137
0.14436020202233668
0.1438264455459646
0.1432945180707512
0.142764427779976
0.14223618249944098
0.14170978970292114
0.14118525651762698
0.14066258972967138
0.14014179578953648
0.13962288081753868
0.13910585060928599
0.1385907106411245
0.13807746607557092
0.1375661217667266
0.1370566822656734
0.1365491518258416
0.1360435344083549
0.13553983368734399
0.13503805305522934
0.13453819562796873
0.13404026425026838
0.13354426150075654
0.13305018969711477
0.1325580509011677
0.13206784692392817
0.1315795793305971
0.13109324944551418
0.13060885835706265
0.13012640692252145
0.12964589577286736
0.1291673253175249
0.1286906957490624
0.12821600704783498
0.1277432589865711
0.1272724511349047
0.1268035828638507
0.12633665335022418
0.12587166158100044
0.12540860635761975
0.12494748630023345
0.12448829985189026
0.12403104528266591
0.12357572069373317
0.12312232402137385
0.12267085304093123
0.12222130537070404
0.1217736784757819
0.12132796967182247
0.12088417612876894
0.12044229487451052
0.1200023227984845
0.11956425665521993
0.11912809306782433
0.11869382853141366
0.11826145941648411
0.11783098197222895
0.1174023923297981
0.11697568650550286
0.11655086040396523
0.11612790982121188
0.11570683044771525
0.11528761787137955
0.11487026758047456
0.1144547749665158
0.11404113532709378
0.11362934386865053
0.11321939570920576
0.1128112858810326
0.11240500933328328
0.1120005609345654
0.11159793547547056
0.11119712767105386
0.11079813216326634
0.1104009435233408
0.11000555625413151
0.10961196479240806
0.10922016351110468
0.10883014672152455
0.10844190867550166
0.1080554435675186
0.10767074553678203
0.10728780866925687
0.10690662699965889
0.10652719451340735
0.10614950514853655
0.1057735527975691
0.10539933130935086
0.10502683449084592
0.10465605610889622
0.10428698989194274
0.1039196295317116
0.10355396868486365
0.10319000097460913
0.10282771999228756
0.10246711929891489
0.10210819242669533
0.10175093288050205
0.10139533413932478
0.10104138965768589
0.1006890928670252
0.10033843717705451
0.09998941597708164
0.09964202263730533
0.09929625051008048
0.09895209293115571
0.09860954322088208
0.09826859468539516
0.09792924061776864
0.09759147429914408
0.09725528899983095
0.09692067798038474
0.0965876344926569
0.09625615178082302
0.09592622308238395
0.0955978416291454
0.09527100064817315
0.09494569336272612
0.09462191299316566
0.09429965275784472
0.09397890587397377
0.09365966555846673
0.0933419250287649
0.09302567750364242
0.09271091620398886
0.09239763435357551
0.09208582517979963
0.09177548191441164
0.09146659779422273
0.09115916606179517
0.09085317996611433
0.09054863276324299
0.0902455177169595
0.08994382809937843
0.08964355719155437
0.08934469828407142
0.08904724467761466
0.08875118968352763
0.08845652662435427
0.08816324883436553
0.0878713496600722
0.08758082246072296
0.08729166060878868
0.08700385749043235
0.0867174065059672
0.08643230107029931
0.08614853461335961
0.08586610058052205
0.0855849924330091
0.08530520364828625
0.08502672772044384
0.08474955816056733
0.084473688497097
0.08419911227617435
0.08392582306198093
0.08365381443706334
0.08338308000264948
0.08311361337895418
0.08284540820547466
0.08257845814127618
0.08231275686526826
0.0820482980764713
0.08178507549427419
0.08152308285868265
0.081262313930559
0.08100276249185315
0.08074442234582477
0.08048728731725853
0.08023135125266911
0.07997660802050056
0.07972305151131609
0.0794706756379813
0.07921947433583997
0.07896944156288203
0.07872057129990463
0.07847285755066735
0.07822629434203833
0.07798087572413616
0.07773659577046423
0.07749344857803779
0.07725142826750742
0.07701052898327293
0.07677074489359507
0.07653207019069835
0.07629449909086988
0.07605802583455212
0.07582264468643087
0.07558834993551687
0.07535513589522311
0.07512299690343668
0.07489192732258636
0.07466192153970426
0.07443297396648409
0.07420507903933328
0.07397823121942258
0.07375242499272908
0.073527654870077
0.0733039153871734
0.07308120110463903
0.07285950660803685
0.07263882650789558
0.07241915543972922
0.07220048806405477
0.0719828190664035
0.07176614315733079
0.07155045507242253
0.07133574957229648
0.07112202144260267
0.07090926549401858
0.07069747656224286
0.07048664950798467
0.07027677921695127
0.07006786059983168
0.06985988859227865
0.06965285815488698
0.06944676427316959
0.06924160195753126
0.06903736624323929
0.06883405219039224
0.06863165488388588
0.06843016943337782
0.06822959097324775
0.06802991466255817
0.06783113568501116
0.0676332492489036
0.06743625058708047
0.06724013495688647
0.06704489764011465
0.06685053394295504
0.06665703919593959
0.06646440875388657
0.06627263799584289
0.06608172232502485
0.06589165716875756
0.06570243797841174
0.06551406022934099
0.06532651942081563
0.06513981107595651
0.06495393074166636
0.06476887398856118
0.06458463641089907
0.06440121362650861
0.06421860127671568
0.06403679502626933
0.06385579056326669
0.06367558359907627
0.06349616986826072
0.06331754512849848
0.06313970516050439
0.06296264576794947
0.06278636277737959
0.06261085203813381
0.06243610942226102
0.06226213082443686
0.062088912161878645
0.06191644937426097
0.061744738423629375
0.06157377529431407
0.061403555992842605
0.06123407654785232
0.06106533301000169
0.06089732145188176
0.06073003796792657
0.06056347867432281
0.060397639708919926
0.06023251723113912
0.06006810742188155
0.05990440648343717
0.059741410639392076
0.05957911613453612
0.05941751923477041
0.05925661622701342
0.05909640341910816
0.058936877139727985
0.058778033738282526
0.05861986958482371
0.05846238106995076
0.05830556460471598
0.05814941662052929
0.0579939335690636
0.057839111922159125
0.05768494817172822
0.05753143882965995
0.05737858042772403
0.0572263695174756
0.05707480267015903
0.05692387647661227
0.05677358754717085
0.05662393251157185
0.05647490801885818
0.05632651073728194
0.056178737354209675
0.05603158457602491
0.05588504912803338
0.055739127754366555
0.05559381721788611
0.055449114300087726
0.05530501580100586
0.055161518539117986
0.05501861935124902
0.054876315092475904
0.05473460263603232
0.0545934788732136
0.054452940713281696
0.05431298508337038
0.05417360892839027
0.05403480921093447
0.05389658291118415
0.05375892702681449
0.053621838572900316
0.05348531458182242
0.053349352103174326
0.0532139482036682
0.053079099967042166
0.0529448044939672
0.05281105890195428
0.052677860325262095
0.05254520591480468
0.05241309283805933
0.052281518278975064
0.05215047943788079
0.05201997353139468
0.0518899977923325
0.05176054946961742
0.0516316258281896
0.05150322414891579
0.05137534172849982
0.051247975879392976
0.0511211239297048
0.05099478322311414
0.05086895111878052
0.05074362499125619
0.05061880223039747
0.05049448024127785
0.05037065644410009
0.05024732827410963
0.05012449318150758
0.05000214863136462
0.04988029210353501
