2.3164585952182106
2.1093078332637853
2.1802370302594696
2.090666668037579
2.285455886713533
2.156539995487413
2.062968305523955
2.080169742418954
2.143082818429587
2.3031438144144696
1.9769113037382522
2.153300651239877
1.9832323638418614
2.3559904087581147
2.1969455006645293
1.974430206534826
2.1696882580340744
2.0174064807602514
2.4647631652041335
2.083058784817298
2.10284088841026
2.1845356499885815
2.0496726336370514
2.46931820286207
2.0526113763354297
2.0461747601017586
2.127624837212296
1.9732771789427606
2.4142020453475306
1.9721685706856253
1.9829901793951226
2.0298148629599484
1.96648001821917
2.395167595084999
1.8151426538008635
2.0055949039236776
1.8994353980157248
1.9980758187714989
2.222743706229905
1.557085732858887
1.8943225624080964
1.6412666475646926
1.8864204354325482
1.6215033833166608
1.4036955346713516
1.5662746825260878
1.3032459144924002
1.3760721091689543
1.0544703895374028
1.190289308421547
1.0746578825664157
0.9810737113743137
0.7807493933098517
0.7685871966645802
0.6146567017174914
0.5029351222859384
0.3100088472632222
0.1826612037577291
0.13253406798701944
0.08531011633388501
0.054620488654321925
0.040610396809438946
