2.141936975697665
2.3936096547746155
2.203197908615846
2.4370688058971215
2.256185912574949
2.0440230732052402
2.121814541126148
2.012190251796802
2.3047277723984587
2.1059458489222544
2.224972688725343
2.17803025780727
2.366139043213454
2.566353592020397
2.1362192243368727
2.338774458514319
2.213746483621243
2.1606755455458737
2.4367099518265807
2.0911111450482456
2.185124941515116
2.229445548707601
2.13708061506067
2.4937639743404536
2.229568420926883
2.145120151730534
2.3070025274227453
2.1011221550175825
2.3409761664188213
2.3090788359938252
2.093850737273012
2.2166098410883768
2.140375081177165
2.166489398046603
2.283360396720858
2.140728874472211
2.116649665298255
2.1511356767475345
2.1045181396872694
2.213052888656978
2.1704578038430515
2.08968335269789
2.1300128726349987
2.0965946047986392
2.1585529054678183
2.174105358967787
2.095262206334504
2.1086844954485064
2.098662377258011
2.1260105877079476
2.1635508629969955
2.1057214368332193
2.095171815964079
2.0984393374569343
2.1081254561415768
2.147680448084587
2.1124147732925422
2.088519698227933
2.095215536996121
2.0984006741565793
2.1318787933283962
2.114595612846919
2.086292867661866
2.0909268791220175
2.092852283281572
2.118476332407694
2.1137821483462123
2.0866568733929522
2.0871107959589894
2.0894235954432
2.1078560077075137
2.1113645535548486
2.08861136555909
2.084513701609561
2.087155536199282
2.099749007960413
2.108022992101039
2.091452782549789
2.0834749077747188
2.0855985950783413
2.093925703568936
2.1041533163486923
2.0944303213054374
2.084257248415708
2.084883248340998
2.0905419551678377
2.10079959766601
2.0973968142917365
2.087392605949201
2.086219175007619
2.090449079455003
2.099871873343881
2.101202167757433
2.0930437395292145
2.0902069409434287
2.0930796881329132
2.1007713223965396
2.104105757292328
2.097439312840028
2.09270047579867
2.0935594326269547
2.0990309911579743
2.1025313165622452
2.0971246407821207
2.091906205338235
2.092329268588118
2.0975836146097495
2.101977066468949
2.098497255252585
2.0943654322830234
2.0953061919307414
2.100448133149636
2.1043410981861745
2.100785956252536
2.096279547372819
2.0963509791261945
2.1000788224020006
2.1024875121791404
2.098565276673295
2.0941225151972067
2.094017979129884
2.097124415129816
2.0990718519054044
2.0957644510873044
2.091914883029729
2.091761658240126
2.0943432104497246
2.0961885093943415
2.0938447127317974
2.090606454318395
2.0902894342555753
2.0924301316542295
2.0944842369087295
2.093369420671473
2.090727240726541
2.089959926021945
2.0913691846483475
2.0933149166057987
2.0930846546457946
2.0908479826957462
2.0895345353192383
2.090402392967876
2.09271749500748
2.0941885680865697
2.0939489386617796
2.094248838976319
2.0968048126140655
2.1011653182943277
2.1048837658883435
2.1060450295507858
2.105855545452156
2.1060125158638017
2.106484437407601
2.105390075499557
2.1013217725662092
2.096335509554904
2.0935927109013894
2.0941773312884604
2.09659087949345
2.0994746381729446
2.1044090252630276
2.1127709549756735
2.1227364681758303
2.130106645763842
2.13262814808144
2.132112868768651
2.1302456730263666
2.1262068653961177
2.1180458523328465
2.106404424210839
2.094296428315973
2.0825788924201962
2.0688107216936404
2.049744788140277
2.0249861123874733
1.9946179051605295
1.9551387609411102
1.9008042277942105
1.830530690623136
1.7529836685842113
1.6770874738883002
1.6042544419442482
1.5356047625383937
1.47770898474201
1.4273447403980535
1.3708801596020797
1.3029970919096747
1.2352724344785104
1.167232716895586
1.0845173317810382
0.9888790150532154
0.8961991290173763
0.7864807115733133
0.640425586675696
0.48533694677053624
0.34684575092244696
0.2336726441975407
0.15568089257899978
0.10750536182348122
0.078532148842416
0.06066777932160157
0.049143233041380095
