0.5558523110712814
0.5816672631145257
0.5261434507316538
0.5379957403450959
0.5528559665904162
0.5365242781725875
0.5177768381606562
0.5180726087415098
0.5215939770961031
0.5188248462697487
0.5176134989101124
0.5195509559758115
0.5194915696218486
0.5171362029984985
0.5156572641520061
0.5156293913775353
0.5157804112811633
0.5158693536476147
0.5161069141823349
0.5161673074000698
0.5158289129711896
0.5153790557303379
0.5151132539930371
0.5150305161713005
0.5150279968622327
0.5150407799128263
0.5150083368083553
0.5148910994496927
0.5147178213278587
0.5145524845021009
0.5144310447546014
0.5143490776974238
0.514284120781821
0.5142129583621966
0.5141215656984922
0.5140114277039726
0.5138956823094261
0.5137873438220701
0.5136911208745847
0.5136036379489243
0.5135181044221399
0.5134290054748112
0.5133347984651938
0.5132377596530123
0.5131415685171221
0.5130486982601693
0.5129593506266514
0.5128720650235122
0.5127850660916959
0.5126973726068225
0.5126091367139289
0.5125212323426017
0.5124345389642396
0.5123494354831128
0.5122657402845767
0.5121829926746233
0.5121008084317554
0.5120190850447248
0.5119379838156557
0.5118577642789003
0.5117786106814037
0.5117005540545585
0.5116235062947436
0.5115473526237988
0.5114720315600252
0.5113975600598138
0.5113240056142998
0.5112514372243615
0.5111798899881778
0.5111093597689216
0.5110398220123504
0.5109712565828779
0.5109036624453743
0.5108370567228618
0.5107714633346557
0.5107069009115522
0.5106433772145224
0.5105808913512121
0.5105194401734268
0.5104590238945802
0.5103996478994098
0.5103413208303196
0.5102840511711976
0.510227844760585
0.5101727044011739
0.5101186311663173
0.5100656261369074
0.5100136914293076
0.5099628301267095
0.5099130454796059
0.5098643400575273
0.5098167153594747
0.5097701719723242
0.5097247100207444
0.5096803295586777
0.5096370306906574
0.5095948134317642
0.509553677464879
0.5095136219666778
0.5094746455827823
0.5094367465215539
0.5093999226758809
0.5093641716929653
0.5093294909663618
0.509295877577705
0.5092633282369384
0.509231839256334
0.5092014065634483
0.5091720257339478
0.509143692019379
0.5091164003554313
0.509090145352091
0.5090649212774135
0.5090407220470367
0.5090175412247268
0.5089953720313444
0.5089742073555812
0.5089540397608935
0.5089348614870824
0.5089166644487207
0.5088994402339706
0.5088831801061983
0.5088678750085736
0.5088535155701736
0.5088400921117946
0.5088275946505257
0.5088160129032772
0.5088053362901519
0.5087955539385092
0.5087866546880366
0.5087786270965834
0.5087714594462509
0.508765139749354
0.5087596557541644
0.5087549949506185
0.5087511445762382
0.5087480916224132
0.5087458228410364
0.508744324751355
0.50874358364691
0.5087435856024896
0.5087443164811161
0.5087457619411229
0.5087479074433727
0.5087507382586236
0.5087542394750076
0.508758396005579
0.5087631925958929
0.5087686138316022
0.5087746441460821
0.5087812678280855
0.5087884690294351
0.5087962317727325
0.5088045399590729
0.5088133773757397
0.5088227277038693
0.5088325745260801
0.5088429013340603
0.5088536915361078
0.5088649284646187
0.5088765953835073
0.5088886754955513
0.5089011519496499
0.5089140078479872
0.5089272262530952
0.5089407901948092
0.5089546826771097
0.5089688866848436
0.5089833851903163
0.5089981611597489
0.5090131975595935
0.5090284773627022
0.5090439835543427
0.509059699138059
0.509075607141369
0.5090916906212962
0.509107932669732
0.5091243164186215
0.5091408250449749
0.5091574417756939
0.5091741498922191
0.5091909327349883
0.5092077737077085
0.5092246562814382
0.5092415639984772
0.509258480476066
0.5092753894098891
0.5092922745773882
0.5093091198408786
0.5093259091504739
0.509342626546816
0.5093592561636138
0.5093757822299896
0.5093921890726358
0.509408461117783
0.5094245828929806
0.5094405390286953
0.5094563142597252
0.5094718934264357
0.5094872614758208
0.5095024034623881
0.5095173045488776
0.5095319500068144
0.5095463252168988
0.5095604156692402
0.5095742069634388
0.5095876848085191
0.5096008350227207
0.5096136435331529
0.5096260963753159
0.5096381796924975
0.5096498797350496
0.5096611828595508
0.5096720755278622
0.5096825443060827
0.5096925758634117
0.5097021569709239
0.5097112745002683
0.5097199154222936
0.5097280668056121
0.5097357158151092
0.509742849710405
0.5097494558442792
0.5097555216610684
0.5097610346950412
0.5097659825687655
0.509770352991474
0.5097741337574403
0.5097773127443731
0.5097798779118414
0.5097818172997406
0.5097831190268098
0.509783771289211
0.5097837623591848
0.50978308058379
0.5097817143837414
0.5097796522523583
0.5097768827546353
0.5097733945264462
0.5097691762738988
0.509764216772848
0.5097585048685839
0.5097520294757073
0.5097447795782067
0.5097367442297488
0.5097279125541971
0.5097182737463763
0.5097078170730884
0.5096965318744018
0.5096844075652227
0.5096714336371678
0.509657599660744
0.5096428952878564
0.5096273102546545
0.50961083438473
0.5095934575926765
0.5095751698880302
0.5095559613795941
0.5095358222801638
0.5095147429116632
0.5094927137106983
0.5094697252345375
0.5094457681675314
0.5094208333279684
0.5093949116753822
0.5093679943183065
0.5093400725224828
0.5093111377195217
0.5092811815160144
0.5092501957030915
0.5092181722664234
0.5091851033966546
0.509150981500259
0.509115799210804
0.5090795494006067
0.5090422251927623
0.509003819973521
0.5089643274049864
0.5089237414381091
0.508882056325935
0.5088392666370749
0.5087953672693524
0.5087503534635835
0.5087042208174355
0.5086569652993129
0.5086085832622086
0.5085590714574567
0.5085084270483179
0.5084566476233242
0.5084037312093059
0.508349676284016
0.5082944817882692
0.5082381471375008
0.5081806722326543
0.5081220574702977
0.5080623037518682
0.508001412491938
0.5079393856253999
0.5078762256134578
0.5078119354483174
0.50774651865646
0.5076799793003961
0.5076123219787776
0.5075435518247703
0.5074736745025697
0.5074026962019622
0.5073306236308261
0.5072574640054791
0.5071832250387811
0.5071079149259068
0.5070315423277125
0.5069541163516288
0.5068756465300196
0.5067961427959586
0.5067156154563855
0.5066340751626165
0.5065515328781928
0.5064679998440729
0.506383487541175
0.5062980076503036
0.5062115720094984
0.5061241925688676
0.5060358813429756
0.505946650360874
0.5058565116138789
0.505765477001214
0.5056735582736517
0.5055807669752957
0.5054871143836701
0.5053926114482821
0.5052972687278464
0.5052010963263612
0.5051041038282423
0.5050063002327237
0.5049076938877451
0.5048082924235451
0.5047081026861902
0.504607130671263
0.5045053814579398
0.5044028591436852
0.50429956677978
0.5041955063079104
0.5040906784980195
0.5039850828876329
0.5038787177228456
0.5037715799011585
0.5036636649163283
0.5035549668053929
0.5034454780980112
0.5033351897682429
0.5032240911888788
0.5031121700884132
0.5029994125107328
0.5028858027775752
0.5027713234537989
0.5026559553154802
0.5025396773208347
0.5024224665839494
0.502304298351284
0.5021851459808885
0.502064980924263
0.5019437727107708
0.5018214889344995
0.5016980952434472
0.5015735553309025
0.5014478309288622
0.5013208818033321
0.5011926657513318
0.5010631385994214
0.5009322542035565
0.5007999644500665
0.500666219257549
0.5005309665794593
0.5003941524071758
0.5002557207733123
0.5001156137550448
0.4999737714772195
0.49983013211500704
0.4996846318958618
0.49953720510055066
0.49938778406300954
0.49923629916879403
0.4990826788518815
0.498926849589594
0.4987687358954046
0.498608260309398
0.4984453433861551
0.4982799036798349
0.49811185772622923
0.4979411200215725
0.49776760299788314
0.49759121699462505
0.4974118702264736
0.49722946874697904
0.4970439164079128
0.4968551148140963
0.4966629632735046
0.4964673587424401
0.4962681957655767
0.49606536641066806
0.495858760197722
0.49564826402243467
0.49543376207368156
0.495215135744863
0.4949922635388926
0.49476502096662184
0.49453328043848854
0.49429691114917096
0.49405577895503006
0.49380974624411406
0.493558671798497
0.4933024106487154
0.49304081392006616
0.4927737286705168
0.4925009977199784
0.4922224594706821
0.49193794771839616
0.4916472914542138
0.4913503146566343
0.4910468360736563
0.4907366689946002
0.4904196210113647
0.4900954937688264
0.4897640827040869
0.4894251767742713
0.48907855817258195
0.4887240020323215
0.48836127611859387
0.48799014050741507
0.48761034725196767
0.4872216400357595
0.48682375381246035
0.48641641443222744
0.4859993382543621
0.48557223174618097
0.4851347910680413
0.48468670164451466
0.48422763772178967
0.4837572619114505
0.483275224720901
0.48278116407080307
0.4822747048000496
0.4817554581589357
0.48122302129138944
0.48067697670731335
0.4801168917463443
0.4795423180345971
0.47895279093627446
0.47834782900237083
0.4777269334190995
0.4770895874591101
0.4764352559390791
0.4757633846878052
0.4750734000295824
0.47436470828832306
0.4736366953186828
0.47288872607130694
0.4721201442002751
0.47133027172187103
0.47051840873495226
0.4696838332144539
0.4688258008909169
0.46794354523039605
0.46703627753067
0.46610318715133703
0.4651434418971323
0.46415618857561414
0.4631405537522385
0.46209564472771875
0.46102055076442916
0.4599143445904021
0.45877608421111493
0.457604815060716
0.45639957252548286
0.4551593848730407
0.4538832766210921
0.4525702723789582
0.45121940119395837
0.4498297014324301
0.4484002262217706
0.44693004947516907
0.44541827251445526
0.44386403129858604
0.4422665042555826
0.4406249207040994
0.4389385698372214
0.4372068102255282
0.43542907977907386
0.4336049060888515
0.43173391704790964
0.4298158516309621
0.4278505706896819
0.4258380675996203
0.42377847857466333
0.4216720924471499
0.41951935969721843
0.4173209005048071
0.4150775115930356
0.4127901716335091
0.4104600449932867
0.4080884836204705
0.40567702689096563
0.4032273992728698
0.40074150570670475
0.3982214246483375
0.39566939877554985
0.3930878234169262
0.39047923282086583
0.3878462844405989
0.3851917414656021
0.3825184538782388
0.3798293383545827
0.37712735735835223
0.37441549779533323
0.37169674960191246
0.3689740846352611
0.3662504362149308
0.36352867963726926
0.360811613946838
0.3581019452048976
0.355402271446271
0.3527150694647828
0.35004268351618795
0.3473873159780476
0.3447510199600685
0.34213569381730036
0.339543077483237
0.3369747505108141
0.3344321316867358
0.33191648006834684
0.32942889728203434
0.3269703309173091
0.3245415788505846
0.3221432943364822
0.3197759917114812
0.3174400525641299
0.3151357322371587
0.3128631665390622
0.3106223785555251
0.3084132854639765
0.306235705267261
0.30408936337457404
0.30197389896928484
0.29988887111384666
0.2978337645516309
0.2958079951741362
0.29381091512961127
0.29184181755566696
0.28989994092400645
0.28798447298995866
0.28609455434313247
0.2842292815582532
0.2823877099471433
0.28056885591393277
0.2787716989159341
0.2769951830322881
0.27523821814146493
0.2734996807070455
0.2717784141689199
0.27007322893414065
0.26838290195815856
0.26670617590303225
0.2650417578544548
0.2633883175740115
0.2617444852569855
0.26010884875919055
0.25847995024871173
0.25685628223000023
0.2552362828784979
0.25361833061376976
0.252000737828037
0.25038174367500987
0.24875950581110362
0.24713209096763164
0.24549746421868496
0.24385347679555017
0.24219785228540025
0.2405281710406521
0.23884185261729923
0.23713613605792902
0.23540805784102714
0.23365442733684824
0.23187179964741184
0.23005644577194614
0.2282043201398867
0.22631102570510075
0.22437177701520514
0.22238136198099548
0.22033410350066768
0.21822382267395907
0.21604380610865404
0.21378678081273436
0.2114449014109661
0.20900975593992388
0.2064723982420599
0.2038234169204031
0.20105305275997168
0.19815137816202186
0.1951085529815247
0.19191517049730564
0.1885627041525831
0.1850440591185206
0.18135422166008203
0.17749098317033438
0.17345569502571373
0.16925398716266257
0.16489636165207078
0.16039855877379414
0.15578159443806772
0.1510713904010217
0.14629796458187383
0.1414942130809872
0.13669438580919627
0.13193241648593418
0.12724029821314262
0.12264668810618984
0.11817588025818362
0.11384721837276407
0.10967494641908918
0.10566843519809141
0.1018326855876059
0.09816899764888679
0.09467570397343142
0.0913488874573377
0.08818302993088672
0.08517156265415605
0.08230730924362763
0.07958282507890818
0.07699064513501891
0.07452345570753353
0.07217420601642571
0.06993617439621061
0.06780300161926786
0.06576870147215515
0.06382765638010976
0.061974603841747015
0.06020461776494904
0.05851308748646099
0.05689569627502929
0.055348400408480866
0.05386740942336287
0.05244916780996642
0.051090338221310885
0.049787786145896046
