0.543897836870664
0.5733351319568356
0.5256351663382298
0.5424567381934974
0.552638959657123
0.5325991519316596
0.5163590922412264
0.5193737094748961
0.5216447707943094
0.5183317866257509
0.5182296630240194
0.5199455954778116
0.5185378219214396
0.51575298362459
0.5147200319156479
0.5148512339202228
0.5148713800748687
0.5149216193829949
0.5150063333429455
0.5146773931030981
0.5140036532307655
0.513441173704542
0.5131506629385406
0.5130049920581968
0.5128924983324359
0.5127425190332815
0.5124923017823586
0.5121523083258346
0.5118032439593407
0.5115067073675318
0.5112646139065395
0.5110469975077832
0.5108217070582768
0.5105684013120598
0.510287399903719
0.5099962801488199
0.5097134410332673
0.5094453105502237
0.5091865228985187
0.5089271925676334
0.5086598345306239
0.5083829701453293
0.5081004459869385
0.5078175369750307
0.5075371567900812
0.5072587512985111
0.5069796946442466
0.506697460699229
0.5064110750641597
0.506121231196392
0.5058293542982435
0.5055364749930551
0.5052426805548202
0.5049473135805502
0.5046495632234592
0.5043489715714051
0.5040455764912508
0.5037397091290641
0.5034316689512244
0.5031215128562762
0.5028090552527306
0.5024940159937248
0.5021761812683514
0.5018554751046723
0.5015319237135971
0.5012055656984055
0.5008763792338468
0.500544266131982
0.5002090857517886
0.49987070297156583
0.49952901630389684
0.49918395441082386
0.4988354522109867
0.49848342714706
0.49812777008909653
0.497768352025746
0.49740503753709386
0.49703769444562945
0.4966661944959278
0.4962904069836168
0.4959101910810427
0.49552539174251065
0.4951358404067986
0.4947413583479037
0.4943417594768076
0.4939368506538329
0.4935264296815606
0.4931102825440472
0.49268818146815296
0.49225988439804613
0.49182513539955786
0.49138366505011166
0.49093519013797515
0.490479412613966
0.490016018217484
0.4895446752736644
0.48906503389701605
0.4885767255010387
0.488079362338119
0.4875725368458367
0.4870558207575764
0.48652876409433254
0.4859908941957769
0.4854417148791388
0.484880705710526
0.48430732131198967
0.4837209906370499
0.48312111620219844
0.4825070733145511
0.4818782093534791
0.48123384314576384
0.4805732644423133
0.47989573348488646
0.47920048065400433
0.4784867062073297
0.477753580136154
0.4770002421752146
0.47622580199693004
0.4754293396123968
0.4746099059962843
0.47376652395464747
0.472898189261465
0.4720038720963929
0.47108251881912977
0.4701330541144985
0.4691543835391524
0.46814539649829123
0.46710496967998716
0.46603197097474314
0.46492526390700917
0.46378371260221574
0.46260618730733105
0.46139157047569906
0.46013876341877946
0.45884669351862417
0.45751432198514125
0.4561406521308192
0.4547247381223153
0.4532656941532608
0.45176270396632495
0.45021503063552154
0.4486220265023641
0.4469831431420783
0.44529794121895155
0.4435661000735706
0.44178742686983885
0.43996186511712904
0.43808950237353145
0.43617057693064043
0.4342054832792963
0.4321947761597029
0.4301391730087798
0.428039554632806
0.4258969639544519
0.42371260271000316
0.42148782600448975
0.4192241346687706
0.41692316540236235
0.41458667872768623
0.4122165448240564
0.40981472735155167
0.4073832654143672
0.40492425384871217
0.40243982205038914
0.3999321115806037
0.39740325280436656
0.39485534082344975
0.3922904109650135
0.38971041407788465
0.3871171918715951
0.38451245250960475
0.3818977466388898
0.379274444004839
0.3766437107649348
0.3740064875789467
0.3713634685194257
0.36871508081627435
0.36606146542528184
0.3634024583949555
0.36073757300095916
0.35806598262516104
0.3553865043788937
0.3526975835095707
0.34999727868827546
0.34728324835494734
0.3445527383985398
0.3418025715723693
0.3390291391889856
0.3362283958017015
0.3333958577564058
0.33052660667936123
0.32761529914240584
0.32465618389996925
0.3216431282017704
0.3185696547259169
0.31542899062180396
0.31221412997302134
0.3089179106638509
0.30553310614475643
0.3020525319440318
0.29846916598756323
0.2947762809151945
0.2909675856950336
0.28703737303135646
0.28298066844113867
0.27879337653260977
0.27447242001945016
0.27001586735820793
0.26542304555298324
0.26069463551722727
0.25583274825980784
0.2508409809005311
0.24572445197520293
0.24048981558265048
0.23514525366616656
0.22970044521424107
0.22416651059157505
0.21855592879259722
0.2128824253605222
0.20716082919650175
0.2014068975670501
0.195637110266536
0.18986843596065311
0.18411807599499838
0.17840319311743708
0.17274063434380135
0.1671466583419646
0.1616366780456417
0.15622502866710786
0.1509247699024559
0.14574752906398125
0.1407033893608866
0.13580082485221506
0.13104668098540112
0.12644619734335338
0.12200306742158162
0.11771952903619833
0.11359647833893477
0.10963360033756264
0.10582950919505135
0.10218189228991209
0.09868765294012265
0.0953430477103592
0.0921438152431755
0.08908529450929423
0.08616253121451925
0.08337037180658177
0.08070354508741326
0.07815673186037284
0.07572462334148357
0.07340196925678248
0.07118361665403422
0.0690645404953928
0.06703986708545803
0.06510489134151642
0.06325508884188562
0.0614861235039368
0.05979385165297105
0.058174323152077045
0.05662378017515066
0.0551386541228716
0.05371556110601488
0.052351296352738136
0.05104282783655481
0.04978728936937543
