2.5871569011363826
2.083442262584394
2.3270577969012782
2.046399267662929
2.3358872446167127
2.3715398728527406
1.9127596497954003
2.338808391743652
1.986036947749876
2.5992545898304167
2.388172358277399
2.073080374171032
2.504976373283696
2.054027535377004
2.5098607118124074
2.443902908778657
1.9964523947300286
2.386308540642404
2.139557762412175
2.2721658832755955
2.5262392218802217
2.1224586976943574
2.219364443038625
2.2928748395440284
2.0945509400570086
2.415770041846126
2.2732864211159276
2.0756820464549017
2.2646724024097136
2.1037010957968016
2.235933709883145
2.3134194620298953
2.1027482335909
2.167575847396186
2.1490654705208967
2.1341656729864424
2.2763198170036505
2.1546611981669637
2.1064819302408866
2.154349694752725
2.100647975246087
2.2149153617361006
2.1804612378393493
2.091154318587727
2.135022302869421
2.0976734634665366
2.1628569254928336
2.182214637469112
2.0981505014323583
2.1132174805782236
2.101207950808999
2.129270893728412
2.170164448875737
2.108652869272773
2.097637583373741
2.1005776602407433
2.1092090743044167
2.151510947674504
2.1137287897107866
2.0880511538263478
2.0950654597118112
2.097296767748305
2.1333551716767687
2.114324822873801
2.084015524865877
2.0893771804673595
2.0907668395642305
2.119324294287587
2.112774213840464
2.082930269594292
2.0841766735147544
2.085471484680648
2.106850306739459
2.107850348015826
2.0803683972569735
2.0764477247714117
2.07683128609997
2.0919746076211547
2.0967426482569316
2.07126606956268
2.0619199268266435
2.0605667284180136
2.0728035245368934
2.0796043288826493
2.0545091035761933
2.04295571221871
2.0430500223214487
2.0618873213082383
2.071725442211019
2.0451965072607425
2.0388131376699716
2.0455040476402395
2.079201317899668
2.08275660882866
2.0519532739053425
2.0532276748145954
2.0651035824740345
2.10740485715624
2.0889151339522347
2.058778550794698
2.0621056235943254
2.0772886360118545
2.1171187176701762
2.0785089811154744
2.0550529339485903
2.055672747649242
2.0762315093819006
2.110405529535499
2.0577886799370217
2.041795511534243
2.038067782880459
2.0728786342178873
2.096667019519871
2.0263787397472397
2.0226751374955567
2.0144907817558817
2.0866851649898255
2.0687217545690273
1.9859967766423274
1.9966913398124166
2.012358014864664
2.1245955357045094
1.9818154734799316
1.9691870767106503
1.9360353949074893
2.113822246638505
2.055038715702355
1.8566165780271437
1.9045007826471596
1.9318942756380113
2.1216829479460086
1.6556480220007548
1.7747297284650991
1.6015878622734596
1.8677642734321942
1.4401890021739394
1.37209446443285
1.3776699884954051
1.2058890041467767
1.1846041364869666
1.0478121030232532
1.1480410854871965
1.0877070382770402
1.0111574722955996
0.9358263246265811
0.942724811561294
0.9647536750259086
0.8590708609864716
0.7707125857500821
0.6813666540655507
0.5780254579410556
0.4226771973611397
0.30584146406504953
0.19147443497630828
0.13171089322067853
0.09358638651036451
0.06739363044594607
0.05176219243480215
0.04259467404940896
