0.6078429602132274
0.6190568122581891
0.5386346188898354
0.536783769213965
0.5611701714009802
0.5510427646225083
0.5249726112760795
0.5172876345156112
0.5231423025227417
0.5229881150291228
0.5192846531209659
0.5194379918608256
0.5207683009013664
0.5193216353492085
0.5167642832822718
0.5156959685269003
0.5157610035118608
0.5157799623656915
0.5157005226395112
0.5156927310013093
0.5154931529375314
0.5149726109779477
0.5143907101413558
0.5139881377650124
0.5137545039349143
0.5135857027695554
0.5134173767900434
0.5132073738910876
0.5129287227483913
0.5125995435119324
0.5122699810289822
0.5119753665181135
0.511716902274654
0.5114763408426334
0.5112336843706868
0.5109758755216918
0.5107008625920179
0.5104167267536215
0.5101346786580734
0.5098614179750802
0.5095967108963386
0.5093359323335547
0.509073967940388
0.5088079970568518
0.5085383457097445
0.5082674825339532
0.507998076722865
0.507731478871925
0.5074674113209917
0.5072046604268621
0.5069420554422519
0.5066791256908719
0.5064161915858788
0.5061540005324201
0.505893232144359
0.5056341860347437
0.5053767736852735
0.5051207269066169
0.5048658422857788
0.5046121174745212
0.5043597368217254
0.5041089578393885
0.5038599898296261
0.5036129342837992
0.5033678019314912
0.5031245741620433
0.502883261498528
0.5026439274568877
0.5024066745659447
0.5021716112586286
0.5019388235876703
0.5017083660770353
0.5014802711366915
0.5012545662383382
0.5010312868670788
0.5008104791380711
0.5005921935544819
0.500376475944359
0.5001633614605148
0.4999528740982873
0.4997450303602873
0.4995398437546602
0.4993373273098354
0.49913749323833034
0.4989403507608624
0.49874590386362994
0.49855415029351235
0.49836508201768215
0.49817868647661967
0.49799494770425135
0.4978138467377856
0.49763536131946484
0.4974594653039063
0.49728612823939106
0.49711531535989195
0.49694698792229786
0.49678110364520744
0.496617617019484
0.496456479403677
0.49629763896959217
0.49614104063354764
0.4959866260795984
0.4958343338976703
0.49568409978625466
0.4955358567461491
0.49538953521804974
0.49524506316306927
0.4951023661186085
0.4949613672664381
0.4948219875309822
0.494684145701393
0.4945477585571233
0.49441274097860777
0.4942790060367657
0.49414646506725535
0.4940150277404477
0.49388460213495455
0.4937550948154663
0.4936264109099735
0.49349845418020727
0.49337112708183034
0.4932443308148253
0.4931179653669408
0.49299192955297505
0.49286612105082167
0.49274043643322524
0.49261477119333064
0.49248901976256854
0.49236307552055797
0.4922368307976357
0.4921101768708266
0.4919830039536377
0.4918552011794076
0.4917266565775509
0.49159725704204915
0.49146688829183083
0.4913354348229789
0.49120277985280975
0.4910688052557478
0.4909333914906932
0.4907964175193914
0.4906577607152405
0.4905172967620026
0.4903748995419201
0.49023044101272334
0.4900837910729262
0.4899348174146497
0.4897833853630666
0.48962935770141514
0.4894725944804288
0.4893129528108951
0.4891502866379134
0.48898444649522527
0.48881527923774915
0.488642627750188
0.4884663306292847
0.48828622183698733
0.48810213032142585
0.4879138796022077
0.48772128731606296
0.48752416471834875
0.4873223161353132
0.48711553836134625
0.4869036199946859
0.4866863407041951
0.48646347041885607
0.4862347684305546
0.48599998239950026
0.4857588472502716
0.48551108394495684
0.48525639811817967
0.48499447855694017
0.48472499550616843
0.4844475987786575
0.4841619156456546
0.4838675484818294
0.48356407213566016
0.4832510309935216
0.48292793570302156
0.4825942595184967
0.4822494342292551
0.48189284562930546
0.48152382848630504
0.4811416609676172
0.48074555848327566
0.4803346669098858
0.4799080551669327
0.47946470712856715
0.4790035128709335
0.47852325927888245
0.47802262006809
0.4775001453209068
0.47695425068845554
0.4763832064792083
0.47578512693671676
0.47515796010670475
0.47449947880542825
0.47380727332400074
0.4730787466313962
0.4723111129623504
0.4715014007810791
0.4706464611780891
0.4697429827607185
0.46878751400969054
0.4677764938636868
0.46670629093449856
0.46557325122891124
0.46437375355992067
0.46310427099523715
0.46176143577481543
0.4603421042272156
0.4588434174546286
0.45726285308380143
0.455598263333833
0.45384789513328483
0.452010389060501
0.4500847554223931
0.44807032767061744
0.44596669534277705
0.4437736205335811
0.44149094328564875
0.43911848205045756
0.4366559354246429
0.4341027907557808
0.43145824408240996
0.4287211344416664
0.4258898940806161
0.422962514754128
0.4199365292342585
0.4168090064725483
0.4135765585572956
0.41023535764932184
0.4067811613856974
0.4032093457218998
0.39951494475148863
0.3956926976221033
0.39173710319596566
0.38764248353539055
0.3834030575952195
0.37901302665042985
0.3744666729612919
0.36975847296830167
0.36488322590703004
0.3598361981363084
0.3546132826857264
0.3492111725631696
0.3436275452443927
0.3378612545325773
0.331912524680132
0.32578314037837286
0.31947662503170376
0.31299839874805785
0.3063559068195994
0.29955870927106
0.2926185224515358
0.28554920475370654
0.27836668043077584
0.2710887981378286
0.26373512413991124
0.25632667387905134
0.24888558945016548
0.2414347741126398
0.23399749786984067
0.2265969900582147
0.2192560355992514
0.21199659103417515
0.20483943478954417
0.19780386354276372
0.19090744337668564
0.18416582096212064
0.1775925965942716
0.1711992577881701
0.16499516949377027
0.1589876149350078
0.15318187965321645
0.14758137053170492
0.14218776133940766
0.13700115657152342
0.13202026598071165
0.1272425830744029
0.12266456189647573
0.11828178752041511
0.11408913677768888
0.11008092676974846
0.10625104962400926
0.10259309273015911
0.09910044432466517
0.09576638478145827
0.09258416432648896
0.0895470681392248
0.08664846995350714
0.0838818753421847
0.08124095588221329
0.07871957536515604
0.07631180915563916
0.07401195771827741
0.07181455524054817
0.0697143741816447
0.06770642648029573
0.0657859620612548
0.06394846519281774
0.06218964916761482
0.060505449706655584
0.05889201742231015
0.05734570961937942
0.055863081664213374
0.05444087810941306
0.05307602372537929
0.05176561455918387
0.05050690911530799
0.049297319731103614
