0.5331367320944099
0.5903894854986976
0.5762437716958091
0.5642718291403434
0.5545319378248501
0.5468184398382163
0.540845936892422
0.5363047319850411
0.53290015083624
0.5303743616704335
0.5285143486158558
0.527151104208993
0.5261543630804981
0.5254257888360854
0.5248922525164283
0.5244999551328814
0.5242096247506757
0.5239927535448338
0.523828730099719
0.5237026945900904
0.5236039553085476
0.5235248302067774
0.5234598048048105
0.5234049228606538
0.5233573468979154
0.5233150419777894
0.5232765485295061
0.5232408193486517
0.5232071027329805
0.5231748587421454
0.5231436992130785
0.5231133447995447
0.5230835942055275
0.5230543021496744
0.5230253635801239
0.5229967023634667
0.5229682631764083
0.5229400056902446
0.5229119003970718
0.5228839256118587
0.5228560653170251
0.5228283076109593
0.5228006435897189
0.5227730665396572
0.5227455713534227
0.5227181541065944
0.5226908117499796
0.5226635418853166
0.522636342601224
0.5226092123527504
0.5225821498725592
0.5225551541051242
0.5225282241577138
0.5225013592636726
0.5224745587547376
0.5224478220400335
0.5224211485900194
0.5223945379241324
0.5223679896012068
0.5223415032119889
0.5223150783732469
0.5222887147231026
0.5222624119173043
0.5222361696262341
0.522209987532487
0.5221838653289047
0.5221578027169675
0.5221317994054748
0.5221058551094561
0.5220799695492715
0.5220541424498629
0.5220283735401319
0.5220026625524188
0.5219770092220682
0.521951413287064
0.5219258744877228
0.5219003925664362
0.5218749672674534
0.5218495983366994
0.5218242855216185
0.5217990285710454
0.5217738272350945
0.5217486812650656
0.5217235904133664
0.5216985544334439
0.5216735730797285
0.521648646107585
0.5216237732732727
0.5215989543339083
0.521574189047439
0.5215494771726147
0.5215248184689676
0.5215002126967934
0.5214756596171349
0.5214511589917693
0.5214267105831957
0.5214023141546245
0.5213779694699698
0.5213536762938411
0.5213294343915363
0.521305243529036
0.5212811034729983
0.5212570139907549
0.5212329748503051
0.5212089858203148
0.5211850466701102
0.5211611571696771
0.521137317089657
0.5211135262013445
0.521089784276685
0.5210660910882728
0.5210424464093484
0.5210188500137967
0.5209953016761454
0.5209718011715623
0.5209483482758543
0.5209249427654654
0.5209015844174747
0.5208782730095951
0.5208550083201713
0.5208317901281787
0.5208086182132213
0.5207854923555301
0.5207624123359622
0.5207393779359983
0.5207163889377419
0.5206934451239175
0.5206705462778686
0.5206476921835572
0.5206248826255614
0.5206021173890738
0.520579396259901
0.5205567190244607
0.5205340854697813
0.5205114953834994
0.5204889485538596
0.5204664447697115
0.5204439838205086
0.5204215654963075
0.5203991895877655
0.5203768558861398
0.5203545641832849
0.520332314271652
0.520310105944287
0.5202879389948294
0.5202658132175096
0.5202437284071495
0.5202216843591579
0.5201996808695322
0.5201777177348538
0.5201557947522891
0.5201339117195861
0.5201120684350738
0.5200902646976604
0.5200685003068313
0.5200467750626481
0.5200250887657465
0.5200034412173351
0.519981832219194
0.5199602615736725
0.5199387290836874
0.519917234552723
0.5198957777848274
0.5198743585846121
0.5198529767572502
0.5198316321084745
0.5198103244445764
0.5197890535724039
0.5197678192993597
0.5197466214334001
0.5197254597830333
0.519704334157318
0.5196832443658608
0.5196621902188151
0.5196411715268804
0.5196201881012991
0.5195992397538558
0.5195783262968755
0.5195574475432219
0.5195366033062956
0.5195157934000326
0.5194950176389033
0.5194742758379091
0.5194535678125827
0.5194328933789853
0.5194122523537055
0.5193916445538572
0.5193710697970779
0.5193505279015277
0.5193300186858871
0.5193095419693552
0.5192890975716489
0.519268685313
0.5192483050141543
0.5192279564963702
0.5192076395814161
0.5191873540915698
0.5191670998496158
0.5191468766788448
0.5191266844030505
0.5191065228465294
0.5190863918340782
0.5190662911909929
0.5190462207430663
0.5190261803165869
0.5190061697383367
0.51898618883559
0.5189662374361121
0.5189463153681565
0.5189264224604637
0.5189065585422605
0.5188867234432566
0.5188669169936444
0.5188471390240965
0.518827389365764
0.5188076678502755
0.5187879743097349
0.51876830857672
0.5187486704842799
0.518729059865935
0.5187094765556737
0.5186899203879521
0.5186703911976911
0.5186508888202755
0.5186314130915521
0.518611963847828
0.5185925409258688
0.5185731441628976
0.5185537733965918
0.5185344284650839
0.5185151092069569
0.5184958154612452
0.5184765470674311
0.5184573038654441
0.5184380856956594
0.518418892398895
0.5183997238164116
0.5183805797899097
0.5183614601615288
0.5183423647738452
0.5183232934698703
0.518304246093049
0.5182852224872594
0.5182662224968081
0.5182472459664316
0.5182282927412929
0.5182093626669808
0.5181904555895073
0.5181715713553063
0.5181527098112328
0.5181338708045601
0.5181150541829784
0.5180962597945934
0.5180774874879251
0.5180587371119048
0.518040008515875
0.5180213015495868
0.5180026160631985
0.5179839519072738
0.5179653089327807
0.517946686991089
0.5179280859339698
0.5179095056135927
0.5178909458825252
0.5178724065937299
0.5178538876005638
0.5178353887567773
0.5178169099165101
0.5177984509342924
0.5177800116650417
0.5177615919640615
0.5177431916870394
0.5177248106900465
0.5177064488295348
0.5176881059623355
0.5176697819456586
0.5176514766370895
0.5176331898945892
0.5176149215764914
0.5175966715415016
0.5175784396486951
0.5175602257575157
0.5175420297277743
0.5175238514196462
0.5175056906936711
0.5174875474107506
0.5174694214321465
0.5174513126194793
0.5174332208347272
0.5174151459402242
0.5173970877986581
0.5173790462730694
0.5173610212268498
0.5173430125237402
0.5173250200278291
0.5173070436035522
0.5172890831156891
0.5172711384293633
0.5172532094100393
0.5172352959235221
0.5172173978359556
0.5171995150138199
0.517181647323931
0.517163794633439
0.5171459568098261
0.517128133720906
0.5171103252348208
0.517092531220041
0.5170747515453634
0.5170569860799095
0.5170392346931236
0.5170214972547728
0.5170037736349432
0.5169860637040404
0.5169683673327871
0.5169506843922216
0.5169330147536962
0.5169153582888764
0.5168977148697383
0.5168800843685682
0.5168624666579607
0.5168448616108164
0.516827269100342
0.5168096890000478
0.5167921211837458
0.5167745655255496
0.5167570218998719
0.516739490181423
0.5167219702452102
0.5167044619665347
0.5166869652209929
0.5166694798844716
0.5166520058331493
0.5166345429434931
0.5166170910922577
0.5165996501564847
0.5165822200135002
0.516564800540913
0.5165473916166153
0.5165299931187786
0.5165126049258539
0.5164952269165701
0.5164778589699323
0.51646050096522
0.5164431527819868
0.5164258143000577
0.5164084853995288
0.5163911659607652
0.5163738558644
0.5163565549913322
0.5163392632227266
0.5163219804400112
0.5163047065248761
0.5162874413592727
0.5162701848254115
0.5162529368057616
0.5162356971830481
0.5162184658402524
0.5162012426606092
0.5161840275276062
0.5161668203249822
0.516149620936726
0.5161324292470754
0.5161152451405148
0.5160980685017746
0.5160808992158303
0.5160637371679001
0.5160465822434441
0.5160294343281634
0.5160122933079979
0.5159951590691254
0.5159780314979606
0.5159609104811534
0.5159437959055874
0.5159266876583788
0.5159095856268757
0.515892489698656
0.5158753997615259
0.5158583157035195
0.5158412374128971
0.5158241647781437
0.5158070976879678
0.5157900360313006
0.5157729796972937
0.5157559285753194
0.5157388825549671
0.5157218415260449
0.5157048053785761
0.5156877740027989
0.5156707472891644
0.5156537251283368
0.5156367074111905
0.5156196940288102
0.5156026848724887
0.5155856798337264
0.5155686788042286
0.515551681675907
0.5155346883408756
0.5155176986914514
0.5155007126201522
0.5154837300196954
0.5154667507829978
0.5154497748031731
0.5154328019735315
0.5154158321875782
0.5153988653390125
0.5153819013217256
0.515364940029801
0.5153479813575126
0.5153310251993228
0.5153140714498822
0.5152971200040282
0.5152801707567835
0.5152632236033561
0.5152462784391362
0.5152293351596968
0.5152123936607916
0.5151954538383543
0.5151785155884968
0.515161578807509
0.5151446433918571
0.5151277092381823
0.5151107762432998
0.5150938443041986
0.5150769133180382
0.51505998318215
0.5150430537940346
0.5150261250513608
0.5150091968519651
0.5149922690938504
0.5149753416751844
0.514958414494299
0.5149414874496894
0.5149245604400121
0.5149076333640848
0.514890706120885
0.5148737786095482
0.5148568507293683
0.5148399223797948
0.5148229934604336
0.5148060638710441
0.5147891335115393
0.5147722022819844
0.5147552700825957
0.5147383368137398
0.5147214023759323
0.514704466669837
0.514687529596264
0.5146705910561697
0.5146536509506563
0.5146367091809685
0.5146197656484945
0.5146028202547646
0.5145858729014493
0.5145689234903597
0.5145519719234448
0.5145350181027922
0.5145180619306258
0.5145011033093055
0.5144841421413258
0.5144671783293153
0.5144502117760354
0.514433242384379
0.5144162700573701
0.5143992946981626
0.5143823162100394
0.5143653344964109
0.5143483494608148
0.514331361006915
0.5143143690385003
0.5142973734594831
0.5142803741739003
0.5142633710859092
0.5142463640997899
0.5142293531199416
0.5142123380508841
0.5141953187972547
0.5141782952638088
0.5141612673554179
0.5141442349770698
0.5141271980338668
0.5141101564310246
0.5140931100738728
0.5140760588678521
0.5140590027185148
0.5140419415315236
0.5140248752126501
0.514007803667775
0.5139907268028856
0.5139736445240768
0.513956556737549
0.5139394633496075
0.5139223642666615
0.5139052593952238
0.513888148641909
0.5138710319134338
0.513853909116615
0.5138367801583692
0.5138196449457121
0.5138025033857575
0.5137853553857161
0.5137682008528954
0.5137510396946983
0.513733871818622
0.513716697132258
0.513699515543291
0.5136823269594974
0.5136651312887457
0.5136479284389942
0.5136307183182918
0.5136135008347757
0.5135962758966719
0.5135790434122933
0.5135618032900395
0.5135445554383964
0.5135272997659339
0.513510036181307
0.5134927645932539
0.5134754849105954
0.5134581970422343
0.5134409008971541
0.5134235963844195
0.5134062834131738
0.5133889618926399
0.5133716317321186
0.5133542928409877
0.5133369451287018
0.5133195885047914
0.5133022228788622
0.5132848481605936
0.5132674642597393
0.5132500710861259
0.5132326685496517
0.5132152565602864
0.513197835028071
0.513180403863116
0.5131629629756014
0.5131455122757755
0.5131280516739547
0.5131105810805227
0.5130931004059293
0.5130756095606899
0.5130581084553856
0.5130405970006614
0.5130230751072262
0.5130055426858521
0.512987999647373
0.5129704459026844
0.5129528813627435
0.5129353059385674
0.5129177195412327
0.5129001220818751
0.5128825134716886
0.5128648936219249
0.5128472624438927
0.512829619848957
0.5128119657485388
0.5127943000541137
0.5127766226772121
0.512758933529418
0.5127412325223686
0.5127235195677537
0.512705794577315
0.5126880574628455
0.5126703081361885
0.512652546509238
0.5126347724939367
0.512616986002277
0.5125991869462987
0.5125813752380897
0.5125635507897847
0.5125457135135645
0.5125278633216563
0.5125100001263326
0.51249212383991
0.5124742343747491
0.5124563316432548
0.512438415557874
0.5124204860310962
0.5124025429754531
0.5123845863035166
0.5123666159279002
0.5123486317612569
0.5123306337162794
0.5123126217056991
0.5122945956422861
0.512276555438848
0.5122585010082297
0.5122404322633128
0.5122223491170156
0.5122042514822914
0.512186139272129
0.5121680123995511
0.5121498707776156
0.5121317143194126
0.5121135429380665
0.5120953565467331
0.5120771550586007
0.5120589383868885
0.5120407064448473
0.5120224591457578
0.5120041964029309
0.5119859181297065
0.5119676242394539
0.5119493146455698
0.5119309892614804
0.5119126480006376
0.5118942907765213
0.5118759175026373
0.5118575280925171
0.5118391224597184
0.511820700517823
0.5118022621804381
0.5117838073611937
0.5117653359737442
0.5117468479317668
0.5117283431489613
0.5117098215390493
0.5116912830157744
0.5116727274929012
0.5116541548842148
0.5116355651035213
0.5116169580646455
0.5115983336814326
0.5115796918677455
0.511561032537467
0.5115423556044966
0.511523660982752
0.511504948586168
0.5114862183286957
0.5114674701243027
0.5114487038869723
0.5114299195307032
0.511411116969509
0.5113922961174179
0.5113734568884718
0.5113545991967267
0.5113357229562514
0.5113168280811278
0.5112979144854501
0.5112789820833241
0.511260030788868
0.5112410605162097
0.5112220711794891
0.5112030626928563
0.5111840349704705
0.511164987926501
0.5111459214751256
0.5111268355305315
0.5111077300069138
0.5110886048184755
0.5110694598794265
0.5110502951039853
0.5110311104063752
0.5110119057008267
0.5109926809015768
0.5109734359228665
0.5109541706789433
0.5109348850840585
0.5109155790524682
0.5108962524984323
0.5108769053362141
0.51085753748008
0.5108381488442999
0.5108187393431453
0.5107993088908898
0.5107798574018091
0.5107603847901798
0.5107408909702796
0.5107213758563864
0.5107018393627787
0.5106822814037344
0.5106627018935306
0.510643100746444
0.5106234778767497
0.5106038331987209
0.5105841666266284
0.5105644780747418
0.5105447674573262
0.5105250346886449
0.5105052796829566
0.5104855023545166
0.5104657026175763
0.5104458803863813
0.5104260355751729
0.5104061680981872
0.510386277869654
0.5103663648037972
0.5103464288148344
0.5103264698169759
0.5103064877244252
0.510286482451378
0.5102664539120222
0.5102464020205375
0.5102263266910942
0.5102062278378546
0.5101861053749712
0.5101659592165863
0.5101457892768325
0.5101255954698324
0.5101053777096966
0.5100851359105253
0.510064869986407
0.5100445798514184
0.5100242654196235
0.5100039266050742
0.5099835633218085
0.509963175483852
0.5099427630052158
0.5099223257998974
0.5099018637818795
0.50988137686513
0.5098608649636017
0.5098403279912316
0.5098197658619409
0.5097991784896342
0.5097785657881999
0.5097579276715087
0.5097372640534144
0.5097165748477528
0.5096958599683411
0.5096751193289784
0.5096543528434446
0.5096335604255007
0.5096127419888873
0.5095918974473254
0.5095710267145152
0.5095501297041362
0.5095292063298466
0.5095082565052832
0.5094872801440604
0.5094662771597702
0.5094452474659821
0.5094241909762425
0.5094031076040731
0.5093819972629731
0.5093608598664165
0.5093396953278523
0.5093185035607047
0.5092972844783723
0.5092760379942276
0.5092547640216165
0.5092334624738581
0.5092121332642445
0.5091907763060399
0.5091693915124802
0.5091479787967735
0.5091265380720983
0.5091050692516037
0.5090835722484095
0.509062046975605
0.5090404933462486
0.5090189112733683
0.5089973006699595
0.5089756614489866
0.5089539935233812
0.5089322968060419
0.5089105712098342
0.5088888166475896
0.5088670330321052
0.5088452202761441
0.5088233782924334
0.5088015069936651
0.508779606292495
0.5087576761015419
0.5087357163333883
0.5087137269005783
0.5086917077156184
0.5086696586909768
0.5086475797390821
0.5086254707723241
0.5086033317030518
0.5085811624435745
0.5085589629061595
0.5085367330030336
0.5085144726463805
0.5084921817483422
0.508469860221017
0.50844750797646
0.508425124926682
0.5084027109836484
0.5083802660592806
0.508357790065453
0.5083352829139941
0.5083127445166861
0.5082901747852626
0.50826757363141
0.5082449409667655
0.5082222767029175
0.5081995807514046
0.5081768530237146
0.5081540934312848
0.5081313018855008
0.5081084782976959
0.5080856225791509
0.5080627346410929
0.5080398143946951
0.5080168617510762
0.5079938766212994
0.5079708589163723
0.5079478085472457
0.5079247254248134
0.5079016094599108
0.5078784605633158
0.5078552786457462
0.5078320636178604
0.5078088153902561
0.5077855338734699
0.5077622189779766
0.5077388706141882
0.5077154886924534
0.5076920731230571
0.507668623816219
0.507645140682094
0.5076216236307701
0.5075980725722692
0.5075744874165447
0.5075508680734823
0.507527214452898
0.5075035264645377
0.5074798040180775
0.5074560470231212
0.5074322553892004
0.507408429025774
0.5073845678422265
0.5073606717478685
0.5073367406519339
0.5073127744635814
0.507288773091892
0.5072647364458687
0.507240664434436
0.5072165569664382
0.5071924139506394
0.5071682352957221
0.5071440209102862
0.507119770702849
0.5070954845818434
0.507071162455617
0.5070468042324319
0.507022409820463
0.506997979127798
0.5069735120624351
0.5069490085322833
0.506924468445161
0.5068998917087948
0.5068752782308188
0.5068506279187737
0.5068259406801054
0.5068012164221645
0.5067764550522048
0.5067516564773829
0.5067268206047563
0.5067019473412833
0.5066770365938211
0.5066520882691258
0.5066271022738498
0.5066020785145424
0.5065770168976474
0.5065519173295026
0.5065267797163389
0.5065016039642786
0.5064763899793345
0.5064511376674091
0.5064258469342934
0.5064005176856647
0.5063751498270871
0.5063497432640087
0.506324297901762
0.5062988136455614
0.5062732904005025
0.5062477280715609
0.5062221265635909
0.5061964857813245
0.5061708056293694
0.5061450860122088
0.5061193268341994
0.50609352799957
0.5060676894124213
0.5060418109767225
0.5060158925963125
0.5059899341748968
0.5059639356160467
0.5059378968231976
0.5059118176996487
0.5058856981485602
0.505859538072953
0.5058333373757067
0.5058070959595586
0.5057808137271017
0.5057544905807836
0.5057281264229055
0.5057017211556202
0.5056752746809299
0.5056487869006866
0.505622257716589
0.5055956870301812
0.5055690747428524
0.5055424207558337
0.5055157249701971
0.5054889872868553
0.5054622076065575
0.5054353858298901
0.5054085218572741
0.5053816155889636
0.505354666925044
0.5053276757654313
0.5053006420098687
0.5052735655579266
0.5052464463090001
0.5052192841623075
0.5051920790168885
0.5051648307716022
0.5051375393251264
0.5051102045759546
0.5050828264223948
0.5050554047625679
0.5050279394944057
0.5050004305156489
0.5049728777238454
0.5049452810163488
0.5049176402903164
0.5048899554427064
0.5048622263702781
0.5048344529695876
0.5048066351369879
0.5047787727686254
0.5047508657604388
0.5047229140081577
0.5046949174072993
0.5046668758531672
0.5046387892408494
0.5046106574652159
0.5045824804209174
0.5045542580023823
0.5045259901038156
0.5044976766191962
0.5044693174422745
0.5044409124665715
0.5044124615853758
0.504383964691741
0.504355421678485
0.5043268324381864
0.5042981968631834
0.5042695148455709
0.5042407862771983
0.5042120110496678
0.5041831890543318
0.5041543201822904
0.5041254043243896
0.5040964413712189
0.5040674312131088
0.5040383737401283
0.5040092688420833
0.5039801164085136
0.5039509163286903
0.5039216684916141
0.503892372786013
0.5038630291003383
0.5038336373227648
0.5038041973411854
0.5037747090432113
0.5037451723161672
0.503715587047091
0.5036859531227291
0.5036562704295354
0.5036265388536683
0.5035967582809876
0.5035669285970527
0.5035370496871198
0.5035071214361386
0.5034771437287505
0.5034471164492857
0.50341703948176
0.5033869127098729
0.5033567360170035
0.5033265092862105
0.5032962324002259
0.503265905241455
0.5032355276919726
0.5032050996335196
0.5031746209475011
0.5031440915149832
0.5031135112166902
0.5030828799330016
0.5030521975439493
0.5030214639292144
0.5029906789681248
0.5029598425396514
0.5029289545224068
0.5028980147946398
0.5028670232342345
0.5028359797187063
0.502804884125199
0.502773736330482
0.5027425362109466
0.5027112836426036
0.5026799785010796
0.5026486206616143
0.5026172099990572
0.5025857463878637
0.5025542297020934
0.5025226598154053
0.5024910366010554
0.5024593599318935
0.5024276296803596
0.5023958457184805
0.5023640079178667
0.5023321161497091
0.5023001702847756
0.5022681701934077
0.5022361157455166
0.5022040068105807
0.5021718432576412
0.5021396249552997
0.5021073517717136
0.5020750235745932
0.5020426402311983
0.5020102016083341
0.5019777075723484
0.5019451579891269
0.5019125527240907
0.5018798916421925
0.5018471746079117
0.5018144014852525
0.5017815721377392
0.5017486864284126
0.5017157442198262
0.501682745374043
0.5016496897526307
0.5016165772166589
0.5015834076266947
0.5015501808427991
0.5015168967245229
0.5014835551309034
0.5014501559204595
0.5014166989511886
0.5013831840805621
0.5013496111655225
0.5013159800624774
0.5012822906272976
0.5012485427153118
0.5012147361813027
0.5011808708795037
0.5011469466635936
0.5011129633866929
0.5010789209013604
0.5010448190595881
0.5010106577127975
0.5009764367118349
0.5009421559069674
0.5009078151478795
0.500873414283667
0.5008389531628343
0.5008044316332891
0.5007698495423389
0.5007352067366858
0.5007005030624223
0.500665738365027
0.5006309124893608
0.500596025279661
0.5005610765795379
0.5005260662319698
0.5004909940792991
0.5004558599632266
0.5004206637248079
0.5003854052044486
0.5003500842418992
0.5003147006762511
0.5002792543459311
0.5002437450886974
0.5002081727416349
0.5001725371411497
0.500136838122965
0.5001010755221162
0.5000652491729457
0.5000293589090984
0.49999340456351676
0.49995738596843586
0.49992130295537845
0.4998851553551499
0.4998489429978335
0.49981266571278515
0.49977632332862876
0.4997399156732505
0.4997034425737942
0.4996669038566567
0.49963029934748154
0.4995936288711548
0.4995568922517998
0.49952008931277103
0.49948321987665045
0.4994462837652407
0.49940928079956093
0.49937221079984045
0.49933507358551477
0.49929786897521905
0.49926059678678325
0.49922325683722646
0.49918584894275175
0.49914837291874065
0.4991108285797475
0.4990732157394941
0.49903553421086405
0.49899778380589715
0.4989599643357842
0.49892207561086044
0.49888411744060135
0.49884608963361576
0.4988079919976405
0.49876982433953476
0.4987315864652746
0.49869327817994635
0.4986548992877417
0.49861644959195145
0.49857792889495994
0.49853933699823827
0.49850067370233964
0.4984619388068926
0.4984231321105951
0.4983842534112091
0.49834530250555353
0.49830627918949977
0.49826718325796326
0.4982280145049002
0.4981887727232987
0.4981494577051749
0.49811006924156515
0.4980706071225205
0.4980310711371006
0.49799146107336684
0.49795177671837665
0.49791201785817657
0.4978721842777968
0.49783227576124345
0.4977922920914933
0.497752233050487
0.49771209841912245
0.4976718879772482
0.4976316015036573
0.49759123877608075
0.49755079957117987
0.4975102836645413
0.49746969083066905
0.4974290208429787
0.4973882734737898
0.49734744849432
0.4973065456746777
0.49726556478385536
0.4972245055897234
0.49718336785902173
0.49714215135735457
0.49710085584918223
0.49705948109781545
0.49701802686540686
0.49697649291294543
0.49693487900024824
0.49689318488595446
0.4968514103275177
0.4968095550811986
0.4967676189020587
0.4967256015439516
0.49668350275951745
0.49664132230017455
0.49659905991611253
0.49655671535628537
0.49651428836840306
0.4964717786989252
0.49642918609305287
0.4963865102947218
0.4963437510465947
0.49630090809005334
0.49625798116519193
0.4962149700108083
0.4961718743643975
0.4961286939621435
0.49608542853891185
0.4960420778282416
0.4959986415623379
0.4959551194720646
0.49591151128693545
0.4958678167351071
0.4958240355433712
0.4957801674371462
0.49573621214046953
0.49569216937599
0.4956480388649591
0.49560382032722405
0.4955595134812186
0.49551511804395587
0.4954706337310195
0.4954260602565565
0.49538139733326814
0.49533664467240207
0.49529180198374384
0.4952468689756097
0.49520184535483713
0.49515673082677647
0.4951115250952838
0.495066227862711
0.4950208388298987
0.4949753576961667
0.49492978415930605
0.49488411791557074
0.49483835865966863
0.49479250608475306
0.4947465598824143
0.49470051974267076
0.4946543853539607
0.4946081564031329
0.4945618325754383
0.4945154135545207
0.4944688990224095
0.49442228865950866
0.494375582144589
0.49432877915477974
0.49428187936555856
0.494234882450743
0.49418778808248154
0.4941405959312452
0.49409330566581644
0.494045916953282
0.4939984294590236
0.49395084284670776
0.4939031567782775
0.4938553709139421
0.4938074849121689
0.4937594984296737
0.49371141112141115
0.4936632226405652
0.4936149326385405
0.493566540764952
0.4935180466676161
0.49346944999254144
0.4934207503839182
0.4933719474841098
0.49332304093364254
0.4932740303711966
0.49322491543359526
0.4931756957557966
0.49312637097088285
0.49307694071005104
0.49302740460260275
0.4929777622759352
0.4929280133555302
0.49287815746494545
0.4928281942258038
0.49277812325778336
0.4927279441786084
0.49267765660403817
0.4926272601478575
0.4925767544218669
0.4925261390358717
0.4924754135976731
0.4924245777130568
0.4923736309857838
0.492322573017579
0.4922714034081226
0.4922201217550386
0.49216872765388436
0.49211722069814134
0.4920656004792042
0.49201386658636953
0.4919620186068272
0.4919100561256484
0.4918579787257758
0.49180578598801306
0.4917534774910143
0.49170105281127274
0.49164851152311206
0.4915958531986735
0.4915430774079065
0.4914901837185581
0.4914371716961618
0.49138404090402654
0.491330790903227
0.491277421252592
0.49122393150869376
0.49117032122583737
0.49111658995604973
0.491062737249069
0.49100876265233295
0.490954665710969
0.4909004459677826
0.49084610296324654
0.49079163623548966
0.4907370453202866
0.4906823297510457
0.4906274890587986
0.49057252277218927
0.49051743041746243
0.4904622115184526
0.4904068655965733
0.49035139217080537
0.4902957907576861
0.49024006087129757
0.49018420202325674
0.4901282137227024
0.49007209547628494
0.4900158467881556
0.48995946715995337
0.4899029560907955
0.4898463130772655
0.4897895376134015
0.4897326291906852
0.48967558729803085
0.48961841142177287
0.4895611010456555
0.4895036556508208
0.4894460747157972
0.4893883577164886
0.489330504126162
0.4892725134154375
0.48921438505227477
0.4891561185019636
0.4890977132271111
0.48903916868763064
0.4889804843407307
0.48892165964090245
0.4888626940399091
0.48880358698677395
0.48874433792776895
0.48868494630640325
0.4886254115634116
0.4885657331367428
0.4885059104615477
0.4884459429701687
0.4883858300921271
0.48832557125411263
0.4882651658799709
0.4882046133906923
0.4881439132044007
0.48808306473634144
0.48802206739887016
0.4879609206014408
0.4878996237505951
0.4878381762499499
0.4877765775001857
0.48771482689903645
0.4876529238412768
0.4875908677187111
0.4875286579201615
0.48746629383145734
0.4874037748354229
0.4873411003118666
0.48727826963756893
0.4872152821862715
0.48715213732866575
0.48708883443238116
0.4870253728619744
0.48696175197891767
0.48689797114158745
0.4868340297052535
0.48676992702206706
0.4867056624410503
0.4866412353080847
0.48657664496589986
0.48651189075406276
0.48644697200896614
0.4863818880638179
0.4863166382486296
0.4862512218902059
0.4861856383121336
0.4861198868347698
0.48605396677523216
0.48598787744738764
0.4859216181618418
0.4858551882259275
0.4857885869436945
0.4857218136158992
0.48565486753999354
0.4855877480101144
0.48552045431707347
0.48545298574834617
0.48538534158806207
0.4853175211169931
0.4852495236125453
0.485181348348747
0.48511299459623847
0.4850444616222634
0.48497574869065696
0.4849068550618373
0.4848377799927947
0.4847685227370821
0.48469908254480504
0.4846294586626127
0.48455965033368675
0.4844896567977334
0.48441947729097323
0.48434911104613154
0.48427855729242963
0.48420781525557477
0.4841368841577517
0.4840657632176138
0.483994451650273
0.4839229486672923
0.48385125347667596
0.48377936528286103
0.4837072832867092
0.4836350066854981
0.48356253467291244
0.48348986643903674
0.48341700117034614
0.48334393804969916
0.4832706762563292
0.48319721496583706
0.4831235533501833
0.4830496905776801
0.48297562581298464
0.4829013582170913
0.4828268869473243
0.4827522111573311
0.4826773299970749
0.4826022426128287
0.48252694814716746
0.48245144573896337
0.4823757345233772
0.48229981363185365
0.4822236821921152
0.48214733932815523
0.4820707841602339
0.4819940158048711
0.4819170333748408
0.4818398359791676
0.48176242272311964
0.4816847927082053
0.48160694503216694
0.4815288787889774
0.4814505930688351
0.48137208695816036
0.4812933595395906
0.4812144098919769
0.48113523709038064
0.48105584020606945
0.4809762183065145
0.4808963704553869
0.48081629571255563
0.4807359931340842
0.48065546177222845
0.4805747006754346
0.48049370888833703
0.48041248545175674
0.480331029402699
0.4802493397743538
0.48016741559609266
0.48008525589346995
0.4800028596882201
0.4799202259982594
0.4798373538376843
0.4797542422167729
0.4796708901419837
0.47958729661595834
0.47950346063752114
0.4794193812016806
0.47933505729963133
0.479250487918755
0.47916567204262395
0.47908060865100177
0.4789952967198468
0.47890973522131536
0.47882392312376465
0.4787378593917556
0.4786515429860586
0.4785649728636553
0.47847814797774474
0.4783910672777483
0.47830372970931334
0.4782161342143196
0.47812827973088545
0.4780401651933731
0.4779517895323958
0.4778631516748239
0.47777425054379263
0.4776850850587101
0.4775956541352635
0.4775059566854289
0.4774159916174796
0.47732575783599496
0.4772352542418694
0.47714447973232305
0.47705343320091076
0.47696211353753415
0.47687051962845156
0.476778650356289
0.4766865046000534
0.4765940812351439
0.47650137913336377
0.47640839716293537
0.4763151341885116
0.47622158907119144
0.4761277606685332
0.47603364783456975
0.47593924941982374
0.4758445642713236
0.4757495912326195
0.4756543291437997
0.4755587768415079
0.47546293315896093
0.4753667969259675
0.47527036696894487
0.4751736421109399
0.47507662117164806
0.47497930296743235
0.47488168631134575
0.47478377001315114
0.47468555287934316
0.47458703371317024
0.4744882113146578
0.47438908448063105
0.4742896520047389
0.47418991267747806
0.4740898652862185
0.47398950861522837
0.4738888414457001
0.4737878625557771
0.473686570720581
0.4735849647122391
0.4734830432999132
0.4733808052498278
0.4732782493253006
0.47317537428677203
0.4730721788918355
0.4729686618952699
0.47286482204907176
0.4727606581024856
0.4726561688020404
0.4725513528915807
0.47244620911230284
0.47234073620279005
0.4722349328990475
0.4721287979345392
0.4720223300402257
0.4719155279446014
0.47180839037373284
0.47170091605129894
0.47159310369862995
0.4714849520347487
0.4713764597764112
0.47126762563814983
0.4711584483323148
0.4710489265691187
0.47093905905667993
0.4708288445010683
0.4707182816063499
0.47060736907463396
0.47049610560612
0.4703844898991457
0.47027252065023567
0.4701601965541501
0.4700475163039364
0.46993447859097837
0.4698210821050495
0.4697073255343644
0.46959320756563266
0.4694787268841131
0.4693638821736669
0.4692486721168165
0.469133095394799
0.4690171506876253
0.4689008366741374
0.46878415203206714
0.4686670954380969
0.4685496655679191
0.46843186109629864
0.46831368069713375
0.4681951230435205
0.46807618680781593
0.46795687066170305
0.46783717327625607
0.4677170933220073
0.4675966294690148
0.4674757803869293
0.46735454474506494
0.46723292121246773
0.4671109084579872
0.46698850515034734
0.4668657099582202
0.4667425215502986
0.4666189385953703
0.46649495976239336
0.466370583720573
0.4662458091394372
0.4661206346889153
0.4659950590394172
0.4658690808619118
0.4657426988280091
0.4656159116100401
0.46548871788114043
0.46536111631533306
0.46523310558761183
0.4651046843740282
0.4649758513517753
0.46484660519927623
0.46471694459627133
0.4645868682239068
0.4644563747648245
0.46432546290325216
0.46419413132509557
0.46406237871802997
0.4639302037715939
0.46379760517728286
0.46366458162864527
0.4635311318213775
0.4633972544534214
0.4632629482250612
0.46312821183902375
0.46299304400057617
0.46285744341762775
0.4627214088008312
0.46258493886368396
0.46244803232263215
0.46231068789717483
0.4621729043099683
0.4620346802869321
0.4618960145573558
0.46175690585400664
0.4616173529132379
0.46147735447509786
0.4613369092834408
0.46119601608603716
0.4610546736346857
0.4609128806853262
0.4607706359981537
0.4606279383377313
0.46048478647310725
0.4603411791779295
0.46019711523056384
0.46005259341421006
0.45990761251702195
0.45976217133222574
0.45961626865824023
0.4594699032987977
0.45932307406306566
0.4591757797657693
0.4590280192273139
0.45887979127390977
0.4587310947376959
0.45858192845686624
0.45843229127579466
0.45828218204516263
0.45813159962208644
0.45798054287024464
0.45782901066000836
0.457677001868569
0.45752451538006994
0.457371550085736
0.4572181048840057
0.4570641786806628
0.45690977038896974
0.4567548789297992
0.4565995032317696
0.45644364223137834
0.4562872948731369
0.456130460109707
0.45597313690203456
0.45581532421948895
0.45565702103999695
0.45549822635018256
0.45533893914550344
0.4551791584303889
0.45501888321838
0.4548581125322674
0.4546968454042313
0.45453508087598093
0.4543728179988957
0.45421005583416413
0.4540467934529261
0.453883029936413
0.4537187643760897
0.4535539958737961
0.4533887235418885
0.45322294650338235
0.4530566638920941
0.4528898748527836
0.45272257854129716
0.45255477412470974
0.45238646078146794
0.452217637701533
0.45204830408652347
0.45187845914985864
0.4517081021169013
0.4515372322251008
0.45136584872413565
0.4511939508760574
0.45102153795543176
0.45084860924948356
0.4506751640582374
0.4505012016946607
0.45032672148480646
0.4501517227679549
0.4499762048967551
0.44980016723736627
0.44962360916960004
0.4494465300870602
0.4492689293972844
0.4490908065218829
0.44891216089668023
0.4487329919718526
0.44855329921206877
0.44837308209662696
0.4481923401195934
0.44801107278994
0.4478292796316807
0.4476469601840076
0.4474641140014275
0.447280740653895
0.44709683972694914
0.446912410821845
0.4467274535556871
0.4465419675615618
0.44635595248866766
0.44616940800244664
0.4459823337847132
0.4457947295337822
0.4456065949645979
0.4454179298088596
0.4452287338151477
0.4450390067490479
0.44484874839327565
0.44465795854779744
0.4444666370299534
0.44427478367457635
0.444082398334112
0.4438894808787356
0.4436960311964693
0.4435020491932965
0.4433075347932772
0.44311248793865904
0.44291690858999
0.44272079672622633
0.4425241523448429
0.44232697546193867
0.4421292661123427
0.44193102434971726
0.4417322502466615
0.44153294389481046
0.4413331054049347
0.44113273490703786
0.44093183255045226
0.44073039850393225
0.4405284329557468
0.4403259361137697
0.4401229082055681
0.43991934947848926
0.4397152601997446
0.43951064065649337
0.4393054911559233
0.43909981202532933
0.4388936036121903
0.43868686628424414
0.43847960042956047
0.4382718064566114
0.4380634847943402
0.437854635892227
0.4376452602203531
0.4374353582694641
0.4372249305510283
0.43701397759729455
0.43680249996134746
0.4365904982171604
0.4363779729596456
0.4361649248047023
0.435951354389263
0.435737262371336
0.4355226494300462
0.4353075162656741
0.4350918635996907
0.43487569217479194
0.43465900275492775
0.4344417961253321
0.434224073092547
0.4340058344844465
0.4337870811502561
0.4335678139605707
0.43334803380737036
0.43312774160403067
0.4329069382853342
0.4326856248074762
0.43246380214806845
0.43224147130614105
0.4320186333021407
0.43179528917792637
0.43157143999676095
0.43134708684330364
0.4311222308235943
0.430896873065039
0.43067101471639135
0.4304446569477311
0.4302178009504383
0.42999044793716756
0.42976259914181664
0.4295342558194928
0.4293054192464777
0.42907609072018726
0.4288462715591295
0.4286159631028595
0.4283851667119314
0.42815388376784647
0.42792211567299954
0.4276898638506217
0.42745712974471944
0.42722391482001254
0.42699022056186675
0.426756048476225
0.4265214000895345
0.4262862769486728
0.42605068062086787
0.42581461269361714
0.4255780747746037
0.42534106849160846
0.4251035954924194
0.4248656574447386
0.424627256036086
0.42438839297369896
0.4241490699844308
0.4239092888146451
0.42366905123010706
0.42342835901587195
0.42318721397617165
0.42294561793429675
0.4227035727324757
0.42246108023175305
0.4222181423118625
0.4219747608710982
0.421730937826182
0.4214866751121307
0.4212419746821166
0.42099683850732783
0.4207512685768252
0.4205052668973954
0.4202588354934038
0.420011976406641
0.41976469169616937
0.419516983438166
0.41926885372576295
0.41902030466888407
0.41877133839408104
0.4185219570443647
0.41827216277903523
0.4180219577735086
0.41777134421914164
0.41752032432305364
0.4172689003079463
0.4170170744119197
0.41676484888828824
0.4165122260053914
0.416259208046404
0.41600579730914367
0.4157519961058761
0.41549780676311715
0.4152432316214335
0.41498827303524116
0.41473293337260125
0.41447721501501433
0.41422112035721104
0.4139646518069433
0.4137078117847706
0.41345060272384593
0.41319302706970035
0.4129350872800226
0.412676785824441
0.41241812518429954
0.4121591078524356
0.4118997363329523
0.41164001314099286
0.41137994080250967
0.4111195218540348
0.4108587588424462
0.41059765432473494
0.4103362108677682
0.410074431048053
0.4098123174514972
0.40954987267316945
0.4092870993170576
0.40902399999582617
0.4087605773305721
0.4084968339505798
0.40823277249307366
0.4079683956029713
0.4077037059326349
0.40743870614161987
0.4071733988964259
0.406907786870243
0.4066418727427012
0.4063756591996137
0.4061091489327253
0.4058423446394552
0.4055752490226412
0.4053078647902834
0.4050401946552861
0.40477224133520023
0.40450400755196386
0.4042354960316439
0.40396670950417607
0.4036976507031042
0.4034283223653208
0.4031587272308052
0.4028888680423628
0.40261874754536386
0.4023483684874819
0.40207773361843074
0.4018068456897047
0.401535707454315
0.40126432166652803
0.40099269108160385
0.4007208184555338
0.4004487065447796
0.4001763581060103
0.39990377589584175
0.39963096267057485
0.39935792118593566
0.3990846541968135
0.39881116445700115
0.39853745471893565
0.3982635277334375
0.39798938624945346
0.39771503301379696
0.3974404707708908
0.39716570226250963
0.3968907302275242
0.39661555740164456
0.39634018651716585
0.3960646203027132
0.39578886148298886
0.39551291277851974
0.39523677690540476
0.3949604565750643
0.3946839544939913
0.39440727336350145
0.3941304158794856
0.39385338473216286
0.39357618260583493
0.39329881217864215
0.3930212761223199
0.39274357710195584
0.39246571777575034
0.39218770079477505
0.39190952880273644
0.39163120443573785
0.39135273032204343
0.39107410908184514
0.3907953433270292
0.3905164356609446
0.3902373886781738
0.38995820496430394
0.38967888709569964
0.38939943763927914
0.38911985915228875
0.3888401541820823
0.38856032526589956
0.3882803749306486
0.38800030569268745
0.3877201200576091
0.387439820520029
0.3871594095633712
0.3868788896596587
0.38659826326930685
0.38631753284091347
0.3860367008110571
0.3857557696040923
0.385474741631949
0.3851936192939336
0.38491240497653134
0.3846311010532103
0.3843497098842288
0.38406823381644317
0.38378667518311876
0.3835050363037411
0.38322331948383104
0.3829415270147603
0.3826596611735707
0.38237772422279304
0.3820957184102697
0.38181364596897976
0.3815315091168635
0.38124931005665214
0.3809670509756967
0.38068473404580144
0.3804023614230576
0.38011993524767973
0.3798374576438442
0.37955493071952884
0.3792723565663566
0.37898973725943985
0.37870707485722566
0.3784243714013459
0.3781416289164663
0.3778588494101411
0.3775760348726659
0.37729318727693534
0.3770103085783016
0.37672740071443533
0.37644446560518846
0.3761615051524584
0.3758785212400557
0.37559551573357286
0.3753124904802546
0.37502944730887083
0.3747463880295918
0.37446331443386494
0.3741802282942925
0.37389713136451364
0.3736140253790866
0.37333091205337265
0.37304779308342345
0.3727646701458685
0.37248154489780627
0.37219841897669603
0.3719152940002512
0.37163217156633666
0.3713490532528647
0.37106594061769566
0.3707828351985394
0.370499738512857
0.3702166520577675
0.3699335773099528
0.3696505157255672
0.3693674687401464
0.3690844377685205
0.36880142420472634
0.368518429421923
0.36823545477230846
0.3679525015870378
0.367669571176143
0.3673866648284555
0.36710378381152764
0.36682092937155786
0.36653810273331716
0.3662553051000762
0.3659725376535343
0.36568980155374997
0.3654070979390731
0.36512442792607736
0.36484179260949534
0.36455919306215445
0.364276630334914
0.3639941054566039
0.36371161943396424
0.36342917325158564
0.3631467678718533
0.36286440423488786
0.36258208325849234
0.3622998058380962
0.3620175728467024
0.3617353851348355
0.3614532435304902
0.36117114883908147
0.36088910184339473
0.3606071033035386
0.360325153956897
0.36004325451808206
0.35976140567889
0.35947960810825513
0.3591978624522071
0.358916169333826
0.358634529353202
0.3583529430873918
0.358071411090379
0.35778993389303265
0.3575085120030681
0.3572271459050078
0.35694583606014196
0.35666458290649095
0.35638338685876814
0.35610224830834175
0.3558211676231986
0.35554014514790755
0.35525918120358396
0.3549782760878531
0.3546974300748156
0.354416643415012
0.35413591633538793
0.35385524903925936
0.3535746417062779
0.3532940944923963
0.3530136075298348
0.35273318092704675
0.35245281476868257
0.3521725091155591
0.35189226400462154
0.3516120794489123
0.3513319554375337
0.3510518919356162
0.3507718888842817
0.35049194620060903
0.3502120637775994
0.3499322414841402
0.34965247916497
0.3493727766406419
0.34909313370748685
0.3488135501375779
0.3485340256786923
0.3482545600542726
0.3479751529633906
0.34769580408070744
0.3474165130564333
0.34713727951628903
0.34685810306146503
0.3465789832685792
0.34629991968963625
0.3460209118519838
0.3457419592582701
0.3454630613863983
0.3451842176894827
0.3449054275958021
0.3446266905087527
0.3443480058068008
0.3440693728434337
0.3437907909471103
0.34351225942120933
0.34323377754397844
0.3429553445684816
0.3426769597225428
0.3423986222086937
0.3421203312041148
0.3418420858605784
0.34156388530439125
0.3412857286363316
0.3410076149315897
0.3407295432397039
0.3404515125844969
0.3401735219640092
0.339895570350433
0.3396176566900432
0.33933977990312614
0.3390619388839096
0.3387841325004893
0.3385063595947521
0.3382286189823018
0.33795090945237993
0.33767322976778635
0.3373955786647968
0.3371179548530805
0.33684035701561443
0.33656278380859683
0.3362852338613588
0.33600770577627204
0.33573019812865845
0.33545270946669364
0.3351752383113126
0.33489778315610974
0.3346203424672387
0.3343429146833108
0.3340654982152897
0.3337880914463849
0.33351069273194395
0.33323330039934
0.33295591274786
0.332678528048589
0.3324011445442935
0.3321237604493001
0.33184637394937533
0.3315689832016
0.331291586334244
0.3310141814466363
0.33073676660903334
0.33045933986248754
0.3301818992187084
0.3299044426599259
0.3296269681387488
0.32934947357802113
0.3290719568706771
0.328794415879591
0.328516848437428
0.3282392523464893
0.3279616253785567
0.3276839652747334
0.3274062697452828
0.3271285364694655
0.3268507630953704
0.3265729472397479
0.32629508648783667
0.32601717839318906
0.3257392204774936
0.32546121023039615
0.3251831451093151
0.3249050225392584
0.3246268399126326
0.3243485945890534
0.32407028389515197
0.32379190512437733
0.3235134555367982
0.32323493235889966
0.32295633278337904
0.322677653968938
0.3223988930400714
0.322120047086855
0.3218411131647284
0.3215620882942765
0.32128296946100776
0.321003753615129
0.32072443767131964
0.32044501850849916
0.320165492969596
0.31988585786131163
0.3196061099538815
0.3193262459808343
0.31904626263874725
0.3187661565870006
0.31848592444752705
0.31820556280456014
0.31792506820438016
0.3176444371550554
0.3173636661261826
0.3170827515486255
0.3168016898142472
0.31652047727564525
0.31623911024587853
0.3159575849981964
0.31567589776576316
0.3153940447413801
0.3151120220772052
0.31482982588447156
0.3145474522332027
0.3142648971519253
0.31398215662738016
0.3136992266042325
0.3134161029847764
0.31313278162864205
0.312849258352497
0.31256552892974776
0.31228158909023923
0.31199743451995227
0.31171306086069844
0.3114284637098153
0.3111436386198597
0.3108585810982975
0.31057328660719485
0.3102877505629068
0.3100019683357652
0.3097159352497643
0.30942964658224825
0.3091430975635949
0.30885628337690113
0.3085691991576653
0.3082818399934717
0.3079942009236739
0.3077062769390762
0.3074180629816178
0.3071295539440559
0.30684074466964806
0.30655162995183677
0.3062622045339333
0.3059724631088033
0.30568240031855315
0.3053920107542163
0.30510128895544164
0.30481022941018565
0.3045188265544014
0.3042270747717344
0.3039349683932172
0.3036425016969686
0.3033496689078933
0.303056464197387
0.30276288168304144
0.3024689154283552
0.3021745594424484
0.3018798076797783
0.30158465403986195
0.301289092367002
0.3009931164500173
0.3006967200219794
0.30039989675995216
0.30010264028473915
0.29980494416063663
0.29950680189519224
0.2992082069389703
0.2989091526853249
0.2986096324701789
0.29830963957181256
0.2980091672106594
0.2977082085491101
0.2974067566913256
0.29710480468306055
0.29680234551149487
0.29649937210507693
0.29619587733337693
0.29589185400695095
0.2955872948772174
0.2952821926363448
0.2949765399171529
0.29467032929302645
0.2943635532778416
0.29405620432590934
0.29374827483193
0.29343975713096565
0.29313064349842693
0.2928209261500771
0.2925105972420518
0.29219964887089817
0.2918880730736306
0.29157586182780537
0.2912630070516167
0.2909495006040096
0.29063533428481625
0.2903204998349129
0.29000498893639803
0.28968879321279467
0.2893719042292749
0.28905431349291044
0.28873601245294583
0.28841699250109915
0.2880972449718882
0.28777676114298534
0.2874555322355965
0.28713354941487607
0.2868108037903624
0.2864872864164518
0.286162988292898
0.2858379003653477
0.2855120135259055
0.2851853186137353
0.2848578064156946
0.28452946766700515
0.28420029305195954
0.2838702732046637
0.28353939870982053
0.2832076601035489
0.28287504787424533
0.28254155246348356
0.2822071642669589
0.28187187363547167
0.2815356708759579
0.2811985462525601
0.28086048998774577
0.28052149226347217
0.28018154322239724
0.27984063296913764
0.279498751571577
0.2791558890622234
0.278812035439617
0.2784671806697893
0.27812131468777485
0.27777442739917535
0.277426508681779
0.27707754838723314
0.2767275363427735
0.2763764623530106
0.27602431620177015
0.2756710876539964
0.27531676645770875
0.27496134234602265
0.2746048050392272
0.27424714424692576
0.27388834967023595
0.2735284110040541
0.2731673179393809
0.27280506016571027
0.27244162737348304
0.27207700925660333
0.2717111955150217
0.2713441758573808
0.2709759400037299
0.2706064776883015
0.2702357786623577
0.26986383269709974
0.26949062958664616
0.2691161591510765
0.268740411239543
0.26836337573344754
0.26798504254968586
0.267605401643959
0.26722444301415066
0.26684215670377015
0.2664585328054625
0.26607356146458333
0.2656872328828386
0.2652995373219901
0.26491046510762356
0.2645200066329806
0.2641281523628533
0.26373489283754137
0.26334021867686774
0.262944120584257
0.2625465893508699
0.2621476158597973
0.26174719109030903
0.2613453061221589
0.2609419521399424
0.2605371204375061
0.26013080242240766
0.25972298962042456
0.25931367368010955
0.25890284637739025
0.2584904996202114
0.2580766254532186
0.25766121606247916
0.2572442637802408
0.2568257610897207
0.25640570062992885
0.255984075200517
0.25556087776665637
0.2551361014639339
0.25470973960327264
0.2542817856758646
0.25385223335812235
0.25342107651663437
0.25298830921313487
0.25255392570947144
0.252117920472574
0.25168028817942456
0.2512410237220127
0.25080012221228637
0.25035757898708405
0.2499133896130509
0.24946754989153017
0.2490200558634291
0.24857090381405342
0.24812009027790743
0.2476676120434541
0.2472134661578324
0.246757649931526
0.24630016094298085
0.2458409970431647
0.24538015636006638
0.24491763730312965
0.24445343856761606
0.24398755913889456
0.2435199982966517
0.243050755619017
0.2425798309866014
0.24210722458644357
0.24163293691585808
0.2411569687861825
0.2406793213264187
0.2401999959867636
0.2397189945420256
0.2392363190949222
0.238751972079254
0.23826595626295116
0.2377782747509897
0.23728893098817153
0.23679792876176586
0.23630527220400607
0.23581096579444175
0.2353150143621388
0.23481742308772766
0.23431819750529106
0.2338173435040952
0.23331486733015377
0.2328107755876292
0.23230507524006017
0.23179777361142215
0.23128887838700962
0.23077839761414362
0.23026633970269975
0.2297527134254551
0.2292375279182533
0.22872079267998557
0.22820251757238408
0.2276827128196315
0.22716138900777988
0.22663855708398253
0.22611422835553563
0.22558841448873074
0.2250611275075173
0.2245323797919743
0.22400218407659211
0.2234705534483669
0.2229375013447033
0.22240304155113128
0.22186718819883433
0.2213299557619948
0.2207913590549502
0.22025141322917158
0.2197101337700581
0.21916753649355422
0.21862363754258893
0.21807845338334256
0.21753200080134075
0.21698429689737994
0.2164353590832881
0.21588520507751996
0.21533385290059776
0.2147813208703907
0.21422762759724656
0.21367279197897254
0.21311683319567223
0.21255977070444337
0.21200162423393734
0.2114424137787886
0.21088215959391599
0.21032088218870168
0.2097586023210517
0.20919534099134407
0.20863111943626542
0.2080659591225499
0.2074998817406133
0.20693290919809876
0.2063650636133304
0.20579636730868658
0.2052268428038948
0.2046565128092533
0.20408540021878477
0.20351352810333162
0.20294091970358935
0.20236759842309396
0.2017935878211593
0.2012189116057758
0.200643593626474
0.20006765786715638
0.19949112843890635
0.19891402957277537
0.19833638561255734
0.1977582210075533
0.1971795603053303
0.19660042814448142
0.19602084924739316
0.19544084841301967
0.19486045050967488
0.19427968046784133
0.19369856327300702
0.19311712395852723
0.19253538759852112
0.19195337930080514
0.19137112419986796
0.1907886474498912
0.19020597421781835
0.18962312967647796
0.18904013899776373
0.18845702734587413
0.1878738198706163
0.18729054170077794
0.18670721793756853
0.18612387364813493
0.18554053385915228
0.18495722355049643
0.18437396764899533
0.18379079102226775
0.1832077184726469
0.1826247747311954
0.18204198445181008
0.18145937220542102
0.18087696247428608
0.1802947796463836
0.17971284800990303
0.17913119174783593
0.17854983493267115
0.17796880152119066
0.17738811534937288
0.1768078001273997
0.17622787943477083
0.17564837671552663
0.17506931527357883
0.1744907182681498
0.17391260870932346
0.1733350094537039
0.1727579432001877
0.17218143248584328
0.17160549968190605
0.17103016698988022
0.17045545643775595
0.16988138987633444
0.1693079889756664
0.16873527522160064
0.16816326991244268
0.16759199415572557
0.16702146886508773
0.16645171475726267
0.16588275234917665
0.1653146019551544
0.16474728368423233
0.16418081743757934
0.16361522290602254
0.16305051956767946
0.16248672668569436
0.16192386330607642
0.16136194825564365
0.16080100014006474
0.16024103734200484
0.15968207801936718
0.15912414010363685
0.1585672412983182
0.15801139907747144
0.15745663068434151
0.15690295313008187
0.15635038319257114
0.15579893741531964
0.1552486321064669
0.15469948333786715
0.15415150694426177
0.15360471852253946
0.1530591334310779
0.15251476678917245
0.1519716334765434
0.15142974813292587
0.15088912515773795
0.1503497787098274
0.1498117227072932
0.1492749708273845
0.14873953650647034
0.14820543294008395
0.1476726730830369
0.14714126964960228
0.14661123511376722
0.14608258170954963
0.14555532143138344
0.1450294660345645
0.1445050270357609
0.14398201571358388
0.1434604431092181
0.14294032002710996
0.14242165703571444
0.14190446446829522
0.1413887524237804
0.14087453076767142
0.14036180913300222
0.1398505969213495
0.13934090330389196
0.13883273722251618
0.13832610739096945
0.13782102229605805
0.13731749019888756
0.13681551913614723
0.13631511692143486
0.13581629114662105
0.1353190491832526
0.13482339818399394
0.13432934508410269
0.1338368966029431
0.1333460592455303
0.13285683930410924
0.13236924285976423
0.1318832757840592
0.13139894374070576
0.1309162521872609
0.13043520637685083
0.12995581135992032
0.12947807198600733
0.12900199290553993
0.12852757857165797
0.1280548332420539
0.12758376098083504
0.12711436566040576
0.12664665096336652
0.12618062038443217
0.12571627723236506
0.12525362463192458
0.12479266552583027
0.12433340267673937
0.12387583866923674
0.12341997591183537
0.12296581663899007
0.12251336291311811
0.12206261662663123
0.12161357950397488
0.12116625310367465
0.12072063882038972
0.1202767378869714
0.11983455137652763
0.11939408020449006
0.11895532513068564
0.11851828676141118
0.11808296555150853
0.11764936180644128
0.1172174756843728
0.1167873071982431
0.11635885621784499
0.1159321224718992
0.11550710555012617
0.11508380490531571
0.11466221985539418
0.11424234958548471
0.11382419314996636
0.11340774947452485
0.11299301735819964
0.11257999547542347
0.11216868237805598
0.11175907649740878
0.11135117614626379
0.11094497952088238
0.11054048470300579
0.11013768966184664
0.10973659225607073
0.10933719023576721
0.10893948124441041
0.1085434628208091
0.10814913240104444
0.10775648732039705
0.10736552481526057
0.1069762420250442
0.10658863599406111
0.10620270367340442
0.10581844192280986
0.10543584751250351
0.10505491712503706
0.10467564735710753
0.10429803472136262
0.10392207564819173
0.10354776648750126
0.10317510351047465
0.1028040829113176
0.10243470080898595
0.10206695324889993
0.10170083620463971
0.1013363455796267
0.1009734772087873
0.10061222686020026
0.1002525902367271
0.0998945629776267
0.09953814066015054
0.09918331880112403
0.09883009285850704
0.09847845823294035
0.09812841026927271
0.09777994425807053
0.0974330554371109
0.0970877389928568
0.09674399006191355
0.09640180373246884
0.09606117504571456
0.09572209899725061
0.09538457053847141
0.09504858457793401
0.09471413598270911
0.09438121957971331
0.09404983015702506
0.09371996246518115
0.0933916112184562
0.09306477109612525
0.09273943674370697
0.09241560277419074
0.09209326376924495
0.09177241428040905
0.09145304883026643
0.09113516191360185
0.09081874799853945
0.09050380152766559
0.09019031691913193
0.08987828856774452
0.08956771084603293
0.08925857810530446
0.08895088467667998
0.08864462487211432
0.08833979298539915
0.08803638329314985
0.08773439005577549
0.08743380751843262
0.08713462991196325
0.0868368514538161
0.08654046634895225
0.08624546879073508
0.08595185296180399
0.08565961303493327
0.0853687431738745
0.08507923753418496
0.08479109026403953
0.08450429550502837
0.08421884739293972
0.08393474005852676
0.08365196762826198
0.08337052422507504
0.08309040396907724
0.08281160097827193
0.08253410936925037
0.08225792325787423
0.08198303675994367
0.08170944399185275
0.08143713907123051
0.08116611611756948
0.08089636925284024
0.08062789260209459
0.08036068029405329
0.080094726461684
0.07983002524276483
0.07956657078043611
0.07930435722373991
0.07904337872814755
0.0787836294560755
0.0785251035773886
0.07826779526989325
0.0780116987198174
0.07775680812228057
0.07750311768175226
0.0772506216124998
0.0769993141390243
0.07674918949648697
0.0765002419311252
0.07625246570065687
0.07600585507467573
0.07576040433503631
0.07551610777622898
0.07527295970574452
0.07503095444443061
0.07479008632683765
0.07455034970155497
0.0743117389315393
0.07407424839443298
0.07383787248287371
0.07360260560479538
0.07336844218372061
0.07313537665904443
0.07290340348631003
0.07267251713747577
0.07244271210117464
0.07221398288296581
0.0719863240055778
0.0717597300091446
0.07153419545143387
0.07130971490806823
0.0710862829727384
0.07086389425741038
0.0706425433925245
0.07042222502718815
0.07020293382936178
0.06998466448603821
0.06976741170341468
0.06955117020706003
0.06933593474207399
0.0691217000732412
0.0689084609851792
0.06869621228247982
0.06848494878984521
0.06827466535221864
0.06806535683490839
0.06785701812370715
0.06764964412500599
0.06744322976590245
0.06723776999430423
0.06703325977902669
0.06682969410988666
0.06662706799779053
0.06642537647481743
0.06622461459429885
0.06602477743089222
0.06582586008065071
0.06562785766108878
0.06543076531124324
0.0652345781917299
0.06503929148479647
0.06484490039437091
0.0646514001461063
0.06445878598742175
0.0642670531875393
0.06407619703751727
0.06388621285027997
0.06369709596064417
0.06350884172534124
0.06332144552303699
0.0631349027543475
0.0629492088418521
0.06276435923010276
0.0625803493856308
0.06239717479695057
0.062214830974559765
0.06203331345093755
0.06185261778053937
0.06167273953978891
0.06149367432706806
0.06131541776270392
0.06113796548895262
0.06096131316998194
0.06078545649185044
0.060610391162484956
0.06043611291165511
0.06026261749094634
0.060089900673730386
0.05991795825513319
0.059746786052001774
0.05957637990286822
0.05940673566791249
0.059237849228921884
0.05906971648925079
0.058902333373776816
0.058735695828856044
0.058569799822276225
0.05840464134320901
0.058240216402159276
0.05807652103091435
0.05791355128249074
0.05775130323107962
0.05758977297199139
0.057428956621597985
0.05726885031727462
0.05710945021733972
0.05695075250099401
0.05679275336825822
0.05663544903990901
0.056478835757415274
0.056322909782871446
0.056167667398931434
0.056013104908740154
0.05585921863586531
0.05570600492422702
0.055553460138027505
0.05540158066167942
0.055250362899732966
0.055099803276803326
0.054949898237495846
0.05480064424633161
0.05465203778767174
0.054504075365641065
0.054356753504050996
0.054210068746322344
0.05406401765540634
0.05391859681370643
0.05377380282299862
0.053629632304351416
0.05348608189804541
0.05334314826349228
0.0532008280791533
0.053059118042457644
0.05291801486971967
0.052777515296056586
0.052637616075305094
0.05249831397993792
0.052359605800980244
0.05222148834792519
0.05208395844864987
0.05194701294933017
0.0518106487143562
0.05167486262624701
0.05153965158556501
0.051405012510830385
0.051270942338435606
0.051137438022558795
0.051004496535078436
0.05087211486548631
0.0507402900208017
0.05060901902548445
0.05047829892134874
0.050348126767476006
0.0502184996401288
0.05008941463266359
0.04996086885544376
