0.5642512813410513
0.6168356941039455
0.5986981523556485
0.5823070855519767
0.5679894851103364
0.5558740636232506
0.5459183639480725
0.5379467776991981
0.531703036902838
0.5269002664609438
0.5232585648284719
0.5205275478392866
0.5184961630087674
0.5169938575465336
0.5158869339291985
0.5150728741971528
0.514474322632296
0.5140335905201208
0.5137080226642478
0.5134662761184203
0.5132854249241712
0.5131487554571822
0.5130441125399751
0.5129626717283515
0.5128980347726693
0.5128455667696368
0.5128019123162746
0.5127646433254773
0.51273200320481
0.5127027213121145
0.512675878530481
0.5126508099570531
0.5126270344999021
0.5126042039637233
0.5125820662401582
0.5125604387003972
0.5125391889644011
0.5125182210021355
0.5124974650881415
0.5124768705404729
0.5124564004714325
0.512436027991875
0.5124157334657765
0.512395502523727
0.5123753246248953
0.5123551920154417
0.5123350989735694
0.5123150412618782
0.5122950157297054
0.5122750200240351
0.5122550523790461
0.5122351114626488
0.512215196264371
0.5121953060132614
0.512175440117622
0.5121555981206299
0.5121357796675476
0.5121159844814003
0.5120962123448569
0.5120764630866622
0.512056736571425
0.5120370326918846
0.5120173513630182
0.5119976925175178
0.5119780561022957
0.5119584420757644
0.5119388504057003
0.5119192810675582
0.5118997340431259
0.511880209319447
0.5118607068879486
0.5118412267437342
0.5118217688850019
0.5118023333125679
0.5117829200294712
0.5117635290406453
0.5117441603526429
0.5117248139734069
0.5117054899120763
0.5116861881788238
0.511666908784716
0.5116476517415993
0.5116284170619978
0.5116092047590299
0.5115900148463364
0.5115708473380186
0.5115517022485856
0.5115325795929095
0.511513479386187
0.5114944016439057
0.5114753463818164
0.5114563136159078
0.511437303362386
0.5114183156376564
0.5113993504583072
0.5113804078410967
0.5113614878029409
0.5113425903609032
0.5113237155321861
0.5113048633341224
0.511286033784169
0.5112672268999002
0.5112484426990036
0.5112296811992738
0.5112109424186091
0.5111922263750072
0.5111735330865627
0.5111548625714625
0.5111362148479843
0.5111175899344932
0.5110989878494401
0.5110804086113583
0.5110618522388624
0.511043318750646
0.5110248081654801
0.5110063205022106
0.5109878557797576
0.5109694140171134
0.5109509952333405
0.5109325994475707
0.5109142266790035
0.5108958769469044
0.510877550270604
0.5108592466694959
0.510840966163036
0.5108227087707411
0.5108044745121875
0.5107862634070093
0.5107680754748976
0.510749910735599
0.510731769208915
0.5107136509146993
0.5106955558728581
0.510677484103348
0.5106594356261744
0.5106414104613916
0.5106234086291002
0.5106054301494466
0.5105874750426219
0.5105695433288597
0.5105516350284367
0.5105337501616688
0.5105158887489128
0.5104980508105631
0.5104802363670513
0.5104624454388451
0.5104446780464469
0.510426934210392
0.5104092139512487
0.5103915172896158
0.5103738442461226
0.5103561948414265
0.5103385690962124
0.5103209670311917
0.5103033886671008
0.5102858340246996
0.5102683031247714
0.5102507959881201
0.5102333126355705
0.5102158530879662
0.5101984173661691
0.510181005491057
0.5101636174835239
0.5101462533644778
0.5101289131548402
0.5101115968755443
0.5100943045475339
0.5100770361917625
0.5100597918291926
0.5100425714807929
0.5100253751675391
0.5100082029104112
0.5099910547303932
0.5099739306484714
0.5099568306856342
0.5099397548628691
0.5099227032011635
0.5099056757215024
0.5098886724448672
0.5098716933922358
0.5098547385845794
0.509837808042863
0.5098209017880438
0.5098040198410698
0.5097871622228786
0.5097703289543968
0.5097535200565383
0.5097367355502033
0.5097199754562773
0.50970323979563
0.5096865285891139
0.5096698418575634
0.5096531796217932
0.5096365419025982
0.5096199287207511
0.5096033400970021
0.509586776052078
0.5095702366066801
0.5095537217814836
0.5095372315971369
0.50952076607426
0.5095043252334432
0.5094879090952467
0.5094715176801986
0.5094551510087947
0.5094388091014967
0.5094224919787317
0.5094061996608903
0.5093899321683265
0.5093736895213555
0.5093574717402538
0.5093412788452574
0.5093251108565604
0.509308967794315
0.5092928496786292
0.509276756529567
0.5092606883671458
0.509244645211337
0.5092286270820637
0.5092126339992
0.5091966659825702
0.5091807230519475
0.5091648052270529
0.5091489125275543
0.5091330449730653
0.5091172025831447
0.5091013853772943
0.5090855933749592
0.5090698265955257
0.5090540850583212
0.509038368782612
0.509022677787604
0.5090070120924395
0.508991371716198
0.5089757566778945
0.5089601669964783
0.5089446026908323
0.508929063779772
0.5089135502820441
0.508898062216326
0.5088825996012248
0.5088671624552757
0.5088517507969418
0.5088363646446125
0.5088210040166028
0.5088056689311525
0.5087903594064247
0.5087750754605055
0.5087598171114026
0.5087445843770441
0.5087293772752781
0.5087141958238719
0.50869904004051
0.5086839099427941
0.5086688055482419
0.5086537268742866
0.5086386739382741
0.5086236467574652
0.5086086453490318
0.5085936697300575
0.5085787199175361
0.5085637959283714
0.508548897779375
0.5085340254872666
0.5085191790686728
0.5085043585401257
0.5084895639180623
0.5084747952188242
0.5084600524586559
0.5084453356537036
0.5084306448200158
0.5084159799735408
0.5084013411301272
0.5083867283055219
0.5083721415153699
0.5083575807752132
0.50834304610049
0.508328537506534
0.5083140550085727
0.5082995986217285
0.5082851683610153
0.5082707642413399
0.5082563862774995
0.5082420344841825
0.5082277088759656
0.5082134094673152
0.5081991362725851
0.508184889306016
0.5081706685817351
0.5081564741137549
0.5081423059159722
0.5081281640021681
0.5081140483860066
0.5080999590810336
0.5080858961006767
0.5080718594582442
0.5080578491669243
0.5080438652397841
0.5080299076897693
0.508015976529703
0.5080020717722856
0.5079881934300926
0.5079743415155757
0.5079605160410608
0.507946717018748
0.5079329444607099
0.507919198378892
0.5079054787851112
0.5078917856910553
0.5078781191082822
0.5078644790482196
0.5078508655221637
0.5078372785412791
0.507823718116597
0.5078101842590159
0.5077966769793002
0.5077831962880797
0.5077697421958479
0.5077563147129633
0.5077429138496472
0.5077295396159832
0.5077161920219172
0.507702871077256
0.5076895767916669
0.5076763091746778
0.5076630682356749
0.5076498539839035
0.5076366664284669
0.5076235055783255
0.5076103714422968
0.5075972640290536
0.5075841833471249
0.5075711294048941
0.507558102210599
0.5075451017723309
0.507532128098034
0.5075191811955049
0.507506261072392
0.5074933677361951
0.5074805011942644
0.5074676614537995
0.5074548485218506
0.507442062405316
0.5074293031109424
0.5074165706453243
0.5074038650149029
0.5073911862259667
0.5073785342846495
0.5073659091969314
0.5073533109686363
0.5073407396054337
0.507328195112836
0.5073156774961993
0.5073031867607225
0.5072907229114465
0.5072782859532543
0.50726587589087
0.5072534927288582
0.5072411364716237
0.5072288071234112
0.5072165046883045
0.5072042291702258
0.5071919805729361
0.5071797589000339
0.5071675641549543
0.5071553963409702
0.5071432554611899
0.5071311415185579
0.507119054515854
0.5071069944556931
0.5070949613405238
0.5070829551726297
0.5070709759541271
0.5070590236869656
0.5070470983729279
0.5070352000136279
0.5070233286105124
0.5070114841648588
0.5069996666777755
0.5069878761502018
0.5069761125829068
0.5069643759764888
0.5069526663313764
0.5069409836478265
0.506929327925924
0.506917699165583
0.5069060973665441
0.506894522528376
0.5068829746504738
0.5068714537320597
0.5068599597721815
0.5068484927697132
0.5068370527233539
0.5068256396316277
0.5068142534928842
0.5068028943052963
0.5067915620668615
0.5067802567754008
0.5067689784285587
0.5067577270238026
0.5067465025584221
0.5067353050295299
0.5067241344340601
0.5067129907687686
0.5067018740302329
0.5066907842148513
0.5066797213188428
0.5066686853382468
0.5066576762689234
0.5066466941065517
0.5066357388466308
0.506624810484479
0.5066139090152334
0.5066030344338499
0.506592186735103
0.5065813659135849
0.5065705719637058
0.5065598048796938
0.5065490646555938
0.5065383512852683
0.5065276647623963
0.5065170050804733
0.5065063722328114
0.5064957662125383
0.5064851870125985
0.5064746346257505
0.5064641090445698
0.5064536102614463
0.5064431382685846
0.5064326930580041
0.506422274621539
0.5064118829508375
0.5064015180373621
0.5063911798723888
0.5063808684470074
0.5063705837521207
0.506360325778446
0.5063500945165124
0.506339889956662
0.5063297120890504
0.5063195609036446
0.5063094363902251
0.5062993385383836
0.5062892673375241
0.5062792227768624
0.5062692048454264
0.5062592135320545
0.5062492488253973
0.5062393107139163
0.5062293991858837
0.5062195142293835
0.5062096558323094
0.5061998239823662
0.506190018667069
0.5061802398737438
0.5061704875895262
0.5061607618013618
0.5061510624960066
0.5061413896600265
0.5061317432797965
0.5061221233415019
0.506112529831137
0.5061029627345058
0.5060934220372217
0.5060839077247071
0.5060744197821938
0.5060649581947217
0.506055522947141
0.5060461140241097
0.5060367314100951
0.506027375089373
0.5060180450460277
0.5060087412639525
0.5059994637268481
0.5059902124182253
0.5059809873214017
0.5059717884195039
0.5059626156954666
0.5059534691320324
0.505944348711753
0.5059352544169868
0.5059261862299013
0.5059171441324712
0.5059081281064798
0.5058991381335181
0.5058901741949847
0.5058812362720866
0.5058723243458382
0.5058634383970619
0.5058545784063879
0.5058457443542541
0.505836936220906
0.505828153986397
0.5058193976305885
0.5058106671331494
0.5058019624735562
0.5057932836310935
0.5057846305848531
0.5057760033137351
0.5057674017964471
0.5057588260115042
0.5057502759372302
0.5057417515517555
0.505733252833019
0.5057247797587677
0.5057163323065557
0.5057079104537457
0.5056995141775079
0.5056911434548208
0.5056827982624706
0.5056744785770517
0.5056661843749667
0.5056579156324262
0.505649672325449
0.5056414544298619
0.5056332619213004
0.5056250947752085
0.5056169529668378
0.505608836471249
0.5056007452633113
0.5055926793177024
0.5055846386089083
0.5055766231112249
0.5055686327987551
0.5055606676454126
0.5055527276249188
0.5055448127108042
0.5055369228764093
0.5055290580948831
0.5055212183391843
0.5055134035820805
0.5055056137961494
0.5054978489537779
0.505490109027163
0.5054823939883111
0.5054747038090386
0.5054670384609721
0.505459397915548
0.5054517821440133
0.5054441911174252
0.5054366248066513
0.5054290831823702
0.5054215662150705
0.505414073875052
0.5054066061324255
0.5053991629571132
0.5053917443188476
0.5053843501871736
0.505376980531447
0.505369635320835
0.5053623145243173
0.505355018110685
0.5053477460485413
0.5053404983063017
0.5053332748521939
0.5053260756542585
0.505318900680348
0.5053117498981285
0.5053046232750786
0.5052975207784902
0.5052904423754684
0.5052833880329317
0.5052763577176123
0.5052693513960562
0.5052623690346235
0.505255410599488
0.5052484760566381
0.5052415653718767
0.5052346785108213
0.5052278154389038
0.5052209761213724
0.5052141605232887
0.5052073686095312
0.5052006003447931
0.5051938556935838
0.5051871346202286
0.5051804370888686
0.5051737630634618
0.5051671125077825
0.5051604853854216
0.505153881659787
0.5051473012941039
0.5051407442514149
0.5051342104945801
0.5051276999862772
0.5051212126890021
0.5051147485650688
0.5051083075766098
0.5051018896855763
0.5050954948537383
0.5050891230426847
0.505082774213824
0.5050764483283838
0.505070145347412
0.5050638652317764
0.5050576079421643
0.5050513734390844
0.5050451616828652
0.5050389726336572
0.5050328062514309
0.5050266624959786
0.5050205413269148
0.5050144427036752
0.5050083665855175
0.5050023129315225
0.5049962817005931
0.5049902728514549
0.5049842863426567
0.5049783221325713
0.5049723801793942
0.5049664604411452
0.5049605628756685
0.5049546874406319
0.5049488340935286
0.5049430027916766
0.5049371934922183
0.5049314061521226
0.5049256407281835
0.5049198971770209
0.5049141754550813
0.5049084755186375
0.5049027973237891
0.5048971408264626
0.5048915059824121
0.5048858927472192
0.5048803010762934
0.5048747309248721
0.5048691822480217
0.5048636550006368
0.5048581491374412
0.504852664612988
0.5048472013816598
0.5048417593976696
0.5048363386150597
0.5048309389877036
0.5048255604693048
0.5048202030133986
0.5048148665733512
0.5048095511023606
0.5048042565534565
0.5047989828795012
0.5047937300331893
0.5047884979670483
0.5047832866334384
0.5047780959845543
0.5047729259724232
0.5047677765489071
0.5047626476657023
0.5047575392743396
0.5047524513261848
0.5047473837724392
0.5047423365641395
0.5047373096521581
0.5047323029872043
0.5047273165198233
0.5047223502003975
0.5047174039791466
0.5047124778061273
0.5047075716312348
0.504702685404202
0.5046978190746002
0.5046929725918402
0.5046881459051711
0.5046833389636818
0.5046785517163013
0.5046737841117981
0.5046690360987814
0.5046643076257016
0.5046595986408496
0.5046549090923581
0.5046502389282015
0.5046455880961963
0.5046409565440013
0.5046363442191184
0.5046317510688925
0.5046271770405121
0.5046226220810086
0.5046180861372594
0.5046135691559845
0.50460907108375
0.5046045918669666
0.5046001314518905
0.5045956897846242
0.5045912668111161
0.5045868624771612
0.5045824767284015
0.5045781095103263
0.5045737607682724
0.5045694304474247
0.5045651184928163
0.5045608248493292
0.5045565494616941
0.5045522922744916
0.5045480532321517
0.5045438322789542
0.50453962935903
0.5045354444163607
0.5045312773947787
0.5045271282379682
0.5045229968894654
0.5045188832926587
0.5045147873907891
0.5045107091269506
0.5045066484440903
0.5045026052850095
0.5044985795923633
0.5044945713086615
0.5044905803762685
0.5044866067374036
0.5044826503341425
0.5044787111084162
0.504474789002012
0.5044708839565742
0.5044669959136037
0.5044631248144594
0.5044592706003574
0.5044554332123725
0.5044516125914372
0.5044478086783442
0.5044440214137442
0.5044402507381487
0.5044364965919278
0.5044327589153136
0.5044290376483979
0.5044253327311341
0.5044216441033372
0.5044179717046836
0.5044143154747128
0.5044106753528266
0.5044070512782896
0.5044034431902299
0.5043998510276404
0.5043962747293766
0.50439271423416
0.5043891694805761
0.5043856404070765
0.5043821269519778
0.5043786290534638
0.5043751466495834
0.5043716796782536
0.5043682280772579
0.5043647917842481
0.5043613707367435
0.5043579648721322
0.504354574127671
0.504351198440486
0.5043478377475729
0.504344491985797
0.5043411610918945
0.5043378450024721
0.504334543654008
0.5043312569828511
0.5043279849252233
0.5043247274172181
0.5043214843948021
0.5043182557938147
0.5043150415499689
0.5043118415988518
0.5043086558759244
0.5043054843165229
0.5043023268558582
0.5042991834290161
0.5042960539709596
0.5042929384165267
0.5042898367004328
0.5042867487572698
0.5042836745215071
0.5042806139274926
0.5042775669094511
0.5042745334014874
0.5042715133375841
0.504268506651604
0.5042655132772893
0.5042625331482624
0.504259566198026
0.5042566123599644
0.504253671567343
0.5042507437533085
0.5042478288508899
0.5042449267929994
0.5042420375124312
0.5042391609418632
0.5042362970138571
0.5042334456608587
0.5042306068151982
0.5042277804090904
0.5042249663746358
0.5042221646438206
0.5042193751485169
0.5042165978204829
0.5042138325913643
0.5042110793926937
0.5042083381558916
0.5042056088122662
0.504202891293014
0.5042001855292209
0.5041974914518613
0.5041948089917999
0.5041921380797912
0.5041894786464796
0.5041868306224008
0.5041841939379814
0.5041815685235398
0.5041789543092865
0.5041763512253232
0.5041737592016461
0.5041711781681429
0.504168608054596
0.504166048790681
0.5041635003059682
0.5041609625299222
0.5041584353919026
0.5041559188211654
0.5041534127468614
0.5041509170980376
0.5041484318036389
0.5041459567925058
0.5041434919933766
0.5041410373348877
0.5041385927455737
0.504136158153867
0.5041337334881
0.5041313186765037
0.5041289136472089
0.5041265183282467
0.5041241326475486
0.5041217565329469
0.5041193899121752
0.5041170327128687
0.5041146848625645
0.5041123462887024
0.5041100169186246
0.5041076966795766
0.5041053854987075
0.5041030833030701
0.5041007900196219
0.5040985055752248
0.5040962298966454
0.5040939629105562
0.5040917045435354
0.5040894547220673
0.5040872133725427
0.5040849804212594
0.5040827557944223
0.5040805394181443
0.5040783312184464
0.504076131121257
0.5040739390524147
0.5040717549376665
0.5040695787026688
0.5040674102729883
0.5040652495741016
0.5040630965313961
0.5040609510701701
0.5040588131156336
0.5040566825929078
0.504054559427026
0.5040524435429347
0.5040503348654924
0.5040482333194709
0.504046138829556
0.5040440513203468
0.504041970716357
0.5040398969420148
0.5040378299216637
0.5040357695795619
0.5040337158398835
0.5040316686267193
0.5040296278640755
0.5040275934758756
0.5040255653859598
0.5040235435180865
0.5040215277959311
0.5040195181430875
0.5040175144830683
0.5040155167393043
0.5040135248351463
0.5040115386938637
0.5040095582386468
0.5040075833926055
0.5040056140787703
0.5040036502200924
0.504001691739445
0.503999738559622
0.5039977906033399
0.5039958477932373
0.5039939100518749
0.503991977301737
0.5039900494652305
0.5039881264646865
0.50398620822236
0.5039842946604295
0.5039823857009991
0.5039804812660968
0.5039785812776771
0.5039766856576188
0.5039747943277271
0.5039729072097334
0.5039710242252959
0.5039691452959992
0.5039672703433554
0.5039653992888037
0.5039635320537116
0.5039616685593742
0.5039598087270154
0.5039579524777879
0.503956099732773
0.5039542504129819
0.5039524044393552
0.5039505617327632
0.5039487222140073
0.5039468858038184
0.5039450524228593
0.5039432219917231
0.5039413944309356
0.5039395696609529
0.5039377476021643
0.503935928174891
0.503934111299387
0.5039322968958394
0.5039304848843682
0.5039286751850273
0.5039268677178043
0.5039250624026208
0.5039232591593332
0.5039214579077321
0.5039196585675436
0.5039178610584283
0.5039160652999835
0.5039142712117408
0.5039124787131695
0.5039106877236738
0.5039088981625957
0.5039071099492134
0.5039053230027424
0.5039035372423359
0.5039017525870845
0.503899968956017
0.5038981862681005
0.5038964044422398
0.5038946233972799
0.5038928430520033
0.503891063325133
0.5038892841353307
0.5038875054011982
0.5038857270412773
0.50388394897405
0.503882171117939
0.5038803933913072
0.5038786157124594
0.5038768379996409
0.5038750601710389
0.5038732821447821
0.5038715038389411
0.5038697251715291
0.5038679460605013
0.5038661664237558
0.5038643861791333
0.5038626052444178
0.503860823537337
0.503859040975561
0.5038572574767053
0.503855472958328
0.503853687337932
0.5038519005329647
0.5038501124608181
0.5038483230388288
0.5038465321842787
0.5038447398143947
0.5038429458463494
0.5038411501972608
0.5038393527841933
0.503837553524157
0.5038357523341083
0.5038339491309497
0.503832143831531
0.5038303363526482
0.5038285266110449
0.503826714523412
0.5038249000063867
0.503823082976555
0.5038212633504501
0.503819441044553
0.5038176159752933
0.5038157880590485
0.5038139572121444
0.5038121233508559
0.5038102863914062
0.503808446249968
0.5038066028426624
0.5038047560855605
0.5038029058946819
0.5038010521859969
0.5037991948754245
0.5037973338788344
0.5037954691120454
0.5037936004908277
0.5037917279309005
0.5037898513479344
0.5037879706575501
0.5037860857753194
0.5037841966167644
0.5037823030973589
0.5037804051325273
0.5037785026376453
0.5037765955280401
0.5037746837189903
0.5037727671257259
0.5037708456634292
0.503768919247234
0.5037669877922257
0.5037650512134423
0.5037631094258738
0.5037611623444622
0.5037592098841024
0.503757251959641
0.5037552884858779
0.5037533193775652
0.5037513445494078
0.5037493639160637
0.5037473773921434
0.503745384892211
0.5037433863307829
0.5037413816223291
0.5037393706812728
0.5037373534219908
0.5037353297588126
0.5037332996060218
0.5037312628778546
0.503729219488502
0.5037271693521077
0.5037251123827696
0.503723048494539
0.5037209776014206
0.503718899617374
0.5037168144563121
0.5037147220321013
0.5037126222585628
0.5037105150494712
0.503708400318555
0.5037062779794974
0.5037041479459352
0.5037020101314595
0.5036998644496157
0.5036977108139027
0.5036955491377744
0.5036933793346384
0.5036912013178566
0.5036890150007449
0.5036868202965739
0.5036846171185679
0.5036824053799059
0.5036801849937207
0.5036779558730993
0.5036757179310832
0.5036734710806681
0.5036712152348033
0.5036689503063929
0.5036666762082948
0.503664392853321
0.5036621001542377
0.5036597980237649
0.5036574863745769
0.5036551651193016
0.5036528341705215
0.5036504934407722
0.5036481428425437
0.5036457822882794
0.5036434116903764
0.5036410309611862
0.503638640013013
0.5036362387581153
0.5036338271087044
0.5036314049769458
0.5036289722749576
0.5036265289148119
0.5036240748085331
0.5036216098680996
0.5036191340054426
0.5036166471324459
0.5036141491609465
0.5036116400027341
0.5036091195695508
0.5036065877730919
0.5036040445250043
0.5036014897368879
0.5035989233202947
0.5035963451867288
0.503593755247646
0.5035911534144547
0.503588539598514
0.5035859137111361
0.5035832756635833
0.5035806253670699
0.5035779627327617
0.503575287671775
0.5035726000951772
0.5035698999139869
0.503567187039173
0.5035644613816549
0.5035617228523023
0.5035589713619355
0.5035562068213242
0.5035534291411882
0.5035506382321968
0.5035478340049695
0.5035450163700741
0.5035421852380282
0.5035393405192977
0.5035364821242982
0.5035336099633929
0.5035307239468941
0.5035278239850618
0.503524909988104
0.5035219818661764
0.5035190395293825
0.5035160828877727
0.5035131118513451
0.5035101263300439
0.5035071262337604
0.5035041114723322
0.5035010819555433
0.5034980375931233
0.5034949782947475
0.503491903970037
0.5034888145285575
0.5034857098798203
0.5034825899332809
0.5034794545983394
0.5034763037843403
0.5034731374005712
0.5034699553562645
0.5034667575605948
0.5034635439226802
0.5034603143515821
0.5034570687563037
0.5034538070457902
0.5034505291289297
0.5034472349145508
0.503443924311424
0.5034405972282607
0.5034372535737133
0.5034338932563732
0.5034305161847737
0.5034271222673867
0.5034237114126237
0.5034202835288348
0.5034168385243099
0.5034133763072765
0.5034098967859
0.5034063998682838
0.503402885462469
0.5033993534764327
0.5033958038180895
0.5033922363952897
0.5033886511158199
0.5033850478874016
0.5033814266176921
0.5033777872142833
0.503374129584701
0.5033704536364053
0.5033667592767899
0.5033630464131815
0.5033593149528401
0.5033555648029572
0.503351795870657
0.5033480080629948
0.5033442012869571
0.5033403754494612
0.5033365304573549
0.503332666217415
0.5033287826363487
0.5033248796207915
0.5033209570773074
0.5033170149123892
0.5033130530324564
0.5033090713438558
0.5033050697528615
0.503301048165673
0.5032970064884161
0.5032929446271417
0.5032888624878253
0.5032847599763669
0.5032806369985903
0.5032764934602423
0.503272329266993
0.5032681443244346
0.5032639385380805
0.5032597118133667
0.5032554640556484
0.5032511951702021
0.5032469050622237
0.5032425936368284
0.5032382607990495
0.5032339064538391
0.5032295305060667
0.5032251328605183
0.5032207134218969
0.503216272094821
0.5032118087838249
0.5032073233933568
0.50320281582778
0.5031982859913707
0.503193733788319
0.503189159122726
0.5031845618986062
0.5031799420198839
0.5031752993903948
0.5031706339138848
0.5031659454940087
0.5031612340343302
0.5031564994383213
0.5031517416093613
0.5031469604507366
0.5031421558656397
0.5031373277571689
0.5031324760283273
0.5031276005820222
0.5031227013210648
0.5031177781481693
0.5031128309659518
0.5031078596769307
0.5031028641835247
0.5030978443880529
0.5030928001927344
0.5030877314996869
0.5030826382109264
0.503077520228366
0.503072377453816
0.5030672097889829
0.503062017135468
0.5030567993947676
0.5030515564682717
0.5030462882572635
0.5030409946629184
0.5030356755863041
0.5030303309283786
0.5030249605899901
0.5030195644718761
0.5030141424746635
0.5030086944988655
0.5030032204448842
0.5029977202130064
0.5029921937034052
0.5029866408161381
0.5029810614511468
0.5029754555082557
0.5029698228871716
0.5029641634874827
0.5029584772086578
0.5029527639500458
0.5029470236108738
0.5029412560902479
0.5029354612871506
0.5029296391004416
0.5029237894288557
0.5029179121710023
0.502912007225365
0.5029060744903
0.5029001138640355
0.5028941252446713
0.5028881085301771
0.5028820636183918
0.5028759904070232
0.5028698887936468
0.5028637586757041
0.5028575999505026
0.5028514125152147
0.5028451962668767
0.5028389511023875
0.5028326769185083
0.5028263736118611
0.5028200410789281
0.50281367921605
0.5028072879194269
0.5028008670851145
0.5027944166090259
0.5027879363869284
0.5027814263144446
0.5027748862870489
0.5027683162000688
0.5027617159486825
0.5027550854279188
0.5027484245326551
0.502741733157617
0.5027350111973771
0.5027282585463541
0.5027214750988113
0.5027146607488563
0.5027078153904393
0.5027009389173519
0.5026940312232268
0.502687092201536
0.50268012174559
0.5026731197485368
0.5026660861033603
0.5026590207028798
0.5026519234397486
0.5026447942064529
0.5026376328953108
0.5026304393984704
0.5026232136079102
0.5026159554154361
0.5026086647126821
0.5026013413911071
0.502593985341996
0.5025865964564565
0.502579174625419
0.5025717197396352
0.5025642316896772
0.5025567103659351
0.5025491556586174
0.5025415674577485
0.5025339456531688
0.5025262901345312
0.502518600791303
0.502510877512762
0.5025031201879957
0.502495328705902
0.502487502955185
0.5024796428243561
0.5024717482017316
0.502463818975431
0.502455855033377
0.5024478562632936
0.5024398225527038
0.5024317537889299
0.5024236498590913
0.5024155106501029
0.5024073360486744
0.5023991259413088
0.5023908802143005
0.5023825987537347
0.5023742814454855
0.5023659281752146
0.5023575388283704
0.5023491132901855
0.5023406514456765
0.5023321531796419
0.5023236183766605
0.5023150469210912
0.5023064386970696
0.502297793588508
0.5022891114790939
0.502280392252288
0.5022716357913224
0.5022628419792005
0.5022540106986939
0.5022451418323418
0.5022362352624501
0.5022272908710879
0.5022183085400882
0.5022092881510447
0.5022002295853116
0.5021911327240006
0.5021819974479811
0.5021728236378766
0.502163611174065
0.5021543599366762
0.5021450698055899
0.5021357406604352
0.5021263723805882
0.5021169648451709
0.5021075179330488
0.5020980315228298
0.5020885054928634
0.5020789397212367
0.5020693340857757
0.5020596884640409
0.5020500027333277
0.502040276770663
0.5020305104528056
0.5020207036562423
0.5020108562571873
0.502000968131581
0.5019910391550865
0.5019810692030899
0.5019710581506972
0.501961005872733
0.5019509122437387
0.5019407771379707
0.5019306004293986
0.5019203819917035
0.5019101216982764
0.5018998194222152
0.5018894750363246
0.5018790884131131
0.5018686594247915
0.5018581879432715
0.5018476738401627
0.5018371169867714
0.5018265172540995
0.5018158745128409
0.5018051886333812
0.5017944594857946
0.5017836869398425
0.5017728708649725
0.5017620111303137
0.5017511076046783
0.5017401601565569
0.5017291686541177
0.5017181329652044
0.501707052957334
0.501695928497695
0.5016847594531453
0.50167354569021
0.5016622870750801
0.501650983473609
0.5016396347513119
0.5016282407733632
0.501616801404594
0.5016053165094905
0.501593785952192
0.5015822095964881
0.501570587305818
0.5015589189432662
0.5015472043715622
0.5015354434530775
0.5015236360498241
0.5015117820234511
0.5014998812352438
0.5014879335461209
0.501475938816632
0.5014638969069559
0.5014518076768986
0.5014396709858899
0.5014274866929825
0.5014152546568487
0.5014029747357787
0.5013906467876779
0.5013782706700649
0.5013658462400694
0.5013533733544294
0.501340851869489
0.5013282816411955
0.5013156625250987
0.5013029943763465
0.5012902770496841
0.5012775103994502
0.501264694279576
0.5012518285435814
0.5012389130445741
0.5012259476352457
0.5012129321678697
0.5011998664942996
0.5011867504659656
0.5011735839338727
0.5011603667485975
0.5011470987602868
0.5011337798186537
0.5011204097729762
0.5011069884720938
0.5010935157644054
0.5010799914978663
0.5010664155199863
0.5010527876778264
0.5010391078179961
0.5010253757866517
0.5010115914294926
0.5009977545917589
0.5009838651182288
0.5009699228532165
0.5009559276405681
0.5009418793236603
0.5009277777453967
0.5009136227482052
0.500899414174036
0.5008851518643579
0.5008708356601553
0.5008564654019269
0.5008420409296808
0.5008275620829339
0.5008130287007064
0.5007984406215221
0.5007837976834024
0.5007690997238654
0.5007543465799223
0.5007395380880748
0.5007246740843115
0.5007097544041058
0.5006947788824119
0.500679747353663
0.5006646596517671
0.5006495156101051
0.5006343150615269
0.500619057838349
0.5006037437723503
0.5005883726947709
0.5005729444363073
0.5005574588271098
0.50054191569678
0.5005263148743665
0.5005106561883629
0.5004949394667039
0.500479164536762
0.5004633312253454
0.5004474393586931
0.5004314887624729
0.5004154792617778
0.5003994106811225
0.5003832828444407
0.5003670955750806
0.5003508486958034
0.5003345420287784
0.5003181753955798
0.5003017486171841
0.5002852615139662
0.5002687139056965
0.5002521056115364
0.5002354364500359
0.5002187062391295
0.5002019147961332
0.5001850619377408
0.5001681474800203
0.50015117123841
0.5001341330277161
0.5001170326621083
0.5000998699551158
0.5000826447196246
0.5000653567678737
0.5000480059114506
0.5000305919612889
0.5000131147276641
0.49999557402018946
0.49997796964781266
0.4999603014188123
0.49994256914079405
0.4999247726206861
0.4999069116647368
0.4998889860785095
0.4998709956668797
0.49985294023403054
0.49983481958344944
0.4998166335179235
0.49979838183953673
0.49978006434966504
0.49976168084897243
0.4997432311374084
0.49972471501420157
0.4997061322778578
0.4996874827261553
0.4996687661561404
0.4996499823641239
0.4996311311456766
0.49961221229562575
0.49959322560805036
0.4995741708762775
0.4995550478928777
0.49953585644966103
0.499516596337673
0.49949726734718985
0.4994778692677152
0.4994584018879748
0.4994388649959125
0.4994192583786865
0.4993995818226644
0.49937983511341905
0.4993600180357243
0.49934013037355013
0.4993201719100589
0.49930014242760046
0.4992800417077079
0.4992598695310928
0.4992396256776412
0.49921930992640784
0.499198922055614
0.49917846184264
0.49915792906402295
0.49913732349545087
0.4991166449117585
0.4990958930869222
0.4990750677940561
0.49905416880540654
0.4990331958923475
0.4990121488253765
0.4989910273741089
0.4989698313072737
0.4989485603927079
0.49892721439735355
0.49890579308725025
0.49888429622753216
0.49886272358242256
0.49884107491522856
0.4988193499883362
0.49879754856320635
0.4987756704003683
0.49875371525941553
0.49873168289900044
0.4987095730768295
0.4986873855496575
0.49866512007328345
0.4986427764025438
0.49862035429130913
0.49859785349247737
0.4985752737579694
0.4985526148387236
0.4985298764846903
0.49850705844482684
0.4984841604670918
0.4984611822984399
0.4984381236848165
0.4984149843711523
0.4983917641013576
0.49836846261831697
0.49834507966388386
0.498321614978875
0.49829806830306445
0.4982744393751784
0.4982507279328899
0.4982269337128123
0.49820305645049423
0.49817909588041387
0.4981550517359725
0.4981309237494902
0.49810671165219844
0.4980824151742352
0.4980580340446393
0.4980335679913437
0.49800901674117015
0.49798438001982315
0.4979596575518842
0.4979348490608056
0.49790995426890433
0.4978849728973563
0.4978599046661899
0.4978347492942804
0.49780950649934325
0.4977841759979285
0.49775875750541443
0.49773325073600094
0.49770765540270356
0.49768197121734753
0.4976561978905609
0.49763033513176885
0.4976043826491867
0.4975783401498135
0.49755220733942657
0.49752598392257363
0.4974996696025678
0.4974732640814794
0.49744676706013136
0.49742017823809065
0.4973934973136632
0.4973667239838867
0.49733985794452373
0.4973128988900553
0.4972858465136741
0.49725870050727755
0.49723146056146167
0.4972041263655132
0.4971766976074035
0.4971491739737816
0.49712155514996703
0.4970938408199429
0.49706603066634897
0.49703812437047484
0.4970101216122527
0.49698202207025
0.496953825421663
0.49692553134230893
0.4968971395066193
0.4968686495876321
0.49684006125698565
0.49681137418491017
0.49678258804022096
0.49675370249031103
0.49672471720114414
0.4966956318372464
0.4966664460616996
0.49663715953613374
0.49660777192071914
0.4965782828741592
0.4965486920536827
0.4965189991150361
0.49648920371247607
0.496459305498762
0.49642930412514746
0.49639919924137377
0.49636899049566074
0.4963386775347003
0.4963082600036475
0.49627773754611315
0.49624710980415626
0.4962163764182751
0.49618553702740026
0.49615459126888584
0.49612353877850235
0.49609237919042687
0.49606111213723714
0.49602973724990207
0.49599825415777327
0.4959666624885784
0.49593496186841085
0.49590315192172296
0.4958712322713174
0.49583920253833813
0.49580706234226274
0.4957748113008936
0.49574244903035014
0.49570997514505916
0.4956773892577467
0.4956446909794303
0.4956118799194095
0.4955789556852574
0.4955459178828117
0.4955127661161668
0.4954794999876643
0.49544611909788444
0.4954126230456376
0.4953790114279546
0.4953452838400789
0.49531143987545695
0.4952774791257292
0.49524340118072163
0.49520920562843584
0.4951748920550413
0.49514046004486495
0.49510590918038266
0.49507123904221007
0.4950364492090934
0.4950015392578999
0.4949665087636085
0.49493135729930166
0.49489608443615396
0.49486068974342473
0.4948251727884476
0.4947895331366208
0.4947537703513985
0.4947178839942807
0.494681873624804
0.49464573880053153
0.49460947907704383
0.494573094007929
0.4945365831447727
0.4944999460371492
0.4944631822326102
0.49442629127667725
0.4943892727128293
0.494352126082495
0.4943148509250412
0.494277446777764
0.4942399131758791
0.49420224965251014
0.4941644557386802
0.49412653096330117
0.49408847485316393
0.4940502869329274
0.4940119667251096
0.49397351375007587
0.4939349275260305
0.49389620756900493
0.4938573533928479
0.49381836450921546
0.4937792404275602
0.4937399806551211
0.4937005846969128
0.49366105205571537
0.49362138223206353
0.4935815747242365
0.4935416290282477
0.4935015446378329
0.49346132104444085
0.49342095773722205
0.4933804542030184
0.49333980992635196
0.4932990243894147
0.4932580970720577
0.4932170274517798
0.49317581500371765
0.4931344592006338
0.49309295951290666
0.4930513154085195
0.49300952635304873
0.4929675918096539
0.492925511239066
0.4928832840995773
0.49284090984702894
0.492798387934801
0.4927557178138007
0.49271289893245196
0.49266993073668386
0.4926268126699189
0.49258354417306305
0.492540124684493
0.49249655364004663
0.4924528304730098
0.49240895461410694
0.4923649254914884
0.4923207425307196
0.49227640515476934
0.4922319127839994
0.49218726483615177
0.4921424607263378
0.49209749986702744
0.4920523816680365
0.49200710553651583
0.4919616708769404
0.49191607709109664
0.4918703235780717
0.49182440973424113
0.49177833495325807
0.49173209862604206
0.4916857001407656
0.4916391388828447
0.49159241423492545
0.4915455255768736
0.4914984722857626
0.4914512537358618
0.49140386929862445
0.4913563183426769
0.4913086002338059
0.4912607143349475
0.4912126600061756
0.49116443660468884
0.49111604348480126
0.49106747999792794
0.4910187454925753
0.4909698393143283
0.49092076080583874
0.49087150930681434
0.4908220841540057
0.4907724846811958
0.49072271021918734
0.49067276009579136
0.49062263363581615
0.4905723301610539
0.4905218489902705
0.49047118943919304
0.4904203508204983
0.49036933244380115
0.4903181336156425
0.49026675363947786
0.4902151918156654
0.49016344744145507
0.4901115198109755
0.4900594082152236
0.4900071119420525
0.4899546302761595
0.4899019624990757
0.4898491078891526
0.48979606572155204
0.4897428352682342
0.4896894157979457
0.4896358065762084
0.4895820068653083
0.48952801592428286
0.4894738330089114
0.4894194573717017
0.48936488826188046
0.4893101249253808
0.489255166604831
0.4892000125395439
0.48914466196550543
0.4890891141153624
0.48903336821841303
0.48897742350059464
0.48892127918447276
0.4888649344892308
0.4888083886306578
0.48875164082113864
0.48869469026964263
0.4886375361817124
0.488580177759454
0.4885226142015248
0.48846484470312446
0.4884068684559829
0.48834868464835013
0.48829029246498606
0.48823169108714987
0.48817287969258977
0.48811385745553243
0.4880546235466722
0.4879951771331623
0.4879355173786039
0.4878756434430356
0.4878155544829246
0.48775524965115585
0.48769472809702297
0.4876339889662178
0.4875730314008217
0.48751185453929513
0.4874504575164683
0.48738883946353273
0.4873269995080311
0.48726493677384775
0.48720265038120103
0.48714013944663315
0.48707740308300107
0.487014440399469
0.48695125050149907
0.4868878324908425
0.48682418546553113
0.4867603085198705
0.48669620074442965
0.4866318612260344
0.48656728904775903
0.4865024832889184
0.4864374430250604
0.4863721673279587
0.48630665526560424
0.4862409059021994
0.48617491829814996
0.4861086915100584
0.486042224590717
0.4859755165891011
0.48590856655036296
0.4858413735158247
0.48577393652297285
0.4857062546054518
0.48563832679305796
0.4855701521117345
0.4855017295835652
0.4854330582267696
0.4853641370556975
0.4852949650808243
0.48522554130874573
0.485155864742174
0.4850859343799323
0.4850157492169517
0.4849453082442664
0.4848746104490106
0.4848036548144141
0.4847324403197999
0.4846609659405794
0.48458923064825155
0.48451723341039904
0.4844449731906856
0.4843724489488542
0.48429965964072497
0.4842266042181936
0.4841532816292295
0.48407969081787455
0.4840058307242423
0.48393170028451715
0.48385729843095426
0.4837826240918783
0.48370767619168453
0.4836324536508386
0.4835569553858776
0.4834811803094105
0.48340512733011926
0.48332879535276096
0.4832521832781695
0.4831752900032567
0.48309811442101613
0.4830206554205249
0.4829429118869468
0.4828648827015359
0.48278656674164055
0.4827079628807065
0.4826290699882825
0.4825498869300232
0.4824704125676969
0.48239064575918833
0.48231058535850607
0.482230230215788
0.4821495791773081
0.4820686310854834
0.4819873847788813
0.4819058390922269
0.4818239928564112
0.4817418448984999
0.4816593940417425
0.48157663910558013
0.4814935789056572
0.4814102122538303
0.4813265379581793
0.4812425548230178
0.4811582616489054
0.4810736572326587
0.4809887403673645
0.4809035098423915
0.4808179644434051
0.4807321029523796
0.48064592414761365
0.48055942680374353
0.4804726096917602
0.48038547157902356
0.4802980112292789
0.48021022740267394
0.48012211885577616
0.48003368434159005
0.4799449226095753
0.47985583240566626
0.47976641247229107
0.4796766615483911
0.4795865783694418
0.4794961616674737
0.47940541017109406
0.47931432260550866
0.4792228976925451
0.47913113415067554
0.4790390306950408
0.47894658603747575
0.478853798886533
0.4787606679475093
0.47866719192247276
0.47857336951028856
0.4784791994066473
0.47838468030409304
0.47828981089205247
0.4781945898568649
0.47809901588181136
0.4780030876471467
0.4779068038301307
0.4778101631050604
0.47771316414330356
0.47761580561333206
0.4775180861807558
0.47742000450835886
0.4773215592561352
0.4772227490813242
0.4771235726384493
0.4770240285793558
0.4769241155532487
0.47682383220673424
0.47672317718385815
0.4766221491261481
0.47652074667265604
0.47641896845999926
0.47631681312240537
0.4762142792917562
0.4761113655976328
0.4760080706673615
0.4759043931260606
0.47580033159668833
0.4756958847000908
0.47559105105505173
0.47548582927834226
0.4753802179847728
0.4752742157872434
0.47516782129679774
0.47506103312267667
0.47495384987237244
0.47484627015168374
0.4747382925647733
0.47462991571422364
0.4745211382010963
0.47441195862499047
0.474302375584103
0.47419238767528976
0.47408199349412666
0.47397119163497314
0.4738599806910366
0.4737483592544354
0.4736363259162663
0.4735238792666702
0.47341101789489987
0.47329774038938927
0.4731840453378225
0.47306993132720426
0.47295539694393274
0.4728404407738709
0.4727250614024211
0.4726092574145989
0.4724930273951096
0.4723763699284245
0.4722592835988591
0.4721417669906515
0.47202381868804216
0.4719054372753555
0.4717866213370809
0.4716673694579565
0.4715476802230529
0.47142755221785887
0.47130698402836624
0.4711859742411587
0.4710645214434989
0.4709426242234189
0.4708202811698104
0.47069749087251556
0.47057425192242075
0.4704505629115498
0.4703264224331588
0.470201829081833
0.4700767814535816
0.4699512781459391
0.4698253177580618
0.46969889889082983
0.46957202014694727
0.4694446801310467
0.4693168774497904
0.4691886107119776
0.4690598785286483
0.4689306795131918
0.4688010122814534
0.46867087545184516
0.46854026764545537
0.46840918748615923
0.46827763360073316
0.46814560461896687
0.4680130991737788
0.46788011590133144
0.4677466534411494
0.4676127104362359
0.46747828553319254
0.46734337738234
0.4672079846378386
0.46707210595781046
0.4669357400044641
0.4667988854442173
0.46666154094782414
0.46652370519050057
0.46638537685205267
0.46624655461700487
0.4661072371747306
0.4659674232195819
0.4658271114510222
0.4656863005737586
0.4655449892978757
0.46540317633897144
0.4652608604182916
0.4651180402628673
0.46497471460565326
0.4648308821856657
0.464686541748123
0.4645416920445855
0.46439633183309786
0.4642504598783316
0.4641040749517285
0.4639571758316446
0.46380976130349594
0.4636618301599051
0.46351338120084756
0.46336441323379984
0.46321492507388795
0.4630649155440384
0.462914383475126
0.46276332770612794
0.4626117470842732
0.46245964046519755
0.46230700671309494
0.4621538447008732
0.4620001533103081
0.46184593143219954
0.46169117796652753
0.46153589182260907
0.461380071919256
0.46122371718493316
0.4610668265579166
0.46090939898645433
0.46075143342892416
0.4605929288539964
0.46043388424079335
0.4602742985790513
0.4601141708692823
0.45995350012293684
0.4597922853625662
0.45963052562198614
0.45946821994643994
0.4593053673927626
0.45914196702954524
0.4589780179372992
0.45881351920862085
0.4586484699483573
0.45848286927377024
0.4583167163147031
0.45815001021374474
0.457982750126397
0.45781493522123895
0.4576465646800937
0.45747763769819305
0.4573081534843453
0.4571381112610994
0.4569675102649112
0.4567963497463096
0.4566246289700616
0.45645234721533745
0.45627950377587667
0.4561060979601525
0.4559321290915365
0.45575759650846326
0.4555824995645944
0.4554068376289821
0.45523061008623245
0.4550538163366683
0.45487645579649216
0.4546985278979473
0.45452003208947916
0.4543409678358967
0.4541613346185316
0.45398113193539846
0.453800359301353
0.4536190162482501
0.4534371023251012
0.45325461709823034
0.45307156015142974
0.45288793108611475
0.45270372952147625
0.45251895509463513
0.45233360746079176
0.4521476862933784
0.4519611912842074
0.4517741221436199
0.4515864786006326
0.4513982604030836
0.4512094673177771
0.4510200991306265
0.4508301556467956
0.4506396366908398
0.45044854210684476
0.4502568717585635
0.4500646255295522
0.449871803323305
0.44967840506338586
0.4494844306935603
0.4492898801779238
0.44909475350102984
0.4488990506680149
0.4487027717047229
0.4485059166578267
0.4483084855949477
0.4481104786047738
0.4479118957971763
0.4477127373033219
0.4475130032757853
0.44731269388865946
0.44711180933766126
0.44691034984023703
0.44670831563566615
0.4465057069851603
0.44630252417196115
0.4460987675014376
0.4458944373011767
0.44568953392107546
0.44548405773342814
0.4452780091330124
0.4450713885371711
0.44486419638589225
0.44465643314188685
0.4444480992906632
0.4442391953405982
0.4440297218230065
0.4438196792922059
0.44360906832558156
0.4433978895236438
0.44318614351008684
0.44297383093184245
0.4427609524591297
0.4425475087855038
0.4423335006279
0.4421189287266749
0.4419037938456445
0.44168809677211884
0.44147183831693426
0.4412550193144794
0.4410376406227229
0.4408197031232318
0.4406012077211913
0.4403821553454177
0.4401625469483704
0.43994238350615833
0.4397216660185443
0.43950039550894415
0.4392785730244243
0.4390561996356938
0.4388332764370933
0.4386098045465807
0.4383857851057132
0.438161219279624
0.4379361082569977
0.437710453250039
0.43748425549444037
0.43725751624934445
0.4370302367973015
0.4368024184442254
0.43657406251934394
0.43634517037514575
0.4361157433873228
0.4358857829547098
0.4356552904992194
0.435424267465772
0.4351927153222237
0.4349606355592886
0.43472802969045804
0.4344948992519143
0.43426124580244313
0.434027070923338
0.43379237621830463
0.43355716331335886
0.4333214338567203
0.4330851895187028
0.43284843199160095
0.4326111629895725
0.4323733842485145
0.43213509752593904
0.4318963046008421
0.4316570072735686
0.43141720736567424
0.4311769067197837
0.4309361071994424
0.4306948106889665
0.4304530190932878
0.43021073433779455
0.4299679583681688
0.4297246931502185
0.4294809406697068
0.42923670293217664
0.42899198196277144
0.4287467798060515
0.42850109852580764
0.4282549402048684
0.4280083069449061
0.42776120086623703
0.42751362410761773
0.4272655788260396
0.4270170671965161
0.426768091411869
0.4265186536825091
0.42626875623621446
0.42601840131790325
0.42576759118940444
0.42551632812922324
0.42526461443230423
0.4250124524097898
0.42475984438877534
0.4245067927120604
0.4242532997378974
0.42399936783973474
0.4237449994059589
0.4234901968396305
0.42323496255821924
0.42297929899333286
0.42272320859044576
0.42246669380862145
0.42220975712023356
0.421952401010682
0.42169462797810797
0.42143644053310314
0.42117784119841833
0.42091883250866696
0.42065941701002674
0.42039959725993753
0.4201393758267969
0.41987875528965185
0.4196177382378883
0.4193563272709181
0.41909452499786204
0.41883233403723125
0.41856975701660437
0.4183067965723041
0.41804345534906995
0.41777973599972773
0.4175156411848582
0.41725117357246155
0.4169863358376209
0.41672113066216215
0.41645556073431245
0.41618962874835547
0.41592333740428605
0.4156566894074603
0.41538968746824523
0.4151223343016667
0.41485463262705313
0.41458658516768
0.4143181946504099
0.41404946380533236
0.4137803953654015
0.41351099206607084
0.4132412566449285
0.41297119184132813
0.4127008003960207
0.41243008505078266
0.4121590485480439
0.4118876936305136
0.41161602304080497
0.41134403952105825
0.4110717458125627
0.4107991446553774
0.41052623878795
0.410253030946736
0.40997952386581427
0.40970572027650465
0.40943162290698143
0.40915723448188823
0.4088825577219505
0.4086075953435879
0.40833235005852564
0.40805682457340364
0.4077810215893889
0.4075049438017806
0.40722859389962257
0.40695197456530735
0.4066750884741858
0.4063979382941718
0.4061205266853493
0.4058428562995777
0.4055649297800964
0.4052867497611302
0.4050083188674934
0.4047296397141936
0.40445071490603623
0.40417154703722713
0.40389213869097657
0.40361249243910197
0.40333261084163197
0.4030524964464076
0.40277215178868697
0.4024915793907467
0.40221078176148595
0.40192976139602776
0.4016485207753235
0.4013670623657548
0.4010853886187372
0.4008035019703224
0.40052140484080256
0.4002390996343134
0.3999565887384374
0.39967387452380876
0.39939095934371605
0.3991078455337078
0.3988245354111965
0.3985410312750628
0.39825733540526254
0.3979734500624299
0.3976893774874852
0.397405119901239
0.39712067950400054
0.3968360584751829
0.39655125897291066
0.39626628313362755
0.39598113307170396
0.39569581087904515
0.39541031862469944
0.39512465835446786
0.39483883209051274
0.39455284183096717
0.39426668954954536
0.393980377195153
0.3936939066914971
0.3934072799366977
0.3931204988028988
0.3928335651358795
0.3925464807546673
0.39225924745114815
0.39197186698968073
0.3916843411067081
0.3913966715103706
0.3911088598801194
0.3908209078663296
0.39053281708991394
0.39024458914193577
0.3899562255832235
0.3896677279439842
0.38937909772341767
0.38909033638932994
0.3888014453777479
0.3885124260925331
0.38822327990499494
0.38793400815350615
0.38764461214311463
0.3873550931451583
0.38706545239687806
0.38677569110103055
0.386485810425502
0.3861958115029198
0.3859056954302653
0.3856154632684851
0.3853251160421032
0.38503465473883086
0.3847440803091773
0.3844533936660599
0.38416259568441313
0.38387168720079573
0.38358066901299986
0.38328954187965747
0.38299830651984534
0.38270696361269185
0.38241551379697947
0.38212395767074875
0.38183229579090006
0.3815405286727933
0.3812486567898498
0.3809566805731486
0.3806646004110241
0.38037241664866195
0.3800801295876926
0.37978773948578404
0.37949524655623296
0.37920265096755357
0.37890995284306606
0.37861715226048076
0.37832424925148356
0.37803124380131714
0.3777381358483605
0.3774449252837071
0.37715161195074065
0.3768581956447077
0.3765646761122896
0.37627105305117065
0.3759773261096037
0.37568349488597513
0.37538955892836406
0.37509551773410293
0.37480137074933034
0.374507117368546
0.3742127569341588
0.37391828873603494
0.37362371201104055
0.37332902594258244
0.3730342296601459
0.3727393222388274
0.37244430269886686
0.3721491700051731
0.3718539230668489
0.371558560736709
0.37126308181079903
0.37096748502790505
0.370671769069065
0.3703759325570711
0.3700799740559726
0.3697838920705702
0.36948768504591145
0.3691913513667773
0.36889488935716636
0.3685982972797758
0.3683015733354762
0.36800471566278126
0.36770772233731763
0.3674105913712837
0.3671133207129082
0.3668159082459035
0.3665183517889121
0.36622064909495144
0.3659227978508509
0.3656247956766856
0.36532664012520594
0.3650283286812598
0.36472985876121267
0.3644312277123594
0.36413243281233465
0.36383347126851473
0.36353434021741793
0.36323503672409585
0.36293555778152276
0.36263590030997805
0.36233606115642425
0.3620360370938802
0.3617358248207878
0.3614354209603746
0.3611348220600124
0.3608340245905677
0.36053302494575007
0.36023181944145316
0.3599304043150935
0.35962877572494123
0.3593269297494479
0.359024862386569
0.35872256955308107
0.35842004708389597
0.3581172907313673
0.357814296164596
0.35751105896872853
0.35720757464425235
0.3569038386062875
0.35659984618387175
0.35629559261924465
0.35599107306712635
0.3556862825939931
0.3553812161773485
0.3550758687049926
0.3547702349742883
0.3544643096914218
0.35415808747066463
0.3538515628336303
0.3535447302085293
0.353237583929423
0.3529301182354747
0.3526223272701998
0.3523142050807161
0.3520057456169896
0.35169694273108504
0.3513877901764117
0.3510782816069716
0.3507684105766088
0.35045817053825795
0.3501475548431953
0.34983655674029224
0.34952516937526934
0.3492133857899544
0.34890119892154414
0.3485886016018675
0.3482755865566567
0.3479621464048197
0.34764827365771983
0.3473339607184615
0.3470191998811818
0.34670398333035013
0.34638830314007435
0.3460721512734185
0.34575551958172585
0.3454383998039554
0.34512078356602743
0.3448026623801813
0.34448402764434544
0.34416487064152074
0.34384518253917834
0.3435249543886725
0.34320417712466805
0.3428828415645876
0.34256093840807333
0.34223845823647114
0.3419153915123314
0.341591728578934
0.3412674596598325
0.34094257485842466
0.3406170641575447
0.3402909174190828
0.339964124383631
0.33963667467015807
0.3393085577757121
0.33897976307515554
0.3386502798209321
0.3383200971428654
0.337989204047996
0.3376575894204515
0.337325242021356
0.3369921504887788
0.33665830333772495
0.33632368896016634
0.33598829562511834
0.33565211147876234
0.33531512454461443
0.3349773227237452
0.33463869379504824
0.3342992254155628
0.3339589051208506
0.3336177203254277
0.3332756583232567
0.3329327062882959
0.33258885127511323
0.33224408021956187
0.33189837993952137
0.331551737135708
0.3312041383925538
0.3308555701791559
0.33050601885030134
0.33015547064756584
0.329803911700491
0.3294513280278414
0.32909770553894035
0.32874303003509453
0.32838728721109867
0.32803046265683206
0.32767254185894196
0.3273135102026214
0.32695335297347766
0.32659205535949953
0.32622960245311994
0.32586597925338007
0.3255011706681935
0.32513516151671573
0.32476793653181757
0.3243994803626671
0.3240297775774194
0.32365881266601926
0.3232865700431142
0.32291303405108407
0.32253818896318526
0.32216201898681235
0.3217845082668797
0.32140564088932366
0.3210254008847246
0.32064377223205576
0.32026073886255224
0.31987628466370877
0.3194903934834019
0.3191030491341412
0.3187142353974469
0.3183239360283578
0.3179321347600683
0.3175388153086942
0.3171439613781716
0.31674755666528204
0.31634958486481285
0.315950029674844
0.3155488748021674
0.3151461039678358
0.3147417009128394
0.3143356494039131
0.3139279332394704
0.31351853625566345
0.31310744233256915
0.3126946354004996
0.3122800994464335
0.311863818520569
0.311445776742996
0.31102595831048274
0.31060434750337673
0.31018092869261904
0.30975568634686446
0.3093286050397086
0.3088996694570159
0.3084688644043484
0.30803617481448714
0.3076015857550457
0.30716508243617147
0.3067266502183274
0.3062862746201544
0.30584394132640386
0.30539963619594196
0.3049533452698129
0.30450505477936357
0.3040547511544166
0.30360242103149215
0.3031480512620673
0.30269162892087087
0.30223314131420453
0.3017725759882841
0.3013099207375951
0.30084516361325503
0.30037829293137414
0.2999092972814098
0.2994381655345043
0.29896488685179956
0.2984894506927219
0.29801184682322834
0.2975320653240045
0.2970500965986098
0.2965659313815584
0.2960795607463298
0.2955909761132987
0.2951001692575788
0.29460713231676866
0.294111857798594
0.29361433858843583
0.2931145679567385
0.29261253956628686
0.29210824747934483
0.2916016861646491
0.2910928505042463
0.2905817358001685
0.2900683377809371
0.2895526526078889
0.2890346768813149
0.28851440764640524
0.2879918423989926
0.28746697909108737
0.2869398161361955
0.28641035241441665
0.2858785872773092
0.28534452055252296
0.28480815254818864
0.2842694840570603
0.2837285163604045
0.28318525123163196
0.28263969093966457
0.2820918382520363
0.28154169643772153
0.2809892692696869
0.28043456102716396
0.2798775764976391
0.27931832097855885
0.27875680027874533
0.27819302071952257
0.27762698913555134
0.27705871287537026
0.2764881998016427
0.27591545829110925
0.275340497234246
0.27476332603462594
0.2741839546079903
0.2736023933810231
0.2730186532898368
0.2724327457781664
0.2718446827952771
0.271254476793588
0.270662140726009
0.27006768804300557
0.2694711326893822
0.268872489100798
0.2682717722000133
0.26766899739287503
0.26706418056404313
0.2664573380724654
0.26584848674660416
0.26523764387942306
0.26462482722313674
0.264010054983732
0.26339334581526663
0.2627747188139509
0.26215419351202024
0.2615317898714058
0.26090752827720837
0.2602814295309866
0.25965351484386134
0.25902380582945095
0.2583923244966367
0.2577590932421746
0.2571241348431533
0.25648747244931314
0.2558491295752295
0.2552091300923674
0.2545674982210219
0.25392425852214423
0.25327943588906515
0.25263305553912474
0.25198514300521324
0.25133572412723265
0.25068482504348494
0.25003247218199687
0.2493786922517862
0.24872351223407832
0.24806695937347875
0.247409061169111
0.24674984536572392
0.24608933994477739
0.24542757311551194
0.24476457330600765
0.24410036915424152
0.24343498949914624
0.24276846337167868
0.24210081998590102
0.2414320887300835
0.24076229915783165
0.24009148097924324
0.23941966405210127
0.23874687837310685
0.23807315406915613
0.23739852138866613
0.23672301069295465
0.2360466524476761
0.23536947721431978
0.23469151564176957
0.23401279845793527
0.23333335646145262
0.2326532205134582
0.23197242152944125
0.23129099047117666
0.2306089583387372
0.2299263561625939
0.22924321499580114
0.2285595659062721
0.22787543996914317
0.22719086825923468
0.2265058818436012
0.22582051177418153
0.22513478908054435
0.22444874476273216
0.2237624097842057
0.22307581506488705
0.22238899147430755
0.22170196982485382
0.2210147808651205
0.22032745527336448
0.21964002365106344
0.2189525165165801
0.21826496429893072
0.21757739733165762
0.21688984584680973
0.2162023399690271
0.21551490970973047
0.2148275849614193
0.21414039549207245
0.21345337093965686
0.21276654080674107
0.21207993445521345
0.21139358110110823
0.21070750980953323
0.21002174948970587
0.20933632889009102
0.20865127659364566
0.20796662101316557
0.20728239038673732
0.20659861277329233
0.2059153160482652
0.2052325278993541
0.20455027582238214
0.2038685871172634
0.20318748888406865
0.2025070080191911
0.20182717121161492
0.20114800493928245
0.20046953546556176
0.19979178883581256
0.19911479087405218
0.1984385671797184
0.19776314312453158
0.19708854384945215
0.19641479426173722
0.19574191903209212
0.19506994259191746
0.1943988891306529
0.19372878259321447
0.193059646677527
0.1923915048321495
0.19172438025399494
0.1910582958861419
0.19039327441573756
0.18972933827199495
0.1890665096242781
0.1884048103802789
0.18774426218428558
0.18708488641553672
0.1864267041866674
0.1857697363422408
0.18511400345736911
0.18445952583641984
0.18380632351180856
0.18315441624287707
0.1825038235148572
0.18185456453791551
0.181206658246286
0.18056012329748047
0.17991497807158457
0.17927124067063183
0.1786289289180601
0.1779880603582461
0.1773486522561192
0.17671072159685272
0.17607428508563175
0.17543935914749814
0.17480595992726924
0.1741741032895316
0.17354380481870857
0.17291507981919868
0.1722879433155872
0.1716624100529271
0.17103849449708958
0.1704162108351836
0.1697955729760422
0.1691765945507763
0.16855928891339228
0.16794366914147502
0.16732974803693462
0.16671753812681392
0.1661070516641578
0.16549830062894264
0.16489129672906402
0.16428605140138333
0.1636825758128283
0.16308088086155248
0.1624809771781455
0.1618828751268991
0.16128658480712313
0.16069211605451275
0.16009947844256595
0.15950868128404788
0.15891973363250295
0.15833264428381322
0.15774742177780046
0.15716407439987182
0.1565826101827085
0.15600303690799386
0.1554253621081827
0.1548495930683082
0.15427573682782547
0.15370380018249336
0.1531337896862882
0.15256571165335342
0.15199957215998008
0.15143537704661905
0.15087313191992394
0.15031284215482044
0.1497545128966058
0.14919814906307335
0.14864375534666213
0.1480913362166306
0.14754089592125336
0.14699243849003937
0.14644596773597107
0.14590148725776153
0.14535900044213176
0.14481851046610372
0.14428002029930959
0.1437435327063167
0.1432090502489653
0.1426765752887196
0.14214610998903063
0.14161765631770978
0.14109121604931138
0.14056679076752487
0.14004438186757473
0.1395239905586249
0.13900561786619262
0.1384892646345637
0.1379749315292132
0.13746261903922963
0.13695232747973934
0.13644405699433387
0.13593780755749693
0.1354335789770303
0.1349313708964794
0.13443118279755634
0.13393301400255903
0.1334368636767888
0.13294273083096078
0.13245061432361163
0.13196051286349955
0.13147242501199863
0.1309863491854854
0.1305022836577177
0.13002022656220508
0.12954017589456923
0.12906212951489587
0.12858608515007447
0.12811204039612922
0.1276399927205357
0.12716993946452812
0.12670187784539216
0.12623580495874592
0.12577171778080581
0.12530961317063996
0.1248494878724066
0.12439133851757622
0.12393516162714131
0.12348095361380679
0.12302871078416726
0.12257842934086635
0.12213010538473884
0.12168373491693751
0.12123931384103999
0.12079683796513996
0.1203563030039188
0.11991770458069993
0.11948103822948383
0.11904629939696475
0.11861348344452763
0.11818258565022645
0.11775360121074295
0.11732652524332546
0.11690135278770736
0.11647807880800716
0.1160566981946064
0.11563720576600893
0.11521959627067829
0.11480386438885608
0.11439000473435801
0.11397801185635145
0.11356788024110909
0.11315960431374507
0.11275317843992749
0.11234859692757154
0.11194585402851073
0.11154494394014818
0.1111458608070849
0.11074859872272928
0.1103531517308838
0.10995951382731149
0.10956767896128092
0.10917764103709078
0.10878939391557288
0.108402931415574
0.1080182473154181
0.10763533535434588
0.10725418923393511
0.10687480261949943
0.10649716914146645
0.10612128239673607
0.10574713595001747
0.10537472333514601
0.10500403805638009
0.10463507358967747
0.10426782338395184
0.1039022808623094
0.10353843942326522
0.10317629244194026
0.10281583327123897
0.10245705524300723
0.10209995166917038
0.10174451584285352
0.1013907410394811
0.10103862051785904
0.10068814752123732
0.10033931527835427
0.09999211700446209
0.09964654590233482
0.09930259516325744
0.09896025796799743
0.09861952748775873
0.09828039688511765
0.0979428593149414
0.0976069079252897
0.09727253585829901
0.09693973625105008
0.09660850223641852
0.0962788269439086
0.09595070350047138
0.09562412503130603
0.09529908466064528
0.09497557551252503
0.09465359071153816
0.09433312338357348
0.09401416665653825
0.0936967136610666
0.0933807575312128
0.09306629140512898
0.09275330842572985
0.09244180174134123
0.09213176450633567
0.09182318988175374
0.0915160710359111
0.09121040114499257
0.09090617339363177
0.09060338097547879
0.09030201709375357
0.09000207496178664
0.0897035478035479
0.08940642885416188
0.08911071136041057
0.08881638858122506
0.08852345378816438
0.08823190026588223
0.08794172131258263
0.08765291024046412
0.08736546037615177
0.08707936506111896
0.08679461765209784
0.0865112115214789
0.08622914005769958
0.08594839666562308
0.08566897476690646
0.08539086780035854
0.08511406922228769
0.0848385725068403
0.08456437114632906
0.08429145865155191
0.0840198285521017
0.08374947439666632
0.08348038975332048
0.08321256820980792
0.08294600337381473
0.0826806888732355
0.08241661835642863
0.08215378549246576
0.08189218397137148
0.08163180750435557
0.08137264982403754
0.081114704684663
0.08085796586231275
0.08060242715510449
0.08034808238338681
0.08009492538992657
0.07984295004008865
0.07959215022200916
0.07934251984676172
0.07909405284851745
0.07884674318469753
0.07860058483612029
0.07835557180714178
0.07811169812578954
0.07786895784389124
0.07762734503719709
0.07738685380549569
0.07714747827272542
0.07690921258707989
0.07667205092110643
0.07643598747180208
0.07620101646070193
0.07596713213396256
0.07573432876244224
0.07550260064177408
0.07527194209243572
0.07504234745981309
0.07481381111426123
0.07458632745115884
0.07435989089095948
0.0741344958792382
0.07391013688673373
0.07368680840938616
0.0734645049683719
0.07324322111013333
0.07302295140640504
0.07280369045423617
0.07258543287600938
0.07236817331945593
0.07215190645766695
0.07193662698910191
0.07172232963759313
0.0715090091523472
0.07129666030794321
0.07108527790432771
0.07087485676680688
0.07066539174603523
0.07045687771800192
0.07024930958401338
0.07004268227067462
0.06983699072986604
0.06963222993871884
0.06942839489958749
0.06922548064001953
0.06902348221272295
0.06882239469553166
0.06862221319136781
0.06842293282820236
0.06822454875901342
0.06802705616174262
0.06783045023924841
0.0676347262192589
0.0674398793543214
0.06724590492175031
0.06705279822357399
0.06686055458647848
0.06666916936175071
0.06647863792521871
0.06628895567719145
0.06610011804239632
0.0659121204699149
0.0657249584331179
0.06553862742959787
0.06535312298110078
0.06516844063345678
0.06498457595650825
0.0648015245440381
0.06461928201369566
0.06443784400692196
0.06425720618887348
0.06407736424834515
0.06389831389769174
0.06372005087274861
0.06354257093275137
0.0633658698602543
0.06318994346104806
0.06301478756407626
0.06284039802135147
0.06266677070787019
0.0624939015215267
0.06232178638302667
0.06215042123579985
0.061979802045911525
0.061809924801973976
0.06164078551505705
0.06147238021859793
0.0613047049683101
0.06113775584209255
0.06097152893993755
0.060806020383838075
0.060641226317695265
0.060477142907224855
0.060313766339863344
0.06015109282467364
0.05998911859225017
0.05982783989462437
0.0596672530051687
0.059507354218501174
0.05934813985038906
0.05918960623765265
0.05903174973806859
0.05887456673027284
0.05871805361366338
0.05856220680830346
0.05840702275482333
0.05825249791432276
0.05809862876827299
0.057945411818419175
0.057792843586681575
0.05764092061505745
0.057489639465522914
0.05733899671993421
0.05718898897992923
0.05703961286682879
0.05689086502153862
0.0567427421044498
0.05659524079534084
0.05644835779327895
0.05630208981652107
0.05615643360241566
0.05601138590730395
0.05586694350642171
0.05572310319380061
0.055579861782170135
0.05543721610285908
0.055295163005697846
0.05515369935891996
0.05501282204906469
0.054872527980878785
0.05473281407721964
0.05459367727895703
0.054455114544876546
0.05431712285158188
0.054179699193398594
0.05404284058227675
0.05390654404769505
0.053770806636564
0.05363562541313016
0.053500997458879915
0.053366919872444504
0.053233389769503925
0.05310040428269219
0.05296796056150238
0.052836055772192046
0.05270468709768847
0.05257385173749533
0.05244354690759813
0.052313769840370984
0.05218451778448367
0.05205578800480801
0.0519275777823259
0.05179988441403652
0.05167270521286433
0.05154603750756773
0.05141987864264721
0.051294225978254476
0.05116907689010178
0.051044428769371285
0.050920279022625074
0.05079662507171554
0.050673464353695706
0.05055079432073051
0.05042861244000782
0.050306916193649895
0.05018570307862616
0.050064970606664747
0.049944716304165415
