2.4355891967970873
2.2665369235071253
2.2357729576274337
2.2088999817208075
2.1836701870391804
2.159701160109132
2.1367391373801308
2.1146831745328054
2.093503780271989
2.0731988876760323
2.0537769025292087
2.0352505382011508
2.017634248595614
2.0009427556484853
1.9851899110930684
1.9703877014451385
1.9565453703139957
1.9436686698287504
1.9317592541998652
1.9208142211830252
1.9108257994342734
1.9017811734683667
1.8936624335405694
1.8864466351961426
1.8801059522404748
1.8746079071576585
1.8699156641801014
1.865988371914174
1.8627815443176583
1.8602474706295025
1.8583356463792136
1.8569932187479259
1.856165440292584
1.8557961254216087
1.8558281041146345
1.8562036673255125
1.856864998417924
1.8577545849665695
1.858815605400529
1.859992285324843
1.8612302189537773
1.8624766519155127
1.8636807227072962
1.864793661237728
1.8657689441230714
1.866562407638688
1.8671323204002481
1.8674394189066579
1.8674469099745852
1.8671204448035936
1.8664280699153104
1.8653401605059152
1.863829341844508
1.8618704042535947
1.8594402169399087
1.8565176455240713
1.8530834775669849
1.8491203597296213
1.844612749450316
1.8395468831982833
1.8339107624820423
1.8276941578756327
1.8208886303947123
1.8134875686322247
1.8054862391765618
1.7968818470148955
1.787673601905053
1.7778627861174583
1.7674528185408418
1.7564493099452827
1.7448601042307814
1.7326953007763537
1.7199672535469417
1.7066905434010977
1.692881921041617
1.6785602192176465
1.663746234059396
1.6484625767341656
1.6327334978787973
1.6165846884140378
1.6000430613131007
1.5831365196252851
1.5658937165079028
1.548343813177297
1.5305162405533312
1.5124404699610425
1.4941457976040504
1.4756611466855498
1.4570148900820947
1.4382346954353098
1.4193473934801555
1.40037886943455
1.3813539763858755
1.3622964688662789
1.3432289542390723
1.3241728591370985
1.3051484080009448
1.2861746107476952
1.2672692567365078
1.2484489124553382
1.2297289206995115
1.211123399413146
1.1926452387871207
1.1743060956259983
1.1561163843912632
1.138085264686933
1.120220625270219
1.102529064944644
1.0850158709304192
1.067684995514497
1.0505390319695458
1.033579190906341
1.0168052783962445
1.0002156773766973
0.9838073340384934
0.9675757510924604
0.9515149900264788
0.9356176846902262
0.9198750687801567
0.9042770200323192
0.8888121241513993
0.8734677616894402
0.8582302212069415
0.8430848420623138
0.8280161900321472
0.813008268603789
0.798044768135399
0.7831093540772555
0.768185994028766
0.7532593215245691
0.7383150320907821
0.7233403043309953
0.7083242357014712
0.6932582794073842
0.6781366657722958
0.6629567888510081
0.6477195373669644
0.6324295486545535
0.6170953655063448
0.601729478866264
0.586348244178642
0.5709716656719025
0.555623050457102
0.5403285423881797
0.525116553376279
0.5100171164796418
0.49506118991772563
0.4802799437093589
0.4657040607134332
0.4513630815546754
0.43728481860710017
0.4234948584367979
0.41001616552708214
0.3968687933815456
0.3840697028071815
0.3716326817705915
0.35956835698387546
0.3478842844386533
0.33658510444848627
0.3256727462530448
0.31514666768076316
0.3050041165251077
0.29524040192458134
0.2858491659307205
0.2768226474191844
0.2681519324064114
0.25982718658028126
0.2518378673782651
0.2441729142230548
0.23682091655045315
0.2297702600513451
0.2230092521236261
0.21652622792130904
0.2103096386286024
0.2043481237074465
0.19863056889587963
0.19314615169615432
0.18788437600617813
0.18283509743218337
0.17798854068746614
0.17333531034145952
0.16886639604244771
0.16457317320093257
0.16044739999235116
0.15648121141947932
0.15266711106747916
0.14899796108841795
0.1454669708670173
0.1420676847448357
0.1387939691152943
0.13563999914608282
0.1326002453376322
0.12966946008561647
0.12684266438099948
0.12411513475218289
0.12148239052958718
0.11894018149287884
0.11648447594442149
0.11411144923888848
0.11181747278785258
0.1095991035491806
0.10745307400386236
0.10537628261720394
0.10336578477685823
0.10141878419674712
0.09953262477335634
0.0977047828790186
0.0959328600754967
0.09421457623034496
0.09254776301806099
0.09093035778787517
0.08936039778009217
0.08783601467314968
0.08635542944395314
0.08491694752454154
0.08351895423871468
0.08215991050287957
0.08083834877603724
0.07955286924451525
0.0783021362277395
0.07708487479202884
0.07589986756007908
0.07474595170446166
0.07362201611411515
0.07252699872342716
0.0714598839941061
0.07041970054061733
0.06940551889050484
0.06841644937143967
0.06745164011733401
0.06651027518632475
0.06559157278387603
0.0646947835846624
0.06381918914729463
0.06296410041631376
0.0621288563062308
0.06131282236271396
0.06051538949633457
0.059735972784567284
0.05897401033801119
0.05822896222705259
0.05750030946542384
0.05678755304733585
0.05609021303506937
0.05540782769410299
0.05473995267303745
0.05408616022574807
0.053446038473351526
0.052819190703726274
0.05220523470646156
0.051603802141241925
0.05101453793779551
0.05043709972564769
0.04987115729202743
