2.1873856039674773
2.22992350418652
2.229203306814846
2.2098430934009077
2.1984191699084805
2.1908821024812304
2.184739014643042
2.1791249191381494
2.173759933564378
2.1685480654057914
2.1634522152911986
2.1584559426308294
2.1535510060344327
2.14873282376321
2.14399860152687
2.1393464752522267
2.1347750866135136
2.1302833583272838
2.125870365786411
2.1215352560655623
2.1172771903585628
2.1130952980014217
2.1089886362137027
2.104956152672804
2.100996649529041
2.0971087482223365
2.0932908548478295
2.089541126023697
2.0858574353321826
2.0822373404790504
2.078678051369147
2.0751763993368963
2.071728807805062
2.0683312646755345
2.064979296783105
2.061667946768079
2.0583917527462807
2.0551447311760893
2.051920363341738
2.0487115858904787
2.0455107858785175
2.0423098007967466
2.039099924061966
2.035871916471782
2.0326160241305242
2.029322003357425
2.025979153084405
2.022576355235529
2.019102123549001
2.015544661249981
2.0118919279019867
2.0081317156490717
2.0042517349027604
2.0002397093195716
1.9960834796507414
1.9917711157213045
1.9872910354104434
1.9826321290632605
1.9777838872764535
1.9727365294850872
1.967481130261535
1.962009739756225
1.956315494306177
1.9503927129601895
1.9442369755693614
1.9378451782153385
1.931215562133768
1.9243477129577644
1.9172425280543974
1.9099021509276932
1.9023298730572125
1.8945300050479619
1.8865077204806013
1.8782688772550709
1.8698198224020919
1.861167187196326
1.8523176798705487
1.8432778832658985
1.834054064363352
1.8246520018690233
1.815076836946205
1.805332950898042
1.7954238722139495
1.7853522140055673
1.7751196415662416
1.7647268686631623
1.7541736802600947
1.743458978692938
1.7325808498793807
1.7215366459191987
1.7103230804025875
1.6989363328532194
1.6873721589522077
1.6756260034835422
1.6636931132813029
1.6515686478222202
1.6392477854797707
1.6267258238318858
1.61399827279338
1.6010609397316078
1.5879100061275433
1.5745420957732756
1.5609543349582644
1.5471444055940378
1.5331105927575428
1.518851828685247
1.5043677358000884
1.4896586718644493
1.4747257807719254
1.4595710527501025
1.444197397761978
1.4286087355702293
1.4128101051674338
1.3968077949863351
1.3806094934229456
1.3642244567149853
1.3476636881761739
1.330940119349116
1.3140687800803508
1.2970669412384748
1.2799542112944677
1.262752566825211
1.245486297727109
1.2281818509457654
1.2108675619975164
1.1935732712815326
1.1763298315494386
1.1591685229202249
1.1421204012428867
1.1252156130955877
1.1084827151303227
1.0919480361053684
1.0756351166479743
1.0595642550205044
1.0437521779024461
1.0282118447395647
1.012952383903257
0.9979791499264788
0.9832938842701321
0.9688949578354722
0.9547776717759376
0.9409345937550495
0.9273559091220105
0.9140297699304591
0.9009426287286311
0.8880795481136076
0.8754244808078301
0.8629605182548028
0.8506701083326604
0.8385352447311232
0.8265376318748037
0.8146588300858033
0.8028803860573824
0.7911839537526749
0.7795514106298576
0.7679649736915325
0.7564073193048904
0.744861710065023
0.7333121311856796
0.7217434379987535
0.7101415151215156
0.6984934467090306
0.6867876959604994
0.6750142907237915
0.6631650106974759
0.6512335704446283
0.6392157913096621
0.6271097544835967
0.6149159270095814
0.6026372525584522
0.590279199400452
0.5778497591752119
0.5653593917844982
0.5528209139126273
0.5402493311799853
0.5276616165817035
0.5150764404633903
0.5025138596469169
0.4899949752697397
0.47754157030544414
0.46517573850341726
0.4529195165882459
0.4407945310153263
0.4288216694584516
0.4170207856175303
0.40541044401685605
0.3940077093657702
0.38282798292196496
0.37188488626670646
0.36119019108102124
0.3507537919825896
0.3405837182929682
0.3306861797709812
0.3210656408608914
0.3117249178318888
0.3026652932824017
0.2938866427942227
0.28538756899044926
0.27716553882310047
0.2692170205419776
0.2615376174347088
0.2541221960465523
0.2469650071637219
0.24005979836016036
0.23339991735612547
0.226978405814693
0.22078808351057921
0.2148216230489141
0.20907161549601413
0.20353062741721273
0.19819124990607007
0.1930461402424201
0.1880880568407467
0.18330988815173582
0.17870467616405517
0.1742656351252148
0.16998616606369354
0.16585986765253385
0.16188054390985107
0.1580422091860662
0.1543390908426463
0.1507656299837084
0.14731648056076696
0.1439865071326048
0.14077078152697525
0.13766457861870826
0.13466337140975396
0.13176282557067776
0.12895879357995294
0.1262473085768998
0.12362457802608201
0.12108697727518766
0.11863104307466385
0.116253467115443
0.1139510896308049
0.11172089309955513
0.1095599960801213
0.10746564719870817
0.10543521930916469
0.10346620383758777
0.10155620532079358
0.09970293614453986
0.09790421148467954
0.09615794445220366
0.09446214144131197
0.09281489767817691
0.09121439296689056
0.08965888762815927
0.08814671862558926
0.08667629587387736
0.08524609872282624
0.08385467261084228
0.08250062588141228
0.08118262675597902
0.07989940045662872
0.07864972647205425
0.07743243596034864
0.07624640928231988
0.07509057365916993
0.07396390094856235
0.07286540553329962
0.07179414231703449
0.07074920482164912
0.069729723381162
0.06873486342722676
0.06776382386151694
0.0668158355104934
0.06589015965827207
0.06498608665350539
0.06410293458639747
0.06324004803216342
0.06239679685742955
0.061572575086250504
0.06076679982259415
0.059978910226307615
0.05920836653973316
0.05845464916230092
0.057717257770558354
0.0569957104812427
0.056289543055123584
0.05559830813947315
0.0549215745471322
0.05425892657025587
0.05360996332692366
0.05297429813890003
0.052351557938924494
0.05174138270599987
0.05114342492723009
0.05055734908483878
0.04998283116707509
