0.523775535994548
0.5456338229239336
0.5218919973852214
0.5389519904754382
0.5398368196132988
0.5222273709290007
0.5156372911691787
0.5195650867037651
0.5189401915805969
0.5173776297623812
0.5191538166825937
0.5196911686213659
0.5176044210927944
0.5161346815258081
0.5161891300269619
0.5164586087132661
0.5167166621065934
0.5171165714254885
0.5172134638621159
0.5168781880690277
0.5165374621342151
0.5164483505319489
0.516530194306405
0.516673990444295
0.5168042444431495
0.5168410341304066
0.5167786418910744
0.5166971177073818
0.5166649745079501
0.5166896232862954
0.5167437050292708
0.5167939990984942
0.5168172668405888
0.5168130132318218
0.516800142097904
0.5167979212247715
0.5168124939177375
0.5168378443491176
0.5168635270664055
0.5168819854447413
0.5168924286624808
0.5168996081187757
0.5169091079863796
0.5169234393823293
0.5169414215837349
0.5169600584048673
0.5169769128729039
0.5169914581967208
0.5170048619817156
0.5170187410813817
0.5170339898984115
0.5170504266012366
0.5170672245231329
0.5170836142193695
0.5170993430331754
0.5171146770050099
0.5171300739776441
0.5171458311932225
0.5171619396306975
0.5171781750108542
0.5171942969840801
0.5172101996442986
0.517225933341907
0.5172416216926163
0.5172573569608933
0.5172731463495757
0.5172889279668529
0.5173046256989996
0.5173201969534236
0.5173356453483688
0.5173510006843516
0.517366288466017
0.5173815112788696
0.5173966502505698
0.5174116797291662
0.5174265820246584
0.5174413529101665
0.5174559971421977
0.5174705197658872
0.5174849199267483
0.5174991903453684
0.5175133211099165
0.5175273041187465
0.5175411351792468
0.5175548131293304
0.5175683374110204
0.5175817060792973
0.517594915369668
0.5176079606338201
0.5176208376467792
0.5176335433489955
0.5176460757193018
0.517658433112252
0.5176706136326189
0.5176826149274307
0.5176944344004533
0.5177060695862226
0.5177175183976852
0.5177287791255417
0.5177398502599383
0.5177507302963689
0.5177614176498875
0.5177719106968234
0.5177822078771019
0.5177923077717669
0.5178022091111284
0.5178119107258777
0.5178214114858674
0.5178307102658718
0.5178398059490219
0.517848697451681
0.5178573837447711
0.5178658638561611
0.5178741368552181
0.5178822018315543
0.5178900578801172
0.5178977040971782
0.5179051395835352
0.5179123634477626
0.5179193748044097
0.5179261727667208
0.5179327564370277
0.5179391248984815
0.5179452772098494
0.5179512124026255
0.5179569294784414
0.5179624274051361
0.5179677051111425
0.5179727614789831
0.5179775953389611
0.5179822054636521
0.517986590563075
0.5179907492799875
0.5179946801847858
0.5179983817698467
0.5180018524434982
0.5180050905239326
0.518008094233262
0.5180108616917101
0.5180133909117834
0.5180156797922626
0.5180177261119423
0.5180195275231616
0.5180210815452068
0.5180223855576489
0.5180234367936217
0.5180242323329902
0.5180247690953598
0.5180250438328962
0.5180250531229587
0.5180247933605636
0.5180242607506977
0.518023451300474
0.5180223608111164
0.5180209848697519
0.5180193188409932
0.5180173578583055
0.5180150968151587
0.5180125303559611
0.5180096528667684
0.518006458465758
0.5180029409934538
0.5179990940026898
0.5179949107483035
0.517990384176547
0.5179855069142125
0.5179802712574575
0.5179746691603182
0.5179686922228985
0.5179623316792209
0.5179555783847228
0.5179484228033917
0.5179408549945139
0.5179328645990352
0.5179244408255034
0.5179155724355871
0.5179062477291448
0.5178964545288282
0.5178861801642003
0.5178754114553469
0.5178641346959609
0.5178523356358732
0.5178399994630087
0.5178271107847418
0.5178136536086193
0.5177996113224292
0.5177849666735789
0.5177697017477522
0.5177537979468141
0.5177372359659231
0.5177199957698138
0.51770205656821
0.5176833967903269
0.5176639940584111
0.5176438251602757
0.5176228660207766
0.517601091672174
0.5175784762233238
0.5175549928276344
0.5175306136497234
0.5175053098307061
0.5174790514520404
0.5174518074978469
0.5174235458156222
0.5173942330752556
0.5173638347262509
0.5173323149530549
0.5172996366283811
0.5172657612644136
0.5172306489617704
0.5171942583560896
0.5171565465621029
0.517117469115046
0.5170769799092445
0.5170350311337082
0.5169915732045514
0.5169465546940455
0.5168999222561009
0.5168516205479541
0.5168015921478297
0.5167497774683273
0.5166961146652629
0.5166405395416874
0.5165829854467733
0.5165233831692501
0.5164616608250434
0.5163977437387505
0.5163315543185607
0.5162630119242032
0.5161920327274798
0.5161185295649061
0.5160424117819581
0.515963585068385
0.5158819512840203
0.5157974082744725
0.5157098496760599
0.5156191647092842
0.5155252379601238
0.5154279491483552
0.5153271728820807
0.5152227783975805
0.5151146292835531
0.5150025831887608
0.5148864915120227
0.514766199073454
0.5146415437657726
0.5145123561844369
0.5143784592353066
0.5142396677184526
0.5140957878866692
0.5139466169771713
0.5137919427148889
0.5136315427857032
0.5134651842778954
0.5132926230900192
0.5131136033033458
0.5129278565169775
0.5127351011436749
0.5125350416644221
0.5123273678397144
0.5121117538755702
0.5118878575422728
0.5116553192439021
0.5114137610367835
0.5111627855951077
0.5109019751221194
0.5106308902054937
0.510349068615787
0.5100560240471896
0.5097512448002337
0.5094341924066248
0.509104300196988
0.5087609718130552
0.5084035796666972
0.5080314633492209
0.5076439279955203
0.5072402426090308
0.5068196383549556
0.5063813068309588
0.5059243983264398
0.5054480200836088
0.5049512345758889
0.5044330578216382
0.5038924577538086
0.5033283526688819
0.5027396097812133
0.5021250439116907
0.5014834163423099
0.5008134338707753
0.5001137481014615
0.49938295501089225
0.49861959482721685
0.4978221522638703
0.4969890571476506
0.4961186854807823
0.4952093609752216
0.49425935709561364
0.493266899645154
0.49223016992649593
0.4911473085081978
0.49001641962656567
0.4888355762536327
0.4876028258649071
0.48631619694563943
0.48497370628159653
0.4835733670889052
0.48211319804599634
0.4805912332965363
0.47900553349212105
0.4773541979331407
0.4756353778408644
0.47384729074883314
0.47198823593345995
0.4700566107108326
0.4680509273107444
0.46596982990580116
0.4638121112334975
0.4615767281173553
0.45926281508777256
0.45686969524383353
0.4543968875021652
0.45184410946189313
0.4492112752823233
0.4464984882191929
0.4437060277829587
0.4408343318457411
0.43788397440202964
0.4348556400480098
0.43175009655150587
0.4285681671093544
0.4253107040092422
0.4219785654158188
0.41857259688348636
0.41509361896733266
0.41154242197375235
0.4079197684835755
0.4042264038168082
0.40046307411487597
0.3966305512195001
0.3927296630526478
0.388761327774371
0.38472658963902556
0.38062665420855624
0.3764629204358834
0.3722370071208213
0.3679507713798481
0.3636063170673188
0.35920599153840355
0.3547523697413474
0.35024822534466804
0.34569648940745645
0.3411001979407637
0.3364624305294033
0.33178624292588965
0.32707459713083076
0.32233029288055665
0.31755590462550853
0.31275372796728235
0.3079257391099147
0.3030735701734637
0.29819850224000266
0.2933014768060437
0.28838312498529034
0.28344381246048256
0.27848369697652664
0.2735027942788312
0.2685010480165561
0.2634783994068971
0.25843485347198597
0.2533705403600918
0.24828577241659905
0.24318109986010403
0.2380573695867159
0.23291579218493902
0.2277580212458209
0.22258624636396435
0.2174032971481199
0.212212750844956
0.2070190318843384
0.20182748888550692
0.19664443427024003
0.19147713395401095
0.18633373935688713
0.18122316037134237
0.17615488478728658
0.17113875579896226
0.16618472362024714
0.16130258934051736
0.1565017588644728
0.1517910224225017
0.14717837132967312
0.14267085914989952
0.1382745098918805
0.13399427188306426
0.12983401289115332
0.1257965500349192
0.12188370701705384
0.11809639106941978
0.11443468250931749
0.11089793073401456
0.10748485162110027
0.10419362248742774
0.10102197187162981
0.097967262373127
0.09502656557147798
0.09219672865963074
0.08947443286737122
0.08685624405136204
0.08433865601361616
0.0819181272084507
0.07959111153328455
0.07735408389118986
0.07520356117862968
0.0731361193019773
0.07114840676944006
0.06923715534639602
0.06739918820532693
0.065631425948465
0.06393089083288873
0.06229470948444481
0.0607201143484018
0.059204444090893614
0.057745143135530266
0.056339760493638355
0.05498594802398296
0.05368145823813862
0.05242414175054862
0.05121194445741961
0.050042904515679484
0.048915149182012965
