0.5793321084830378
0.6003967918853435
0.5299605056291002
0.5403283003520309
0.5591077781821018
0.5408798157510677
0.5181861581251909
0.5187132231082672
0.5233865029473354
0.5196838805010253
0.517670621321322
0.5196579935940598
0.5192981050576072
0.5163622887821022
0.5147439810339615
0.5148295519613574
0.5149118527152348
0.5148322823255065
0.5149210858735133
0.5147815520326048
0.5142127486620077
0.5136109775224152
0.513272695297204
0.5131193256430701
0.5130147159930215
0.5128992834459846
0.5127167277822491
0.5124419150186919
0.5121285491374535
0.5118490580643034
0.5116259376869134
0.5114386854236077
0.5112577066096
0.5110603666434522
0.5108385626263668
0.5106018440161774
0.5103679220508852
0.510148225426156
0.5099425562479234
0.5097435045674673
0.5095430872430524
0.5093372424785586
0.5091271091782413
0.5089170221896209
0.5087109614443309
0.5085102192019608
0.5083134830491829
0.5081184395619186
0.5079234291519353
0.5077282294493647
0.5075337824929433
0.5073413015645161
0.5071514678130659
0.5069641865409904
0.506778879887066
0.5065949731504757
0.506412230944605
0.5062307926192087
0.5060509732624634
0.5058730160706707
0.5056969587135256
0.5055226598650405
0.5053499218167541
0.5051786075248758
0.5050086845194814
0.5048401912478007
0.5046731685934017
0.5045076075710225
0.5043434395550461
0.5041805621676693
0.5040188747466171
0.5038582993958343
0.5036987793097398
0.5035402620251409
0.5033826819762313
0.5032259529059341
0.5030699716833953
0.5029146278083632
0.5027598111823657
0.5026054139542244
0.5024513270201572
0.5022974347779429
0.5021436117146206
0.5019897222521644
0.5018356229027684
0.5016811646794476
0.5015261941570535
0.5013705528562513
0.5012140757203494
0.5010565897678168
0.5008979135745171
0.5007378575440113
0.500576224457696
0.5004128097720093
0.5002474014325169
0.5000797793266087
0.4999097146717296
0.4997369695807994
0.4995612968614829
0.499382439940643
0.49920013275364794
0.4990140994981628
0.49882405425488563
0.49862970054875744
0.49843073092979195
0.4982268266085309
0.4980176571284605
0.4978028800309808
0.4975821404764177
0.49735507081229713
0.4971212901051313
0.49688040365988373
0.496632002542326
0.4963756631040507
0.49611094649936405
0.49583739818274214
0.49555454738256
0.4952619065550132
0.4949589708263332
0.49464521743026535
0.4943201051437386
0.4939830737201922
0.4936335433193059
0.4932709139337985
0.4928945648168219
0.4925038539155456
0.49209811731705333
0.49167666871214283
0.49123879888204613
0.49078377521329253
0.4903108412470608
0.4898192162710009
0.4893080949630973
0.4887766470983742
0.48822401733019183
0.48764932505882025
0.4870516644012046
0.4864301042774295
0.48578368863124183
0.48511143680393065
0.4844123440827319
0.48368538244671755
0.4829295015348604
0.4821436298627327
0.48132667631603515
0.4804775319508252
0.4795950721317496
0.4786781590406796
0.47772564458877026
0.47673637376503564
0.47570918845393123
0.47464293175306027
0.47353645281979456
0.4723886122721565
0.4711982881645747
0.4699643825529282
0.46868582865551234
0.46736159860706333
0.465990711791686
0.4645722437273899
0.4631053354599376
0.46158920340692644
0.4600231495745987
0.4584065720500692
0.45673897565080973
0.4550199825918369
0.45324934300965836
0.45142694516137954
0.44955282509822786
0.44762717559602433
0.44565035411176224
0.4436228895264195
0.44154548743035493
0.43941903371001995
0.4372445962039177
0.43502342421232176
0.43275694566942197
0.4304467618182493
0.4280946392674644
0.4257024993540631
0.42327240478602435
0.42080654359229674
0.41830721046242864
0.4157767856124266
0.4132177113648731
0.4106324666776767
0.4080235398949781
0.4053934000238638
0.4027444668602048
0.4000790802952399
0.3973994691311133
0.39470771971879837
0.3920057447066443
0.3892952521538158
0.38657771522234946
0.38385434261720597
0.3811260498987045
0.3783934317496425
0.37565673524403026
0.3729158341396222
0.370170204206383
0.36741889961164065
0.3646605304138544
0.36189324127420847
0.3591146915817224
0.3563220373054505
0.353511915037578
0.35068042887285544
0.3478231409791513
0.34493506694367176
0.34201067721756784
0.33904390621061825
0.3360281707834665
0.3329564000172556
0.3298210781739744
0.3266143026574069
0.32332785850841816
0.31995331049249426
0.3164821131524204
0.31290573832156865
0.30921581857411673
0.3054043040151653
0.30146362880622635
0.2973868830182835
0.2931679849381849
0.28880184892008176
0.28428454429910643
0.27961344170577135
0.2747873441785355
0.2698066015374386
0.2646732072951862
0.25939087771916935
0.2539651123898563
0.24840323473885798
0.24271440975798975
0.23690963464343218
0.23100169694737704
0.22500509422746084
0.21893590951408323
0.21281163832522945
0.20665096544208492
0.2004734930277044
0.19429942557335594
0.1881492211251419
0.182043221761728
0.17600127887872577
0.17004239011268174
0.16418436450666374
0.15844353078654866
0.15283450059441117
0.14736999459171427
0.142060734978126
0.1369154036669697
0.13194066155092882
0.12714122129958805
0.1225199641253503
0.11807808996254383
0.11381529043193095
0.10972993463333071
0.10581925900687333
0.10207955401017352
0.09850634198067859
0.09509454213628112
0.09183862010559118
0.08873272060827105
0.08577078289852114
0.08294663934178052
0.08025409803509272
0.07768701073511586
0.07523932755841267
0.07290514000039541
0.07067871381314592
0.06855451321499009
0.06652721779799688
0.06459173337054913
0.06274319783355559
0.06097698304984462
0.059288693532949244
0.057674162657698994
0.05612944698288343
0.054650819176618654
0.05323475994792097
0.051877949312829505
0.05057725745930808
0.04932973542103787
