0.5125671234887035
0.5629162826735797
0.5514733034723529
0.5424403410983046
0.5355840474327029
0.530499881269697
0.5267971869888504
0.5241365891283724
0.5222430968368987
0.5209042718571648
0.5199613569367445
0.5192984338035963
0.5188322294418874
0.5185036008776851
0.518270877441493
0.5181048628873605
0.5179851809380871
0.5178976494932434
0.5178324161793696
0.5177826452064785
0.5177435976939866
0.5177119900787812
0.5176855477408766
0.5176626950392959
0.5176423403577588
0.5176237271747463
0.5176063309422017
0.5175897877112821
0.5175738447427354
0.5175583263332824
0.5175431101695434
0.5175281109641101
0.5175132691283191
0.5174985429286356
0.5174839030526566
0.5174693288421311
0.5174548056795477
0.5174403231732703
0.5174258738957194
0.5174114525048037
0.5173970551311278
0.5173826789496828
0.517368321879739
0.5173539823739419
0.5173396592695859
0.5173253516833098
0.5173110589361901
0.51729678050017
0.5172825159595159
0.5172682649829001
0.5172540273030263
0.5172398027016417
0.5172255909984164
0.5172113920426153
0.5171972057068046
0.5171830318820523
0.5171688704742284
0.5171547214011343
0.5171405845902493
0.5171264599769514
0.5171123475031002
0.5170982471158998
0.5170841587669832
0.517070082411669
0.5170560180083539
0.5170419655180187
0.5170279249038203
0.5170138961307551
0.5169998791653839
0.5169858739756004
0.5169718805304422
0.5169578987999323
0.5169439287549477
0.5169299703671096
0.5169160236086923
0.5169020884525471
0.5168881648720385
0.5168742528409911
0.5168603523336449
0.5168464633246191
0.5168325857888791
0.5168187197017124
0.5168048650387055
0.5167910217757252
0.5167771898889044
0.5167633693546284
0.5167495601495232
0.5167357622504478
0.5167219756344853
0.5167082002789365
0.5166944361613143
0.5166806832593387
0.5166669415509336
0.5166532110142219
0.5166394916275234
0.5166257833693519
0.5166120862184131
0.5165984001536021
0.5165847251540021
0.516571061198883
0.5165574082676991
0.5165437663400888
0.5165301353958729
0.5165165154150537
0.5165029063778142
0.5164893082645163
0.5164757210557018
0.5164621447320896
0.5164485792745759
0.5164350246642335
0.5164214808823109
0.5164079479102315
0.5163944257295932
0.5163809143221676
0.5163674136698994
0.516353923754906
0.5163404445594761
0.5163269760660703
0.5163135182573193
0.516300071116024
0.5162866346251553
0.5162732087678523
0.5162597935274224
0.5162463888873413
0.5162329948312514
0.5162196113429617
0.5162062384064475
0.5161928760058492
0.5161795241254719
0.5161661827497854
0.5161528518634231
0.5161395314511813
0.5161262214980195
0.5161129219890583
0.5160996329095805
0.5160863542450296
0.5160730859810092
0.516059828103283
0.5160465805977734
0.5160333434505622
0.5160201166478884
0.5160069001761491
0.5159936940218981
0.5159804981718458
0.515967312612858
0.5159541373319563
0.5159409723163166
0.515927817553269
0.5159146730302974
0.5159015387350383
0.515888414655281
0.5158753007789666
0.5158621970941877
0.5158491035891872
0.5158360202523588
0.515822947072245
0.5158098840375385
0.5157968311370795
0.515783788359857
0.5157707556950069
0.5157577331318117
0.515744720659701
0.5157317182682497
0.5157187259471775
0.5157057436863492
0.5156927714757737
0.515679809305603
0.515666857166132
0.5156539150477986
0.5156409829411814
0.5156280608370016
0.5156151487261199
0.5156022465995378
0.5155893544483962
0.5155764722639748
0.515563600037692
0.5155507377611039
0.515537885425904
0.5155250430239227
0.515512210547126
0.5154993879876166
0.5154865753376311
0.5154737725895414
0.515460979735853
0.5154481967692051
0.515435423682369
0.5154226604682492
0.5154099071198814
0.5153971636304326
0.5153844299932
0.5153717062016112
0.515358992249223
0.5153462881297215
0.5153335938369206
0.5153209093647625
0.5153082347073158
0.5152955698587764
0.5152829148134663
0.5152702695658326
0.5152576341104474
0.5152450084420076
0.5152323925553333
0.515219786445368
0.5152071901071785
0.5151946035359528
0.5151820267270011
0.5151694596757539
0.515156902377763
0.5151443548286992
0.5151318170243533
0.5151192889606339
0.5151067706335687
0.5150942620393024
0.5150817631740967
0.51506927403433
0.5150567946164963
0.5150443249172052
0.5150318649331805
0.5150194146612606
0.5150069740983976
0.5149945432416556
0.5149821220882127
0.5149697106353576
0.5149573088804904
0.5149449168211226
0.5149325344548756
0.5149201617794799
0.5149077987927753
0.5148954454927102
0.5148831018773403
0.5148707679448292
0.5148584436934471
0.5148461291215698
0.5148338242276788
0.5148215290103608
0.514809243468307
0.5147969676003119
0.5147847014052737
0.5147724448821929
0.5147601980301721
0.5147479608484158
0.5147357333362286
0.5147235154930162
0.5147113073182834
0.5146991088116348
0.5146869199727732
0.5146747408014991
0.514662571297711
0.5146504114614037
0.5146382612926685
0.5146261207916927
0.5146139899587576
0.5146018687942402
0.5145897572986103
0.514577655472432
0.5145655633163614
0.5145534808311467
0.5145414080176283
0.5145293448767366
0.5145172914094933
0.5145052476170091
0.5144932135004843
0.5144811890612077
0.5144691743005558
0.5144571692199928
0.5144451738210698
0.5144331881054232
0.5144212120747765
0.5144092457309369
0.5143972890757965
0.5143853421113315
0.5143734048396005
0.5143614772627456
0.5143495593829905
0.5143376512026402
0.5143257527240805
0.514313863949778
0.514301984882278
0.5142901155242053
0.5142782558782634
0.5142664059472329
0.5142545657339723
0.5142427352414161
0.5142309144725749
0.514219103430535
0.5142073021184573
0.5141955105395768
0.5141837286972022
0.5141719565947145
0.514160194235568
0.5141484416232882
0.5141366987614716
0.5141249656537856
0.5141132423039673
0.5141015287158228
0.5140898248932271
0.5140781308401234
0.5140664465605221
0.5140547720585006
0.514043107338202
0.5140314524038357
0.5140198072596758
0.5140081719100602
0.5139965463593912
0.513984930612134
0.5139733246728164
0.5139617285460276
0.5139501422364186
0.5139385657487006
0.5139269990876448
0.5139154422580823
0.5139038952649023
0.5138923581130523
0.5138808308075375
0.51386931335342
0.5138578057558175
0.5138463080199039
0.513834820150908
0.5138233421541127
0.5138118740348551
0.5138004157985246
0.5137889674505638
0.5137775289964668
0.5137661004417788
0.5137546817920955
0.5137432730530632
0.5137318742303763
0.5137204853297788
0.5137091063570624
0.513697737318066
0.5136863782186752
0.5136750290648222
0.5136636898624845
0.5136523606176835
0.5136410413364861
0.5136297320250017
0.5136184326893831
0.5136071433358251
0.5135958639705646
0.5135845945998787
0.5135733352300853
0.5135620858675416
0.5135508465186442
0.5135396171898278
0.5135283978875651
0.5135171886183654
0.5135059893887746
0.5134948002053746
0.5134836210747822
0.5134724520036488
0.5134612929986594
0.5134501440665324
0.5134390052140183
0.5134278764479
0.513416757774991
0.5134056492021359
0.513394550736209
0.5133834623841133
0.5133723841527813
0.5133613160491728
0.5133502580802747
0.513339210253101
0.5133281725746914
0.5133171450521105
0.5133061276924481
0.513295120502818
0.5132841234903565
0.5132731366622232
0.5132621600255993
0.5132511935876877
0.5132402373557113
0.5132292913369135
0.5132183555385571
0.5132074299679227
0.5131965146323096
0.5131856095390341
0.5131747146954295
0.5131638301088443
0.513152955786643
0.5131420917362042
0.5131312379649207
0.5131203944801987
0.5131095612894565
0.5130987384001251
0.5130879258196459
0.5130771235554712
0.5130663316150635
0.5130555500058942
0.5130447787354433
0.5130340178111984
0.513023267240655
0.5130125270313146
0.5130017971906844
0.5129910777262772
0.5129803686456099
0.5129696699562035
0.512958981665582
0.5129483037812719
0.5129376363108011
0.5129269792616994
0.5129163326414959
0.5129056964577203
0.512895070717901
0.5128844554295646
0.5128738506002357
0.5128632562374359
0.5128526723486825
0.512842098941489
0.5128315360233637
0.5128209836018093
0.5128104416843214
0.5127999102783892
0.5127893893914939
0.5127788790311079
0.5127683792046946
0.5127578899197077
0.5127474111835899
0.5127369430037733
0.5127264853876771
0.5127160383427086
0.5127056018762619
0.5126951759957163
0.5126847607084373
0.5126743560217742
0.5126639619430606
0.5126535784796133
0.5126432056387317
0.5126328434276968
0.5126224918537708
0.5126121509241967
0.5126018206461966
0.5125915010269724
0.5125811920737038
0.5125708937935484
0.5125606061936405
0.5125503292810912
0.5125400630629872
0.5125298075463891
0.5125195627383328
0.5125093286458273
0.5124991052758542
0.5124888926353677
0.5124786907312933
0.5124684995705265
0.5124583191599339
0.5124481495063506
0.5124379906165808
0.5124278424973963
0.5124177051555366
0.512407578597707
0.5123974628305796
0.5123873578607908
0.512377263694942
0.5123671803395978
0.5123571078012865
0.5123470460864984
0.5123369952016851
0.5123269551532601
0.5123169259475963
0.5123069075910263
0.5122969000898422
0.5122869034502934
0.5122769176785873
0.5122669427808879
0.5122569787633153
0.5122470256319449
0.5122370833928072
0.5122271520518857
0.5122172316151183
0.5122073220883947
0.5121974234775571
0.5121875357883982
0.5121776590266618
0.5121677931980406
0.5121579383081776
0.5121480943626636
0.5121382613670368
0.5121284393267826
0.5121186282473333
0.5121088281340659
0.5120990389923025
0.5120892608273099
0.5120794936442981
0.5120697374484198
0.5120599922447697
0.5120502580383846
0.5120405348342412
0.5120308226372566
0.5120211214522878
0.5120114312841291
0.5120017521375138
0.5119920840171122
0.5119824269275308
0.5119727808733128
0.5119631458589354
0.5119535218888112
0.5119439089672864
0.5119343070986394
0.5119247162870825
0.5119151365367585
0.5119055678517416
0.5118960102360364
0.5118864636935768
0.5118769282282263
0.5118674038437756
0.5118578905439436
0.5118483883323762
0.5118388972126451
0.5118294171882474
0.5118199482626051
0.5118104904390647
0.5118010437208953
0.5117916081112894
0.5117821836133613
0.5117727702301462
0.5117633679646008
0.5117539768196009
0.5117445967979425
0.511735227902339
0.5117258701354229
0.5117165234997432
0.5117071879977655
0.5116978636318715
0.5116885504043578
0.5116792483174358
0.5116699573732304
0.5116606775737798
0.5116514089210347
0.5116421514168571
0.5116329050630204
0.5116236698612089
0.5116144458130161
0.511605232919944
0.5115960311834038
0.5115868406047143
0.5115776611851011
0.5115684929256962
0.511559335827537
0.5115501898915664
0.5115410551186312
0.5115319315094821
0.5115228190647724
0.5115137177850582
0.5115046276707967
0.5114955487223465
0.5114864809399663
0.5114774243238144
0.511468378873948
0.5114593445903227
0.5114503214727917
0.511441309521105
0.5114323087349089
0.5114233191137457
0.5114143406570522
0.5114053733641595
0.5113964172342926
0.5113874722665694
0.5113785384600003
0.5113696158134866
0.5113607043258214
0.5113518039956877
0.5113429148216584
0.5113340368021954
0.5113251699356487
0.5113163142202561
0.5113074696541431
0.5112986362353205
0.5112898139616855
0.5112810028310208
0.5112722028409924
0.5112634139891511
0.5112546362729306
0.5112458696896467
0.511237114236498
0.5112283699105631
0.511219636708802
0.5112109146280546
0.5112022036650397
0.511193503816355
0.5111848150784761
0.5111761374477561
0.5111674709204248
0.5111588154925879
0.5111501711602269
0.5111415379191978
0.5111329157652308
0.5111243046939302
0.5111157047007722
0.5111071157811061
0.5110985379301528
0.5110899711430039
0.5110814154146219
0.5110728707398383
0.5110643371133546
0.51105581452974
0.5110473029834325
0.5110388024687367
0.511030312979824
0.5110218345107321
0.511013367055364
0.5110049106074874
0.5109964651607344
0.5109880307086002
0.5109796072444435
0.5109711947614851
0.5109627932528077
0.5109544027113551
0.5109460231299311
0.5109376545012001
0.5109292968176855
0.5109209500717697
0.5109126142556926
0.5109042893615519
0.5108959753813025
0.5108876723067548
0.510879380129576
0.5108710988412873
0.5108628284332652
0.5108545688967395
0.5108463202227935
0.5108380824023636
0.5108298554262377
0.5108216392850555
0.5108134339693078
0.5108052394693355
0.5107970557753294
0.5107888828773295
0.5107807207652241
0.5107725694287502
0.510764428857491
0.5107562990408779
0.5107481799681878
0.5107400716285435
0.5107319740109129
0.5107238871041082
0.510715810896786
0.5107077453774461
0.510699690534431
0.5106916463559255
0.5106836128299561
0.5106755899443909
0.5106675776869378
0.5106595760451447
0.5106515850063996
0.5106436045579289
0.5106356346867975
0.5106276753799078
0.5106197266239995
0.510611788405649
0.5106038607112687
0.5105959435271068
0.5105880368392459
0.5105801406336035
0.5105722548959309
0.5105643796118127
0.5105565147666662
0.5105486603457409
0.5105408163341182
0.5105329827167102
0.5105251594782605
0.5105173466033417
0.5105095440763568
0.5105017518815373
0.5104939700029434
0.5104861984244631
0.5104784371298119
0.510470686102532
0.5104629453259919
0.5104552147833865
0.5104474944577352
0.5104397843318829
0.5104320843884981
0.5104243946100732
0.5104167149789239
0.510409045477189
0.5104013860868284
0.5103937367896247
0.5103860975671811
0.5103784684009214
0.5103708492720895
0.5103632401617497
0.510355641050784
0.510348051919894
0.510340472749599
0.510332903520236
0.510325344211959
0.5103177948047385
0.5103102552783614
0.5103027256124297
0.5102952057863607
0.5102876957793864
0.5102801955705528
0.5102727051387193
0.5102652244625583
0.5102577535205557
0.5102502922910085
0.5102428407520259
0.5102353988815278
0.5102279666572453
0.5102205440567193
0.5102131310573006
0.5102057276361491
0.5101983337702336
0.510190949436331
0.5101835746110259
0.5101762092707108
0.5101688533915845
0.510161506949652
0.5101541699207249
0.5101468422804196
0.510139524004158
0.5101322150671662
0.5101249154444741
0.5101176251109161
0.5101103440411283
0.5101030722095511
0.5100958095904258
0.5100885561577959
0.5100813118855065
0.5100740767472031
0.510066850716332
0.5100596337661387
0.5100524258696693
0.5100452269997678
0.5100380371290776
0.51003085623004
0.510023684274894
0.5100165212356758
0.5100093670842181
0.5100022217921509
0.5099950853308995
0.5099879576716847
0.5099808387855223
0.5099737286432233
0.5099666272153924
0.5099595344724281
0.5099524503845223
0.5099453749216601
0.5099383080536187
0.5099312497499676
0.5099241999800677
0.5099171587130712
0.5099101259179215
0.5099031015633517
0.5098960856178856
0.5098890780498356
0.5098820788273044
0.5098750879181819
0.5098681052901479
0.509861130910669
0.5098541647469995
0.5098472067661808
0.5098402569350412
0.5098333152201948
0.509826381588042
0.5098194560047682
0.509812538436344
0.5098056288485244
0.5097987272068493
0.5097918334766418
0.5097849476230081
0.5097780696108385
0.509771199404805
0.5097643369693624
0.5097574822687467
0.509750635266976
0.509743795927849
0.5097369642149452
0.5097301400916248
0.509723323521027
0.5097165144660712
0.5097097128894559
0.5097029187536576
0.5096961320209319
0.5096893526533123
0.5096825806126096
0.5096758158604117
0.5096690583580835
0.5096623080667666
0.5096555649473782
0.5096488289606114
0.5096421000669347
0.5096353782265914
0.5096286633995994
0.5096219555457507
0.5096152546246114
0.5096085605955207
0.5096018734175911
0.5095951930497079
0.5095885194505283
0.5095818525784822
0.5095751923917704
0.5095685388483657
0.5095618919060108
0.5095552515222199
0.5095486176542767
0.5095419902592354
0.5095353692939187
0.5095287547149195
0.5095221464785984
0.509515544541085
0.5095089488582769
0.5095023593858392
0.5094957760792043
0.5094891988935715
0.509482627783907
0.5094760627049431
0.5094695036111777
0.5094629504568751
0.509456403196064
0.5094498617825381
0.509443326169856
0.5094367963113402
0.5094302721600771
0.5094237536689163
0.5094172407904711
0.5094107334771172
0.5094042316809926
0.5093977353539978
0.5093912444477947
0.5093847589138074
0.5093782787032198
0.5093718037669781
0.5093653340557873
0.5093588695201136
0.5093524101101825
0.5093459557759792
0.5093395064672475
0.5093330621334903
0.5093266227239688
0.509320188187702
0.5093137584734673
0.5093073335297987
0.5093009133049877
0.5092944977470825
0.5092880868038874
0.5092816804229632
0.509275278551626
0.5092688811369481
0.5092624881257557
0.5092560994646306
0.5092497150999085
0.5092433349776796
0.509236959043788
0.5092305872438305
0.5092242195231577
0.5092178558268725
0.5092114960998305
0.5092051402866397
0.5091987883316591
0.509192440179
0.5091860957725244
0.509179755055845
0.5091734179723255
0.5091670844650795
0.5091607544769701
0.5091544279506106
0.5091481048283628
0.509141785052338
0.5091354685643958
0.5091291553061437
0.5091228452189377
0.509116538243881
0.5091102343218241
0.5091039333933646
0.5090976353988463
0.50909134027836
0.5090850479717419
0.5090787584185736
0.5090724715581829
0.5090661873296419
0.5090599056717677
0.5090536265231216
0.5090473498220089
0.5090410755064788
0.5090348035143237
0.509028533783079
0.5090222662500234
0.5090160008521771
0.5090097375263032
0.5090034762089061
0.508997216836232
0.5089909593442675
0.5089847036687413
0.5089784497451211
0.5089721975086158
0.5089659468941738
0.5089596978364831
0.5089534502699705
0.5089472041288019
0.5089409593468818
0.5089347158578532
0.5089284735950961
0.5089222324917286
0.5089159924806065
0.5089097534943217
0.5089035154652028
0.508897278325315
0.508891042006459
0.5088848064401715
0.5088785715577241
0.5088723372901236
0.5088661035681111
0.5088598703221624
0.5088536374824868
0.5088474049790271
0.50884117274146
0.5088349406991947
0.508828708781373
0.5088224769168688
0.5088162450342884
0.5088100130619695
0.5088037809279808
0.5087975485601224
0.5087913158859245
0.5087850828326477
0.5087788493272829
0.5087726152965502
0.5087663806668986
0.5087601453645069
0.5087539093152815
0.5087476724448577
0.5087414346785982
0.5087351959415934
0.508728956158661
0.5087227152543454
0.5087164731529172
0.5087102297783738
0.5087039850544375
0.508697738904557
0.5086914912519053
0.5086852420193804
0.5086789911296049
0.5086727385049251
0.5086664840674108
0.5086602277388559
0.5086539694407763
0.5086477090944113
0.5086414466207219
0.508635181940391
0.5086289149738235
0.5086226456411448
0.5086163738622017
0.5086100995565606
0.508603822643509
0.5085975430420535
0.5085912606709199
0.5085849754485531
0.5085786872931166
0.5085723961224926
0.50856610185428
0.5085598044057962
0.508553503694075
0.5085471996358674
0.5085408921476404
0.508534581145577
0.5085282665455759
0.5085219482632508
0.5085156262139303
0.5085093003126572
0.5085029704741887
0.5084966366129953
0.5084902986432607
0.5084839564788817
0.5084776100334673
0.5084712592203386
0.5084649039525284
0.5084585441427811
0.508452179703551
0.5084458105470039
0.5084394365850148
0.5084330577291689
0.5084266738907605
0.5084202849807925
0.5084138909099764
0.5084074915887313
0.5084010869271847
0.5083946768351705
0.5083882612222296
0.5083818399976089
0.5083754130702623
0.5083689803488477
0.5083625417417287
0.5083560971569739
0.5083496465023554
0.5083431896853494
0.5083367266131354
0.5083302571925957
0.5083237813303152
0.5083172989325805
0.5083108099053797
0.5083043141544028
0.5082978115850395
0.5082913021023802
0.5082847856112148
0.5082782620160329
0.5082717312210226
0.5082651931300707
0.5082586476467613
0.5082520946743767
0.508245534115896
0.5082389658739948
0.5082323898510442
0.5082258059491117
0.5082192140699597
0.5082126141150451
0.5082060059855191
0.5081993895822263
0.5081927648057049
0.5081861315561855
0.5081794897335912
0.5081728392375362
0.508166179967327
0.5081595118219598
0.5081528347001216
0.5081461485001892
0.5081394531202281
0.5081327484579929
0.5081260344109266
0.5081193108761595
0.5081125777505094
0.5081058349304806
0.5080990823122634
0.5080923197917342
0.508085547264454
0.5080787646256686
0.5080719717703079
0.5080651685929852
0.5080583549879968
0.5080515308493213
0.5080446960706193
0.5080378505452331
0.5080309941661848
0.5080241268261778
0.5080172484175945
0.508010358832497
0.5080034579626255
0.5079965456993977
0.5079896219339104
0.5079826865569353
0.5079757394589218
0.5079687805299944
0.5079618096599527
0.5079548267382713
0.5079478316540981
0.507940824296255
0.5079338045532362
0.5079267723132086
0.50791972746401
0.5079126698931499
0.5079055994878076
0.5078985161348325
0.5078914197207433
0.5078843101317267
0.507877187253638
0.5078700509719991
0.5078629011719993
0.5078557377384934
0.5078485605560018
0.5078413695087098
0.5078341644804666
0.5078269453547852
0.5078197120148413
0.5078124643434727
0.507805202223179
0.5077979255361204
0.5077906341641174
0.5077833279886503
0.5077760068908582
0.5077686707515384
0.5077613194511456
0.5077539528697915
0.5077465708872443
0.5077391733829268
0.5077317602359183
0.5077243313249499
0.5077168865284082
0.5077094257243315
0.5077019487904103
0.5076944556039865
0.5076869460420522
0.5076794199812501
0.5076718772978713
0.5076643178678563
0.5076567415667919
0.5076491482699133
0.5076415378521008
0.5076339101878808
0.5076262651514245
0.5076186026165467
0.5076109224567059
0.5076032245450025
0.5075955087541791
0.5075877749566191
0.5075800230243465
0.5075722528290236
0.5075644642419526
0.5075566571340726
0.5075488313759602
0.5075409868378284
0.5075331233895255
0.5075252409005342
0.5075173392399717
0.5075094182765877
0.5075014778787641
0.5074935179145149
0.5074855382514841
0.5074775387569457
0.5074695192978025
0.5074614797405854
0.5074534199514531
0.50744533979619
0.5074372391402064
0.5074291178485375
0.5074209757858423
0.5074128128164024
0.507404628804122
0.5073964236125262
0.507388197104761
0.5073799491435914
0.5073716795914012
0.5073633883101919
0.5073550751615818
0.5073467400068055
0.507338382706712
0.507330003121765
0.5073216011120407
0.5073131765372285
0.5073047292566282
0.5072962591291507
0.5072877660133159
0.5072792497672527
0.5072707102486975
0.507262147314993
0.5072535608230877
0.5072449506295353
0.5072363165904927
0.5072276585617199
0.5072189763985786
0.5072102699560314
0.5072015390886406
0.5071927836505675
0.5071840034955712
0.507175198477008
0.5071663684478294
0.5071575132605821
0.5071486327674068
0.5071397268200367
0.507130795269797
0.5071218379676031
0.507112854763961
0.5071038455089646
0.5070948100522956
0.5070857482432225
0.507076659930599
0.5070675449628633
0.507058403188037
0.5070492344537235
0.5070400386071081
0.507030815494956
0.5070215649636111
0.5070122868589949
0.5070029810266071
0.5069936473115213
0.5069842855583868
0.5069748956114258
0.5069654773144332
0.5069560305107748
0.5069465550433863
0.5069370507547728
0.5069275174870066
0.5069179550817265
0.5069083633801373
0.5068987422230077
0.5068890914506691
0.5068794109030152
0.5068697004195004
0.5068599598391383
0.5068501890005008
0.5068403877417171
0.506830555900472
0.5068206933140054
0.50681079981911
0.5068008752521311
0.5067909194489647
0.5067809322450566
0.5067709134754008
0.5067608629745388
0.5067507805765581
0.5067406661150906
0.5067305194233113
0.506720340333938
0.5067101286792285
0.5066998842909806
0.5066896070005302
0.5066792966387501
0.5066689530360484
0.5066585760223679
0.5066481654271838
0.5066377210795031
0.5066272428078632
0.50661673044033
0.5066061838044971
0.5065956027274843
0.5065849870359364
0.5065743365560208
0.5065636511134278
0.5065529305333678
0.5065421746405707
0.506531383259284
0.506520556213272
0.5065096933258132
0.5064987944197005
0.5064878593172383
0.5064768878402418
0.5064658798100359
0.5064548350474527
0.5064437533728308
0.5064326346060134
0.5064214785663478
0.5064102850726822
0.5063990539433655
0.506387784996246
0.5063764780486688
0.5063651329174746
0.5063537494189992
0.5063423273690705
0.5063308665830082
0.506319366875621
0.5063078280612063
0.506296249953548
0.5062846323659149
0.5062729751110591
0.5062612780012148
0.5062495408480964
0.5062377634628964
0.5062259456562853
0.5062140872384084
0.5062021880188846
0.5061902478068057
0.5061782664107328
0.5061662436386971
0.5061541792981967
0.5061420731961943
0.5061299251391177
0.5061177349328557
0.5061055023827588
0.5060932272936352
0.5060809094697505
0.5060685487148262
0.5060561448320362
0.5060436976240074
0.5060312068928161
0.5060186724399875
0.506006094066493
0.5059934715727489
0.5059808047586145
0.5059680934233907
0.5059553373658173
0.5059425363840724
0.5059296902757693
0.5059167988379557
0.505903861867111
0.505890879159146
0.5058778505093983
0.5058647757126336
0.5058516545630416
0.5058384868542349
0.5058252723792472
0.5058120109305311
0.5057987022999564
0.5057853462788079
0.5057719426577841
0.5057584912269948
0.5057449917759586
0.5057314440936019
0.5057178479682567
0.5057042031876586
0.505690509538944
0.5056767668086491
0.505662974782708
0.5056491332464498
0.5056352419845968
0.505621300781263
0.5056073094199518
0.5055932676835536
0.5055791753543439
0.5055650322139815
0.5055508380435063
0.5055365926233366
0.5055222957332679
0.5055079471524698
0.5054935466594852
0.5054790940322267
0.5054645890479751
0.5054500314833775
0.5054354211144445
0.5054207577165486
0.5054060410644213
0.505391270932152
0.5053764470931841
0.5053615693203142
0.5053466373856899
0.5053316510608058
0.5053166101165035
0.5053015143229674
0.505286363449724
0.5052711572656382
0.5052558955389116
0.5052405780370804
0.5052252045270125
0.5052097747749058
0.5051942885462851
0.5051787456060003
0.5051631457182235
0.505147488646447
0.5051317741534807
0.5051160020014495
0.5051001719517909
0.5050842837652536
0.5050683372018927
0.5050523320210694
0.5050362679814477
0.5050201448409912
0.505003962356962
0.5049877202859168
0.5049714183837052
0.5049550564054666
0.504938634105628
0.5049221512379014
0.5049056075552805
0.504889002810039
0.5048723367537276
0.504855609137171
0.5048388197104655
0.5048219682229768
0.5048050544233362
0.5047880780594388
0.5047710388784404
0.504753936626755
0.5047367710500517
0.5047195418932517
0.5047022489005267
0.5046848918152946
0.5046674703802174
0.504649984337199
0.5046324334273804
0.5046148173911391
0.5045971359680852
0.5045793888970573
0.5045615759161226
0.5045436967625707
0.5045257511729123
0.5045077388828765
0.504489659627407
0.5044715131406593
0.5044532991559982
0.5044350174059941
0.5044166676224198
0.5043982495362486
0.50437976287765
0.504361207375987
0.5043425827598136
0.5043238887568702
0.5043051250940818
0.5042862914975542
0.5042673876925712
0.5042484134035912
0.5042293683542431
0.5042102522673244
0.5041910648647981
0.5041718058677875
0.5041524749965746
0.5041330719705962
0.5041135965084407
0.5040940483278449
0.5040744271456895
0.5040547326779977
0.50403496463993
0.5040151227457814
0.5039952067089781
0.5039752162420741
0.5039551510567469
0.5039350108637952
0.503914795373134
0.5038945042937923
0.5038741373339088
0.5038536942007283
0.5038331746005984
0.5038125782389656
0.5037919048203718
0.5037711540484503
0.5037503256259227
0.5037294192545945
0.5037084346353512
0.5036873714681561
0.5036662294520442
0.5036450082851202
0.5036237076645537
0.5036023272865755
0.5035808668464744
0.5035593260385921
0.5035377045563202
0.5035160020920957
0.5034942183373975
0.5034723529827417
0.5034504057176787
0.503428376230788
0.5034062642096744
0.5033840693409644
0.5033617913103016
0.5033394298023428
0.5033169845007537
0.5032944550882046
0.5032718412463664
0.503249142655906
0.503226358996483
0.5032034899467436
0.5031805351843185
0.5031574943858163
0.5031343672268206
0.5031111533818855
0.503087852524531
0.5030644643272375
0.5030409884614432
0.503017424597538
0.5029937724048601
0.5029700315516904
0.5029462017052488
0.5029222825316891
0.5028982736960942
0.5028741748624723
0.502849985693751
0.5028257058517731
0.5028013349972923
0.502776872789968
0.50275231888836
0.5027276729499244
0.5027029346310088
0.5026781035868466
0.5026531794715523
0.5026281619381177
0.5026030506384052
0.5025778452231433
0.5025525453419225
0.5025271506431891
0.5025016607742409
0.5024760753812207
0.5024503941091132
0.5024246166017381
0.5023987425017451
0.5023727714506098
0.5023467030886265
0.5023205370549051
0.5022942729873634
0.5022679105227238
0.5022414492965064
0.5022148889430242
0.5021882290953775
0.5021614693854484
0.5021346094438951
0.5021076489001464
0.5020805873823961
0.5020534245175977
0.5020261599314577
0.5019987932484307
0.5019713240917136
0.5019437520832398
0.501916076843673
0.5018882979924013
0.5018604151475322
0.5018324279258857
0.5018043359429885
0.5017761388130683
0.5017478361490479
0.5017194275625385
0.5016909126638344
0.501662291061906
0.5016335623643942
0.5016047261776039
0.5015757821064984
0.501546729754692
0.5015175687244443
0.5014882986166543
0.5014589190308534
0.5014294295651983
0.5013998298164665
0.5013701193800477
0.501340297849939
0.5013103648187366
0.5012803198776306
0.5012501626163977
0.5012198926233944
0.5011895094855513
0.5011590127883646
0.5011284021158907
0.5010976770507384
0.5010668371740632
0.5010358820655593
0.5010048113034525
0.5009736244644946
0.500942321123955
0.500910900855614
0.5008793632317561
0.5008477078231621
0.5008159341991025
0.5007840419273302
0.5007520305740729
0.5007198997040261
0.5006876488803457
0.5006552776646402
0.5006227856169643
0.5005901722958099
0.5005574372580998
0.5005245800591801
0.5004916002528117
0.5004584973911634
0.5004252710248044
0.5003919207026957
0.5003584459721834
0.50032484637899
0.5002911214672072
0.5002572707792876
0.5002232938560371
0.5001891902366068
0.5001549594584852
0.5001206010574892
0.5000861145677578
0.5000514995217419
0.5000167554501984
0.4999818818821796
0.4999468783450271
0.4999117443643619
0.4998764794640771
0.4998410831663289
0.49980555499152896
0.4997698944583348
0.49973410108364213
0.4996981743825767
0.4996621138684847
0.49962591905292447
0.4995895894456583
0.49955312455464346
0.4995165238860233
0.49947978694411854
0.4994429132314187
0.4994059022485732
0.49936875349438214
0.49933146646578763
0.4992940406578644
0.49925647556381214
0.4992187706749443
0.4991809254806805
0.49914293946853727
0.49910481212411867
0.4990665429311067
0.49902813137125246
0.4989895769243671
0.49895087906831154
0.49891203727898836
0.4988730510303313
0.49883391979429653
0.49879464304085286
0.49875522023797214
0.4987156508516198
0.49867593434574536
0.49863607018227274
0.49859605782109007
0.4985558967200411
0.49851558633491444
0.4984751261194339
0.4984345155252495
0.4983937540019262
0.49835284099693533
0.49831177595564397
0.4982705583213055
0.49822918753504836
0.498187663035868
0.4981459842606145
0.49810415064398467
0.4980621616185104
0.4980200166145492
0.49797771506027383
0.4979352563816613
0.4978926400024845
0.4978498653443001
0.4978069318264384
0.4977638388659944
0.4977205858778155
0.4976771722744925
0.4976335974663485
0.4975898608614284
0.4975459618654887
0.497501899881987
0.49745767431207066
0.49741328455456724
0.4973687300059729
0.4973240100604432
0.49727912410978037
0.4972340715434242
0.49718885174844135
0.49714346410951293
0.49709790800892606
0.4970521828265611
0.497006287939882
0.49696022272392476
0.4969139865512875
0.4968675787921185
0.4968209988141058
0.49677424598246644
0.49672731965993533
0.49668021920675415
0.4966329439806607
0.49658549333687785
0.4965378666281022
0.49649006320449335
0.49644208241366294
0.4963939236006635
0.49634558610797747
0.49629706927550565
0.49624837244055686
0.49619949493783666
0.4961504360994358
0.49610119525481977
0.49605177173081694
0.49600216485160814
0.49595237393871516
0.49590239831098976
0.4958522372846029
0.49580189017303244
0.49575135628705336
0.49570063493472605
0.495649725421385
0.4955986270496279
0.4955473391193048
0.49549586092750647
0.4954441917685533
0.49539233093398466
0.49534027771254757
0.4952880313901856
0.4952355912500279
0.4951829565723773
0.495130126634701
0.495077100711618
0.4950238780748886
0.4949704579934034
0.4949168397331726
0.4948630225573139
0.4948090057260435
0.49475478849666366
0.4947003701235516
0.49464574985815013
0.4945909269489552
0.4945359006415062
0.4944806701783748
0.494425234799154
0.4943695937404473
0.4943137462358588
0.49425769151598137
0.49420142880838713
0.4941449573376165
0.49408827632516694
0.49403138498948374
0.4939742825459488
0.4939169682068698
0.4938594411814709
0.49380170067588197
0.49374374589312786
0.49368557603311886
0.49362719029264046
0.49356858786534263
0.49350976794173074
0.4934507297091548
0.4933914723517999
0.4933319950506768
0.4932722969836108
0.49321237732523376
0.493152235246973
0.4930918699170427
0.49303128050043404
0.4929704661589055
0.49290942605097454
0.49284815933190695
0.4927866651537087
0.4927249426651167
0.4926629910115894
0.4926008093352982
0.4925383967751187
0.49247575246662184
0.4924128755420657
0.4923497651303858
0.4922864203571884
0.492222840344741
0.49215902421196434
0.4920949710744248
0.49203068004432554
0.4919661502304997
0.49190138073840217
0.49183637067010166
0.49177111912427385
0.49170562519619304
0.4916398879777267
0.4915739065573263
0.49150768002002154
0.4914412074474137
0.49137448791766813
0.4913075205055082
0.491240304282209
0.4911728383155908
0.4911051216700132
0.49103715340636855
0.4909689325820779
0.4909004582510832
0.4908317294638431
0.49076274526732777
0.4906935047050131
0.49062400681687646
0.4905542506393915
0.49048423520552364
0.4904139595447261
0.49034342268293507
0.4902726236425659
0.49020156144251015
0.49013023509813075
0.4900586436212591
0.4899867860201922
0.489914661299689
0.4898422684609685
0.4897696065017063
0.4896966744160331
0.4896234711945317
0.4895499958242362
0.4894762472886294
0.4894022245676421
0.4893279266376513
0.4892533524714798
0.4891785010383955
0.48910337130411086
0.48902796223078226
0.4889522727770115
0.48887630189784437
0.4888000485447728
0.48872351166573497
0.48864669020511675
0.48856958310375315
0.48849218929893023
0.4884145077243868
0.48833653731031706
0.4882582769833735
0.4881797256666692
0.48810088227978177
0.48802174573875645
0.4879423149561101
0.48786258884083594
0.4877825662984074
0.48770224623078334
0.48762162753641347
0.4875407091102436
0.48745948984372134
0.48737796862480337
0.48729614433796087
0.48721401586418733
0.48713158208100577
0.48704884186247555
0.48696579407920254
0.48688243759834504
0.48679877128362503
0.48671479399533557
0.48663050459035206
0.48654590192214064
0.48646098484077027
0.4863757521929226
0.48629020282190394
0.4862043355676561
0.4861181492667699
0.48603164275249633
0.4859448148547606
0.4858576644001755
0.485770190212055
0.485682391110429
0.48559426591205757
0.48550581343044746
0.48541703247586665
0.4853279218553619
0.4852384803727739
0.4851487068287564
0.48505860002079265
0.4849681587432142
0.4848773817872198
0.48478626794089424
0.4846948159892286
0.4846030247141405
0.4845108928944949
0.4844184193061254
0.4843256027218568
0.48423244191152714
0.4841389356420103
0.48404508267724095
0.48395088177823764
0.483856331703128
0.4837614312071743
0.4836661790427992
0.48357057395961217
0.48347461470443637
0.4833783000213381
0.4832816286516528
0.4831845993340155
0.4830872108043903
0.4829894617961007
0.48289135103985964
0.48279287726380204
0.48269403919351705
0.48259483555207916
0.4824952650600845
0.4823953264356829
0.4822950183946133
0.4821943396502397
0.48209328891358705
0.48199186489337786
0.4818900662960708
0.4817878918258979
0.48168534018490466
0.4815824100729891
0.48147910018794204
0.4813754092254894
0.48127133587933324
0.4811668788411949
0.48106203680085813
0.4809568084462141
0.4808511924633049
0.4807451875363712
0.4806387923478974
0.48053200557865927
0.4804248259077725
0.48031725201274134
0.48020928256950773
0.48010091625250295
0.479992151734698
0.47988298768765636
0.47977342278158663
0.47966345568539653
0.47955308506674726
0.4794423095921091
0.47933112792681826
0.479219538735133
0.47910754068029304
0.4789951324245771
0.47888231262936376
0.47876907995519125
0.4786554330618199
0.47854137060829394
0.47842689125300497
0.47831199365375593
0.4781966764678274
0.47808093835204135
0.47796477796283043
0.47784819395630485
0.4777311849883208
0.47761374971455106
0.47749588679055394
0.47737759487184767
0.47725887261398
0.47713971867260363
0.4770201317035498
0.4769001103629036
0.4767796533070807
0.47665875919290457
0.4765374266776841
0.47641565441929395
0.4762934410762537
0.4761707853078093
0.4760476857740159
0.47592414113582
0.475800150055144
0.4756757111949713
0.4755508232194323
0.4754254847938922
0.4752996945850375
0.47517345126096683
0.47504675349127956
0.47491959994716776
0.47479198930150845
0.474663920228956
0.4745353914060363
0.4744064015112425
0.47427694922513075
0.47414703323041685
0.4740166522120751
0.4738858048574376
0.4737544898562931
0.47362270590098987
0.47349045168653675
0.4733577259107065
0.47322452727414055
0.47309085448045346
0.4729567062363396
0.4728220812516807
0.472686978239653
0.47255139591683776
0.4724153330033304
0.4722787882228528
0.47214176030286475
0.47200424797467716
0.47186624997356724
0.47172776503889213
0.4715887919142073
0.47144932934738093
0.4713093760907152
0.47116893090106254
0.47102799253994754
0.47088655977368793
0.4707446313735157
0.4706022061157007
0.4704592827816749
0.4703158601581564
0.47017193703727583
0.47002751221670275
0.4698825844997744
0.4697371526956225
0.4695912156193044
0.4694447720919321
0.46929782094080486
0.46915036099954005
0.4690023911082073
0.4688539101134621
0.46870491686867993
0.46855541023409286
0.46840538907692514
0.46825485227153096
0.46810379869953245
0.4679522272499586
0.4678001368193848
0.46764752631207346
0.4674943946401149
0.4673407407235697
0.4671865634906115
0.46703186187767
0.4668766348295752
0.4667208812997031
0.46656460025011953
0.46640779065172816
0.46625045148441624
0.4660925817372023
0.46593418040838486
0.46577524650569024
0.46561577904642243
0.4654557770576126
0.4652952395761706
0.46513416564903404
0.46497255433332124
0.4648104046964828
0.46464771581645437
0.4644844867818084
0.46432071669190894
0.4641564046570641
0.4639915497986813
0.4638261512494211
0.46366020815335224
0.46349371966610653
0.46332668495503515
0.4631591031993634
0.46299097359034735
0.4628222953314304
0.4626530676383986
0.46248328973953823
0.46231296087579243
0.46214208030091813
0.46197064728164283
0.46179866109782214
0.4616261210425965
0.46145302642254865
0.46127937655786055
0.46110517078247076
0.46093040844423183
0.46075508890506683
0.4605792115411256
0.4604027757429432
0.460225780915595
0.4600482264788536
0.4598701118673444
0.45969143653070227
0.45951219993372655
0.45933240155653593
0.45915204089472395
0.45897111745951263
0.45878963077790713
0.45860758039284877
0.4584249658633683
0.45824178676473787
0.45805804268862343
0.45787373324323577
0.4576888580534813
0.45750341676111117
0.4573174090248717
0.45713083452065234
0.4569436929416325
0.45675598399842954
0.4565677074192447
0.4563788629500074
0.4561894503545197
0.4559994694145997
0.45580891993022354
0.45561780171966637
0.4554261146196422
0.45523385848544323
0.45504103319107736
0.4548476386294046
0.4546536747122717
0.4544591413706475
0.45426403855475384
0.4540683662341981
0.45387212439810287
0.45367531305523345
0.45347793223412514
0.4532799819832093
0.45308146237093605
0.452882373485897
0.4526827154369459
0.4524824883533168
0.45228169238474164
0.45208032770156537
0.4518783944948594
0.45167589297653304
0.4514728233794433
0.4512691859575032
0.45106498098578607
0.45086020876063115
0.4506548695997437
0.45044896384229505
0.45024249184902065
0.4500354540023144
0.4498278507063216
0.4496196823870307
0.44941094949236005
0.44920165249224564
0.4489917918787235
0.44878136816601133
0.4485703818905873
0.448358833611266
0.4481467239092721
0.4479340533883117
0.44772082267464075
0.44750703241712997
0.44729268328732885
0.4470777759795258
0.4468623112108046
0.4466462897211005
0.44642971227325123
0.44621257965304567
0.44599489266927056
0.4457766521537529
0.4455578589613997
0.4453385139702358
0.44511861808143693
0.4448981722193609
0.44467717733157436
0.44445563438887853
0.444233544385329
0.4440109083382548
0.4437877272882725
0.44356400229929704
0.44333973445855096
0.44311492487656795
0.4428895746871945
0.4426636850475878
0.4424372571382097
0.44221029216281754
0.44198279134845214
0.4417547559454207
0.4415261872272773
0.44129708649079996
0.4410674550559629
0.4408372942659064
0.44060660548690184
0.4403753901083151
0.4401436495425631
0.43991138522506873
0.43967859861421327
0.4394452911912809
0.4392114644604036
0.4389771199485002
0.4387422592052121
0.43850688380283426
0.43827099533624403
0.43803459542282475
0.43779768570238564
0.43756026783707835
0.43732234351130955
0.4370839144316485
0.4368449823267327
0.43660554894716713
0.4363656160654218
0.4361251854757239
0.43588425899394656
0.43564283845749385
0.4354009257251811
0.4351585226771115
0.4349156312145497
0.43467225325978964
0.4344283907560202
0.43418404566718516
0.43393921997784085
0.4336939156930085
0.4334481348380233
0.43320187945837985
0.43295515161957165
0.43270795340693013
0.4324602869254558
0.43221215429964877
0.43196355767333294
0.4317144992094779
0.4314649810900163
0.4312150055156563
0.4309645747056925
0.4307136908978103
0.4304623563478891
0.43021057332979884
0.42995834413519496
0.4297056710733087
0.4294525564707332
0.42919900267120714
0.42894501203539176
0.4286905869406492
0.42843572978081174
0.4281804429659495
0.4279247289221365
0.42766859009120994
0.42741202893052765
0.4271550479127205
0.42689764952544385
0.426639836271123
0.4263816106666954
0.4261229752433516
0.4258639325462694
0.42560448513434757
0.4253446355799348
0.42508438646855456
0.42482374039862925
0.42456269998119817
0.42430126783963346
0.424039446609354
0.423777238937534
0.42351464748281015
0.4232516749149847
0.42298832391472574
0.4227245971732654
0.42246049739209324
0.4221960272826485
0.4219311895660086
0.4216659869725748
0.42140042224175495
0.42113449812164455
0.4208682173687033
0.42060158274743137
0.42033459703003984
0.42006726299612174
0.41979958343231905
0.4195315611319871
0.41926319889485697
0.4189944995266951
0.4187254658389613
0.41845610064846395
0.4181864067770126
0.41791638705106887
0.4176460443013958
0.4173753813627037
0.4171044010732945
0.41683310627470493
0.41656149981134694
0.41628958453014653
0.41601736328017913
0.4157448389123074
0.41547201427881186
0.4151988922330238
0.4149254756289549
0.4146517673209259
0.41437777016319216
0.41410348700957117
0.41382892071306376
0.41355407412547895
0.41327895009705296
0.41300355147607026
0.4127278811084818
0.4124519418375217
0.41217573650332473
0.41189926794253995
0.41162253898794543
0.4113455524680614
0.41106831120676135
0.4107908180228842
0.4105130757298437
0.4102350871352387
0.4099568550404607
0.4096783822403025
0.40939967152256557
0.40912072566766544
0.4088415474482393
0.4085621396287502
0.4082825049650926
0.4080026462041961
0.4077225660836305
0.4074422673312085
0.40716175266459
0.40688102479088323
0.4066000864062498
0.40631894019550574
0.4060375888317241
0.4057560349758371
0.4054742812762385
0.40519233036838503
0.404910184874399
0.4046278474026695
0.4043453205474546
0.40406260688848394
0.4037797089905595
0.40349662940315956
0.4032133706600393
0.4029299352788345
0.40264632576066395
0.40236254458973186
0.40207859423293235
0.40179447713945166
0.4015101957403727
0.40122575244827874
0.40094114965685823
0.4006563897405099
0.4003714750539471
0.40008640793180406
0.3998011906882422
0.3995158256165565
0.39923031498878153
0.3989446610553003
0.3986588660444514
0.3983729321621377
0.39808686159143475
0.397800656492201
0.39751431900068723
0.39722785122914694
0.396941255265448
0.3966545331726835
0.3963676869887841
0.3960807187261311
0.3957936303711685
0.3955064238840182
0.395219101198093
0.3949316642197121
0.39464411482771655
0.3943564548730842
0.3940686861785472
0.39378081053820835
0.3934928297171584
0.393204745451094
0.39291655944593673
0.39262827337745076
0.3923398888908635
0.39205140760048335
0.391762831089323
0.39147416090871634
0.3911853985779422
0.3908965455838443
0.3906076033804529
0.39031857338860765
0.3900294569955789
0.3897402555546904
0.3894509703849423
0.3891616027706339
0.3888721539609871
0.38858262516976894
0.38829301757491563
0.388003332318156
0.38771357050463484
0.387423733202536
0.3871338214427069
0.3868438362182809
0.3865537784843014
0.3862636491573448
0.3859734491151429
0.38568317919620676
0.3853928401994485
0.38510243288380347
0.38481195796785206
0.3845214161294416
0.38423080800530635
0.3839401341906893
0.3836493952389601
0.38335859166123687
0.38306772392600197
0.382776792458722
0.3824857976414639
0.38219473981251184
0.38190361926598193
0.3816124362514369
0.3813211909734998
0.38102988359146645
0.380738514218916
0.3804470829233223
0.38015558972566116
0.37986403460001944
0.3795724174732004
0.3792807382243291
0.37898899668445457
0.37869719263615276
0.37840532581312675
0.3781133958998042
0.377821402530935
0.3775293452911854
0.37723722371473184
0.37694503728485196
0.3766527854335135
0.37636046754096064
0.3760680829353006
0.375775630892085
0.3754831106338905
0.37519052132989733
0.3748978620954646
0.3746051319917037
0.37431233002504904
0.3740194551468259
0.3737265062528163
0.3734334821828209
0.3731403817202201
0.3728472035915297
0.37255394646595597
0.37226060895494656
0.3719671896117384
0.37167368693090286
0.3713800993478872
0.37108642523855395
0.3707926629187153
0.3704988106436653
0.3702048666077089
0.36991082894368643
0.36961669572249567
0.369322464952609
0.3690281345795896
0.3687337024856002
0.3684391664889115
0.36814452434340544
0.3678497737380736
0.367554912296515
0.36725993757642583
0.3669648470690893
0.3666696381988585
0.36637430832263723
0.366078854729356
0.3657832746394437
0.3654875652042972
0.3651917235057443
0.36489574655550383
0.3645996312946424
0.3643033745930265
0.3640069732487694
0.36371042398767656
0.3634137234626849
0.3631168682532983
0.36281985486502016
0.3625226797287812
0.36222533920036365
0.36192782955982056
0.36163014701089324
0.3613322876804223
0.36103424761775804
0.3607360227941637
0.36043760910221767
0.3601390023552113
0.3598401982865427
0.35954119254910777
0.35924198071468855
0.3589425582733358
0.35864292063275194
0.35834306311766884
0.3580429809692231
0.35774266934432863
0.35744212331504754
0.3571413378679572
0.3568403079035163
0.3565390282354284
0.35623749359000295
0.355935698605516
0.3556336378315683
0.35533130572844307
0.3550286966664611
0.3547258049253375
0.35442262469353614
0.3541191500676247
0.35381537505162863
0.3535112935563871
0.35320689939890904
0.3529021863017286
0.3525971478922646
0.35229177770217984
0.3519860691667422
0.35168001562419043
0.35137361031509895
0.3510668463817508
0.3507597168675091
0.3504522147161972
0.35014433277147994
0.34983606377625254
0.34952740037203356
0.3492183350983644
0.3489088603922152
0.3485989685873995
0.3482886519139943
0.34797790249777016
0.3476667123596304
0.3473550734150589
0.3470429774735795
0.34673041623822565
0.346417381305022
0.3461038641624782
0.3457898561910978
0.3454753486628978
0.34516033274094593
0.3448447994789129
0.3445287398206403
0.34421214459972627
0.34389500453913047
0.3435773102507969
0.3432590522352978
0.34294022088149767
0.3426208064662411
0.3423007991540615
0.34198018899691573
0.3416589659339446
0.34133711979125697
0.3410146402817442
0.34069151700492134
0.34036773944679977
0.3400432969797891
0.33971817886263256
0.33939237424037594
0.3390658721443705
0.3387386614923115
0.33841073108831665
0.3380820696230407
0.33775266567383005
0.3374225077049218
0.33709158406768225
0.3367598830008915
0.3364273926310737
0.33609410097287507
0.33575999592948835
0.3354250652931313
0.33508929674557275
0.3347526778587169
0.3344151960952369
0.3340768388092702
0.33373759324716873
0.33339744654830933
0.3330563857459668
0.33271439776824874
0.332371469439095
0.3320275874793436
0.3316827385078644
0.33133690904276336
0.33099008550265485
0.33064225420801113
0.3302934013825823
0.32994351315489456
0.32959257555982613
0.3292405745402608
0.3288874959488243
0.3285333255497025
0.32817804902054265
0.3278216519544423
0.32746411986202373
0.32710543817359705
0.32674559224141464
0.3263845673420168
0.3260223486786685
0.3256589213838934
0.32529427052210164
0.32492838109231426
0.32456123803098785
0.32419282621493595
0.32382313046435374
0.32345213554594054
0.32307982617612835
0.32270618702441234
0.32233120271678506
0.321954857839277
0.32157713694160156
0.32119802454090696
0.32081750512563634
0.32043556315949256
0.3200521830855132
0.3196673493302511
0.3192810463080655
0.31889325842551924
0.31850397008588494
0.31811316569375875
0.317720829659781
0.317326946405465
0.3169315003681321
0.31653447600595075
0.31613585780308306
0.31573563027493357
0.315333777973502
0.3149302854928362
0.3145251374745865
0.3141183186136583
0.31370981366396217
0.31329960744425706
0.312887684844089
0.31247403082981967
0.31205863045074317
0.31164146884528915
0.31122253124730953
0.31080180299244586
0.3103792695245731
0.3099549164023209
0.30952872930566167
0.30910069404256957
0.30867079655574253
0.30823902292938465
0.30780535939604475
0.30736979234350587
0.30693230832172497
0.3064928940498141
0.3060515364230615
0.30560822251998576
0.30516293960942087
0.30471567515762304
0.30426641683539857
0.303815152525245
0.30336187032849987
0.3029065585724938
0.30244920581769835
0.30198980086486815
0.301528332762167
0.30106479081227244
0.30059916457945773
0.3001314438966374
0.299661618872376
0.2991896798978521
0.2987156176537712
0.29823942311721974
0.29776108756845815
0.29728060259764044
0.29679796011146004
0.29631315233971084
0.29582617184176085
0.295337011512928
0.2948456645907556
0.29435212466118
0.2938563856645821
0.29335844190172045
0.2928582880395353
0.29235591911682307
0.2918513305497692
0.29134451813733947
0.2908354780665198
0.29032420691740135
0.28981070166810374
0.2892949596995343
0.28877697879997416
0.2882567571694899
0.2877342934241634
0.2872095866001362
0.28668263615746625
0.28615344198378934
0.28562200439778307
0.2850883241524295
0.2845524024380745
0.28401424088527705
0.2834738415674496
0.2829312070032831
0.2823863401589578
0.28183924445013364
0.2812899237437223
0.280738382359436
0.2801846250711137
0.27962865710782175
0.27907048415473124
0.2785101123537661
0.2779475483040278
0.27738279906199154
0.2768158721414774
0.2762467755133944
0.2756755176052607
0.2751021073004983
0.27452655393750575
0.27394886730850887
0.2733690576581914
0.27278713568210794
0.27220311252488255
0.2716169997781908
0.2710288094785348
0.2704385541048078
0.2698462465756558
0.2692519002466366
0.2686555289071801
0.2680571467773565
0.2674567685044509
0.26685440915935355
0.26625008423276586
0.26564380963122725
0.2650356016729715
0.2644254770836086
0.2638134529916455
0.2631995469238439
0.2625837768004232
0.26196616093011427
0.26134671800506404
0.2607254670956029
0.26010242764487307
0.25947761946332837
0.25885106272310765
0.25822277795228676
0.25759278602901625
0.25696110817554835
0.25632776595215817
0.25569278125096573
0.25505617628966193
0.2544179736051453
0.253778196047073
0.25313686677133285
0.25249400923343845
0.2518496471818556
0.25120380465126274
0.2505565059557497
0.24990777568196132
0.24925763868218867
0.24860612006741395
0.24795324520031098
0.2472990396882087
0.24664352937601988
0.2459867403391388
0.2453286988763132
0.24466943150249512
0.24400896494167
0.24334732611967416
0.24268454215699856
0.24202064036158638
0.24135564822162495
0.2406895933983366
0.24002250371877176
0.2393544071686075
0.23868533188495197
0.2380153061491628
0.23734435837967527
0.23667251712485052
0.2359998110558386
0.23532626895946657
0.23465191973114688
0.2339767923678129
0.23330091596088406
0.23262431968925826
0.23194703281233808
0.23126908466309165
0.23059050464114822
0.22991132220593222
0.22923156686983778
0.22855126819144242
0.22787045576876658
0.2271891592325742
0.22650740823972274
0.22582523246655764
0.2251426616023577
0.22445972534282926
0.22377645338365365
0.22309287541408462
0.22240902111060262
0.22172492013062214
0.2210406021062572
0.22035609663814265
0.21967143328931493
0.21898664157915232
0.21830175097737614
0.21761679089811337
0.21693179069402121
0.21624677965047678
0.21556178697983158
0.21487684181572847
0.2141919732074899
0.21350721011456986
0.21282258140107516
0.2121381158303567
0.21145384205967058
0.21076978863490842
0.21008598398540237
0.20940245641880062
0.20871923411601587
0.20803634512625058
0.20735381736209424
0.2066716785946994
0.20598995644903093
0.20530867839919542
0.20462787176384797
0.2039475637016758
0.2032677812069648
0.2025885511052426
0.20190990004900622
0.2012318545135274
0.20055444079274376
0.19987768499523045
0.19920161304025524
0.1985262506539199
0.1978516233653833
0.19717775650317124
0.19650467519157216
0.19583240434711804
0.19516096867515287
0.19449039266648718
0.19382070059414197
0.19315191651017813
0.1924840642426162
0.1918171673924434
0.19115124933071095
0.190486333195719
0.1898224418902925
0.1891595980791459
0.18849782418633781
0.18783714239281651
0.18717757463405404
0.18651914259777136
0.18586186772175475
0.18520577119175996
0.18455087393950914
0.18389719664077597
0.18324475971356224
0.18259358331636255
0.18194368734652117
0.1812950914386755
0.18064781496329094
0.1800018770252833
0.17935729646273055
0.17871409184567227
0.17807228147499707
0.17743188338141586
0.17679291532452523
0.1761553947919532
0.17551933899859287
0.17488476488592058
0.174251689121399
0.17362012809796196
0.17299009793358486
0.17236161447093573
0.17173469327710794
0.1711093496434337
0.17048559858537699
0.1698634548425065
0.16924293287854433
0.16862404688149407
0.16800681076384316
0.16739123816284102
0.1667773424408509
0.16616513668577482
0.1655546337115502
0.164945846058717
0.16433878599505458
0.1637334655162871
0.16312989634685549
0.16252808994075676
0.16192805748244593
0.16132980988780393
0.16073335780516584
0.16013871161641102
0.15954588143811307
0.15895487712274733
0.15836570825995666
0.15777838417787216
0.15719291394448776
0.1566093063690901
0.15602757000373746
0.1554477131447902
0.1548697438344909
0.1542936698625909
0.15371949876802382
0.15314723784062362
0.15257689412288622
0.152008474411773
0.1514419852605552
0.15087743298069828
0.15031482364378307
0.1497541630834639
0.14919545689746258
0.14863871044959567
0.14808392887183403
0.14753111706639388
0.14698027970785799
0.14643142124532452
0.14588454590458366
0.14533965769031998
0.14479676038833933
0.14425585756781797
0.14371695258357656
0.14318004857837047
0.14264514848520402
0.14211225502966002
0.14158137073224694
0.1410524979107629
0.14052563868267282
0.14000079496749995
0.13947796848922955
0.13895716077872391
0.13843837317614605
0.13792160683339458
0.13740686271654434
0.13689414160829494
0.136383444110425
0.1358747706462506
0.1353681214630878
0.13486349663471764
0.13436089606385365
0.13386031948460841
0.13336176646496203
0.13286523640922854
0.13237072856052037
0.13187824200321058
0.13138777566539
0.13089932832132303
0.13041289859389465
0.1299284849570533
0.1294460857382477
0.12896569912085368
0.12848732314659572
0.12801095571795731
0.12753659460058284
0.1270642374256691
0.12659388169234562
0.12612552477004385
0.1256591639008541
0.12519479620186977
0.12473241866751869
0.12427202817188035
0.12381362147098882
0.12335719520512181
0.12290274590107295
0.12245026997441043
0.12199976373171743
0.12155122337281732
0.1211046449929821
0.12066002458512251
0.1202173580419612
0.11977664115818777
0.11933786963259538
0.11890103907019875
0.11846614498433344
0.11803318279873497
0.11760214784959977
0.11717303538762565
0.11674584058003214
0.11632055851256082
0.11589718419145568
0.11547571254542248
0.11505613842756662
0.11463845661731199
0.11422266182229694
0.11380874868024987
0.11339671176084329
0.11298654556752641
0.1125782445393371
0.11217180305269026
0.11176721542314647
0.11136447590715814
0.1109635787037936
0.11056451795643966
0.11016728775448267
0.10977188213496687
0.10937829508423165
0.1089865205395264
0.10859655239060394
0.10820838448129161
0.10782201061104121
0.10743742453645638
0.10705461997279885
0.1066735905954728
0.10629433004148738
0.10591683191089828
0.10554108976822742
0.1051670971438611
0.10479484753542673
0.10442433440915004
0.10405555120118788
0.10368849131894384
0.10332314814235963
0.10295951502518846
0.10259758529624555
0.10223735226063996
0.1018788092009844
0.10152194937858633
0.10116676603461773
0.10081325239126594
0.10046140165286359
0.10011120700700028
0.09976266162561347
0.09941575866606066
0.09907049127217263
0.09872685257528709
0.0983848356952639
0.09804443374148196
0.09770563981381661
0.09736844700359977
0.09703284839456143
0.09669883706375323
0.0963664060824547
0.09603554851706088
0.0957062574299545
0.09537852588035822
0.09505234692517273
0.09472771361979586
0.09440461901892602
0.09408305617734919
0.09376301815070935
0.09344449799626343
0.0931274887736194
0.09281198354545961
0.09249797537824807
0.09218545734292326
0.09187442251557434
0.09156486397810447
0.09125677481887745
0.09095014813335145
0.09064497702469683
0.09034125460440166
0.09003897399286191
0.08973812831995863
0.08943871072562054
0.08914071436037507
0.08884413238588436
0.08854895797546977
0.08825518431462212
0.0879628046015008
0.08767181204741932
0.08738219987731956
0.08709396133023278
0.08680708965973008
0.08652157813436026
0.08623742003807655
0.08595460867065163
0.08567313734808217
0.08539299940298194
0.0851141881849637
0.08483669706101155
0.08456051941584176
0.08428564865225419
0.0840120781914726
0.083739801473476
0.08346881195731981
0.08319910312144696
0.08293066846399055
0.08266350150306613
0.08239759577705567
0.08213294484488175
0.08186954228627422
0.08160738170202653
0.08134645671424502
0.08108676096658882
0.08082828812450218
0.08057103187543843
0.08031498592907635
0.08006014401752816
0.07980649989554031
0.07955404734068725
0.07930278015355638
0.07905269215792786
0.07880377720094542
0.07855602915328155
0.07830944190929488
0.07806400938718186
0.0778197255291216
0.07757658430141337
0.07733457969460944
0.07709370572364026
0.07685395642793483
0.07661532587153397
0.07637780814319861
0.07614139735651261
0.07590608764997878
0.07567187318711098
0.07543874815651957
0.07520670677199254
0.07497574327257117
0.07474585192262069
0.07451702701189578
0.07428926285560203
0.07406255379445185
0.07383689419471606
0.07361227844827188
0.0733887009726442
0.07316615621104566
0.07294463863240999
0.07272414273142261
0.07250466302854652
0.07228619407004466
0.07206873042799831
0.07185226670032187
0.07163679751077356
0.07142231750896315
0.07120882137035561
0.07099630379627193
0.0707847595138858
0.07057418327621823
0.07036456986212772
0.07015591407629831
0.06994821074922403
0.06974145473719075
0.06953564092225491
0.06933076421221936
0.06912681954060748
0.06892380186663266
0.06872170617516728
0.06852052747670798
0.06832026080733865
0.0681209012286911
0.06792244382790356
0.06772488371757668
0.06752821603572767
0.06733243594574143
0.06713753863632092
0.06694351932143437
0.06675037324026098
0.06655809565713472
0.06636668186148631
0.06617612716778284
0.06598642691546688
0.0657975764688921
0.06560957121725906
0.06542240657454801
0.06523607797945104
0.06505058089530197
0.06486591081000559
0.06468206323596477
0.06449903371000684
0.06431681779330765
0.06413541107131572
0.06395480915367396
0.0637750076741408
0.06359600229051016
0.06341778868452985
0.0632403625618194
0.06306371965178659
0.06288785570754316
0.06271276650581938
0.06253844784687727
0.062364895554424454
0.0621921054755249
0.06202007348051086
0.061848795462892625
0.06167826733926872
0.06150848504923391
0.061339444555288024
0.06117114184274294
0.06100357291962967
0.060836733816604274
0.0606706205868539
0.06050522930600148
0.060340556072010255
0.060176597005088206
0.060013348247590845
0.05985080596392543
0.05968896634045262
0.0595278255853892
0.059367379928710134
0.059207625622049766
0.05904855893860329
0.058890176173027574
0.05873247364134182
0.058575447680827904
0.05841909464993047
0.05826341092815669
0.058108392915976574
0.057954037034721614
0.05780033972648446
0.057647297454018406
0.057494906700635943
0.05734316397010819
0.057192065786563204
0.05704160869438517
0.05689178925811293
0.05674260406233857
0.0565940497116062
0.05644612283031035
0.05629882006259474
0.05615213807225089
0.05600607354261638
0.05586062317647407
0.05571578369595047
0.05557155184241462
0.05542792437637684
0.05528489807738782
0.055142469743937786
0.055000636193355115
0.054859394261706225
0.05471874080369477
0.054578672692561114
0.05443918681998214
0.05430028009597107
0.05416194944877761
0.05402419182478818
0.053887004188426166
0.05375038352205271
0.05361432682586777
0.05347883111781071
0.05334389343346191
0.05320951082594439
0.05307568036582508
0.05294239914101752
0.052809664256683674
0.052677472835136574
0.05254582201574312
0.05241470895482738
0.05228413082557388
0.05215408481793082
0.05202456813851488
0.05189557801051461
0.05176711167359585
0.05163916638380591
0.0515117394134793
0.05138482805114275
0.05125842960142154
0.05113254138494547
0.05100716073825549
0.05088228501371038
0.050757911579394105
0.05063403781902345
0.05051066113185575
0.05038777893259735
0.05026538865131215
0.05014348773333048
0.05002207363915886
0.04990114384438936
