0.5199418446593987
0.5729177171632239
0.560208552497611
0.5503219708360757
0.5429743463933457
0.5376600228515331
0.5338946514847832
0.5312665929132797
0.5294517001685133
0.5282073744310921
0.527358178918149
0.5267801655872584
0.5263871350222273
0.5261197763055012
0.525937571690113
0.5258129743460288
0.5257273151273565
0.5256679671568008
0.5256264007600493
0.5255968577718836
0.5255754518643635
0.5255595597310863
0.5255474098667974
0.5255378051436703
0.5255299357866178
0.5255232533384544
0.5255173857353939
0.52551208007762
0.5255071640519707
0.5255025199154041
0.5254980669379069
0.5254937495440235
0.5254895292946594
0.5254853794582202
0.5254812813288442
0.525477221724499
0.5254731912827513
0.525469183296559
0.525465192916258
0.5254612166003703
0.5254572517358869
0.5254532963743126
0.5254493490470543
0.5254454086354087
0.5254414742782957
0.5254375453062299
0.5254336211936418
0.5254297015241192
0.525425785964817
0.5254218742474307
0.5254179661539046
0.5254140615055958
0.5254101601549794
0.5254062619792446
0.52540236687531
0.5253984747559165
0.5253945855465434
0.5253906991829604
0.5253868156092759
0.5253829347763731
0.525379056640651
0.525375181163011
0.525371308308036
0.525367438043325
0.5253635703389523
0.5253597051670291
0.5253558425013445
0.5253519823170738
0.5253481245905408
0.5253442692990227
0.5253404164205906
0.5253365659339807
0.5253327178184868
0.5253288720538738
0.5253250286203055
0.5253211874982873
0.5253173486686177
0.5253135121123487
0.5253096778107545
0.5253058457453043
0.5253020158976404
0.5252981882495613
0.5252943627830068
0.5252905394800444
0.5252867183228618
0.5252828992937566
0.525279082375131
0.525275267549485
0.5252714547994122
0.5252676441075964
0.5252638354568074
0.5252600288298993
0.5252562242098072
0.5252524215795459
0.5252486209222084
0.5252448222209635
0.5252410254590558
0.5252372306198038
0.5252334376865997
0.5252296466429076
0.5252258574722638
0.525222070158275
0.5252182846846193
0.5252145010350435
0.525210719193365
0.5252069391434693
0.5252031608693107
0.5251993843549111
0.5251956095843607
0.5251918365418164
0.5251880652115022
0.5251842955777083
0.5251805276247915
0.5251767613371742
0.5251729966993436
0.5251692336958529
0.5251654723113197
0.5251617125304258
0.5251579543379175
0.5251541977186046
0.5251504426573605
0.5251466891391219
0.5251429371488878
0.5251391866717205
0.5251354376927441
0.5251316901971441
0.5251279441701688
0.5251241995971269
0.5251204564633885
0.5251167147543842
0.5251129744556052
0.5251092355526028
0.5251054980309882
0.5251017618764315
0.5250980270746632
0.525094293611472
0.5250905614727052
0.5250868306442686
0.5250831011121266
0.5250793728623009
0.5250756458808707
0.5250719201539726
0.5250681956678004
0.525064472408604
0.5250607503626905
0.5250570295164226
0.5250533098562191
0.5250495913685543
0.5250458740399577
0.5250421578570141
0.525038442806363
0.5250347288746986
0.5250310160487687
0.5250273043153761
0.5250235936613763
0.5250198840736792
0.5250161755392471
0.5250124680450956
0.5250087615782928
0.5250050561259597
0.5250013516752691
0.5249976482134455
0.5249939457277655
0.5249902442055568
0.5249865436341983
0.5249828440011197
0.5249791452938015
0.5249754474997747
0.5249717506066203
0.5249680546019689
0.5249643594735013
0.5249606652089471
0.5249569717960858
0.524953279222745
0.5249495874768016
0.5249458965461805
0.5249422064188554
0.524938517082847
0.5249348285262245
0.5249311407371045
0.5249274537036502
0.5249237674140728
0.5249200818566292
0.5249163970196238
0.5249127128914067
0.524909029460374
0.5249053467149681
0.5249016646436767
0.524897983235033
0.5248943024776153
0.5248906223600468
0.5248869428709952
0.5248832639991734
0.5248795857333374
0.5248759080622885
0.5248722309748706
0.5248685544599717
0.5248648785065237
0.5248612031035008
0.5248575282399206
0.5248538539048428
0.5248501800873707
0.5248465067766483
0.5248428339618634
0.5248391616322441
0.5248354897770608
0.5248318183856255
0.5248281474472911
0.5248244769514512
0.5248208068875408
0.5248171372450349
0.5248134680134492
0.524809799182339
0.5248061307413003
0.5248024626799686
0.524798794988018
0.5247951276551631
0.5247914606711569
0.5247877940257915
0.5247841277088976
0.5247804617103445
0.5247767960200397
0.5247731306279287
0.5247694655239951
0.5247658006982596
0.5247621361407813
0.5247584718416555
0.5247548077910154
0.5247511439790303
0.5247474803959071
0.5247438170318887
0.5247401538772537
0.5247364909223178
0.5247328281574318
0.5247291655729825
0.5247255031593924
0.524721840907119
0.5247181788066546
0.5247145168485271
0.5247108550232985
0.5247071933215657
0.5247035317339599
0.5246998702511458
0.5246962088638234
0.524692547562725
0.5246888863386174
0.5246852251823004
0.5246815640846072
0.5246779030364036
0.5246742420285888
0.524670581052094
0.5246669200978833
0.5246632591569527
0.5246595982203308
0.5246559372790773
0.5246522763242847
0.5246486153470756
0.5246449543386051
0.524641293290059
0.524637632192654
0.524633971037638
0.5246303098162884
0.5246266485199146
0.5246229871398549
0.5246193256674785
0.524615664094184
0.5246120024113996
0.5246083406105838
0.5246046786832234
0.524601016620835
0.5245973544149642
0.524593692057185
0.5245900295391004
0.5245863668523413
0.5245827039885679
0.5245790409394673
0.5245753776967554
0.5245717142521754
0.5245680505974981
0.524564386724522
0.5245607226250721
0.5245570582910014
0.524553393714189
0.5245497288865408
0.5245460637999898
0.5245423984464948
0.5245387328180406
0.5245350669066386
0.5245314007043258
0.5245277342031646
0.5245240673952429
0.5245204002726744
0.5245167328275974
0.5245130650521755
0.524509396938597
0.5245057284790746
0.5245020596658458
0.5244983904911722
0.5244947209473396
0.5244910510266578
0.5244873807214603
0.5244837100241039
0.5244800389269696
0.524476367422461
0.524472695503005
0.5244690231610515
0.5244653503890733
0.5244616771795654
0.5244580035250455
0.5244543294180536
0.5244506548511518
0.5244469798169242
0.5244433043079763
0.5244396283169356
0.5244359518364506
0.524432274859192
0.5244285973778504
0.524424919385138
0.5244212408737877
0.5244175618365532
0.5244138822662083
0.524410202155547
0.5244065214973839
0.5244028402845531
0.5243991585099086
0.5243954761663242
0.524391793246693
0.5243881097439276
0.5243844256509591
0.5243807409607383
0.5243770556662346
0.5243733697604358
0.5243696832363482
0.524365996086997
0.5243623083054244
0.5243586198846918
0.5243549308178777
0.5243512410980784
0.5243475507184079
0.5243438596719969
0.5243401679519946
0.5243364755515657
0.5243327824638923
0.5243290886821738
0.5243253941996252
0.5243216990094783
0.5243180031049814
0.524314306479398
0.5243106091260084
0.5243069110381078
0.5243032122090074
0.5242995126320341
0.5242958123005291
0.5242921112078497
0.5242884093473672
0.5242847067124681
0.5242810032965535
0.5242772990930389
0.524273594095354
0.5242698882969423
0.5242661816912619
0.5242624742717841
0.5242587660319942
0.5242550569653903
0.5242513470654848
0.5242476363258023
0.5242439247398807
0.5242402123012712
0.5242364990035364
0.5242327848402528
0.5242290698050085
0.5242253538914035
0.5242216370930503
0.5242179194035732
0.5242142008166077
0.5242104813258015
0.5242067609248132
0.5242030396073125
0.5241993173669807
0.5241955941975092
0.5241918700926007
0.5241881450459678
0.5241844190513345
0.5241806921024342
0.5241769641930104
0.5241732353168169
0.524169505467617
0.5241657746391833
0.5241620428252987
0.5241583100197539
0.5241545762163502
0.5241508414088969
0.5241471055912121
0.5241433687571231
0.5241396309004651
0.5241358920150815
0.5241321520948242
0.5241284111335529
0.524124669125135
0.5241209260634455
0.5241171819423671
0.5241134367557896
0.5241096904976099
0.5241059431617319
0.5241021947420664
0.5240984452325309
0.5240946946270493
0.5240909429195513
0.5240871901039736
0.5240834361742587
0.5240796811243544
0.5240759249482149
0.5240721676397991
0.524068409193072
0.5240646496020029
0.5240608888605671
0.5240571269627439
0.524053363902518
0.524049599673878
0.524045834270817
0.5240420676873325
0.5240382999174259
0.524034530955102
0.5240307607943702
0.5240269894292428
0.5240232168537353
0.524019443061867
0.5240156680476594
0.5240118918051377
0.5240081143283293
0.524004335611264
0.5240005556479745
0.5239967744324954
0.5239929919588626
0.523989208221115
0.5239854232132928
0.5239816369294373
0.5239778493635916
0.5239740605097999
0.5239702703621072
0.5239664789145594
0.5239626861612033
0.523958892096086
0.5239550967132551
0.523951300006758
0.5239475019706425
0.5239437025989562
0.5239399018857459
0.5239360998250585
0.5239322964109396
0.5239284916374347
0.5239246854985875
0.523920877988441
0.5239170691010366
0.5239132588304144
0.5239094471706125
0.5239056341156673
0.5239018196596132
0.5238980037964821
0.5238941865203037
0.523890367825105
0.5238865477049108
0.5238827261537421
0.5238789031656175
0.523875078734552
0.5238712528545573
0.5238674255196414
0.5238635967238087
0.5238597664610594
0.5238559347253897
0.5238521015107914
0.523848266811252
0.5238444306207543
0.5238405929332759
0.5238367537427899
0.5238329130432642
0.5238290708286608
0.5238252270929367
0.5238213818300431
0.5238175350339248
0.5238136866985215
0.5238098368177655
0.5238059853855835
0.5238021323958957
0.5237982778426146
0.5237944217196466
0.5237905640208911
0.5237867047402391
0.5237828438715754
0.5237789814087761
0.5237751173457098
0.5237712516762374
0.5237673843942112
0.5237635154934752
0.523759644967865
0.5237557728112069
0.5237518990173191
0.52374802358001
0.5237441464930789
0.5237402677503158
0.5237363873455008
0.5237325052724043
0.5237286215247864
0.5237247360963972
0.5237208489809768
0.5237169601722538
0.5237130696639469
0.5237091774497633
0.5237052835233995
0.5237013878785401
0.5236974905088588
0.5236935914080173
0.5236896905696654
0.523685787987441
0.5236818836549695
0.5236779775658643
0.5236740697137257
0.5236701600921415
0.5236662486946863
0.5236623355149216
0.5236584205463959
0.5236545037826434
0.5236505852171851
0.523646664843528
0.5236427426551646
0.5236388186455736
0.5236348928082188
0.5236309651365498
0.5236270356240006
0.5236231042639908
0.523619171049924
0.5236152359751891
0.523611299033159
0.5236073602171909
0.5236034195206253
0.5235994769367878
0.5235955324589863
0.5235915860805125
0.5235876377946418
0.5235836875946319
0.5235797354737236
0.5235757814251402
0.5235718254420878
0.5235678675177543
0.5235639076453098
0.523559945817906
0.5235559820286768
0.5235520162707368
0.5235480485371824
0.5235440788210908
0.5235401071155202
0.5235361334135095
0.5235321577080775
0.5235281799922241
0.5235242002589285
0.5235202185011504
0.5235162347118286
0.5235122488838819
0.5235082610102078
0.5235042710836836
0.5235002790971643
0.5234962850434849
0.5234922889154578
0.5234882907058745
0.5234842904075041
0.5234802880130933
0.523476283515367
0.5234722769070274
0.5234682681807535
0.5234642573292023
0.5234602443450069
0.5234562292207768
0.5234522119490989
0.5234481925225355
0.5234441709336254
0.5234401471748826
0.5234361212387979
0.5234320931178362
0.5234280628044385
0.5234240302910205
0.5234199955699724
0.5234159586336598
0.5234119194744216
0.5234078780845717
0.5234038344563979
0.5233997885821616
0.5233957404540975
0.5233916900644138
0.5233876374052924
0.5233835824688873
0.5233795252473256
0.5233754657327069
0.5233714039171031
0.5233673397925583
0.5233632733510885
0.5233592045846808
0.5233551334852944
0.5233510600448593
0.5233469842552774
0.52334290610842
0.5233388255961305
0.5233347427102217
0.523330657442477
0.5233265697846494
0.5233224797284624
0.5233183872656081
0.5233142923877483
0.5233101950865148
0.5233060953535067
0.5233019931802931
0.5232978885584111
0.5232937814793657
0.5232896719346305
0.523285559915647
0.5232814454138235
0.5232773284205365
0.5232732089271295
0.5232690869249128
0.5232649624051633
0.5232608353591248
0.5232567057780072
0.5232525736529867
0.523248438975205
0.52324430173577
0.5232401619257541
0.523236019536196
0.5232318745580985
0.5232277269824299
0.5232235768001225
0.5232194240020734
0.5232152685791432
0.5232111105221573
0.5232069498219037
0.5232027864691347
0.5231986204545653
0.5231944517688739
0.5231902804027015
0.5231861063466514
0.5231819295912897
0.5231777501271445
0.5231735679447054
0.5231693830344244
0.5231651953867142
0.5231610049919491
0.5231568118404646
0.5231526159225561
0.5231484172284805
0.523144215748455
0.523140011472656
0.5231358043912206
0.5231315944942453
0.523127381771786
0.5231231662138578
0.5231189478104347
0.5231147265514494
0.5231105024267935
0.5231062754263163
0.5231020455398256
0.5230978127570869
0.5230935770678231
0.5230893384617149
0.5230850969283998
0.5230808524574722
0.5230766050384835
0.5230723546609412
0.5230681013143093
0.5230638449880075
0.5230595856714118
0.5230553233538531
0.5230510580246179
0.5230467896729478
0.5230425182880394
0.5230382438590437
0.523033966375066
0.5230296858251661
0.5230254021983572
0.5230211154836069
0.5230168256698352
0.5230125327459167
0.523008236700678
0.5230039375228989
0.5229996352013112
0.5229953297245997
0.5229910210814008
0.5229867092603029
0.5229823942498459
0.5229780760385213
0.5229737546147714
0.5229694299669896
0.5229651020835199
0.5229607709526567
0.5229564365626447
0.5229520989016785
0.5229477579579024
0.5229434137194102
0.5229390661742448
0.5229347153103986
0.522930361115812
0.5229260035783749
0.5229216426859247
0.5229172784262472
0.522912910787076
0.5229085397560926
0.5229041653209252
0.5228997874691496
0.5228954061882884
0.5228910214658111
0.5228866332891332
0.5228822416456166
0.5228778465225689
0.5228734479072437
0.5228690457868399
0.5228646401485021
0.522860230979319
0.5228558182663245
0.5228514019964976
0.5228469821567604
0.5228425587339801
0.5228381317149672
0.5228337010864754
0.5228292668352028
0.5228248289477895
0.5228203874108188
0.522815942210817
0.5228114933342523
0.522807040767535
0.5228025844970178
0.5227981245089941
0.5227936607896999
0.5227891933253117
0.5227847221019466
0.5227802471056633
0.5227757683224599
0.5227712857382757
0.5227667993389891
0.5227623091104189
0.522757815038323
0.5227533171083988
0.5227488153062824
0.5227443096175488
0.5227398000277117
0.5227352865222227
0.5227307690864719
0.5227262477057868
0.5227217223654328
0.5227171930506124
0.5227126597464651
0.5227081224380675
0.5227035811104326
0.5226990357485095
0.5226944863371843
0.5226899328612783
0.5226853753055479
0.522680813654686
0.5226762478933202
0.5226716780060128
0.5226671039772608
0.522662525791496
0.5226579434330838
0.5226533568863243
0.5226487661354503
0.5226441711646289
0.5226395719579603
0.5226349684994771
0.5226303607731453
0.5226257487628629
0.5226211324524604
0.5226165118257003
0.5226118868662768
0.5226072575578157
0.5226026238838737
0.5225979858279393
0.5225933433734309
0.5225886965036981
0.5225840452020207
0.5225793894516082
0.5225747292356004
0.5225700645370663
0.5225653953390048
0.522560721624343
0.5225560433759375
0.5225513605765735
0.5225466732089648
0.5225419812557524
0.5225372846995061
0.5225325835227231
0.5225278777078279
0.5225231672371723
0.5225184520930348
0.5225137322576208
0.5225090077130621
0.5225042784414167
0.5224995444246684
0.5224948056447272
0.5224900620834279
0.522485313722531
0.5224805605437222
0.5224758025286109
0.5224710396587324
0.5224662719155455
0.5224614992804328
0.5224567217347017
0.5224519392595818
0.5224471518362273
0.5224423594457143
0.5224375620690429
0.5224327596871348
0.5224279522808346
0.5224231398309088
0.522418322318046
0.5224134997228561
0.5224086720258708
0.5224038392075424
0.5223990012482443
0.5223941581282712
0.5223893098278372
0.5223844563270776
0.5223795976060469
0.5223747336447193
0.5223698644229894
0.5223649899206699
0.5223601101174933
0.5223552249931103
0.5223503345270903
0.5223454386989216
0.5223405374880093
0.5223356308736775
0.5223307188351671
0.522325801351637
0.5223208784021622
0.5223159499657357
0.5223110160212663
0.5223060765475794
0.5223011315234167
0.5222961809274358
0.5222912247382099
0.5222862629342274
0.5222812954938921
0.5222763223955231
0.5222713436173537
0.5222663591375318
0.5222613689341197
0.5222563729850938
0.522251371268344
0.5222463637616737
0.5222413504428002
0.5222363312893533
0.5222313062788758
0.5222262753888232
0.5222212385965632
0.5222161958793757
0.5222111472144528
0.5222060925788979
0.5222010319497259
0.522195965303863
0.5221908926181464
0.522185813869324
0.5221807290340541
0.5221756380889053
0.5221705410103565
0.522165437774796
0.5221603283585221
0.522155212737742
0.5221500908885724
0.5221449627870387
0.5221398284090751
0.522134687730524
0.5221295407271359
0.5221243873745699
0.5221192276483922
0.5221140615240765
0.5221088889770041
0.5221037099824632
0.5220985245156489
0.5220933325516628
0.5220881340655128
0.5220829290321127
0.522077717426283
0.522072499222749
0.5220672743961419
0.5220620429209979
0.5220568047717582
0.5220515599227693
0.5220463083482813
0.5220410500224493
0.5220357849193322
0.522030513012893
0.522025234276998
0.5220199486854169
0.5220146562118231
0.5220093568297924
0.5220040505128035
0.5219987372342376
0.5219934169673783
0.5219880896854112
0.5219827553614234
0.5219774139684044
0.5219720654792441
0.5219667098667342
0.5219613471035673
0.5219559771623365
0.5219506000155356
0.5219452156355586
0.5219398239946995
0.5219344250651521
0.5219290188190099
0.5219236052282661
0.5219181842648122
0.5219127559004397
0.521907320106838
0.5219018768555956
0.5218964261181989
0.5218909678660325
0.5218855020703792
0.5218800287024188
0.5218745477332288
0.521869059133784
0.5218635628749564
0.5218580589275142
0.5218525472621226
0.5218470278493429
0.5218415006596329
0.5218359656633456
0.5218304228307304
0.521824872131932
0.52181931353699
0.5218137470158394
0.5218081725383099
0.5218025900741262
0.5217969995929065
0.521791401064164
0.5217857944573061
0.5217801797416327
0.5217745568863388
0.5217689258605116
0.5217632866331319
0.5217576391730734
0.5217519834491027
0.5217463194298781
0.5217406470839515
0.5217349663797657
0.521729277285656
0.5217235797698494
0.5217178738004637
0.5217121593455086
0.5217064363728846
0.5217007048503833
0.5216949647456863
0.5216892160263665
0.5216834586598861
0.521677692613598
0.5216719178547443
0.5216661343504574
0.5216603420677584
0.5216545409735579
0.5216487310346558
0.5216429122177401
0.5216370844893875
0.5216312478160638
0.5216254021641222
0.5216195474998041
0.5216136837892387
0.5216078109984423
0.5216019290933197
0.5215960380396615
0.5215901378031459
0.5215842283493383
0.5215783096436895
0.5215723816515376
0.5215664443381068
0.5215604976685067
0.521554541607733
0.5215485761206669
0.5215426011720753
0.5215366167266092
0.521530622748806
0.5215246192030868
0.5215186060537577
0.5215125832650089
0.5215065508009153
0.5215005086254352
0.5214944567024107
0.5214883949955681
0.5214823234685165
0.5214762420847483
0.521470150807639
0.5214640496004471
0.5214579384263132
0.5214518172482608
0.5214456860291954
0.5214395447319046
0.5214333933190579
0.5214272317532063
0.5214210599967825
0.5214148780121002
0.5214086857613544
0.5214024832066207
0.5213962703098558
0.5213900470328967
0.5213838133374606
0.5213775691851452
0.5213713145374278
0.5213650493556655
0.5213587736010952
0.521352487234833
0.5213461902178739
0.5213398825110925
0.5213335640752423
0.5213272348709546
0.5213208948587396
0.5213145439989861
0.5213081822519606
0.5213018095778075
0.5212954259365491
0.5212890312880853
0.521282625592193
0.521276208808526
0.5212697808966162
0.5212633418158713
0.521256891525576
0.5212504299848912
0.5212439571528542
0.5212374729883786
0.5212309774502536
0.5212244704971439
0.5212179520875904
0.5212114221800087
0.5212048807326898
0.5211983277037999
0.5211917630513795
0.5211851867333445
0.5211785987074842
0.5211719989314632
0.5211653873628196
0.5211587639589659
0.5211521286771875
0.5211454814746445
0.5211388223083693
0.5211321511352682
0.5211254679121206
0.5211187725955782
0.5211120651421657
0.5211053455082804
0.5210986136501918
0.5210918695240419
0.521085113085844
0.5210783442914841
0.5210715630967192
0.5210647694571777
0.5210579633283597
0.5210511446656365
0.52104431342425
0.521037469559313
0.5210306130258089
0.5210237437785917
0.5210168617723854
0.5210099669617845
0.5210030593012527
0.5209961387451247
0.5209892052476033
0.5209822587627619
0.5209752992445427
0.5209683266467567
0.5209613409230844
0.5209543420270746
0.5209473299121451
0.5209403045315815
0.520933265838538
0.5209262137860371
0.5209191483269688
0.5209120694140912
0.5209049770000298
0.5208978710372774
0.5208907514781939
0.5208836182750068
0.5208764713798105
0.5208693107445657
0.5208621363210997
0.5208549480611061
0.5208477459161458
0.5208405298376446
0.520833299776895
0.5208260556850544
0.5208187975131467
0.5208115252120608
0.5208042387325509
0.5207969380252362
0.5207896230406013
0.520782293728995
0.520774950040631
0.5207675919255877
0.5207602193338072
0.5207528322150965
0.5207454305191257
0.5207380141954294
0.5207305831934059
0.5207231374623162
0.5207156769512855
0.5207082016093016
0.5207007113852157
0.5206932062277415
0.5206856860854557
0.5206781509067975
0.520670600640068
0.5206630352334312
0.5206554546349125
0.5206478587923999
0.5206402476536427
0.5206326211662513
0.5206249792776985
0.5206173219353178
0.5206096490863037
0.5206019606777122
0.5205942566564594
0.5205865369693226
0.5205788015629389
0.5205710503838061
0.5205632833782825
0.5205555004925859
0.5205477016727938
0.5205398868648441
0.5205320560145331
0.5205242090675177
0.5205163459693132
0.520508466665294
0.5205005711006938
0.5204926592206047
0.5204847309699773
0.520476786293621
0.5204688251362031
0.520460847442249
0.5204528531561423
0.5204448422221243
0.5204368145842938
0.520428770186607
0.5204207089728781
0.5204126308867776
0.5204045358718332
0.5203964238714299
0.520388294828809
0.5203801486870683
0.5203719853891621
0.5203638048779011
0.5203556070959519
0.5203473919858367
0.5203391594899339
0.5203309095504774
0.5203226421095566
0.5203143571091158
0.5203060544909545
0.520297734196728
0.5202893961679451
0.5202810403459702
0.5202726666720219
0.5202642750871732
0.5202558655323508
0.5202474379483365
0.5202389922757646
0.5202305284551244
0.5202220464267577
0.5202135461308605
0.5202050275074813
0.5201964904965224
0.5201879350377385
0.5201793610707374
0.5201707685349789
0.520162157369776
0.5201535275142937
0.5201448789075488
0.5201362114884107
0.5201275251955999
0.520118819967689
0.520110095743102
0.5201013524601142
0.520092590056852
0.5200838084712927
0.5200750076412646
0.520066187504447
0.520057347998369
0.5200484890604109
0.5200396106278024
0.5200307126376235
0.5200217950268045
0.5200128577321249
0.5200039006902138
0.5199949238375501
0.5199859271104612
0.5199769104451243
0.519967873777565
0.519958817043658
0.519949740179126
0.5199406431195409
0.5199315258003221
0.5199223881567373
0.5199132301239024
0.5199040516367806
0.519894852630183
0.519885633038768
0.5198763927970409
0.5198671318393548
0.5198578500999087
0.5198485475127496
0.5198392240117697
0.5198298795307087
0.5198205140031519
0.5198111273625304
0.5198017195421223
0.5197922904750502
0.519782840094283
0.5197733683326343
0.5197638751227635
0.519754360397175
0.5197448240882174
0.5197352661280846
0.5197256864488149
0.5197160849822905
0.5197064616602383
0.5196968164142285
0.5196871491756759
0.5196774598758382
0.519667748445817
0.5196580148165567
0.5196482589188453
0.519638480683313
0.5196286800404334
0.5196188569205223
0.5196090112537378
0.5195991429700803
0.519589251999392
0.5195793382713569
0.5195694017155008
0.5195594422611909
0.5195494598376353
0.5195394543738835
0.5195294257988259
0.519519374041193
0.5195092990295563
0.5194992006923276
0.5194890789577585
0.5194789337539407
0.5194687650088053
0.5194585726501235
0.5194483566055054
0.5194381168024002
0.519427853168096
0.51941756562972
0.5194072541142376
0.5193969185484524
0.5193865588590066
0.5193761749723801
0.5193657668148901
0.5193553343126922
0.5193448773917784
0.5193343959779786
0.5193238899969588
0.5193133593742227
0.5193028040351095
0.5192922239047957
0.5192816189082923
0.5192709889704481
0.5192603340159463
0.5192496539693059
0.5192389487548807
0.5192282182968604
0.5192174625192686
0.5192066813459641
0.5191958747006393
0.5191850425068221
0.5191741846878724
0.5191633011669854
0.519152391867189
0.5191414567113446
0.5191304956221465
0.5191195085221219
0.51910849533363
0.5190974559788634
0.5190863903798457
0.519075298458433
0.5190641801363128
0.5190530353350042
0.519041863975857
0.5190306659800523
0.5190194412686021
0.5190081897623481
0.5189969113819626
0.518985606047948
0.5189742736806363
0.5189629142001885
0.5189515275265955
0.5189401135796767
0.5189286722790806
0.5189172035442834
0.5189057072945905
0.5188941834491343
0.5188826319268753
0.5188710526466017
0.5188594455269284
0.518847810486297
0.5188361474429766
0.518824456315062
0.5188127370204737
0.5188009894769592
0.5187892136020907
0.5187774093132659
0.518765576527707
0.5187537151624622
0.5187418251344028
0.5187299063602249
0.5187179587564482
0.5187059822394167
0.5186939767252967
0.5186819421300781
0.5186698783695738
0.5186577853594183
0.518645663015069
0.518633511251805
0.5186213299847267
0.5186091191287556
0.5185968785986349
0.5185846083089277
0.5185723081740179
0.518559978108109
0.5185476180252249
0.5185352278392079
0.5185228074637203
0.5185103568122428
0.5184978757980747
0.518485364334333
0.5184728223339531
0.5184602497096875
0.5184476463741061
0.5184350122395951
0.518422347218358
0.5184096512224139
0.5183969241635975
0.51838416595356
0.5183713765037664
0.5183585557254977
0.518345703529848
0.5183328198277269
0.518319904529857
0.5183069575467742
0.5182939787888277
0.5182809681661792
0.5182679255888026
0.5182548509664844
0.5182417442088217
0.5182286052252233
0.5182154339249088
0.5182022302169083
0.5181889940100617
0.5181757252130188
0.5181624237342388
0.5181490894819896
0.5181357223643474
0.5181223222891969
0.5181088891642306
0.5180954228969482
0.5180819233946558
0.5180683905644671
0.5180548243133009
0.5180412245478822
0.5180275911747411
0.5180139241002129
0.5180002232304369
0.5179864884713568
0.5179727197287196
0.5179589169080757
0.517945079914778
0.5179312086539818
0.5179173030306448
0.5179033629495249
0.517889388315182
0.5178753790319763
0.5178613350040681
0.5178472561354167
0.5178331423297814
0.5178189934907195
0.5178048095215873
0.517790590325538
0.5177763358055226
0.5177620458642889
0.5177477204043807
0.5177333593281379
0.5177189625376959
0.5177045299349844
0.5176900614217278
0.5176755568994446
0.5176610162694464
0.5176464394328372
0.5176318262905143
0.5176171767431662
0.5176024906912727
0.5175877680351051
0.5175730086747234
0.5175582125099791
0.5175433794405118
0.5175285093657501
0.5175136021849108
0.517498657796998
0.5174836761008031
0.517468656994904
0.517453600377664
0.5174385061472324
0.5174233742015429
0.5174082044383135
0.5173929967550458
0.5173777510490242
0.5173624672173164
0.5173471451567713
0.5173317847640189
0.5173163859354701
0.5173009485673166
0.5172854725555285
0.5172699577958555
0.5172544041838252
0.5172388116147429
0.5172231799836909
0.5172075091855282
0.517191799114889
0.5171760496661832
0.5171602607335944
0.517144432211081
0.5171285639923737
0.5171126559709762
0.517096708040164
0.5170807200929834
0.5170646920222517
0.5170486237205558
0.5170325150802518
0.517016365993464
0.517000176352085
0.5169839460477738
0.5169676749719563
0.5169513630158239
0.5169350100703328
0.5169186160262039
0.5169021807739206
0.5168857042037301
0.5168691862056413
0.516852626669424
0.5168360254846094
0.5168193825404874
0.5168026977261079
0.5167859709302788
0.5167692020415651
0.5167523909482888
0.5167355375385284
0.5167186417001166
0.5167017033206412
0.5166847222874433
0.5166676984876171
0.5166506318080082
0.5166335221352139
0.5166163693555814
0.5165991733552081
0.5165819340199393
0.5165646512353688
0.5165473248868366
0.5165299548594301
0.5165125410379808
0.5164950833070654
0.5164775815510037
0.5164600356538585
0.5164424454994344
0.5164248109712768
0.516407131952671
0.5163894083266419
0.5163716399759524
0.5163538267831025
0.516335968630329
0.5163180653996039
0.5163001169726338
0.5162821232308591
0.5162640840554523
0.5162459993273185
0.5162278689270927
0.5162096927351404
0.5161914706315552
0.5161732024961591
0.5161548882085008
0.5161365276478544
0.5161181206932198
0.51609966722332
0.5160811671166011
0.5160626202512307
0.5160440265050978
0.5160253857558106
0.5160066978806961
0.5159879627567991
0.5159691802608813
0.5159503502694193
0.5159314726586045
0.5159125473043418
0.5158935740822479
0.5158745528676514
0.5158554835355905
0.5158363659608127
0.5158172000177732
0.5157979855806338
0.5157787225232624
0.5157594107192308
0.5157400500418146
0.5157206403639913
0.5157011815584396
0.5156816734975379
0.5156621160533634
0.5156425090976906
0.5156228525019905
0.5156031461374289
0.5155833898748657
0.5155635835848535
0.515543727137636
0.5155238204031471
0.5155038632510105
0.5154838555505363
0.5154637971707217
0.5154436879802489
0.5154235278474841
0.5154033166404764
0.5153830542269555
0.5153627404743316
0.5153423752496932
0.5153219584198064
0.5153014898511135
0.5152809694097311
0.5152603969614493
0.5152397723717302
0.515219095505707
0.5151983662281812
0.5151775844036227
0.5151567498961679
0.5151358625696181
0.5151149222874385
0.5150939289127564
0.5150728823083599
0.5150517823366962
0.5150306288598712
0.5150094217396465
0.5149881608374391
0.5149668460143193
0.5149454771310098
0.5149240540478832
0.514902576624962
0.5148810447219154
0.5148594581980597
0.5148378169123541
0.5148161207234023
0.5147943694894483
0.5147725630683768
0.5147507013177096
0.5147287840946065
0.5147068112558614
0.514684782657902
0.5146626981567878
0.5146405576082085
0.5146183608674829
0.5145961077895558
0.5145737982289984
0.5145514320400046
0.5145290090763905
0.5145065291915931
0.5144839922386673
0.514461398070285
0.5144387465387338
0.5144160374959138
0.5143932707933376
0.5143704462821277
0.5143475638130142
0.5143246232363342
0.5143016244020291
0.5142785671596434
0.5142554513583228
0.5142322768468117
0.5142090434734525
0.5141857510861827
0.5141623995325336
0.514138988659629
0.5141155183141818
0.5140919883424937
0.5140683985904522
0.5140447489035296
0.5140210391267801
0.5139972691048387
0.5139734386819188
0.5139495477018107
0.5139255960078789
0.513901583443061
0.5138775098498652
0.513853375070368
0.513829178946213
0.5138049213186084
0.5137806020283249
0.5137562209156938
0.5137317778206052
0.5137072725825054
0.5136827050403947
0.5136580750328267
0.5136333823979043
0.5136086269732789
0.5135838085961477
0.5135589271032518
0.5135339823308739
0.5135089741148358
0.5134839022904971
0.5134587666927526
0.5134335671560295
0.5134083035142859
0.5133829756010087
0.5133575832492103
0.5133321262914278
0.5133066045597191
0.5132810178856627
0.5132553661003533
0.5132296490344003
0.5132038665179264
0.5131780183805638
0.5131521044514525
0.5131261245592383
0.5131000785320701
0.5130739661975966
0.513047787382966
0.5130215419148212
0.5129952296192997
0.5129688503220288
0.5129424038481253
0.5129158900221915
0.5128893086683134
0.5128626596100585
0.512835942670472
0.5128091576720757
0.5127823044368649
0.5127553827863061
0.5127283925413333
0.5127013335223471
0.5126742055492113
0.5126470084412496
0.5126197420172444
0.512592406095433
0.5125650004935056
0.5125375250286023
0.5125099795173107
0.5124823637756624
0.5124546776191319
0.5124269208626322
0.5123990933205126
0.5123711948065567
0.5123432251339787
0.5123151841154207
0.5122870715629505
0.5122588872880582
0.5122306311016537
0.5122023028140636
0.5121739022350283
0.5121454291737
0.512116883438638
0.5120882648378079
0.5120595731785769
0.5120308082677122
0.5120019699113768
0.5119730579151281
0.5119440720839131
0.5119150122220666
0.5118858781333083
0.5118566696207386
0.511827386486837
0.5117980285334577
0.5117685955618274
0.5117390873725423
0.5117095037655639
0.5116798445402171
0.5116501094951864
0.5116202984285129
0.5115904111375909
0.5115604474191651
0.5115304070693272
0.5115002898835123
0.5114700956564964
0.5114398241823928
0.5114094752546482
0.5113790486660402
0.5113485442086739
0.5113179616739784
0.5112873008527031
0.5112565615349149
0.5112257435099947
0.5111948465666337
0.5111638704928303
0.511132815075886
0.5111016801024035
0.5110704653582814
0.5110391706287114
0.5110077956981756
0.5109763403504417
0.5109448043685602
0.5109131875348607
0.5108814896309479
0.5108497104376996
0.5108178497352603
0.5107859073030401
0.5107538829197094
0.5107217763631968
0.510689587410684
0.5106573158386023
0.51062496142263
0.5105925239376872
0.5105600031579327
0.5105273988567605
0.5104947108067956
0.5104619387798903
0.5104290825471199
0.5103961418787799
0.510363116544381
0.5103300063126462
0.5102968109515059
0.5102635302280948
0.5102301639087474
0.5101967117589943
0.5101631735435578
0.5101295490263489
0.5100958379704621
0.5100620401381717
0.5100281552909287
0.5099941831893546
0.5099601235932396
0.5099259762615369
0.5098917409523592
0.5098574174229747
0.5098230054298021
0.5097885047284072
0.5097539150734982
0.509719236218922
0.5096844679176591
0.5096496099218202
0.5096146619826406
0.5095796238504778
0.5095444952748054
0.5095092760042093
0.5094739657863838
0.5094385643681265
0.5094030714953344
0.5093674869129985
0.5093318103652005
0.509296041595108
0.5092601803449691
0.5092242263561091
0.509188179368925
0.5091520391228814
0.509115805356506
0.509079477807384
0.5090430562121552
0.5090065403065072
0.5089699298251728
0.5089332245019236
0.5088964240695661
0.5088595282599375
0.508822536803899
0.508785449431333
0.5087482658711373
0.5087109858512207
0.5086736090984973
0.5086361353388826
0.5085985642972882
0.5085608956976165
0.5085231292627562
0.5084852647145773
0.5084473017739258
0.508409240160619
0.5083710795934401
0.5083328197901334
0.5082944604673996
0.5082560013408892
0.5082174421251991
0.5081787825338668
0.5081400222793648
0.5081011610730953
0.5080621986253863
0.5080231346454847
0.5079839688415522
0.5079447009206589
0.5079053305887794
0.5078658575507857
0.507826281510444
0.5077866021704067
0.5077468192322097
0.5077069323962644
0.5076669413618542
0.507626845827128
0.5075866454890948
0.5075463400436186
0.5075059291854127
0.5074654126080332
0.5074247900038745
0.5073840610641638
0.507343225478954
0.5073022829371195
0.5072612331263501
0.5072200757331444
0.5071788104428059
0.5071374369394346
0.507095954905924
0.5070543640239531
0.5070126639739816
0.506970854435244
0.5069289350857435
0.5068869056022455
0.5068447656602728
0.5068025149340991
0.5067601530967423
0.5067176798199597
0.5066750947742414
0.5066323976288036
0.5065895880515836
0.5065466657092332
0.506503630267112
0.5064604813892821
0.5064172187385018
0.5063738419762186
0.5063303507625636
0.5062867447563455
0.5062430236150433
0.506199186994801
0.5061552345504206
0.506111165935356
0.5060669808017066
0.506022678800211
0.50597825958024
0.5059337227897909
0.50588906807548
0.5058442950825377
0.5057994034548
0.5057543928347035
0.5057092628632776
0.505664013180139
0.5056186434234842
0.5055731532300833
0.505527542235273
0.50548181007295
0.5054359563755647
0.5053899807741133
0.5053438828981325
0.5052976623756908
0.5052513188333843
0.5052048518963266
0.5051582611881449
0.5051115463309711
0.5050647069454357
0.5050177426506606
0.5049706530642519
0.5049234378022942
0.5048760964793411
0.5048286287084103
0.504781034100976
0.5047333122669606
0.5046854628147298
0.5046374853510828
0.5045893794812475
0.504541144808872
0.5044927809360171
0.5044442874631501
0.5043956639891369
0.5043469101112344
0.5042980254250844
0.5042490095247043
0.5041998620024819
0.5041505824491659
0.5041011704538605
0.5040516256040162
0.5040019474854235
0.503952135682205
0.5039021897768077
0.5038521093499958
0.5038018939808431
0.5037515432467252
0.5037010567233119
0.5036504339845603
0.503599674602706
0.5035487781482562
0.5034977441899815
0.5034465722949092
0.5033952620283142
0.5033438129537127
0.5032922246328525
0.5032404966257076
0.5031886284904683
0.5031366197835347
0.5030844700595081
0.5030321788711836
0.5029797457695419
0.5029271703037412
0.5028744520211101
0.5028215904671389
0.5027685851854717
0.5027154357178987
0.5026621416043481
0.5026087023828778
0.5025551175896676
0.5025013867590113
0.5024475094233086
0.5023934851130567
0.5023393133568419
0.5022849936813324
0.5022305256112697
0.5021759086694604
0.5021211423767673
0.5020662262521033
0.5020111598124205
0.5019559425727043
0.5019005740459638
0.5018450537432233
0.5017893811735161
0.5017335558438736
0.5016775772593188
0.5016214449228569
0.5015651583354683
0.5015087169960988
0.5014521204016515
0.5013953680469805
0.5013384594248793
0.5012813940260749
0.5012241713392183
0.5011667908508763
0.5011092520455237
0.5010515544055338
0.5009936974111708
0.5009356805405811
0.5008775032697853
0.5008191650726689
0.5007606654209743
0.5007020037842929
0.5006431796300558
0.5005841924235257
0.5005250416277888
0.5004657267037451
0.5004062471101021
0.5003466023033637
0.5002867917378239
0.5002268148655573
0.5001666711364108
0.5001063599979951
0.500045880895676
0.4999852332725671
0.4999244165695192
0.49986343022511415
0.4998022736756545
0.4997409463551564
0.49967944769534045
0.49961777712562294
0.49955593407310855
0.4994939179625807
0.49943172821649406
0.4993693642549649
0.49930682549576466
0.49924411135430946
0.49918122124365283
0.4991181545744773
0.4990549107550857
0.4989914891913929
0.49892788928691767
0.4988641104427742
0.49880015205766337
0.4987360135278657
0.4986716942472314
0.4986071936071732
0.49854251099665847
0.4984776458021992
0.49841259740784605
0.49834736519517875
0.4982819485432981
0.4982163468288183
0.4981505594258588
0.49808458570603525
0.49801842503845295
0.49795207678969783
0.4978855403238286
0.49781881500236913
0.49775190018430004
0.4976847952260512
0.4976174994814938
0.49755001230193185
0.4974823330360962
0.49741446103013387
0.4973463956276033
0.4972781361694649
0.49720968199407406
0.4971410324371728
0.4970721868318838
0.4970031445087013
0.49693390479548394
0.4968644670174483
0.4967948304971602
0.49672499455452873
0.49665495850679814
0.4965847216685404
0.4965142833516491
0.496443642865331
0.4963727995161004
0.4963017526077711
0.4962305014414501
0.4961590453155301
0.4960873835256835
0.49601551536485533
0.495943440123256
0.49587115708835594
0.49579866554487795
0.4957259647747915
0.49565305405730586
0.49557993266886413
0.49550659988313683
0.49543305497101603
0.4953592972006089
0.49528532583723195
0.49521114014340506
0.49513673937884617
0.4950621228004647
0.4949872896623565
0.4949122392157986
0.4948369707092425
0.4947614833883105
0.4946857764957895
0.49460984927162577
0.4945337009529205
0.49445733077392434
0.49438073796603277
0.4943039217577816
0.49422688137484205
0.49414961604001656
0.49407212497323394
0.49399440739154565
0.4939164625091216
0.49383828953724557
0.4937598876843118
0.4936812561558219
0.4936023941543796
0.49352330087968876
0.49344397552854935
0.4933644172948539
0.49328462536958534
0.49320459894081337
0.49312433719369186
0.49304383931045603
0.4929631044704206
0.4928821318499767
0.49280092062258996
0.4927194699587987
0.4926377790262116
0.49255584698950694
0.49247367301042977
0.49239125624779145
0.4923085958574683
0.49222569099240054
0.49214254080259173
0.4920591444351071
0.49197550103407484
0.49189160974068435
0.49180746969318656
0.49172308002689447
0.4916384398741828
0.49155354836448945
0.49146840462431507
0.49138300777722477
0.49129735694384924
0.4912114512418856
0.4911252897860997
0.49103887168832705
0.4909521960574757
0.49086526199952796
0.49077806861754303
0.49069061501165956
0.49060290027909925
0.49051492351416925
0.49042668380826565
0.49033818024987774
0.49024941192459165
0.49016037791509487
0.4900710773011798
0.4899815091597496
0.48989167256482224
0.48980156658753704
0.4897111902961586
0.4896205427560839
0.48952962302984787
0.48943843017712985
0.48934696325476046
0.48925522131672833
0.489163203414188
0.4890709085954667
0.48897833590607265
0.4888854843887035
0.4887923530832544
0.48869894102682776
0.4886052472537412
0.488511270795538
0.48841701068099674
0.4883224659361413
0.4882276355842514
0.4881325186458746
0.48803711413883566
0.48794142107824945
0.4878454384765327
0.4877491653434162
0.48765260068595756
0.48755574350855446
0.4874585928129579
0.48736114759828597
0.48726340686103875
0.4871653695951118
0.4870670347918131
0.48696840143987613
0.4868694685254781
0.48677023503225364
0.4866706999413145
0.48657086223126433
0.48647072087821713
0.48637027485581585
0.4862695231352494
0.4861684646852729
0.486067098472226
0.4859654234600539
0.4858634386103263
0.485761142882259
0.4856585352327344
0.4855556146163245
0.48545237998531143
0.48534883028971143
0.4852449644772969
0.4851407814936213
0.48503628028204215
0.4849314597837462
0.48482631893777506
0.4847208566810498
0.48461507194839837
0.4845089636725819
0.48440253078432144
0.484295772212327
0.4841886868833245
0.48408127372208665
0.48397353165145984
0.48386545959239724
0.4837570564639868
0.48364832118348416
0.4835392526663438
0.48342984982625187
0.4833201115751581
0.48321003682331104
0.4830996244792909
0.48298887345004504
0.48287778264092324
0.48276635095571385
0.48265457729668004
0.4825424605645979
0.48242999965879335
0.482317193477182
0.48220404091630714
0.4820905408713805
0.4819766922363225
0.4818624939038035
0.48174794476528604
0.4816330437110663
0.481517789630319
0.4814021814111404
0.4812862179405927
0.4811698981047501
0.48105322078874435
0.4809361848768118
0.4808187892523409
0.48070103279791987
0.4805829143953867
0.4804644329258776
0.48034558726987814
0.48022637630727427
0.48010679891740415
0.47998685397911084
0.4798665403707956
0.4797458569704722
0.4796248026558217
0.4795033763042481
0.4793815767929356
0.47925940299890435
0.4791368537990699
0.47901392807030163
0.47889062468948196
0.4787669425335674
0.4786428804796492
0.4785184374050165
0.47839361218721754
0.47826840370412493
0.4781428108339989
0.4780168324555542
0.4778904674480243
0.4777637146912303
0.47763657306564744
0.47750904145247447
0.47738111873370304
0.4772528037921876
0.4771240955117181
0.4769949927770903
0.4768654944741794
0.47673559949001487
0.47660530671285367
0.47647461503225685
0.47634352333916463
0.47621203052597627
0.476080135486625
0.4759478371166599
0.4758151343133241
0.4756820259756368
0.47554851100447365
0.4754145883026507
0.4752802567750073
0.4751455153284905
0.4750103628722401
0.47487479831767565
0.47473882057858274
0.47460242857120116
0.474465621214314
0.47432839742933747
0.4741907561404109
0.4740526962744895
0.47391421676143575
0.47377531653411326
0.47363599452848093
0.47349624968368853
0.4733560809421719
0.4732154872497506
0.4730744675557259
0.4729330208129789
0.47279114597807087
0.47264884201134305
0.47250610787701874
0.4723629425433058
0.4722193449824985
0.4720753141710834
0.47193084908984306
0.4717859487239628
0.47164061206313634
0.4714948381016744
0.4713486258386127
0.4712019742778216
0.47105488242811555
0.470907349303365
0.47075937392260825
0.470610955310163
0.47046209249574145
0.47031278451456426
0.47016303040747487
0.47001282922105714
0.46986218000775043
0.4697110818259693
0.4695595337402202
0.4694075348212216
0.4692550841460243
0.4691021807981317
0.46894882386762166
0.4687950124512689
0.4686407456526682
0.4684860225823586
0.468330842357947
0.4681752041042347
0.46801910695334276
0.46786255004483895
0.46770553252586533
0.46754805355126644
0.4673901122837179
0.4672317078938562
0.46707283956040796
0.46691350647032287
0.46675370781890224
0.4665934428099334
0.46643271065582126
0.466271510577721
0.4661098418056736
0.46594770357873816
0.4657850951451283
0.4656220157623468
0.4654584646973219
0.4652944412265431
0.4651299446361993
0.4649649742223151
0.46479952929088864
0.46463360915803065
0.4644672131501024
0.46430034060385506
0.46413299086656945
0.463965163296195
0.46379685726149056
0.46362807214216506
0.46345880732901773
0.4632890622240795
0.463118836240754
0.4629481288039597
0.46277693935027125
0.4626052673280614
0.4624331121976432
0.4622604734314135
0.4620873505139928
0.4619137429423709
0.4617396502260471
0.4615650718871744
0.4613900074607011
0.46121445649451515
0.4610384185495856
0.46086189320010584
0.4606848800336357
0.46050737865124536
0.4603293886676565
0.4601509097113857
0.45997194142488596
0.4597924834646887
0.4596125355015463
0.45943209722057265
0.45925116832138546
0.4590697485182464
0.45888783754020257
0.4587054351312258
0.4585225410503538
0.4583391550718286
0.4581552769852364
0.45797090659564604
0.45778604372374626
0.45760068820598526
0.4574148398947055
0.45722849865828125
0.45704166438125465
0.4568543369644702
0.45666651632521016
0.4564782023973267
0.45628939513137695
0.4561000944947534
0.4559103004718167
0.45572001306402565
0.4555292322900666
0.4553379581859829
0.4551461908053025
0.4549539302191649
0.4547611765164462
0.45456792980388555
0.45437419020620773
0.45417995786624554
0.4539852329450628
0.45379001562207316
0.45359430609515994
0.45339810458079377
0.45320141131414926
0.4530042265492209
0.4528065505589358
0.4526083836352671
0.45240972608934504
0.4522105782515665
0.4520109404717032
0.45181081311900867
0.45161019658232326
0.45140909127017725
0.45120749761089385
0.45100541605268857
0.4508028470637681
0.45059979113242765
0.45039624876714546
0.4501922204966763
0.4499877068701433
0.4497827084571273
0.4495772258477554
0.4493712596527853
0.4491648105036906
0.44895787905274226
0.44875046597308865
0.44854257195883307
0.44833419772511
0.44812534400815807
0.44791601156539235
0.44770620117547294
0.44749591363837316
0.44728514977544287
0.44707391042947275
0.4468621964647532
0.4466500087671332
0.4464373482440756
0.4462242158247105
0.4460106124598855
0.4457965391222148
0.4455819968061251
0.4453669865278976
0.4451515093257109
0.4449355662596777
0.44471915841188125
0.4445022868864077
0.4442849528093781
0.4440671573289742
0.44384890161546475
0.44363018686122774
0.4434110142807698
0.44319138511074374
0.4429713006099616
0.4427507620594068
0.4425297707622423
0.4423083280438167
0.44208643525166624
0.44186409375551544
0.44164130494727394
0.4414180702410298
0.44119439107304254
0.44097026890172897
0.4407457052076503
0.4405207014934934
0.44029525928405056
0.4400693801261954
0.4398430655888561
0.43961631726298583
0.43938913676152946
0.43916152571938794
0.43893348579337915
0.438705018662196
0.43847612602636077
0.43824680960817736
0.4380170711516793
0.43778691242257567
0.4375563352081931
0.4373253413174154
0.43709393258061985
0.4368621108496089
0.4366298779975414
0.43639723591885876
0.4361641865292086
0.4359307317653645
0.4356968735851442
0.4354626139673235
0.43522795491154675
0.4349928984382353
0.4347574465884919
0.4345216014240024
0.4342853650269347
0.43404873949983314
0.4338117269655113
0.43357432956694214
0.4333365494671423
0.4330983888490566
0.43285984991543736
0.4326209348887214
0.43238164601090395
0.43214198554340977
0.43190195576696044
0.4316615589814399
0.43142079750575585
0.4311796736776987
0.43093818985379806
0.4306963484091745
0.43045415173739204
0.4302116022503023
0.429968702377892
0.42972545456812233
0.4294818612867689
0.42923792501725677
0.42899364826049496
0.4287490335347055
0.4285040833752518
0.42825880033446395
0.4280131869814608
0.4277672459019697
0.42752097969814373
0.4272743909883764
0.4270274824071135
0.426780256604663
0.4265327162470013
0.42628486401557913
0.42603670260712323
0.42578823473343475
0.4255394631211897
0.4252903905117315
0.4250410196608657
0.4247913533386498
0.4245413943291815
0.42429114543038643
0.42404060945380156
0.423789789224357
0.4235386875801574
0.4232873073722589
0.4230356514644462
0.42278372273300757
0.42253152406650524
0.42227905836554863
0.422026328542561
0.42177333752154933
0.4215200882378666
0.4212665836379787
0.4210128266792248
0.4207588203295793
0.4205045675674105
0.4202500713812386
0.4199953347694919
0.419740360740263
0.4194851523110607
0.4192297125085645
0.4189740443683747
0.4187181509347634
0.4184620352604227
0.4182057004062141
0.4179491494409137
0.4176923854409601
0.41743541149019886
0.4171782306796265
0.4169208461071347
0.4166632608772526
0.41640547810088946
0.4161475008950756
0.41588933238270337
0.4156309756922684
0.41537243395760803
0.41511371031764177
0.4148548079161098
0.41459572990131244
0.4143364794258474
0.41407705964634967
0.4138174737232273
0.4135577248204019
0.41329781610504435
0.4130377507473139
0.41277753192009586
0.412517162798739
0.41225664656079414
0.4119959863857522
0.41173518545478327
0.41147424695047485
0.411213174056571
0.410951969957712
0.4106906378391751
0.4104291808866134
0.4101676022857987
0.4099059052223618
0.40964409288153536
0.4093821684478967
0.40912013510511164
0.4088579960356789
0.40859575442067514
0.40833341343950197
0.4080709762696316
0.407808446086357
0.4075458260625391
0.4072831193683579
0.4070203291710644
0.40675745863473145
0.4064945109200085
0.4062314891838767
0.4059683965794043
0.40570523625550464
0.4054420113566953
0.4051787250228575
0.4049153803889994
0.4046519805850175
0.40438852873546294
0.4041250279593072
0.40386148136971023
0.40359789207379015
0.4033342631723944
0.40307059775987303
0.40280689892385324
0.40254316974501647
0.40227941329687633
0.4020156326455594
0.401751830849587
0.40148801095965964
0.401224176018443
0.40096032906035645
0.40069647311136275
0.4004326111887601
0.400168746300977
0.39990488144736835
0.39964101961801446
0.3993771637935204
0.3991133169448212
0.39884948203298487
0.39858566200902057
0.3983218598136898
0.39805807837731483
0.397794320619597
0.3975305894494307
0.39726688776472385
0.39700321845221764
0.39673958438731227
0.3964759884338921
0.3962124334441544
0.3959489222584405
0.39568545770506974
0.3954220426001752
0.3951586797475426
0.3948953719384508
0.3946321219515167
0.3943689325525404
0.3941058064943544
0.39384274651667484
0.39357975534595546
0.39331683569524445
0.39305399026404336
0.392791221738169
0.3925285327896175
0.3922659260764316
0.3920034042425712
0.3917409699177832
0.3914786257174797
0.3912163742426131
0.39095421807955744
0.3906921597999913
0.3904302019607836
0.3901683471038806
0.3899065977561992
0.3896449564295175
0.38938342562037453
0.3891220078099662
0.3888607054640483
0.3885995210328408
0.3883384569509344
0.3880775156372003
0.38781669949470193
0.3875560109106114
0.3872954522561255
0.3870350258863854
0.38677473414040153
0.3865145793409773
0.38625456379463813
0.38599468979156093
0.3857349596055087
0.38547537549376565
0.3852159396970754
0.3849566544395829
0.38469752192877665
0.3844385443554362
0.38417972389358
0.38392106270041665
0.38366256291629836
0.383404226664678
0.38314605605206686
0.3828880531679961
0.38263022008498093
0.3823725588584851
0.38211507152689117
0.38185776011147043
0.38160062661635613
0.38134367302851957
0.3810869013177475
0.38083031343662344
0.3805739113205093
0.38031769688753114
0.380061672038566
0.3798058386572316
0.37955019860987815
0.3792947537455827
0.3790395058961446
0.37878445687608475
0.3785296084826456
0.3782749624957948
0.37802052067822867
0.37776628477538055
0.37751225651542886
0.37725843760930944
0.3770048297507275
0.37675143461617355
0.37649825386494035
0.37624528913914257
0.37599254206373717
0.37574001424654674
0.3754877072782855
0.37523562273258404
0.37498376216602025
0.3747321271181485
0.3744807191115328
0.3742295396517802
0.3739785902275775
0.37372787231072835
0.3734773873561929
0.37322713680212893
0.3729771220699343
0.3727273445642914
0.372477805673214
0.3722285067680936
0.3719794492037495
0.3717306343184783
0.3714820634341078
0.37123373785604985
0.37098565887335544
0.37073782775877123
0.37049024576879813
0.37024291414375043
0.36999583410781683
0.3697490068691221
0.36950243361979074
0.369256115536012
0.36901005377810575
0.3687642494905903
0.3685187038022495
0.3682734178262032
0.36802839265997844
0.3677836293855815
0.36753912906956976
0.3672948927631276
0.3670509215021398
0.3668072163072698
0.3665637781840354
0.3663206081228875
0.3660777070992901
0.3658350760737997
0.365592715992147
0.3653506277853179
0.3651088123696373
0.3648672706468534
0.3646260035042206
0.36438501181458616
0.3641442964364758
0.36390385821418136
0.36366369797784626
0.36342381654355727
0.3631842147134301
0.3629448932757013
0.3627058530048173
0.36246709466152643
0.3622286189929689
0.3619904267327707
0.3617525186011346
0.3615148953049344
0.3612775575378077
0.3610405059802506
0.36080374129971204
0.3605672641506888
0.3603310751748211
0.3600951750009883
0.3598595642454046
0.3596242435117167
0.3593892133910993
0.3591544744623534
0.35892002729200345
0.35868587243439465
0.3584520104317914
0.35821844181447526
0.3579851671008435
0.35775218679750825
0.3575195013993938
0.3572871113898376
0.357055017240687
0.35682321941240114
0.35659171835414766
0.35636051450390355
0.3561296082885547
0.35589900012399467
0.3556686904152246
0.3554386795564522
0.3552089679311926
0.3549795559123661
0.3547504438623988
0.3545216321333221
0.3542931210668712
0.3540649109945847
0.3538370022379037
0.35360939510827155
0.3533820899072315
0.3531550869265262
0.35292838644819613
0.35270198874467784
0.3524758940789026
0.3522501027043932
0.3520246148653636
0.3517994307968142
0.35157455072463145
0.3513499748656831
0.3511257034279154
0.35090173661045
0.3506780746036796
0.3504547175893643
0.3502316657407261
0.3500089192225452
0.349786478191254
0.3495643427950322
0.3493425131739001
0.3491209894598129
0.3488997717767539
0.34867886024082695
0.3484582549603494
0.34823795603594426
0.34801796356063086
0.34779827761991733
0.3475788982918903
0.3473598256473046
0.34714105974967546
0.3469226006553646
0.346704448413671
0.3464866030669193
0.3462690646505462
0.34605183319318816
0.345834908716769
0.34561829123658466
0.3454019807613904
0.34518597729348416
0.3449702808287924
0.3447548913569532
0.3445398088614
0.34432503331944453
0.34411056470235835
0.34389640297545543
0.3436825480981722
0.3434690000241487
0.3432557587013071
0.34304282407193304
0.342830196072752
0.3426178746350089
0.3424058596845439
0.3421941511418698
0.3419827489222489
0.3417716529357662
0.3415608630874065
0.3413503792771269
0.3411402013999308
0.3409303293459401
0.3407207630004681
0.34051150224409044
0.340302546952716
0.3400938969976564
0.33988555224569605
0.33967751255916134
0.33946977779598664
0.3392623478097839
0.3390552224499081
0.33884840156152357
0.33864188498566894
0.3384356725593221
0.33822976411546385
0.3380241594831413
0.33781885848753057
0.3376138609499971
0.3374091666881592
0.3372047755159463
0.3370006872436597
0.33679690167803206
0.33659341862228426
0.3363902378761836
0.33618735923610155
0.33598478249506875
0.33578250744283117
0.3355805338659052
0.33537886154763064
0.33517749026822535
0.33497641980483717
0.33477564993159614
0.33457518041966594
0.3343750110372947
0.33417514154986433
0.3339755717199402
0.3337763013073197
0.3335773300690803
0.33337865775962605
0.33318028413073497
0.3329822089316037
0.33278443190889484
0.33258695280677797
0.33238977136697717
0.3321928873288117
0.33199630042923933
0.33180001040289775
0.33160401698214664
0.3314083198971064
0.3312129188757006
0.33101781364369204
0.33082300392472386
0.33062848944035633
0.3304342699101034
0.33024034505147104
0.3300467145799918
0.32985337820926
0.3296603356509685
0.32946758661494
0.32927513080916193
0.3290829679398198
0.3288910977113286
0.32869951982636425
0.3285082339858956
0.32831723988921413
0.3281265372339638
0.3279361257161708
0.32774600503027174
0.3275561748691421
0.32736663492412393
0.3271773848850517
0.3269884244402797
0.3267997532767085
0.32661137107980837
0.32642327753364564
0.326235472320906
0.3260479551229186
0.3258607256196792
0.3256737834898727
0.32548712841089417
0.32530076005887265
0.3251146781086903
0.3249288822340033
0.32474337210726273
0.32455814739973315
0.324373207781512
0.32418855292154886
0.32400418248766194
0.3238200961465577
0.32363629356384604
0.3234527744040586
0.3232695383306642
0.32308658500608456
0.32290391409171054
0.3227215252479154
0.32253941813407117
0.322357592408561
0.3221760477287947
0.3219947837512199
0.32181380013133626
0.32163309652370714
0.3214526725819726
0.32127252795885936
0.32109266230619354
0.320913075274911
0.32073376651506763
0.3205547356758498
0.3203759824055836
0.3201975063517447
0.32001930716096727
0.31984138447905247
0.31966373795097686
0.319486367220901
0.3193092719321756
0.31913245172735094
0.31895590624818215
0.31877963513563723
0.31860363802990177
0.3184279145703875
0.31825246439573585
0.3180772871438246
0.31790238245177316
0.31772774995594694
0.31755338929196186
0.3173793000946906
0.31720548199826437
0.3170319346360776
0.3168586576407926
0.3166856506443414
0.3165129132779302
0.31634044517204113
0.3161682459564353
0.31599631526015615
0.3158246527115298
0.31565325793816884
0.31548213056697266
0.3153112702241299
0.31514067653512023
0.3149703491247131
0.3148002876169719
0.31463049163525225
0.3144609608022034
0.3142916947397692
0.3141226930691872
0.31395395541098914
0.3137854813850006
0.3136172706103415
0.3134493227054238
0.31328163728795294
0.3131142139749253
0.3129470523826279
0.3127801521266374
0.31261351282181865
0.31244713408232283
0.3122810155215868
0.31211515675233026
0.31194955738655467
0.31178421703554127
0.31161913530984836
0.3114543118193097
0.3112897461730313
0.3111254379793902
0.31096138684603053
0.3107975923798617
0.31063405418705514
0.3104707718730414
0.31030774504250735
0.3101449732993926
0.3099824562468862
0.3098201934874239
0.3096581846226843
0.309496429253585
0.3093349269802788
0.30917367740215174
0.30901268011781624
0.30885193472510974
0.3086914408210891
0.308531198002028
0.3083712058634109
0.30821146399993027
0.3080519720054813
0.307892729473158
0.3077337359952487
0.3075749911632308
0.30741649456776704
0.3072582457986995
0.3071002444450464
0.30694249009499563
0.3067849823359008
0.3066277207542754
0.30647070493578843
0.306313934465259
0.30615740892665094
0.3060011279030665
0.30584509097674284
0.305689297729046
0.3055337477404632
0.30537844059060076
0.3052233758581756
0.30506855312101055
0.30491397195602904
0.30475963193924765
0.3046055326457715
0.3044516736497878
0.3042980545245599
0.3041446748424206
0.3039915341747661
0.3038386320920502
0.30368596816377685
0.3035335419584947
0.30338135304378977
0.3032294009862797
0.30307768535160584
0.3029262057044277
0.3027749616084151
0.3026239526262422
0.302473178319579
0.3023226382490861
0.3021723319744061
0.3020222590541572
0.3018724190459252
0.30172281150625674
0.301573435990651
0.30142429205355287
0.30127537924834435
0.3011266971273382
0.3009782452417684
0.30083002314178386
0.3006820303764384
0.30053426649368464
0.3003867310403643
0.30023942356220057
0.3000923436037894
0.2999454907085906
0.2997988644189201
0.29965246427594083
0.29950628981965277
0.29936034058888567
0.2992146161212887
0.29906911595332214
0.2989238396202468
0.29877878665611657
0.29863395659376685
0.2984893489648055
0.2983449632996041
0.2982007991272866
0.29805685597571957
0.29791313337150294
0.2977696308399583
0.2976263479051197
0.29748328408972197
0.297340438915191
0.29719781190163197
0.2970554025678189
0.2969132104311831
0.29677123500780284
0.2966294758123899
0.2964879323582804
0.2963466041574208
0.2962054907203577
0.2960645915562241
0.2959239061727293
0.29578343407614394
0.29564317477129
0.29550312776152565
0.2953632925487336
0.2952236686333086
0.2950842555141422
0.29494505268861104
0.29480605965256246
0.29466727590030084
0.29452870092457323
0.2943903342165555
0.29425217526583813
0.29411422356041045
0.29397647858664755
0.2938389398292937
0.2937016067714473
0.29356447889454684
0.29342755567835405
0.29329083660093763
0.2931543211386582
0.29301800876615136
0.29288189895631156
0.2927459911802751
0.2926102849074027
0.2924747796052629
0.29233947473961475
0.29220436977438924
0.29206946417167207
0.29193475739168506
0.29180024889276807
0.29166593813135977
0.2915318245619792
0.2913979076372061
0.29126418680766153
0.29113066152198874
0.2909973312268321
0.29086419536681757
0.29073125338453154
0.29059850472050075
0.2904659488131703
0.2903335850988829
0.29020141301185665
0.2900694319841632
0.28993764144570533
0.289806040824195
0.2896746295451291
0.2895434070317676
0.2894123727051092
0.28928152598386725
0.28915086628444614
0.28902039302091725
0.288890105604992
0.2887600034459995
0.2886300859508587
0.2885003525240538
0.2883708025676078
0.288241435481055
0.2881122506614159
0.2879832475031679
0.2878544253982195
0.28772578373588076
0.2875973219028361
0.28746903928311457
0.2873409352580612
0.2872130092063074
0.2870852605037409
0.2869576885234762
0.2868302926358221
0.2867030722082526
0.2865760266053733
0.2864491551888914
0.2863224573175818
0.2861959323472557
0.2860695796307255
0.2859433985177725
0.2858173883551126
0.2856915484863614
0.2855658782519993
0.28544037698933517
0.2853150440324723
0.28518987871226964
0.2850648803563073
0.2849400482888468
0.28481538183079447
0.28469088029966305
0.2845665430095321
0.2844423692710093
0.28431835839118996
0.28419450967361704
0.28407082241823983
0.28394729592137236
0.28382392947565177
0.28370072236999466
0.28357767388955546
0.2834547833156816
0.28333204992586875
0.2832094729937174
0.2830870517888857
0.282964785577045
0.28284267361983156
0.28272071517480035
0.2825989094953769
0.282477255830808
0.28235575342611335
0.28223440152203527
0.2821131993549889
0.2819921461570094
0.28187124115570206
0.2817504835741879
0.2816298726310523
0.2815094075402895
0.28138908751124847
0.28126891174857815
0.2811488794521709
0.28102898981710495
0.2809092420335883
0.2807896352868987
0.28067016875732576
0.2805508416201111
0.28043165304538664
0.28031260219811327
0.28019368823802027
0.28007491031953946
0.2799562675917429
0.27983775919827786
0.27971938427730103
0.2796011419614116
0.2794830313775841
0.2793650516470997
0.27924720188547736
0.2791294812024036
0.27901188870166116
0.2788944234810564
0.27877708463234746
0.27865987124116876
0.27854278238695696
0.27842581714287423
0.27830897457573245
0.27819225374591305
0.27807565370728926
0.2779591735071462
0.27784281218609813
0.2777265687780064
0.27761044230989756
0.2774944318018757
0.2773785362670403
0.2772627547113951
0.27714708613376354
0.27703152952569743
0.2769160838713862
0.2768007481475668
0.27668552132342883
0.2765704023605206
0.27645539021265453
0.2763404838258081
0.27622568213802834
0.2761109840793299
0.2759963885715945
0.2758818945284698
0.2757675008552639
0.27565320644884156
0.2755390101975164
0.2754249109809437
0.2753109076700102
0.2751969991267228
0.2750831842040965
0.27496946174603937
0.2748558305872379
0.27474228955303803
0.274628837459328
0.2745154731124152
0.27440219530890664
0.27428900283558205
0.27417589446927065
0.27406286897672105
0.27394992511447436
0.2738370616287314
0.27372427725522075
0.27361157071906306
0.27349894073463477
0.27338638600542964
0.2732739052239185
0.27316149707140536
0.273049160217885
0.27293689332189497
0.2728246950303669
0.27271256397847754
0.27260049878949394
0.27248849807461983
0.27237656043283787
0.2722646844507517
0.27215286870242245
0.27204111174920653
0.27192941213958927
0.2718177684090158
0.27170617907972205
0.27159464266055916
0.2714831576468197
0.2713717225200593
0.27126033574791636
0.27114899578392815
0.27103770106734554
0.2709264500229457
0.27081524106083993
0.27070407257628126
0.270592942949467
0.27048185054534124
0.2703707937133915
0.2702597707874458
0.2701487800854636
0.2700378199093271
0.26992688854462676
0.26981598426044506
0.26970510530913827
0.2695942499261128
0.26948341632960104
0.2693726027204324
0.26926180728180116
0.26915102817903147
0.26904026355934035
0.268929511551595
0.2688187702660687
0.2687080377941919
0.2685973122083022
0.2684865915613861
0.2683758738868247
0.2682651571981277
0.2681544394886711
0.26804371873142385
0.2679329928786791
0.2678222598617743
0.267711517590812
0.2676007639543768
0.26748999681924335
0.2673792140300889
0.26726841340919405
0.2671575927561449
0.2670467498475273
0.2669358824366207
0.2668249882530842
0.2667140650026417
0.2666031103667608
0.2664921220023283
0.26638109754132155
0.2662700345904746
0.2661589307309405
0.2660477835179507
0.2659365904804677
0.265825349120833
0.2657140569144141
0.26560271130924373
0.2654913097256534
0.2653798495559081
0.265268328163829
0.265156742884417
0.2650450910234689
0.2649333698571901
0.26482157663180167
0.2647097085631418
0.26459776283626574
0.2644857366050365
0.26437362699171446
0.2642614310865391
0.2641491459473088
0.264036768598952
0.26392429603309653
0.26381172520763374
0.2636990530462753
0.2635862764381063
0.2634733922371358
0.26336039726183713
0.2632472882946889
0.2631340620817052
0.26302071533196647
0.26290724471714166
0.2627936468710065
0.2626799183889559
0.26256605582751397
0.26245205570383556
0.2623379144952058
0.26222362863853305
0.2621091945298384
0.26199460852373757
0.26187986693292187
0.26176496602763194
0.2616499020351279
0.2615346711391519
0.2614192694793932
0.2613036931509394
0.261187938203731
0.26107200064200853
0.26095587642375473
0.2608395614601338
0.26072305161492737
0.26060634270396377
0.260489430494547
0.26037231070487993
0.26025497900348404
0.26013743100861725
0.2600196622876871
0.2599016683566603
0.2597834446794728
0.25966498666743354
0.2595462896786268
0.2594273490173137
0.2593081599333309
0.25918871762148643
0.25906901722095477
0.25894905381467237
0.258828822428729
0.25870831803176103
0.2585875355343438
0.25846646978838195
0.25834511558650364
0.25822346766145204
0.25810152068548
0.2579792692697454
0.25785670796370797
0.257733831254529
0.2576106335664742
0.2574871092603175
0.2573632526327511
0.25723905791579915
0.25711451927623497
0.25698963081500437
0.2568643865666538
0.25673878049876825
0.25661280651141094
0.2564864584365756
0.2563597300376451
0.2562326150088572
0.2561051069747843
0.25597719948982156
0.2558488860376844
0.25572016003092324
0.2555910148104462
0.2554614436450583
0.2553314397310159
0.2552009961915951
0.25507010607667857
0.2549387623623588
0.2548069579505614
0.2546746856686877
0.2545419382692772
0.2544087084296944
0.25427498875183824
0.2541407717618741
0.254006049909994
0.25387081557020325
0.25373506104013466
0.25359877854089397
0.2534619602169354
0.2533245981359692
0.25318668428890645
0.2530482105898353
0.2529091688760373
0.2527695509080428
0.2526293483697245
0.25248855286843513
0.25234715593518897
0.25220514902488766
0.2520625235165958
0.2519192707138629
0.25177538184510007
0.25163084806400604
0.25148566045005216
0.25133981000902106
0.2511932876736067
0.25104608430407443
0.2508981906889858
0.2507495975459857
0.250600295522661
0.25045027519746615
0.2502995270807205
0.25014804161568316
0.24999580917969905
0.24984282008542863
0.24968906458215426
0.24953453285717375
0.2493792150372759
0.2492231011903055
0.24906618132681965
0.24890844540183293
0.24874988331666092
0.24859048492085842
0.24843024001425748
0.2482691383491071
0.24810716963231577
0.2479443235278015
0.24778058965894673
0.24761595761116706
0.2474504169345882
0.24728395714684004
0.24711656773596463
0.24694823816344247
0.24677895786733867
0.24660871626556932
0.24643750275929086
0.24626530673641464
0.24609211757524466
0.2459179246482437
0.2457427173259264
0.24556648498088124
0.2453892169919208
0.24521090274836413
0.2450315316544464
0.24485109313386144
0.244669576634434
0.24448697163292255
0.2443032676399505
0.24411845420507067
0.2439325209219516
0.24374545743369902
0.24355725343829554
0.24336789869416978
0.24317738302588554
0.2429856963299501
0.2427928285807417
0.24259876983654954
0.2424035102457252
0.24220704005294258
0.24200934960556034
0.24181042936008268
0.24161026988871803
0.24140886188602212
0.24120619617562977
0.24100226371706235
0.24079705561260795
0.24059056311426757
0.24038277763075716
0.2401736907345654
0.2399632941690504
0.23975157985557194
0.23953853990065366
0.23932416660315764
0.23910845246147044
0.23889139018068745
0.2386729726797821
0.23845319309875662
0.23823204480575688
0.23800952140414305
0.237785616739506
0.2375603249066132
0.23733364025627587
0.23710555740212413
0.23687607122727586
0.2366451768908882
0.2364128698345771
0.23617914578869453
0.2359440007784438
0.23570743112982956
0.23546943347541566
0.2352300047598912
0.23498914224542006
0.2347468435167662
0.23450310648617972
0.23425792939802936
0.23401131083317078
0.23376324971303422
0.2335137453034213
0.23326279721799667
0.2330104054214661
0.23275657023242197
0.23250129232585348
0.23224457273530447
0.23198641285467003
0.23172681443962703
0.2314657796086788
0.23120331084381696
0.23093941099078627
0.2306740832589454
0.2304073312207222
0.23013915881065036
0.22986957032399163
0.22959857041493303
0.22932616409436046
0.22905235672720475
0.22877715402936158
0.22850056206418126
0.22822258723853683
0.2279432362984657
0.22766251632439127
0.22738043472593075
0.2270969992362891
0.22681221790625367
0.2265260990977898
0.2262386514772495
0.22594988400820232
0.22565980594390023
0.22536842681938607
0.2250757564432589
0.22478180488911167
0.22448658248665326
0.22419009981253057
0.22389236768086995
0.223593397133549
0.22329319943022252
0.22299178603811737
0.22268916862161625
0.22238535903164944
0.2220803692949143
0.22177421160294514
0.22146689830105165
0.2211584418771465
0.22084885495048756
0.220538150260352
0.22022634065466457
0.2199134390786056
0.219599458563213
0.21928441221400835
0.21896831319966018
0.21865117474071233
0.2183330100983931
0.21801383256352877
0.21769365544557956
0.2173724920618189
0.21705035572667392
0.21672725974124507
0.2164032173830248
0.2160782418958286
0.2157523464799591
0.21542554428261496
0.2150978483885594
0.2147692718110662
0.21443982748315027
0.21410952824909935
0.21377838685631592
0.21344641594747885
0.21311362805303602
0.21278003558403494
0.2124456508252977
0.2121104859289484
0.21177455290829794
0.21143786363208766
0.2111004298191017
0.21076226303314313
0.2104233746783803
0.21008377599506306
0.2097434780556072
0.2094024917610474
0.20906082783785734
0.20871849683513177
0.20837550912213063
0.2080318748861768
0.20768760413090714
0.20734270667486776
0.20699719215044868
0.2066510700031507
0.20630434949117854
0.20595703968534945
0.20560914946931214
0.20526068754006574
0.2049116624087684
0.20456208240182974
0.2042119556622718
0.20386129015135385
0.20351009365044764
0.2031583737631526
0.20280613791764066
0.20245339336922114
0.20210014720311215
0.20174640633740798
0.20139217752623523
0.20103746736308004
0.20068228228428084
0.20032662857267183
0.19997051236136976
0.1996139396376888
0.19925691624717812
0.19889944789776542
0.19854154016400144
0.1981831984913912
0.19782442820080554
0.19746523449295883
0.1971056224529471
0.1967455970548354
0.1963851631662845
0.1960243255532098
0.1956630888844636
0.19530145773653118
0.19493943659823262
0.19457702987542552
0.19421424189569642
0.1938510769130393
0.1934875391125085
0.19312363261484505
0.19275936148106543
0.19239472971701005
0.19202974127784492
0.1916644000725108
0.19129870996811482
0.19093267479425902
0.1905662983473047
0.1901995843945644
0.18983253667841932
0.1894651589203577
0.18909745482493573
0.18872942808364684
0.18836108237871058
0.18799242138676658
0.18762344878247716
0.18725416824203767
0.18688458344658765
0.18651469808552482
0.18614451585972008
0.18577404048463086
0.18540327569331333
0.1850322252393319
0.18466089289956528
0.18428928247690712
0.18391739780286576
0.18354524274005818
0.18317282118459544
0.18280013706837242
0.18242719436124558
0.18205399707311087
0.1816805492558784
0.18130685500534433
0.18093291846295906
0.1805587438174992
0.18018433530663414
0.17980969721839749
0.17943483389255982
0.17905974972190314
0.1786844491534033
0.1783089366893149
0.1779332168881666
0.17755729436566267
0.17718117379549703
0.17680485991007905
0.17642835750117114
0.17605167142044365
0.17567480657994597
0.17529776795249552
0.1749205605719884
0.17454318953363104
0.17416565999409725
0.1737879771716087
0.1734101463459461
0.17303217285838712
0.17265406211157636
0.1722758195693297
0.17189745075637178
0.17151896125801253
0.17114035671975883
0.17076164284687115
0.17038282540385918
0.1700039102139239
0.1696249031583441
0.16924581017581164
0.1688666372617169
0.16848739046738537
0.1681080758992656
0.16772869971807652
0.16734926813790774
0.1669697874252799
0.16659026389816572
0.16621070392497228
0.16583111392348668
0.16545150035978862
0.16507186974712762
0.164692228644771
0.16431258365682044
0.16393294143100065
0.16355330865742163
0.16317369206731508
0.16279409843174739
0.16241453456031013
0.1620350072997898
0.1616555235328175
0.16127609017650113
0.16089671418104043
0.16051740252832675
0.16013816223052835
0.15975900032866322
0.15937992389115943
0.15900094001240672
0.1586220558112958
0.1582432784297533
0.15786461503126706
0.15748607279940552
0.15710765893633488
0.15672938066132952
0.15635124520928106
0.1559732598292058
0.15559543178275217
0.15521776834270512
0.15484027679149664
0.15446296441971363
0.154085838524612
0.15370890640863225
0.15333217537792126
0.15295565274085832
0.15257934580658788
0.15220326188355904
0.1518274082780733
0.15145179229283817
0.15107642122553422
0.15070130236738646
0.1503264430017515
0.14995185040270964
0.14957753183367553
0.149203494546013
0.14882974577766958
0.14845629275181976
0.14808314267552344
0.1477103027383983
0.14733778011130708
0.14696558194505951
0.14659371536912946
0.1462221874903889
0.14585100539185736
0.14548017613146813
0.14510970674085205
0.14473960422413795
0.14436987555677075
0.14400052768434762
0.1436315675214736
0.14326300195063366
0.1428948378210846
0.14252708194776623
0.1421597411102311
0.1417928220515947
0.14142633147750322
0.1410602760551234
0.14069466241215145
0.14032949713584125
0.1399647867720542
0.13960053782432838
0.13923675675296854
0.13887344997415713
0.1385106238590844
0.1381482847331014
0.13778643887489167
0.13742509251566595
0.13706425183837442
0.13670392297694384
0.13634411201553287
0.13598482498780817
0.1356260678762431
0.13526784661143532
0.13491016707144776
0.13455303508116667
0.13419645641168412
0.1338404367796986
0.13348498184693747
0.1331300972195989
0.13277578844781632
0.13242206102513998
0.13206892038804183
0.1317163719154384
0.13136442092823472
0.13101307268888848
0.130662332400992
0.1303122052088768
0.12996269619723405
0.12961381039075803
0.12926555275380586
0.1289179281900777
0.12857094154231513
0.12822459759201865
0.12787890105918337
0.12753385660205296
0.1271894688168918
0.12684574223777464
0.12650268133639492
0.12616029052188935
0.12581857414068096
0.1254775364763378
0.12513718174945038
0.12479751411752335
0.12445853767488665
0.12412025645261977
0.12378267441849392
0.12344579547692883
0.12310962346896692
0.12277416217225975
0.12243941530107266
0.12210538650630132
0.12177207937550516
0.12143949743295411
0.12110764413968855
0.12077652289359558
0.12044613702949575
0.120116489819245
0.11978758447185019
0.1194594241335949
0.11913201188818114
0.1188053507568801
0.11847944369869831
0.11815429361055207
0.11782990332745663
0.11750627562272423
0.11718341320817491
0.11686131873435732
0.11653999479078005
0.11621944390615387
0.11589966854864302
0.1155806711261275
0.11526245398647406
0.11494501941781635
0.1146283696488456
0.11431250684910768
0.11399743312931206
0.11368315054164477
0.11336966108009433
0.11305696668078115
0.11274506922229763
0.11243397052605389
0.11212367235663191
0.11181417642214508
0.11150548437460636
0.11119759781030056
0.11089051827016569
0.11058424724017718
0.11027878615174068
0.1099741363820885
0.10967029925468272
0.1093672760396222
0.10906506795405582
0.10876367616259913
0.10846310177775668
0.10816334586034795
0.10786440941993747
0.10756629341526888
0.107268998754703
0.10697252629665915
0.10667687685005929
0.10638205117477623
0.10608804998208443
0.10579487393511347
0.10550252364930326
0.10521099969286374
0.10492030258723484
0.1046304328075493
0.10434139078309748
0.10405317689779343
0.10376579149064305
0.1034792348562132
0.10319350724510273
0.10290860886441305
0.10262453987822212
0.10234130040805647
0.10205889053336639
0.10177731029199895
0.10149655968067475
0.1012166386554616
0.10093754713225003
0.10065928498722865
0.10038185205735892
0.10010524814085003
0.09982947299763285
0.09955452634983424
0.09928040788224911
0.0990071172428139
0.09873465404307744
0.09846301785867138
0.09819220822977967
0.09792222466160695
0.09765306662484499
0.0973847335561388
0.09711722485855004
0.09685053990201996
0.09658467802383006
0.09631963852906127
0.09605542069105057
0.09579202375184745
0.09552944692266613
0.09526768938433754
0.09500675028775793
0.09474662875433663
0.09448732387643917
0.09422883471783139
0.09397116031411777
0.0937142996731799
0.09345825177561114
0.09320301557514812
0.09294858999910154
0.09269497394878227
0.09244216629992609
0.0921901659031144
0.0919389715841937
0.09168858214469042
0.09143899636222441
0.091190212990918
0.09094223076180305
0.09069504838322509
0.09044866454124294
0.09020307790002752
0.08995828710225504
0.08971429076949887
0.0894710875026174
0.08922867588213873
0.08898705446864213
0.08874622180313657
0.08850617640743534
0.08826691678452775
0.08802844141894757
0.08779074877713754
0.08755383730781177
0.08731770544231304
0.08708235159496806
0.0868477741634388
0.08661397152907026
0.08638094205723573
0.08614868409767668
0.08591719598484196
0.0856864760382208
0.0854565225626741
0.0852273338487622
0.08499890817306818
0.08477124379851854
0.08454433897470057
0.08431819193817555
0.08409280091278887
0.08386816410997744
0.0836442797290719
0.08342114595759771
0.08319876097157025
0.08297712293578918
0.08275623000412755
0.08253608031981743
0.08231667201573398
0.08209800321467378
0.08188007202963216
0.0816628765640747
0.08144641491220794
0.08123068515924445
0.0810156853816666
0.0808014136474853
0.08058786801649673
0.08037504654053543
0.08016294726372364
0.07995156822271826
0.07974090744695375
0.0795309629588829
0.07932173277421285
0.0791132149021403
0.07890540734558038
0.07869830810139589
0.07849191516062087
0.07828622650868239
0.07808124012561823
0.07787695398629313
0.07767336606061061
0.0774704743137221
0.07726827670623362
0.07706677119440938
0.07686595573037149
0.07666582826229829
0.07646638673461889
0.07626762908820497
0.07606955326055966
0.07587215718600397
0.07567543879586047
0.07547939601863339
0.07528402678018717
0.07508932900392125
0.07489530061094311
0.07470193952023797
0.07450924364883577
0.07431721091197646
0.07412583922327143
0.07393512649486364
0.0737450706375844
0.07355566956110743
0.07336692117410187
0.07317882338438046
0.07299137409904768
0.07280457122464418
0.07261841266728913
0.07243289633282005
0.07224802012692977
0.07206378195530352
0.07188017972374997
0.07169721133833311
0.07151487470550079
0.07133316773221007
0.0711520883260527
0.07097163439537583
0.07079180384940267
0.07061259459834972
0.07043400455354265
0.07025603162752987
0.07007867373419363
0.06990192878885981
0.06972579470840581
0.06955026941136518
0.06937535081803183
0.06920103685056173
0.06902732543307225
0.06885421449174028
0.06868170195489844
0.06850978575312887
0.06833846381935602
0.06816773408893698
0.06799759449975046
0.06782804299228376
0.06765907750971847
0.06749069599801372
0.06732289640598882
0.06715567668540273
0.0669890347910338
0.06682296868075623
0.06665747631561586
0.06649255565990407
0.06632820468123055
0.06616442135059339
0.06600120364244952
0.06583854953478192
0.0656764570091663
0.0655149240508364
0.06535394864874708
0.06519352879563667
0.06503366248808834
0.06487434772658858
0.06471558251558604
0.06455736486354816
0.06439969278301647
0.0642425642906609
0.06408597740733281
0.0639299301581164
0.06377442057237898
0.06361944668382101
0.0634650065305232
0.06331109815499393
0.06315771960421455
0.06300486892968406
0.0628525441874627
0.06270074343821375
0.06254946474724529
0.06239870618455012
0.06224846582484442
0.06209874174760635
0.061949532037112606
0.06180083478247485
0.061652648077673664
0.06150497002159393
0.061357798718056675
0.061211132275851815
0.06106496880876891
0.060919306435627325
0.06077414328030602
0.06062947747177122
0.06048530714410455
0.060341630436529126
0.060198445493435906
0.06005575046440806
0.05991354350424561
0.05977182277298834
0.05963058643593869
0.05948983266368276
0.059349559632112414
0.05920976552244424
0.05907044852123998
0.05893160682042449
0.05879323861730424
0.05865534211458414
0.058517915520384656
0.05838095704825724
0.058244464917199465
0.058108437351669893
0.05797287258160199
0.05783776884241713
0.05770312437503706
0.05756893742589615
0.05743520624695302
0.057301929095700574
0.05716910423517699
0.05703672993397485
0.05690480446624997
0.05677332611173093
0.05664229315572545
0.05651170388912914
0.05638155660843165
0.05625184961572312
0.056122581218700215
0.055993749730671116
0.05586535347056082
0.05573739076291497
0.05560985993790413
0.055482759331327
0.05535608728461331
0.0552298421448267
0.05510402226466605
0.05497862600246803
0.054853651722207394
0.05472909779349863
0.054604962591595446
0.05448124449739175
0.054357941897420284
0.0542350531838524
0.05411257675449646
0.05399051101279663
0.05386885436783119
0.05374760523430941
0.053626762032569816
0.0535063231885764
0.0533862871339162
0.05326665230579501
0.05314741714703367
0.05302858010606351
0.05291013963692222
0.05279209419924878
0.052674442258277825
0.05255718228483507
0.05244031275533063
0.05232383215175346
0.05220773896166504
0.052092031678192645
0.05197670880002231
0.051861768831392124
0.05174721028208466
0.05163303166741928
0.0515192315082445
0.051405808330929684
0.05129276066735676
0.05118008705491182
0.05106778603647624
0.05095585616041769
0.05084429598058107
0.05073310405627878
0.05062227895228165
0.05051181923880865
0.05040172349151702
0.0502919902914923
0.05018261822523763
0.05007360588466374
0.04996495186707746
