0.5592836124201708
0.5848587795745137
0.5317698454402568
0.5443447891794088
0.5590307180624486
0.5437147121520203
0.5260308403834264
0.5261256895334051
0.5291579535894544
0.5262227765813183
0.5249117191983426
0.5268494821316012
0.5269844973183235
0.5248080707137259
0.5233079047109592
0.5231406085515901
0.5231607717332899
0.5231582116035658
0.5233557643379677
0.5234296415165761
0.523117687558184
0.5226621449099644
0.5223536537905988
0.5222139436426565
0.5221606590236583
0.5221389294450428
0.5220885804810915
0.5219613864416635
0.5217749242048466
0.5215878946390976
0.521438510292789
0.5213278176673013
0.5212376882790619
0.5211462039490347
0.521037784670338
0.5209111458826642
0.5207774082652687
0.5206492657338521
0.5205323946472324
0.5204246442595559
0.5203198901809301
0.5202125000302278
0.5201003216191349
0.5199850114547853
0.5198699516856959
0.5197576774123739
0.5196486295859575
0.5195415424195859
0.5194346706577863
0.5193269147643511
0.519218256930336
0.5191094430653067
0.519001304541941
0.5188942323546962
0.518788070975673
0.5186823626588459
0.5185766930349391
0.5184709095593897
0.5183651239508331
0.5182595598858392
0.518154380863151
0.5180496054173801
0.5179451329963953
0.5178408319592868
0.5177366198649804
0.5176324916271101
0.517528494550433
0.5174246805874142
0.5173210705390414
0.5172176475647309
0.5171143749957933
0.5170112207538348
0.5169081721241904
0.5168052351120869
0.5167024233371004
0.516599746068469
0.51649720264348
0.5163947846101996
0.5162924820152927
0.5161902889045331
0.5160882050386337
0.5159862339365847
0.5158843794750512
0.5157826434526841
0.5156810252438813
0.5155795231074951
0.5154781358776013
0.515376863920928
0.5152757090088841
0.5151746734934842
0.5150737594683337
0.5149729684015072
0.5148723013057641
0.514771759177828
0.5146713433616912
0.5145710556392041
0.5144708980703954
0.5143708727464681
0.5142709816214244
0.5141712264931417
0.5140716090965428
0.5139721312175595
0.5138727947522687
0.5137736016908703
0.5136745540568236
0.5135756538491747
0.513476903020356
0.5133783034917572
0.513279857186989
0.5131815660588217
0.5130834320970741
0.5129854573200792
0.5128876437615487
0.5127899934641389
0.5126925084840162
0.5125951909032528
0.5124980428434849
0.512401066475704
0.5123042640250484
0.5122076377728815
0.5121111900594943
0.5120149232895027
0.5119188399398903
0.5118229425691587
0.511727233825884
0.51163171645583
0.5115363933078445
0.5114412673393572
0.5113463416222156
0.5112516193490744
0.5111571038400476
0.5110627985491245
0.5109687070699734
0.5108748331410554
0.5107811806501952
0.5106877536388168
0.5105945563059572
0.5105015930120194
0.5104088682821294
0.5103163868089629
0.5102241534549679
0.5101321732539952
0.5100404514123765
0.5099489933094892
0.5098578044978065
0.5097668907024022
0.5096762578198586
0.509585911916551
0.5094958592262935
0.5094061061473523
0.5093166592388381
0.5092275252164757
0.509138710947749
0.5090502234464026
0.5089620698662968
0.5088742574946028
0.5087867937443451
0.5086996861462927
0.5086129423402039
0.5085265700654282
0.5084405771508645
0.5083549715042801
0.5082697611009921
0.5081849539719165
0.5081005581909973
0.5080165818620207
0.5079330331048286
0.5078499200409392
0.5077672507785893
0.5076850333972087
0.5076032759313445
0.5075219863540497
0.5074411725597547
0.5073608423466446
0.5072810033985578
0.5072016632664327
0.5071228293493248
0.5070445088750196
0.5069667088802676
0.5068894361906708
0.5068126974002517
0.5067364988507334
0.5066608466105653
0.5065857464537294
0.5065112038383592
0.5064372238852106
0.5063638113560207
0.506290970631793
0.5062187056910489
0.5061470200880848
0.5060759169312755
0.506005398861466
0.5059354680304904
0.5058661260798616
0.5057973741196738
0.5057292127077566
0.5056616418291228
0.505594660875752
0.5055282686267459
0.5054624632289
0.5053972421777204
0.5053326022989331
0.5052685397305114
0.5052050499052619
0.5051421275339942
0.505079766589311
0.5050179602900396
0.5049567010863364
0.5048959806454807
0.5048357898383851
0.5047761187268346
0.5047169565514711
0.5046582917205377
0.5046001117993888
0.5045424035007711
0.5044851526758832
0.5044283443062074
0.5043719624961132
0.5043159904662257
0.5042604105475467
0.5042052041763148
0.5041503518895898
0.5040958333215378
0.504041627200395
0.5039877113460837
0.5039340626684463
0.5038806571660714
0.5038274699256661
0.5037744751219426
0.5037216460179726
0.5036689549659646
0.5036163734084168
0.5035638718795934
0.5035114200072732
0.5034589865147108
0.5034065392227566
0.5033540450520718
0.503301470025377
0.5032487792696697
0.5031959370183459
0.5031429066131531
0.503089650505911
0.5030361302599224
0.5029823065510055
0.5029281391680729
0.502873587013177
0.5028186081009536
0.5027631595573769
0.5027071976177537
0.5026506776238712
0.5025935540202235
0.5025357803492283
0.502477309245356
0.5024180924280858
0.5023580806936022
0.5022972239051501
0.5022354709819575
0.502172769886642
0.50210906761101
0.5020443101601595
0.501978442534795
0.5019114087116617
0.5018431516220075
0.5017736131279724
0.5017027339968115
0.5016304538728514
0.5015567112470776
0.501481443424249
0.5014045864874334
0.5013260752598532
0.5012458432639302
0.5011638226774118
0.5010799442864593
0.5009941374355737
0.5009063299742311
0.5008164482000939
0.5007244167986588
0.5006301587791984
0.5005335954068443
0.500434646130657
0.5003332285075158
0.5002292581216612
0.5001226484997044
0.5000133110209241
0.4999011548226431
0.49978608670048763
0.49966801100330605
0.4995468295225186
0.4994224413756626
0.49929474288387526
0.4991636274430554
0.49902898538841983
0.4988907038521624
0.4987486666139127
0.4986027539436655
0.49845284243684124
0.4982988048411249
0.4981405098747048
0.49797782203551944
0.4978106014011016
0.4976387034185867
0.49746197868443615
0.4972802727134018
0.49709342569624215
0.49690127224567393
0.496703641130027
0.49650035499404666
0.49629123006626896
0.4960760758523701
0.4958546948138784
0.4956268820316144
0.495392424853208
0.4951511025240295
0.49490268580085717
0.4946469365475962
0.49438360731235614
0.4941124408851948
0.49383316983584385
0.4935455160307338
0.49324919012866847
0.49294389105451214
0.492629305450304
0.49230510710325914
0.49197095635018273
0.4916264994579087
0.491271367979476
0.4909051780858798
0.49052752987339143
0.49013800664661517
0.48973617417767545
0.4893215799421732
0.48889375233285925
0.4884521998523164
0.4879964102863529
0.487525849860281
0.4870399623807995
0.48653816836682345
0.4860198641733231
0.48548442111304685
0.48493118458193607
0.4843594731950838
0.4837685779412768
0.483157761365483
0.4825262567901354
0.48187326758770344
0.4811979665188695
0.48049949515262647
0.4797769633867976
0.47902944908984496
0.4782559978873777
0.47745562311946244
0.476627305997699
0.47576999599394165
0.4748826114955713
0.4739640407651956
0.4730131432455645
0.4720287512531832
0.47100967210649913
0.46995469073642504
0.468862572828221
0.46773206854412674
0.46656191687541604
0.4653508506704479
0.4640976023815624
0.4628009105679786
0.46145952718395145
0.4600722256709883
0.4586378098597063
0.4571551236706782
0.45562306158425475
0.45404057982679136
0.45240670819507445
0.45072056241223596
0.44898135687752316
0.44718841763957556
0.4453411953892114
0.44343927823424056
0.44148240398680844
0.43947047166474734
0.4374035518840226
0.4352818958013624
0.43310594225625565
0.4308763227612925
0.4285938640006491
0.42625958751929466
0.42387470632064844
0.42144061813767214
0.41895889520079016
0.4164312703938191
0.4138596197637897
0.4112459414289828
0.4085923310080428
0.40590095376771096
0.4031740137535731
0.4004137202235129
0.3976222517441108
0.3948017183336834
0.3919541220406335
0.38908131633216575
0.38618496463730934
0.3832664983420539
0.38032707447697994
0.3773675332740422
0.37438835570531837
0.37138962105987255
0.368370964573848
0.36533153511312927
0.3622699529282539
0.35918426756995986
0.35607191618444906
0.3529296826149841
0.3497536580365034
0.34653920425794515
0.343280921356122
0.3399726219631513
0.3366073153142862
0.3331772050551616
0.329673705761967
0.32608748406388105
0.32240853104709016
0.318626273083183
0.31472972812744215
0.31070771360058336
0.30654910992148804
0.30224318037406095
0.2977799431854602
0.2931505856252129
0.28834790309897207
0.28336673947618485
0.278204399447932
0.2728610008861472
0.26733973612143075
0.26164701638063703
0.25579248307270364
0.24978888194853555
0.243651809357058
0.23739935151755803
0.23105164587172217
0.22463039697397144
0.21815837798412346
0.21165894366908167
0.20515557359530245
0.19867145671948677
0.19222912231553196
0.18585011791767136
0.1795547328328535
0.1733617653697032
0.16728833255844489
0.16134972207766
0.1555592867912457
0.1499283824016233
0.14446634815606943
0.13918052941005946
0.13407633938346167
0.1291573559149924
0.12442544767999786
0.11988092337470327
0.11552269688964008
0.1113484615130327
0.1073548666672989
0.10353769148659923
0.09989201056675055
0.09641234833755051
0.09309281961532738
0.08992725490994567
0.08690930993375376
0.08403255946463319
0.08129057624739358
0.07867699598855758
0.07618556972984458
0.07381020500057349
0.07154499717466141
0.06938425241802053
0.06732250352787975
0.0653545198540485
0.06347531236674986
0.06168013480628276
0.05996448172335696
0.05832408410002172
0.05675490313234606
0.055253122658715334
0.05381514063210169
0.05243755996062472
0.05111717897740102
0.04985098174712528
