0.4959891739711103
0.5217500044527406
0.5221149556023236
0.522234842635375
0.5228413950013205
0.5229663299028862
0.5223539743153341
0.5217911019194521
0.5216433252084304
0.5216975126975405
0.5218130071610172
0.5219340392137389
0.5219364800741142
0.5217863116689258
0.5215992847977206
0.5214802642263474
0.5214388833003385
0.5214389662532173
0.5214395349698211
0.5214066775378725
0.5213329782203094
0.5212413206453429
0.5211598907630163
0.5211001221676977
0.5210562216165002
0.5210149980211899
0.520965098767185
0.520903104290558
0.5208338810462231
0.5207651580304662
0.5207016022287005
0.5206428921240771
0.5205855267605037
0.5205258615574054
0.5204623322725361
0.5203958360283122
0.5203284616449256
0.5202618178984534
0.5201961727979106
0.5201306912403918
0.5200642683066536
0.5199962763947833
0.5199268046158187
0.5198563862201266
0.5197855286815362
0.5197143992137574
0.5196428150063505
0.5195704512676093
0.5194970740971154
0.5194226485714439
0.5193472921577027
0.5192711474061674
0.5191942765794325
0.5191166369227171
0.5190381277282753
0.5189586587882646
0.5188781917720983
0.5187967370428361
0.5187143210190454
0.5186309529340063
0.5185466116829227
0.5184612548879557
0.5183748379710931
0.5182873284905776
0.5181987082885936
0.5181089657178541
0.5180180856642578
0.5179260441558959
0.5178328095020585
0.5177383472988427
0.5176426250433481
0.5175456136027939
0.5174472855407719
0.5173476122404457
0.5172465619306941
0.517144099538158
0.5170401878865607
0.5169347890745482
0.5168278650991128
0.5167193775330745
0.5166092867046816
0.5164975510007044
0.516384126652752
0.5162689679605169
0.5161520276487033
0.5160332570608613
0.5159126060810564
0.5157900228736183
0.5156654536156712
0.5155388423487046
0.5154101309634427
0.5152792592447136
0.5151461648867249
0.5150107834330135
0.5148730481544534
0.5147328899120331
0.5145902370457572
0.514445015301754
0.5142971477816787
0.5141465548886944
0.5139931542533582
0.5138368606394766
0.5136775858417914
0.513515238588428
0.5133497244538808
0.5131809457798143
0.5130088015967701
0.5128331875413049
0.512653995767604
0.5124711148565015
0.512284429725908
0.512093821545046
0.5118991676524371
0.511700341476018
0.5114972124538124
0.5112896459547331
0.51107750320028
0.5108606411884078
0.5106389126205095
0.5104121658317509
0.510180244724427
0.5099429887038884
0.5097002326167993
0.5094518066918112
0.5091975364828696
0.5089372428152664
0.5086707417342924
0.5083978444560844
0.5081183573201162
0.5078320817427331
0.5075388141711304
0.5072383460371368
0.5069304637100416
0.5066149484475475
0.5062915763437528
0.505960118272921
0.505620339827699
0.5052720012503599
0.5049148573555805
0.5045486574431887
0.5041731451992413
0.5037880585837448
0.5033931297033079
0.5029880846670417
0.5025726434240844
0.502146519581235
0.5017094201993195
0.501261045567097
0.5008010889517345
0.5003292363251589
0.49984516606591545
0.49934854863653405
0.4988390462368285
0.4983163124340025
0.4977799917709355
0.49722971935454363
0.4966651204266573
0.4960858099204347
0.4954913920059196
0.49488145962894553
0.49425559404820496
0.493613364375905
0.49295432712805076
0.49227802579101354
0.49158399041167194
0.49087173721905275
0.4901407682860665
0.48939057124062674
0.4886206190361807
0.48783036979247396
0.48701926671822954
0.4861867381283508
0.4853321975692778
0.4844550440672103
0.483554662515085
0.48263042421541424
0.4816816875973583
0.4807077991276629
0.4797080944362958
0.47868189967872316
0.47762853315766907
0.4765473072278386
0.4754375305073503
0.47429851041939725
0.47312955608684204
0.4719299816009143
0.4706991096828071
0.46943627575366254
0.46814083242406807
0.4668121544087045
0.46544964386511484
0.46405273614768133
0.4626209059588139
0.46115367386913475
0.4596506131671678
0.4581113569869118
0.45653560564886336
0.4549231341368841
0.4532737996200845
0.45158754891604236
0.44986442577962815
0.44810457789096403
0.44630826340711893
0.44447585693556657
0.44260785478371745
0.44070487933846336
0.43876768243305914
0.4367971475661147
0.43479429084919863
0.4327602605755962
0.4306963353229951
0.4286039205269937
0.42648454348983417
0.4243398468189731
0.42217158032215085
0.4199815914185397
0.41777181415819464
0.4155442569732999
0.4133009893133937
0.4110441273418134
0.4087758188910299
0.40649822788953754
0.40421351848195153
0.4019238390665626
0.39963130647076994
0.3973379904747028
0.3950458988773895
0.3927569632787142
0.39047302572491493
0.3881958263365183
0.3859269920063926
0.38366802622310736
0.3814203000420324
0.3791850441945439
0.3769633422951612
0.3747561250781028
0.3725641655691434
0.3703880750761531
0.3682282998624925
0.36608511835159907
0.3639586386985672
0.36184879655516583
0.35975535284833815
0.3576778913886024
0.35561581612371596
0.3535683478543923
0.3515345202327469
0.34951317487068795
0.3475029553950243
0.3455023002992895
0.3435094344601234
0.34152235920985147
0.33953884088839276
0.3375563978390089
0.33557228586635224
0.33358348224490714
0.3315866684547339
0.3295782119331442
0.3275541472691195
0.3255101574349993
0.323441555848864
0.32134327029057747
0.31920982995037595
0.3170353571618121
0.3148135656443355
0.3125377673297325
0.3102008900359626
0.3077955083365315
0.30531388990002434
0.3027480592860008
0.3000898806282037
0.29733115977958674
0.29446376533482244
0.2914797665333759
0.2883715844916305
0.28513215169434447
0.28175507342691686
0.2782347841056351
0.274566691488125
0.27074730265137203
0.2667743273872284
0.262646757075569
0.2583649197675898
0.25393051464850136
0.24934663074740224
0.24461775533815522
0.23974977676527146
0.2347499845403192
0.2296270668451043
0.22439110257555286
0.21905354234582755
0.21362717096265843
0.20812604313807603
0.20256538479624944
0.19696145420266217
0.19133136007902846
0.18569283751114787
0.1800639863767676
0.17446298075808772
0.16890776092487528
0.16341572161654
0.1580034112661045
0.1526862563935495
0.1474783237116404
0.14239212975124776
0.13743850436576202
0.13262651072448756
0.12796342076542755
0.12345474190357814
0.11910428833408288
0.11491428865921952
0.11088552081282656
0.10701746526621198
0.10330846812184734
0.09975590675155865
0.09635635193141469
0.0931057218054923
0.08999942434925487
0.08703248621314029
0.08419966685705771
0.08149555771601213
0.07891466676777123
0.07645148932215531
0.07410056614348269
0.07185653018161338
0.06971414325139406
0.06766832399114628
0.0657141683705107
0.06384696392475872
0.062062198780922964
0.06035556642147592
0.05872296701149793
0.05716050600046038
0.05566449060318897
0.054231424668021166
0.05285800235438067
0.05154110096695217
0.05027777322888111
0.04906523922117724
