0.5254582939358157
0.6146925879376284
0.5967184971676841
0.581013361365545
0.5680302308436473
0.5576890592660539
0.5497121108791165
0.5437188383094191
0.5393081728047315
0.5361123809491244
0.5338226143046683
0.532194325299475
0.5310415875529326
0.5302269845750711
0.5296509391596383
0.5292422828235909
0.5289506387121651
0.5287405860130894
0.5285873355996423
0.5284735945993747
0.5283873259249696
0.5283201630926102
0.5282662962595354
0.5282216930595619
0.5281835553752029
0.5281499414493002
0.528119503416309
0.5280913051897667
0.5280646961904881
0.5280392238294219
0.5280145728633974
0.5279905233738962
0.5279669216469023
0.5279436599881765
0.5279206627269114
0.527897876505498
0.5278752635383666
0.527852796928134
0.5278304574078346
0.5278082310721878
0.5277861077952478
0.5277640801247792
0.5277421425080704
0.5277202907484583
0.5276985216226758
0.5276768326105049
0.527655221703014
0.5276336872659193
0.5276122279417216
0.5275908425792103
0.5275695301823601
0.5275482898730234
0.527527120863494
0.527506022436165
0.5274849939283246
0.5274640347206936
0.5274431442287086
0.5274223218958375
0.5274015671884095
0.5273808795915854
0.5273602586061908
0.5273397037462123
0.527319214536802
0.5272987905126799
0.5272784312168453
0.5272581361995357
0.5272379050173783
0.5272177372326975
0.5271976324129477
0.5271775901302462
0.5271576099609894
0.5271376914855314
0.527117834287922
0.5270980379556847
0.5270783020796324
0.5270586262537139
0.5270390100748834
0.5270194531429901
0.5269999550606868
0.526980515433348
0.5269611338690041
0.5269418099782816
0.5269225433743521
0.5269033336728882
0.5268841804920246
0.5268650834523222
0.5268460421767385
0.5268270562905981
0.5268081254215686
0.526789249199636
0.5267704272570839
0.5267516592284722
0.5267329447506195
0.5267142834625843
0.5266956750056477
0.5266771190232971
0.5266586151612107
0.5266401630672419
0.5266217623914045
0.5266034127858576
0.5265851139048924
0.5265668654049174
0.5265486669444445
0.5265305181840761
0.5265124187864911
0.5264943684164327
0.5264763667406934
0.526458413428104
0.5264405081495189
0.5264226505778054
0.5264048403878284
0.5263870772564403
0.5263693608624669
0.5263516908866953
0.5263340670118619
0.5263164889226389
0.5262989563056238
0.526281468849326
0.526264026244154
0.5262466281824054
0.5262292743582531
0.5262119644677337
0.526194698208736
0.5261774752809891
0.5261602953860501
0.5261431582272926
0.5261260635098954
0.5261090109408304
0.526092000228851
0.5260750310844808
0.5260581032200021
0.5260412163494443
0.5260243701885731
0.5260075644548783
0.525990798867563
0.5259740731475328
0.5259573870173843
0.5259407402013934
0.5259241324255057
0.5259075634173243
0.5258910329060991
0.5258745406227165
0.5258580862996881
0.5258416696711399
0.5258252904728022
0.5258089484419981
0.5257926433176336
0.5257763748401868
0.5257601427516972
0.5257439467957562
0.525727786717495
0.5257116622635764
0.5256955731821829
0.5256795192230072
0.5256635001372421
0.5256475156775705
0.5256315655981545
0.5256156496546266
0.525599767604079
0.525583919205054
0.5255681042175343
0.5255523224029329
0.5255365735240838
0.5255208573452317
0.5255051736320235
0.5254895221514976
0.5254739026720752
0.5254583149635502
0.5254427587970806
0.5254272339451783
0.5254117401817013
0.5253962772818421
0.5253808450221208
0.5253654431803747
0.5253500715357502
0.5253347298686922
0.5253194179609372
0.5253041355955027
0.5252888825566795
0.5252736586300216
0.5252584636023392
0.5252432972616886
0.5252281593973641
0.5252130497998891
0.5251979682610082
0.5251829145736779
0.5251678885320588
0.5251528899315069
0.5251379185685654
0.5251229742409561
0.525108056747572
0.5250931658884673
0.5250783014648525
0.525063463279082
0.52504865113465
0.5250338648361803
0.5250191041894189
0.525004369001226
0.5249896590795686
0.5249749742335126
0.5249603142732142
0.5249456790099132
0.5249310682559254
0.5249164818246339
0.5249019195304827
0.5248873811889688
0.5248728666166345
0.52485837563106
0.5248439080508567
0.524829463695659
0.5248150423861175
0.5248006439438921
0.5247862681916435
0.524771914953028
0.5247575840526885
0.524743275316249
0.5247289885703066
0.5247147236424247
0.524700480361127
0.5246862585558887
0.5246720580571321
0.5246578786962179
0.5246437203054392
0.524629582718015
0.524615465768083
0.5246013692906936
0.5245872931218027
0.524573237098266
0.5245592010578316
0.5245451848391338
0.524531188281688
0.5245172112258818
0.5245032535129712
0.5244893149850725
0.5244753954851573
0.5244614948570459
0.5244476129454009
0.5244337495957211
0.5244199046543359
0.5244060779683988
0.5243922693858815
0.5243784787555683
0.5243647059270498
0.524350950750717
0.5243372130777559
0.5243234927601411
0.5243097896506306
0.5242961036027594
0.524282434470835
0.5242687821099304
0.5242551463758792
0.5242415271252701
0.5242279242154411
0.5242143375044739
0.5242007668511891
0.5241872121151397
0.524173673156607
0.524160149836594
0.524146642016821
0.52413314955972
0.5241196723284289
0.5241062101867875
0.5240927629993313
0.5240793306312866
0.524065912948566
0.5240525098177621
0.5240391211061435
0.5240257466816498
0.5240123864128857
0.5239990401691172
0.5239857078202661
0.5239723892369048
0.523959084290252
0.5239457928521677
0.5239325147951489
0.523919249992324
0.5239059983174484
0.5238927596449006
0.5238795338496758
0.5238663208073835
0.5238531203942409
0.5238399324870698
0.5238267569632915
0.5238135937009217
0.5238004425785674
0.5237873034754208
0.523774176271257
0.5237610608464276
0.5237479570818574
0.5237348648590399
0.5237217840600329
0.5237087145674546
0.523695656264479
0.5236826090348314
0.5236695727627854
0.5236565473331573
0.5236435326313029
0.5236305285431135
0.5236175349550116
0.5236045517539458
0.5235915788273893
0.5235786160633332
0.5235656633502842
0.5235527205772607
0.5235397876337877
0.5235268644098944
0.5235139507961087
0.5235010466834557
0.5234881519634514
0.5234752665281006
0.5234623902698922
0.5234495230817964
0.5234366648572604
0.5234238154902047
0.5234109748750196
0.523398142906562
0.5233853194801508
0.5233725044915645
0.523359697837037
0.5233468994132537
0.5233341091173495
0.5233213268469031
0.5233085524999359
0.5232957859749066
0.5232830271707088
0.5232702759866684
0.5232575323225381
0.5232447960784959
0.5232320671551409
0.5232193454534909
0.5232066308749779
0.5231939233214455
0.5231812226951462
0.5231685288987371
0.5231558418352776
0.5231431614082263
0.5231304875214362
0.5231178200791546
0.5231051589860172
0.5230925041470464
0.5230798554676481
0.5230672128536085
0.523054576211091
0.5230419454466333
0.523029320467145
0.5230167011799035
0.5230040874925523
0.5229914793130972
0.5229788765499035
0.5229662791116938
0.5229536869075444
0.5229410998468831
0.5229285178394855
0.5229159407954733
0.5229033686253106
0.5228908012398021
0.5228782385500892
0.5228656804676479
0.5228531269042869
0.522840577772143
0.5228280329836802
0.5228154924516862
0.5228029560892704
0.5227904238098603
0.5227778955271994
0.5227653711553453
0.522752850608666
0.5227403338018385
0.5227278206498447
0.5227153110679708
0.5227028049718035
0.5226903022772281
0.5226778029004255
0.5226653067578703
0.5226528137663283
0.5226403238428541
0.522627836904788
0.5226153528697546
0.5226028716556607
0.5225903931806909
0.522577917363308
0.5225654441222487
0.5225529733765223
0.5225405050454075
0.5225280390484518
0.5225155753054671
0.5225031137365292
0.5224906542619747
0.5224781968023994
0.5224657412786549
0.522453287611848
0.5224408357233375
0.5224283855347326
0.5224159369678902
0.5224034899449128
0.5223910443881479
0.5223786002201832
0.5223661573638472
0.5223537157422049
0.5223412752785579
0.5223288358964404
0.5223163975196183
0.5223039600720873
0.5222915234780703
0.5222790876620153
0.5222666525485942
0.5222542180627002
0.5222417841294462
0.522229350674163
0.5222169176223964
0.522204484899907
0.5221920524326664
0.5221796201468567
0.5221671879688685
0.5221547558252977
0.5221423236429461
0.5221298913488166
0.5221174588701145
0.5221050261342425
0.5220925930688017
0.5220801596015884
0.5220677256605922
0.5220552911739951
0.5220428560701684
0.5220304202776727
0.5220179837252548
0.5220055463418465
0.5219931080565634
0.5219806687987014
0.5219682284977376
0.5219557870833268
0.5219433444852999
0.5219309006336634
0.5219184554585964
0.5219060088904501
0.5218935608597457
0.5218811112971722
0.5218686601335861
0.5218562073000086
0.5218437527276247
0.5218312963477816
0.5218188380919866
0.5218063778919062
0.5217939156793645
0.5217814513863408
0.5217689849449698
0.5217565162875378
0.5217440453464832
0.5217315720543945
0.5217190963440078
0.5217066181482066
0.5216941374000196
0.5216816540326199
0.5216691679793225
0.5216566791735839
0.5216441875490005
0.5216316930393062
0.5216191955783724
0.5216066951002061
0.5215941915389476
0.5215816848288705
0.5215691749043795
0.521556661700009
0.5215441451504226
0.5215316251904103
0.5215191017548892
0.5215065747788995
0.5214940441976057
0.5214815099462939
0.5214689719603708
0.5214564301753625
0.5214438845269129
0.521431334950783
0.5214187813828487
0.5214062237591012
0.5213936620156434
0.5213810960886907
0.5213685259145686
0.5213559514297121
0.5213433725706638
0.5213307892740734
0.5213182014766959
0.521305609115391
0.5212930121271214
0.5212804104489515
0.5212678040180465
0.521255192771672
0.5212425766471906
0.5212299555820636
0.5212173295138475
0.5212046983801939
0.5211920621188487
0.5211794206676499
0.5211667739645273
0.521154121947501
0.5211414645546807
0.5211288017242639
0.5211161333945358
0.521103459503867
0.5210907799907134
0.5210780947936143
0.5210654038511923
0.5210527071021516
0.5210400044852765
0.5210272959394315
0.5210145814035595
0.5210018608166804
0.5209891341178912
0.5209764012463637
0.5209636621413445
0.5209509167421535
0.5209381649881829
0.5209254068188959
0.5209126421738267
0.5208998709925783
0.520887093214822
0.520874308780297
0.5208615176288084
0.5208487197002266
0.5208359149344871
0.520823103271588
0.5208102846515905
0.5207974590146174
0.5207846263008515
0.5207717864505361
0.5207589394039723
0.5207460851015201
0.5207332234835953
0.5207203544906702
0.5207074780632723
0.5206945941419832
0.5206817026674367
0.5206688035803205
0.5206558968213726
0.5206429823313822
0.5206300600511875
0.5206171299216762
0.5206041918837834
0.5205912458784911
0.5205782918468282
0.520565329729868
0.5205523594687289
0.5205393810045726
0.5205263942786036
0.5205133992320681
0.5205003958062537
0.5204873839424883
0.5204743635821385
0.5204613346666102
0.5204482971373469
0.5204352509358292
0.5204221960035729
0.5204091322821303
0.5203960597130876
0.5203829782380649
0.5203698877987151
0.5203567883367233
0.5203436797938059
0.52033056211171
0.5203174352322126
0.5203042990971194
0.5202911536482645
0.5202779988275092
0.5202648345767423
0.5202516608378778
0.520238477552855
0.5202252846636383
0.5202120821122148
0.5201988698405955
0.5201856477908132
0.5201724159049224
0.5201591741249977
0.5201459223931351
0.5201326606514485
0.5201193888420711
0.5201061069071542
0.5200928147888655
0.52007951242939
0.5200661997709279
0.520052876755695
0.5200395433259208
0.5200261994238489
0.5200128449917354
0.5199994799718498
0.5199861043064716
0.5199727179378928
0.5199593208084144
0.519945912860348
0.519932494036013
0.519919064277738
0.5199056235278586
0.5198921717287179
0.5198787088226642
0.5198652347520524
0.519851749459242
0.5198382528865966
0.5198247449764836
0.5198112256712736
0.5197976949133392
0.5197841526450552
0.5197705988087967
0.5197570333469403
0.5197434562018614
0.5197298673159354
0.519716266631536
0.5197026540910347
0.5196890296368006
0.5196753932111997
0.5196617447565932
0.5196480842153395
0.51963441152979
0.519620726642292
0.5196070294951856
0.5195933200308043
0.5195795981914741
0.5195658639195129
0.5195521171572304
0.5195383578469259
0.5195245859308901
0.5195108013514032
0.5194970040507334
0.5194831939711382
0.5194693710548626
0.5194555352441395
0.5194416864811877
0.5194278247082127
0.5194139498674053
0.5194000619009419
0.5193861607509827
0.5193722463596719
0.5193583186691375
0.5193443776214901
0.5193304231588226
0.5193164552232096
0.5193024737567067
0.5192884787013504
0.5192744699991574
0.5192604475921235
0.5192464114222239
0.5192323614314123
0.5192182975616202
0.5192042197547565
0.5191901279527071
0.5191760220973345
0.5191619021304766
0.5191477679939469
0.519133619629534
0.5191194569790002
0.5191052799840821
0.5190910885864891
0.519076882727904
0.5190626623499812
0.5190484273943476
0.5190341778026005
0.5190199135163087
0.5190056344770105
0.5189913406262148
0.5189770319053992
0.5189627082560103
0.5189483696194627
0.518934015937139
0.5189196471503891
0.5189052632005294
0.5188908640288433
0.5188764495765794
0.5188620197849516
0.5188475745951394
0.5188331139482859
0.5188186377854985
0.5188041460478482
0.5187896386763686
0.5187751156120557
0.5187605767958683
0.5187460221687262
0.5187314516715101
0.5187168652450618
0.5187022628301831
0.5186876443676355
0.5186730097981397
0.5186583590623753
0.5186436921009803
0.5186290088545503
0.5186143092636385
0.5185995932687553
0.5185848608103674
0.5185701118288975
0.5185553462647243
0.518540564058181
0.5185257651495565
0.5185109494790934
0.5184961169869878
0.5184812676133905
0.5184664012984038
0.5184515179820838
0.5184366176044376
0.5184217001054251
0.5184067654249566
0.5183918135028933
0.5183768442790475
0.5183618576931807
0.5183468536850043
0.5183318321941788
0.518316793160313
0.5183017365229649
0.5182866622216389
0.5182715701957882
0.5182564603848124
0.5182413327280575
0.5182261871648164
0.5182110236343267
0.5181958420757721
0.5181806424282811
0.5181654246309269
0.5181501886227262
0.5181349343426398
0.5181196617295718
0.5181043707223694
0.5180890612598217
0.5180737332806602
0.5180583867235584
0.5180430215271303
0.5180276376299314
0.5180122349704576
0.5179968134871445
0.517981373118368
0.5179659138024424
0.5179504354776217
0.5179349380820981
0.5179194215540018
0.5179038858314007
0.5178883308523
0.517872756554642
0.5178571628763056
0.5178415497551052
0.5178259171287919
0.5178102649350516
0.5177945931115051
0.5177789015957082
0.5177631903251504
0.5177474592372553
0.5177317082693806
0.5177159373588158
0.5177001464427842
0.5176843354584407
0.5176685043428726
0.5176526530330984
0.5176367814660678
0.5176208895786619
0.5176049773076916
0.5175890445898982
0.5175730913619523
0.5175571175604542
0.517541123121933
0.5175251079828465
0.5175090720795803
0.5174930153484487
0.5174769377256925
0.5174608391474802
0.5174447195499068
0.5174285788689937
0.5174124170406886
0.5173962340008645
0.5173800296853196
0.5173638040297776
0.5173475569698859
0.517331288441217
0.5173149983792668
0.5172986867194542
0.5172823533971224
0.5172659983475363
0.5172496215058837
0.5172332228072744
0.5172168021867396
0.5172003595792325
0.5171838949196266
0.5171674081427162
0.5171508991832164
0.5171343679757616
0.5171178144549058
0.5171012385551226
0.517084640210804
0.5170680193562612
0.5170513759257231
0.5170347098533363
0.5170180210731651
0.517001309519191
0.5169845751253122
0.516967817825343
0.5169510375530143
0.5169342342419726
0.5169174078257797
0.5169005582379123
0.5168836854117619
0.5168667892806347
0.5168498697777506
0.516832926836243
0.516815960389159
0.5167989703694587
0.5167819567100143
0.5167649193436109
0.5167478582029453
0.5167307732206261
0.5167136643291728
0.5166965314610165
0.5166793745484981
0.5166621935238693
0.5166449883192918
0.5166277588668364
0.5166105050984838
0.516593226946123
0.516575924341552
0.5165585972164766
0.5165412455025111
0.516523869131177
0.5165064680339029
0.5164890421420247
0.5164715913867848
0.5164541156993312
0.5164366150107187
0.516419089251907
0.5164015383537615
0.5163839622470519
0.5163663608624531
0.5163487341305438
0.5163310819818069
0.5163134043466285
0.5162957011552982
0.5162779723380083
0.516260217824854
0.5162424375458323
0.5162246314308425
0.516206799409685
0.5161889414120617
0.5161710573675757
0.51615314720573
0.5161352108559285
0.5161172482474745
0.5160992593095711
0.5160812439713209
0.5160632021617249
0.516045133809683
0.5160270388439933
0.516008917193352
0.5159907687863523
0.5159725935514853
0.515954391417139
0.5159361623115974
0.5159179061630415
0.5158996228995478
0.5158813124490886
0.5158629747395311
0.5158446096986381
0.5158262172540666
0.5158077973333679
0.5157893498639874
0.5157708747732639
0.5157523719884297
0.5157338414366099
0.5157152830448226
0.5156966967399776
0.5156780824488774
0.5156594400982155
0.5156407696145768
0.5156220709244377
0.5156033439541643
0.5155845886300144
0.5155658048781344
0.515546992624561
0.5155281517952202
0.5155092823159269
0.5154903841123847
0.5154714571101853
0.5154525012348088
0.5154335164116226
0.5154145025658815
0.5153954596227273
0.5153763875071885
0.51535728614418
0.5153381554585023
0.5153189953748419
0.5152998058177704
0.5152805867117446
0.5152613379811056
0.5152420595500792
0.5152227513427748
0.5152034132831856
0.5151840452951882
0.5151646473025416
0.5151452192288882
0.515125760997752
0.5151062725325393
0.5150867537565381
0.515067204592917
0.5150476249647261
0.515028014794896
0.5150083740062372
0.5149887025214404
0.5149690002630757
0.5149492671535923
0.5149295031153188
0.5149097080704612
0.514889881941105
0.5148700246492122
0.5148501361166232
0.5148302162650551
0.5148102650161019
0.514790282291234
0.514770268011798
0.5147502220990158
0.5147301444739849
0.5147100350576784
0.5146898937709429
0.5146697205345002
0.5146495152689459
0.5146292778947489
0.5146090083322515
0.5145887065016692
0.5145683723230897
0.5145480057164729
0.5145276066016504
0.5145071748983256
0.5144867105260731
0.5144662134043374
0.5144456834524344
0.5144251205895494
0.5144045247347375
0.5143838958069231
0.5143632337248998
0.514342538407329
0.514321809772741
0.5143010477395338
0.5142802522259724
0.5142594231501898
0.5142385604301842
0.5142176639838221
0.5141967337288338
0.5141757695828173
0.5141547714632341
0.5141337392874115
0.5141126729725408
0.5140915724356777
0.5140704375937413
0.5140492683635145
0.5140280646616423
0.514006826404633
0.5139855535088567
0.5139642458905451
0.5139429034657919
0.5139215261505512
0.5139001138606376
0.513878666511727
0.5138571840193538
0.513835666298912
0.5138141132656557
0.5137925248346964
0.5137709009210045
0.5137492414394081
0.5137275463045924
0.5137058154311003
0.5136840487333304
0.5136622461255383
0.5136404075218352
0.5136185328361873
0.5135966219824162
0.5135746748741981
0.513552691425063
0.5135306715483947
0.5135086151574305
0.5134865221652607
0.5134643924848278
0.5134422260289263
0.5134200227102026
0.5133977824411544
0.5133755051341296
0.5133531907013267
0.5133308390547946
0.5133084501064311
0.5132860237679832
0.5132635599510462
0.5132410585670643
0.5132185195273289
0.5131959427429786
0.5131733281249993
0.5131506755842223
0.5131279850313264
0.5131052563768344
0.5130824895311148
0.5130596844043807
0.5130368409066892
0.513013958947941
0.5129910384378799
0.5129680792860929
0.5129450814020086
0.5129220446948979
0.5128989690738728
0.5128758544478862
0.5128527007257313
0.5128295078160412
0.5128062756272886
0.5127830040677851
0.51275969304568
0.5127363424689618
0.5127129522454557
0.5126895222828237
0.5126660524885649
0.512642542770014
0.5126189930343412
0.5125954031885516
0.512571773139485
0.512548102793815
0.5125243920580487
0.5125006408385259
0.5124768490414195
0.5124530165727335
0.5124291433383033
0.512405229243796
0.5123812741947082
0.5123572780963666
0.5123332408539272
0.5123091623723744
0.5122850425565215
0.5122608813110086
0.5122366785403032
0.5122124341486995
0.5121881480403176
0.5121638201191033
0.5121394502888266
0.5121150384530826
0.5120905845152893
0.5120660883786889
0.5120415499463455
0.5120169691211452
0.5119923458057962
0.511967679902827
0.5119429713145869
0.511918219943244
0.5118934256907864
0.5118685884590208
0.5118437081495711
0.5118187846638791
0.5117938179032031
0.5117688077686176
0.5117437541610124
0.5117186569810924
0.511693516129377
0.5116683315061984
0.511643103011703
0.5116178305458488
0.5115925140084053
0.5115671532989542
0.5115417483168865
0.5115162989614037
0.5114908051315165
0.5114652667260434
0.5114396836436119
0.5114140557826556
0.5113883830414154
0.5113626653179378
0.5113369025100744
0.5113110945154812
0.5112852412316183
0.5112593425557491
0.5112333983849389
0.511207408616055
0.511181373145766
0.5111552918705404
0.5111291646866466
0.5111029914901519
0.5110767721769218
0.5110505066426194
0.5110241947827041
0.5109978364924317
0.5109714316668534
0.5109449802008145
0.5109184819889543
0.5108919369257052
0.5108653449052921
0.5108387058217309
0.5108120195688285
0.5107852860401819
0.5107585051291773
0.5107316767289891
0.5107048007325796
0.5106778770326977
0.5106509055218786
0.5106238860924425
0.5105968186364944
0.5105697030459224
0.5105425392123981
0.5105153270273745
0.5104880663820859
0.5104607571675471
0.5104333992745524
0.5104059925936746
0.5103785370152643
0.5103510324294489
0.5103234787261325
0.5102958757949936
0.5102682235254855
0.5102405218068351
0.5102127705280409
0.5101849695778747
0.5101571188448777
0.5101292182173617
0.510101267583407
0.5100732668308625
0.5100452158473437
0.5100171145202327
0.5099889627366767
0.5099607603835873
0.5099325073476395
0.5099042035152708
0.5098758487726798
0.5098474430058262
0.5098189861004286
0.5097904779419651
0.5097619184156704
0.5097333074065362
0.5097046447993101
0.5096759304784937
0.5096471643283427
0.5096183462328648
0.5095894760758201
0.5095605537407182
0.509531579110819
0.5095025520691303
0.5094734724984074
0.5094443402811519
0.5094151552996111
0.5093859174357758
0.50935662657138
0.5093272825879
0.509297885366553
0.5092684347882956
0.5092389307338238
0.5092093730835702
0.5091797617177045
0.509150096516132
0.5091203773584911
0.5090906041241543
0.5090607766922255
0.5090308949415392
0.5090009587506598
0.5089709679978797
0.5089409225612185
0.5089108223184218
0.5088806671469605
0.508850456924028
0.5088201915265407
0.5087898708311365
0.5087594947141721
0.5087290630517236
0.5086985757195843
0.5086680325932635
0.5086374335479854
0.5086067784586877
0.5085760672000206
0.5085452996463449
0.5085144756717311
0.5084835951499587
0.5084526579545134
0.5084216639585872
0.5083906130350757
0.5083595050565786
0.5083283398953964
0.50829711742353
0.5082658375126797
0.5082345000342428
0.5082031048593129
0.5081716518586784
0.508140140902821
0.508108571861914
0.5080769446058219
0.508045259004097
0.5080135149259805
0.5079817122403987
0.5079498508159631
0.5079179305209681
0.5078859512233898
0.5078539127908843
0.5078218150907869
0.5077896579901092
0.5077574413555391
0.5077251650534385
0.507692828949841
0.5076604329104522
0.5076279768006466
0.5075954604854663
0.50756288382962
0.5075302466974806
0.5074975489530844
0.5074647904601287
0.5074319710819709
0.507399090681626
0.5073661491217657
0.5073331462647166
0.5073000819724578
0.5072669561066208
0.5072337685284858
0.5072005190989815
0.5071672076786825
0.5071338341278085
0.5071003983062214
0.5070669000734247
0.5070333392885604
0.5069997158104087
0.506966029497385
0.5069322802075389
0.506898467798552
0.5068645921277359
0.5068306530520312
0.5067966504280044
0.5067625841118468
0.5067284539593733
0.5066942598260188
0.5066600015668375
0.5066256790365012
0.5065912920892965
0.5065568405791234
0.5065223243594931
0.5064877432835264
0.5064530972039514
0.5064183859731017
0.5063836094429143
0.5063487674649274
0.5063138598902795
0.5062788865697052
0.5062438473535353
0.5062087420916936
0.5061735706336951
0.5061383328286441
0.5061030285252316
0.5060676575717334
0.506032219816009
0.5059967151054973
0.5059611432872168
0.5059255042077613
0.5058897977132994
0.5058540236495719
0.5058181818618885
0.5057822721951273
0.5057462944937309
0.5057102486017057
0.5056741343626184
0.5056379516195945
0.5056017002153155
0.5055653799920171
0.5055289907914864
0.5054925324550599
0.505456004823621
0.5054194077375977
0.5053827410369602
0.5053460045612186
0.50530919814942
0.5052723216401473
0.5052353748715155
0.5051983576811694
0.5051612699062822
0.5051241113835517
0.5050868819491987
0.5050495814389643
0.5050122096881068
0.5049747665314002
0.5049372518031308
0.5048996653370948
0.5048620069665963
0.5048242765244437
0.5047864738429482
0.5047485987539202
0.5047106510886673
0.5046726306779912
0.5046345373521854
0.5045963709410324
0.5045581312738008
0.5045198181792429
0.5044814314855918
0.5044429710205582
0.5044044366113288
0.5043658280845622
0.5043271452663871
0.5042883879823987
0.5042495560576566
0.5042106493166811
0.5041716675834517
0.5041326106814024
0.5040934784334202
0.5040542706618418
0.5040149871884506
0.5039756278344735
0.5039361924205784
0.503896680766871
0.503857092692892
0.5038174280176133
0.5037776865594364
0.5037378681361879
0.5036979725651174
0.5036579996628939
0.5036179492456028
0.503577821128743
0.5035376151272242
0.503497331055362
0.5034569687268766
0.503416527954889
0.5033760085519178
0.5033354103298755
0.5032947331000659
0.5032539766731804
0.5032131408592955
0.5031722254678683
0.5031312303077343
0.5030901551871033
0.5030489999135568
0.5030077642940436
0.5029664481348776
0.5029250512417336
0.502883573419644
0.5028420144729956
0.5028003742055263
0.5027586524203209
0.5027168489198084
0.5026749635057581
0.5026329959792761
0.502590946140802
0.5025488137901047
0.50250659872628
0.5024643007477454
0.502421919652238
0.5023794552368099
0.5023369072978253
0.502294275630956
0.5022515600311781
0.5022087602927683
0.5021658762093002
0.5021229075736411
0.5020798541779468
0.5020367158136589
0.5019934922715015
0.5019501833414755
0.5019067888128568
0.5018633084741912
0.5018197421132907
0.5017760895172306
0.5017323504723439
0.5016885247642183
0.5016446121776927
0.5016006124968524
0.5015565255050254
0.5015123509847786
0.5014680887179132
0.5014237384854616
0.5013793000676819
0.5013347732440557
0.5012901577932825
0.5012454534932757
0.5012006601211592
0.501155777453263
0.5011108052651186
0.501065743331455
0.5010205914261946
0.500975349322449
0.5009300167925144
0.5008845936078679
0.5008390795391625
0.5007934743562236
0.5007477778280436
0.5007019897227786
0.5006561098077436
0.5006101378494077
0.5005640736133904
0.5005179168644568
0.5004716673665133
0.5004253248826024
0.5003788891748997
0.500332360004708
0.5002857371324535
0.500239020317681
0.5001922093190488
0.500145303894326
0.5000983038003853
0.5000512087932004
0.5000040186278406
0.4999567330584658
0.4999093518383222
0.49986187471973825
0.49981430145411865
0.49976663179194014
0.49971886548274735
0.4996710022751474
0.49962304191680496
0.4995749841544379
0.49952682873381216
0.499478575399737
0.4994302238960607
0.4993817739656642
0.4993332253504579
0.49928457779137525
0.4992358310283693
0.4991869848004066
0.49913803884546215
0.4990889929005158
0.49903984670154516
0.49899059998352285
0.4989412524804092
0.49889180392514926
0.4988422540496661
0.4987926025848562
0.4987428492605854
0.4986929938056819
0.49864303594793247
0.49859297541407677
0.4985428119298025
0.4984925452197395
0.49844217500745536
0.49839170101544966
0.4983411229651489
0.4982904405769011
0.49823965356997074
0.49818876166253334
0.4981377645716697
0.4980866620133616
0.4980354537024858
0.4979841393528081
0.49793271867697897
0.497881191386528
0.4978295571918575
0.4977778158022388
0.49772596692580484
0.4976740102695463
0.49762194553930506
0.4975697724397698
0.49751749067446915
0.4974650999457672
0.4974125999548578
0.4973599904017586
0.4973072709853059
0.49725444140314895
0.497201501351744
0.4971484505263494
0.49709528862101976
0.4970420153285996
0.496988630340719
0.49693513334778683
0.49688152403898556
0.4968278021022654
0.4967739672243395
0.4967200190906765
0.49666595738549635
0.49661178179176413
0.49655749199118404
0.4965030876641938
0.4964485684899595
0.4963939341463685
0.4963391843100253
0.4962843186562443
0.4962293368590449
0.49617423859114534
0.49611902352395715
0.4960636913275792
0.49600824167079155
0.4959526742210502
0.49589698864448073
0.49584118460587295
0.49578526176867466
0.4957292197949858
0.49567305834555286
0.49561677707976276
0.4955603756556372
0.4955038537298264
0.4954472109576036
0.49539044699285906
0.4953335614880937
0.49527655409441457
0.49521942446152667
0.4951621722377295
0.4951047970699094
0.4950472986035344
0.4949896764826481
0.494931930349864
0.494874059846359
0.4948160646118682
0.49475794428467884
0.49469969850162365
0.49464132689807594
0.4945828291079427
0.4945242047636597
0.4944654534961852
0.49440657493499324
0.4943475687080691
0.4942884344419022
0.4942291717614811
0.494169780290287
0.4941102596502883
0.494050609461934
0.49399082934414873
0.49393091891432656
0.49387087778832467
0.49381070558045764
0.4937504019034927
0.4936899663686421
0.49362939858555843
0.49356869816232896
0.4935078647054686
0.4934468978199157
0.4933857971090251
0.4933245621745628
0.49326319261669993
0.49320168803400743
0.4931400480234499
0.49307827218038036
0.4930163600985337
0.49295431137002205
0.49289212558532847
0.49282980233330087
0.49276734120114757
0.4927047417744308
0.4926420036370611
0.49257912637129253
0.49251610955771585
0.492452952775254
0.4923896556011563
0.492326217610993
0.49226263837864936
0.49219891747632116
0.4921350544745079
0.4920710489420092
0.49200690044591766
0.4919426085516145
0.4918781728227647
0.4918135928213101
0.49174886810746593
0.4916839982397145
0.4916189827748002
0.49155382126772507
0.4914885132717426
0.49142305833835326
0.49135745601729947
0.4912917058565606
0.49122580740234756
0.49115976019909835
0.4910935637894734
0.4910272177143498
0.4909607215128174
0.4908940747221737
0.49082727687791883
0.4907603275137513
0.49069322616156374
0.4906259723514371
0.49055856561163724
0.4904910054686099
0.49042329144697683
0.49035542306953034
0.49028739985723024
0.4902192213291988
0.49015088700271636
0.49008239639321777
0.49001374901428807
0.4899449443776583
0.4898759819932017
0.48980686136892937
0.4897375820109873
0.4896681434236513
0.4895985451093244
0.4895287865685326
0.48945886729992133
0.4893887868002522
0.48931854456439894
0.4892481400853446
0.4891775728541782
0.48910684236009083
0.48903594809037326
0.4889648895304124
0.4888936661636883
0.48882227747177154
0.4887507229343201
0.4886790020290762
0.4886071142318648
0.4885350590165893
0.4884628358552306
0.48839044421784383
0.488317883572556
0.48824515338556446
0.4881722531211333
0.488099182241593
0.4880259402073372
0.4879525264768214
0.48787894050656144
0.48780518175113086
0.48773124966316017
0.48765714369333535
0.4875828632903958
0.4875084079011341
0.4874337769703938
0.48735896994106953
0.48728398625410496
0.48720882534849264
0.4871334866612735
0.48705796962753534
0.4869822736804135
0.48690639825109006
0.4868303427687929
0.48675410666079727
0.48667768935242417
0.48660109026704146
0.4865243088260639
0.48644734444895377
0.48637019655322133
0.48629286455442505
0.4862153478661734
0.4861376459001248
0.4860597580659899
0.4859816837715319
0.4859034224225683
0.4858249734229723
0.4857463361746751
0.4856675100776673
0.4855884945300007
0.48550928892779077
0.4854298926652194
0.4853503051345366
0.4852705257260639
0.4851905538281963
0.48511038882740626
0.48503003010824663
0.4849494770533532
0.4848687290434489
0.48478778545734774
0.4847066456719581
0.48462530906228707
0.48454377500144424
0.4844620428606472
0.48438011200922493
0.48429798181462275
0.4842156516424087
0.48413312085627663
0.4840503888180532
0.48396745488770265
0.4838843184233331
0.483800978781202
0.4837174353157225
0.48363368737946977
0.48354973432318843
0.48346557549579805
0.48338121024440084
0.48329663791428923
0.48321185784895293
0.4831268693900868
0.48304167187759817
0.48295626464961633
0.48287064704249943
0.4827848183908441
0.48269877802749406
0.48261252528354925
0.48252605948837446
0.4824393799696102
0.48235248605318176
0.4822653770633092
0.4821780523225177
0.48209051115164875
0.4820027528698704
0.4819147767946883
0.4818265822419574
0.4817381685258938
0.4816495349590857
0.48156068085250664
0.48147160551552737
0.4813823082559284
0.4812927883799139
0.4812030451921234
0.48111307799564706
0.4810228860920385
0.4809324687813292
0.4808418253620427
0.4807509551312097
0.48065985738438266
0.48056853141565214
0.4804769765176605
0.48038519198161955
0.48029317709732633
0.4802009311531791
0.4801084534361947
0.4800157432320259
0.47992279982497843
0.4798296224980289
0.47973621053284304
0.47964256320979465
0.47954867980798255
0.47945455960525274
0.47936020187821493
0.4792656059022642
0.47917077095160004
0.47907569629924773
0.47898038121707853
0.47888482497583096
0.4787890268451326
0.4786929860935218
0.4785967019884699
0.47850017379640386
0.478403400782729
0.4783063822118533
0.478209117347209
0.478111605451279
0.47801384578561995
0.4779158376108875
0.47781758018686143
0.4777190727724706
0.4776203146258201
0.4775213050042166
0.4774220431641954
0.4773225283615474
0.4772227598513472
0.4771227368879799
0.47702245872517024
0.47692192461601157
0.4768211338129935
0.47672008556803286
0.47661877913250295
0.4765172137572641
0.476415388692694
0.4763133031887191
0.47621095649484657
0.4761083478601953
0.4760054765335291
0.47590234176328894
0.475798942797627
0.4756952788844393
0.47559134927140034
0.47548715320599805
0.4753826899355676
0.47527795870732764
0.4751729587684161
0.475067689365926
0.47496214974694234
0.47485633915857967
0.47475025684801875
0.4746439020625455
0.4745372740495886
0.4744303720567593
0.4743231953318902
0.474215743123075
0.4741080146787092
0.4740000092475303
0.4738917260786594
0.47378316442164325
0.4736743235264947
0.4735652026437367
0.4734558010244453
0.47334611792029246
0.47323615258358975
0.47312590426733414
0.4730153722252512
0.47290455571184153
0.47279345398242595
0.472682066293192
0.4725703919012404
0.47245843006463295
0.472346180042439
0.47223364109478483
0.4721208124829012
0.47200769346917276
0.471894283317188
0.4717805812917887
0.4716665866591203
0.4715522986866834
0.4714377166433849
0.4713228397995891
0.4712076674271718
0.471092198799571
0.4709764331918418
0.47086036988070934
0.4707440081446234
0.4706273472638124
0.4705103865203397
0.4703931251981577
0.47027556258316516
0.4701576979632631
0.4700395306284121
0.4699210598706899
0.4698022849843482
0.4696832052658723
0.4695638200140396
0.4694441285299787
0.4693241301172289
0.4692038240818008
0.4690832097322369
0.4689622863796723
0.4688410533378967
0.4687195099234162
0.46859765545551574
0.4684754892563215
0.46835301065086493
0.4682302189671459
0.46810711353619744
0.46798369369214954
0.46785995877229464
0.46773590811715343
0.46761154107053965
0.4674868569796272
0.46736185519501705
0.4672365350708028
0.46711089596464045
0.4669849372378144
0.4668586582553067
0.46673205838586496
0.46660513700207285
0.4664778934804179
0.46635032720136244
0.4662224375494136
0.46609422391319344
0.4659656856855108
0.46583682226343165
0.4657076330483515
0.46557811744606736
0.4654482748668494
0.465318104725515
0.4651876064415004
0.46505677943893536
0.46492562314671576
0.4647941369985787
0.46466232043317596
0.46453017289414933
0.46439769383020535
0.4642648826951905
0.4641317389481668
0.4639982620534878
0.4638644514808745
0.4637303067054919
0.4635958272080253
0.4634610124747579
0.46332586199764736
0.46319037527440343
0.46305455180856503
0.4629183911095796
0.4627818926928795
0.4626450560799607
0.46250788079846195
0.46237036638224305
0.46223251237146357
0.46209431831266157
0.46195578375883395
0.46181690826951427
0.4616776914108538
0.46153813275569977
0.4613982318836765
0.46125798838126375
0.4611174018418784
0.4609764718659529
0.46083519806101725
0.46069358004177774
0.460551617430198
0.4604093098555798
0.4602666569546426
0.4601236583716048
0.45998031375826404
0.4598366227740781
0.4596925850862448
0.4595482003697833
0.45940346830761436
0.4592583885906406
0.45911296091782794
0.458967184996285
0.45882106054134436
0.45867458727664234
0.45852776493419967
0.4583805932545016
0.4582330719865776
0.45808520088808213
0.45793697972537356
0.4577884082735947
0.4576394863167515
0.4574902136477937
0.45734059006869215
0.4571906153905201
0.45704028943353
0.45688961202723355
0.4567385830104791
0.4565872022315302
0.4564354695481442
0.4562833848276482
0.45613094794701764
0.45597815879295334
0.45582501726195795
0.45567152326041155
0.4555176767046497
0.45536347752103723
0.4552089256460447
0.4550540210263228
0.4548987636187777
0.4547431533906445
0.4545871903195614
0.4544308743936429
0.45427420561155296
0.4541171839825774
0.4539598095266951
0.453802082274651
0.4536440022680254
0.4534855695593061
0.4533267842119567
0.45316764630048734
0.4530081559105228
0.45284831313887086
0.45268811809358983
0.45252757089405626
0.45236667167103073
0.4522054205667236
0.45204381773486096
0.45188186334074837
0.45171955756133453
0.45155690058527553
0.45139389261299595
0.4512305338567513
0.45106682454068914
0.45090276490090875
0.4507383551855205
0.450573595654706
0.45040848658077354
0.45024302824821727
0.45007722095377245
0.44991106500647116
0.44974456072769675
0.4495777084512375
0.4494105085233399
0.44924296130275976
0.4490750671608136
0.44890682648142954
0.44873823966119525
0.4485693071094068
0.44840002924811534
0.4482304065121749
0.4480604393492856
0.4478901282200393
0.4477194735979624
0.4475484759695587
0.44737713583434935
0.4472054537049141
0.4470334301069297
0.44686106557920835
0.4466883606737344
0.44651531595570004
0.44634193200353967
0.4461682094089641
0.4459941487769926
0.4458197507259841
0.4456450158876669
0.44546994490716785
0.4452945384430404
0.44511879716729047
0.44494272176540156
0.4447663129363597
0.444589571392675
0.44441249786040415
0.4442350930791701
0.44405735780218186
0.4438792927962508
0.4437008988418083
0.4435221767329206
0.4433431272773021
0.4431637512963283
0.44298404962504734
0.4428040231121888
0.44262367262017266
0.44244299902511697
0.4422620032168426
0.4420806860988782
0.441899048588463
0.4417170916165489
0.44153481612779993
0.441352223080591
0.44116931344700633
0.440986088212834
0.44080254837756216
0.4406186949543705
0.44043452897012225
0.440250051465356
0.4400652634942721
0.4398801661247217
0.43969476043819194
0.43950904752979036
0.4393230285082279
0.43913670449580094
0.4389500766283698
0.4387631460553392
0.4385759139396332
0.43838838145767267
0.43820054979934786
0.4380124201679919
0.4378239937803515
0.43763527186655643
0.4374462556700873
0.4372569464477433
0.4370673454696059
0.436877454019003
0.4366872733924712
0.43649680489971576
0.43630604986357047
0.4361150096199544
0.43592368551782895
0.4357320789191508
0.43554019119882703
0.435348023744665
0.43515557795732335
0.43496285525026024
0.4347698570496803
0.43457658479448125
0.43438303993619626
0.4341892239389382
0.4339951382793399
0.43380078444649484
0.433606163941894
0.43341127827936365
0.4332161289850006
0.4330207175971058
0.43282504566611685
0.4326291147545391
0.43243292643687553
0.4322364822995539
0.43203978394085457
0.431842832970835
0.43164563101125464
0.4314481796954963
0.43125048066848815
0.4310525355866234
0.43085434611767764
0.4306559139407277
0.43045724074606617
0.43025832823511545
0.43005917812034156
0.4298597921251658
0.42966017198387463
0.42946031944152896
0.4292602362538722
0.42905992418723676
0.4288593850184488
0.428658620534733
0.4284576325336149
0.4282564228228229
0.4280549932201874
0.42785334555354193
0.4276514816606194
0.4274494033889495
0.4272471125957549
0.4270446111478442
0.42684190092150776
0.42663898380240695
0.4264358616854682
0.4262325364747711
0.4260290100834378
0.42582528443352197
0.42562136145589435
0.4254172430901296
0.4252129312843904
0.4250084279953126
0.42480373518788644
0.42459885483534027
0.4243937889190201
0.42418853942827117
0.42398310836031566
0.4237774977201324
0.42357170952033335
0.42336574578104097
0.4231596085297635
0.42295329980126994
0.422746821637465
0.4225401760872616
0.4223333652064541
0.4221263910575897
0.4219192557098408
0.4217119612388739
0.4215045097267211
0.42129690326164804
0.42108914393802327
0.4208812338561857
0.42067317512231195
0.42046496984828385
0.42025662015155363
0.42004812815501
0.4198394959868439
0.41963072578041244
0.4194218196741029
0.4192127798111976
0.4190036083397357
0.41879430741237733
0.41858487918626586
0.41837532582288905
0.41816564948794244
0.41795585235118915
0.41774593658632264
0.4175359043708257
0.41732575788583304
0.41711549931599023
0.4169051308493141
0.41669465467705313
0.4164840729935467
0.4162733879960848
0.4160626018847676
0.4158517168623644
0.4156407351341731
0.41542965890788003
0.4152184903934171
0.41500723180282306
0.41479588535010103
0.41458445325107807
0.4143729377232647
0.41416134098571283
0.4139496652588763
0.4137379127644687
0.41352608572532434
0.41331418636525663
0.4131022169089175
0.4128901795816587
0.4126780766093902
0.4124659102184417
0.4122536826354217
0.4120413960870802
0.41182905280016696
0.41161665500129496
0.41140420491680196
0.4111917047726109
0.4109791567940929
0.4107665632059304
0.4105539262319794
0.4103412480951333
0.41012853101718627
0.40991577721869854
0.40970298891885903
0.40949016833535334
0.409277317684227
0.40906443917975305
0.4088515350342984
0.40863860745819064
0.40842565865958674
0.4082126908443411
0.40799970621587417
0.40778670697504216
0.4075736953200086
0.4073606734461132
0.4071476435457443
0.40693460780821217
0.4067215684196203
0.40650852756274
0.40629548741688437
0.4060824501577837
0.40586941795746095
0.40565639298410916
0.4054433774019684
0.40523037337120316
0.40501738304778295
0.40480440858336114
0.4045914521251556
0.4043785158158311
0.4041656017933808
0.40395271219100976
0.40373984913701944
0.40352701475469244
0.40331421116217914
0.40310144047238344
0.4028887047928512
0.40267600622565936
0.4024633468673056
0.40225072880859825
0.40203815413454946
0.4018256249242662
0.40161314325084546
0.4014007111812676
0.401188330776293
0.4009760040903593
0.400763733171477
0.4005515200611307
0.4003393667941775
0.4001272753987487
0.39991524789615146
0.3997032863007715
0.3994913926199784
0.3992795688540296
0.39906781699597754
0.398856139031577
0.3986445369391932
0.3984330126897123
0.3982215682464515
0.39801020556507133
0.39779892659348864
0.39758773327179076
0.39737662753215097
0.39716561129874517
0.39695468648766885
0.39674385500685694
0.39653311875600283
0.39632247962647993
0.39611193950126433
0.3959015002548573
0.39569116375321123
0.3954809318536545
0.39527080640481854
0.3950607892465664
0.39485088220992226
0.394641087117001
0.39443140578094166
0.3942218400058382
0.3940123915866757
0.39380306230926415
0.3935938539501758
0.39338476827668245
0.3931758070466943
0.39296697200870045
0.3927582649017093
0.39254968745519214
0.3923412413890258
0.39213292841343783
0.3919247502289529
0.39171670852633866
0.39150880498655594
0.39130104128070675
0.39109341906998585
0.3908859400056327
0.3906786057288835
0.3904714178709268
0.39026437805285835
0.39005748788563693
0.38985074897004357
0.389644162896639
0.3894377312457248
0.3892314555873042
0.3890253374810438
0.38881937847623826
0.38861358011177416
0.3884079439160959
0.38820247140717284
0.38799716409246676
0.38779202346890174
0.3875870510228338
0.38738224823002304
0.38717761655560506
0.38697315745406563
0.3867688723692142
0.3865647627341614
0.38636082997129373
0.38615707549225303
0.38595350069791534
0.3857501069783701
0.38554689571290235
0.3853438682699736
0.38514102600720684
0.38493837027136935
0.3847359023983581
0.3845336237131869
0.3843315355299727
0.384129639151925
0.3839279358713347
0.38372642696956394
0.3835251137170379
0.38332399737323775
0.3831230791866924
0.3829223603949742
0.382721842224694
0.38252152589149574
0.3823214126000555
0.3821215035440789
0.3819217999062995
0.3817223028584792
0.3815230135614087
0.38132393316490976
0.3811250628078371
0.38092640361808244
0.3807279567125784
0.3805297231973038
0.3803317041672902
0.38013390070662767
0.37993631388847393
0.3797389447750622
0.3795417944177105
0.37934486385683197
0.3791481541219459
0.3789516662316904
0.37875540119383344
0.37855936000528717
0.37836354365212216
0.37816795310958196
0.37797258934209943
0.3777774533033115
0.37758254593607854
0.3773878681725007
0.37719342093393693
0.37699920513102386
0.3768052216636971
0.3766114714212102
0.37641795528215716
0.3762246741144938
0.37603162877556084
0.3758388201121073
0.3756462489603138
0.3754539161458178
0.37526182248373907
0.37506996877870413
0.37487835582487455
0.3746869844059722
0.37449585529530866
0.3743049692558116
0.3741143270400547
0.3739239293902873
0.37373377703846283
0.3735438707062704
0.3733542111051651
0.3731647989364002
0.37297563489105784
0.3727867196500835
0.37259805388431655
0.37240963825452594
0.3722214734114425
0.3720335599957942
0.3718458986383406
0.3716584899599089
0.37147133457142867
0.37128443307396847
0.37109778605877264
0.37091139410729806
0.370725257791252
0.37053937767262934
0.37035375430375145
0.37016838822730413
0.36998327997637703
0.36979843007450297
0.3696138390356974
0.369429507364499
0.3692454355560086
0.36906162409593213
0.3688780734606202
0.36869478411710904
0.3685117565231637
0.36832899112731887
0.3681464883689215
0.367964248678173
0.36778227247617284
0.3676005601749608
0.3674191121775607
0.3672379288780239
0.36705701066147334
0.3668763579041472
0.36669597097344403
0.36651585022796573
0.3663359960175642
0.3661564086833857
0.3659770885579145
0.3657980359650201
0.36561925122000194
0.3654407346296358
0.3652624864922186
0.3650845070976151
0.3649067967273039
0.3647293556544249
0.3645521841438235
0.3643752824520995
0.36419865082765296
0.36402228951073085
0.3638461987334746
0.3636703787199669
0.3634948296862789
0.36331955184051856
0.36314454538287666
0.36296981050567434
0.3627953473934127
0.3626211562228182
0.36244723716289173
0.3622735903749561
0.36210021601270326
0.36192711422224355
0.3617542851421532
0.36158172890352086
0.36140944562999866
0.3612374354378477
0.3610656984359869
0.3608942347260421
0.36072304440239245
0.3605521275522208
0.3603814842555596
0.3602111145853406
0.3600410186074423
0.3598711963807387
0.3597016479571471
0.3595323733816754
0.35936337269247237
0.3591946459208731
0.3590261930914491
0.3588580142220551
0.35869010932387774
0.3585224784014826
0.3583551214528632
0.35818803846948755
0.3580212294363476
0.3578546943320043
0.3576884331286384
0.35752244579209536
0.3573567322819339
0.3571912925514735
0.3570261265478414
0.3568612342120201
0.35669661547889414
0.3565322702772971
0.35636819853005924
0.35620440015405275
0.35604087506024096
0.3558776231537225
0.3557146443337789
0.35555193849392114
0.3553895055219357
0.35522734529993055
0.3550654577043815
0.35490384260617724
0.3547424998706669
0.3545814293577036
0.3544206309216911
0.3542601044116296
0.35409984967115926
0.3539398665386073
0.35378015484703124
0.35362071442426485
0.353461545092962
0.35330264667064193
0.35314401896973246
0.35298566179761515
0.35282757495666855
0.3526697582443132
0.35251221145305317
0.35235493437052184
0.352197926779524
0.3520411884580791
0.35188471917946434
0.35172851871225747
0.35157258682037973
0.35141692326313734
0.3512615277952652
0.3511064001669674
0.3509515401239601
0.35079694740751305
0.3506426217544909
0.35048856289739516
0.3503347705644041
0.35018124447941434
0.3500279843620822
0.3498749899278635
0.34972226088805414
0.3495697969498293
0.34941759781628534
0.3492656631864782
0.3491139927554628
0.34896258621433285
0.3488114432502602
0.3486605635465327
0.3485099467825947
0.3483595926340831
0.348209500772868
0.34805967086708967
0.34791010258119637
0.3477607955759816
0.34761174950862306
0.34746296403271837
0.34731443879832236
0.34716617345198464
0.3470181676367852
0.3468704209923715
0.34672293315499403
0.34657570375754226
0.3464287324295815
0.3462820187973863
0.34613556248397764
0.3459893631091566
0.3458434202895403
0.34569773363859535
0.34555230276667337
0.3454071272810437
0.345262206785929
0.34511754088253777
0.34497312916909817
0.3448289712408913
0.3446850666902836
0.3445414151067613
0.3443980160769611
0.34425486918470305
0.3441119740110238
0.343969330134207
0.343826937129816
0.34368479457072443
0.34354290202714777
0.34340125906667507
0.3432598652542984
0.3431187201524445
0.34297782332100424
0.34283717431736316
0.3426967726964312
0.34255661801067244
0.3424167098101347
0.3422770476424779
0.3421376310530038
0.34199845958468456
0.34185953277819087
0.34172085017192044
0.3415824113020268
0.3414442157024454
0.3413062629049227
0.3411685524390432
0.3410310838322558
0.3408938566099022
0.34075687029524193
0.34062012440948
0.3404836184717932
0.3403473519993546
0.34021132450736147
0.34007553550905917
0.33993998451576746
0.33980467103690526
0.33966959458001633
0.33953475465079147
0.3394001507530966
0.3392657823889945
0.33913164905876925
0.33899775026095097
0.33886408549233826
0.3387306542480224
0.3385974560214095
0.33846449030424525
0.33833175658663556
0.3381992543570707
0.33806698310244576
0.33793494230808563
0.33780313145776314
0.33767155003372434
0.3375401975167068
0.33740907338596343
0.33727817711928143
0.33714750819300476
0.3370170660820529
0.3368868502599428
0.3367568601988088
0.3366270953694214
0.33649755524120833
0.3363682392822736
0.3362391469594165
0.336110277738151
0.3359816310827248
0.3358532064561377
0.33572500332016014
0.33559702113535195
0.33546925936107985
0.33534171745553504
0.33521439487575216
0.3350872910776257
0.334960405515927
0.33483373764432234
0.33470728691538904
0.33458105278063244
0.3344550346905023
0.334329232094409
0.3342036444407395
0.33407827117687355
0.3339531117491985
0.33382816560312645
0.3337034321831076
0.3335789109326466
0.33345460129431664
0.33333050270977493
0.3332066146197771
0.3330829364641899
0.3329594676820078
0.3328362077113648
0.3327131559895501
0.3325903119530194
0.33246767503741015
0.3323452446775538
0.3322230203074885
0.332101001360473
0.33197918726899817
0.3318575774647994
0.3317361713788698
0.3316149684414712
0.33149396808214626
0.3313731697297312
0.3312525728123652
0.33113217675750295
0.3310119809919264
0.33089198494175404
0.330772188032453
0.33065258968884925
0.33053318933513764
0.33041398639489195
0.33029498029107573
0.33017617044605185
0.3300575562815912
0.32993913721888407
0.32982091267854735
0.3297028820806354
0.3295850448446479
0.3294674003895389
0.329349948133726
0.32923268749509826
0.32911561789102395
0.3289987387383596
0.3288820494534575
0.32876554945217323
0.32864923814987373
0.32853311496144416
0.32841717930129566
0.3283014305833714
0.3281858682211548
0.32807049162767554
0.32795530021551567
0.32784029339681686
0.32772547058328616
0.32761083118620166
0.32749637461641934
0.3273821002843777
0.3272680076001043
0.3271540959732201
0.32704036481294535
0.3269268135281042
0.32681344152713027
0.3267002482180703
0.3265872330085897
0.32647439530597616
0.32636173451714445
0.3262492500486399
0.3261369413066426
0.32602480769697106
0.32591284862508585
0.32580106349609295
0.32568945171474667
0.32557801268545317
0.32546674581227303
0.32535565049892434
0.32524472614878447
0.325133972164894
0.32502338794995705
0.32491297290634497
0.3248027264360973
0.324692647940924
0.32458273682220684
0.3244729924810015
0.32436341431803767
0.32425400173372104
0.3241447541281338
0.3240356709010362
0.3239267514518662
0.32381799517974064
0.3237094014834555
0.3236009697614853
0.32349269941198433
0.3233845898327862
0.3232766404214021
0.32316885057502265
0.32306121969051504
0.32295374716442404
0.32284643239296973
0.322739274772047
0.3226322736972248
0.3225254285637431
0.32241873876651295
0.32231220370011376
0.32220582275879195
0.32209959533645827
0.32199352082668586
0.32188759862270866
0.3217818281174174
0.32167620870335706
0.32157073977272554
0.3214654207173689
0.32136025092877907
0.3212552297980898
0.32115035671607395
0.321045631073139
0.32094105225932407
0.32083661966429483
0.32073233267734
0.3206281906873673
0.3205241930828977
0.32042033925206215
0.32031662858259574
0.3202130604618334
0.320109634276704
0.3200063494137254
0.3199032052589991
0.3198002011982042
0.3196973366165914
0.31959461089897817
0.3194920234297405
0.3193895735928084
0.3192872607716587
0.3191850843493076
0.3190830437083052
0.3189811382307276
0.31887936729816957
0.3187777302917376
0.31867622659204176
0.3185748555791889
0.3184736166327736
0.3183725091318708
0.3182715324550275
0.3181706859802539
0.31806996908501506
0.31796938114622153
0.3178689215402217
0.31776858964279103
0.3176683848291237
0.3175683064738229
0.3174683539508903
0.3173685266337175
0.31726882389507466
0.31716924510710137
0.3170697896412946
0.3169704568684998
0.31687124615889867
0.316772156881999
0.31667318840662256
0.3165743401008946
0.31647561133223157
0.31637700146732917
0.3162785098721508
0.3161801359119152
0.3160818789510838
0.3159837383533483
0.31588571348161704
0.31578780369800363
0.3156900083638122
0.31559232683952393
0.3154947584847847
0.3153973026583897
0.31529995871827043
0.3152027260214794
0.3151056039241765
0.3150085917816142
0.3149116889481214
0.31481489477709007
0.3147182086209575
0.3146216298311938
0.31452515775828305
0.3144287917517087
0.31433253115993703
0.314236375330401
0.3141403236094824
0.3140443753424953
0.31394852987367006
0.31385278654613324
0.3137571447018928
0.3136616036818177
0.3135661628256212
0.3134708214718416
0.3133755789578233
0.31328043461969957
0.3131853877923705
0.3130904378094861
0.3129955840034253
0.312900825705276
0.3128061622448153
0.3127115929504878
0.3126171171493868
0.3125227341672312
0.3124284433283453
0.31233424395563686
0.31224013537057554
0.31214611689316973
0.3120521878419459
0.31195834753392315
0.3118645952845929
0.31177093040789455
0.311677352216191
0.3115838600202453
0.3114904531291972
0.3113971308505376
0.31130389249008433
0.3112107373519566
0.31111766473854974
0.31102467395050876
0.3109317642867039
0.31083893504420235
0.31074618551824307
0.31065351500220817
0.3105609227875965
0.3104684081639963
0.31037597041905585
0.3102836088384558
0.3101913227058807
0.31009911130298884
0.3100069739093839
0.3099149098025843
0.3098229182579935
0.3097309985488694
0.30963914994629255
0.30954737171913577
0.30945566313403283
0.3093640234553451
0.30927245194512964
0.309180947863107
0.3090895104666269
0.30899813901063505
0.3089068327476399
0.30881559092767646
0.3087244127982727
0.3086332976044145
0.30854224458850843
0.30845125299034754
0.3083603220470729
0.3082694509931386
0.3081786390602721
0.30808788547743804
0.3079971894707993
0.3079065502636782
0.3078159670765172
0.30772543912683914
0.3076349656292072
0.30754454579518486
0.3074541788332922
0.3073638639489684
0.30727360034452544
0.30718338721910843
0.3070932237686509
0.3070031091858317
0.3069130426600302
0.3068230233772835
0.306733050520238
0.306643123268107
0.30655324079662194
0.3064634022779872
0.3063736068808314
0.3062838537701604
0.30619414210730805
0.30610447104988786
0.3060148397517431
0.30592524736289567
0.3058356930294963
0.3057461758937731
0.3056566950939784
0.3055672497643376
0.30547783903499437
0.30538846203195846
0.3052991178770491
0.3052098056878414
0.3051205245776102
0.3050312736552725
0.304942052025332
0.3048528587878201
0.3047636930382378
0.3046745538674958
0.30458544036185564
0.30449635160286864
0.3044072866673147
0.30431824462713986
0.3042292245493937
0.30414022549616615
0.3040512465245233
0.30396228668644154
0.3038733450287429
0.30378442059302807
0.3036955124156083
0.30360661952743917
0.30351774095404954
0.3034288757154733
0.3033400228261788
0.30325118129499634
0.30316235012504755
0.30307352831367107
0.30298471485234957
0.30289590872663413
0.30280710891606955
0.3027183143941178
0.30262952412807953
0.3025407370790171
0.3024519522016742
0.30236316844439753
0.3022743847490539
0.302185600050948
0.3020968132787425
0.30200802335436977
0.30191922919295094
0.30183042970270735
0.30174162378487557
0.30165281033361796
0.30156398823593467
0.30147515637157335
0.30138631361293866
0.3012974588250002
0.3012085908651986
0.3011197085833528
0.30103081082156363
0.30094189641411817
0.3008529641873919
0.3007640129597504
0.3006750415414503
0.30058604873453715
0.30049703333274447
0.3004079941213904
0.30031892987727327
0.3002298393685666
0.3001407213547115
0.30005157458630966
0.29996239780501405
0.29987318974341826
0.2997839491249451
0.2996946746637339
0.2996053650645262
0.2995160190225502
0.2994266352234048
0.2993372123429402
0.2992477490471407
0.2991582439920014
0.2990686958234088
0.29897910317701576
0.2988894646781169
0.29879977894152376
0.2987100445714355
0.2986202601613118
0.29853042429374116
0.29844053554031
0.298350592461469
0.2982605936063989
0.29817053751287353
0.2980804227071245
0.2979902477036992
0.29790001100532115
0.29780971110275045
0.2977193464746367
0.2976289155873756
0.2975384168949621
0.297447848838843
0.29735720984776537
0.29726649833762686
0.2971757127113219
0.2970848513585876
0.29699391265584746
0.2969028949660538
0.296811796638528
0.29672061600880056
0.29662935139844626
0.2965380011149228
0.29644656345140213
0.2963550366866051
0.29626341908463055
0.2961717088947852
0.29607990435141057
0.2959880036737082
0.2958960050655652
0.2958039067153748
0.2957117067958569
0.29561940346387844
0.29552699486026873
0.29543447910963544
0.295341854320178
0.29524911858350006
0.2951562699744186
0.29506330655077284
0.29497022635323106
0.29487702740509475
0.29478370771210244
0.2946902652622302
0.29459669802549215
0.2945030039537381
0.2944091809804486
0.2943152270205309
0.2942211399701105
0.2941269177063226
0.29403255808710066
0.2939380589509643
0.2938434181168049
0.29374863338367
0.2936537025305443
0.2935586233161323
0.29346339347863515
0.2933680107355296
0.2932724727833421
0.2931767772974254
0.293080921931727
0.29298490431856367
0.2928887220683877
0.29279237276955744
0.29269585398810033
0.29259916326747937
0.29250229812835604
0.29240525606835105
0.2923080345618051
0.2922106310595376
0.29211304298860313
0.2920152677520487
0.2919173027286679
0.2918191452727535
0.2917207927138503
0.2916222423565064
0.2915234914800218
0.29142453733819834
0.291325377159086
0.29122600814473
0.2911264274709163
0.2910266322869165
0.2909266197152303
0.29082638685133017
0.29072593076340225
0.29062524849208815
0.2905243370502256
0.2904231934225894
0.29032181456562967
0.2902201974072132
0.29011833884636057
0.29001623575298585
0.2899138849676355
0.2898112833012253
0.2897084275347803
0.28960531441917275
0.28950194067486007
0.2893983029916256
0.28929439802831564
0.2891902224125811
0.289085772740616
0.28898104557690074
0.2888760374539424
0.2887707448720181
0.2886651642989183
0.28855929216969256
0.28845312488639546
0.288346658817834
0.28823989029931807
0.28813281563241044
0.28802543108467993
0.2879177328894574
0.28780971724559123
0.28770138031720804
0.28759271823347476
0.2874837270883623
0.2873744029404142
0.28726474181251666
0.2871547396916729
0.2870443925287789
0.2869336962384068
0.2868226466985867
0.28671123975059754
0.28659947119875856
0.286487336810227
0.2863748323148001
0.28626195340472216
0.2861486957344957
0.2860350549206994
0.28592102654181045
0.28580660613803355
0.2856917892111347
0.2855765712242841
0.2854609476019017
0.2853449137295127
0.2852284649536093
0.28511159658151886
0.28499430388128155
0.28487658208153416
0.284758426371404
0.28463983190040876
0.2845207937783688
0.2844013070753251
0.2842813668214685
0.284160968007079
0.2840401055824746
0.2839187744579699
0.2837969695038464
0.28367468555033426
0.2835519173876041
0.28342865976577214
0.2833049073949155
0.2831806549451026
0.283055897046434
0.2829306282890976
0.28280484322343713
0.2826785363600348
0.28255170216980713
0.2824243350841173
0.2822964294949006
0.28216797975480584
0.2820389801773542
0.28190942503711025
0.2817793085698741
0.2816486249728867
0.28151736840505426
0.2813855329871896
0.28125311280227117
0.2811201018957222
0.28098649427570516
0.2808522839134387
0.28071746474353154
0.28058203066433796
0.2804459755383312
0.2803092931924996
0.28017197741876193
0.28003402197440486
0.27989542058254097
0.2797561669325892
0.2796162546807764
0.2794756774506638
0.2793344288336921
0.27919250238975346
0.2790498916477841
0.27890659010638175
0.27876259123444685
0.2786178884718461
0.27847247523010243
0.2783263448931088
0.27817949081786497
0.27803190633524094
0.27788358475076613
0.27773451934543925
0.2775847033765697
0.27743413007863843
0.2772827926641885
0.27713068432473914
0.27697779823172486
0.2768241275374618
0.2766696653761381
0.2765144048648308
0.2763583391045478
0.2762014611812946
0.2760437641671672
0.27588524112147056
0.27572588509186013
0.27556568911550927
0.2754046462203024
0.27524274942605037
0.2750799917457306
0.27491636618675114
0.27475186575223826
0.2745864834423464
0.27442021225559055
0.2742530451902014
0.27408497524550124
0.2739159954233015
0.2737460987293209
0.2735752781746217
0.27340352677706903
0.273230837562803
0.2730572035677351
0.272882617839057
0.27270707343676703
0.27253056343521265
0.272353080924648
0.2721746190128025
0.27199517082646585
0.2718147295130827
0.27163328824235794
0.2714508402078723
0.27126737862870753
0.27108289675107755
0.2708973878499674
0.2707108452307756
0.2705232622309639
0.27033463222170484
0.27014494860953664
0.2699542048380137
0.2697623943893574
0.26956951078610664
0.269375547592761
0.2691804984174211
0.2689843569134216
0.26878711678095724
0.2685887717686966
0.26838931567538876
0.2681887423514545
0.2679870457005644
0.2677842196812036
0.2675802583082157
0.2673751556543323
0.2671689058516804
0.2669615030932691
0.2667529416344534
0.26654321579437334
0.26633231995736933
0.2661202485743658
0.26590699616423186
0.26569255731510816
0.2654769266857025
0.26526009900655423
0.26504206908126376
0.2648228317876854
0.264602382079086
0.2643807149852626
0.26415782561362344
0.2639337091502282
0.2637083608607849
0.26348177609160617
0.26325395027052345
0.2630248789077523
0.2627945575967171
0.26256298201482664
0.26233014792420517
0.262096051172373
0.2618606876928814
0.26162405350589824
0.2613861447187431
0.2611469575263746
0.2609064882118255
0.26066473314659083
0.2604216887909615
0.2601773516943106
0.25993171849532754
0.25968478592220323
0.2594365507927619
0.259187010014546
0.25893616058485047
0.2586839995907049
0.25843052420881174
0.25817573170543084
0.25791961943621955
0.25766218484602565
0.2574034254686325
0.2571433389264595
0.2568819229302186
0.25661917527852734
0.2563550938574795
0.2560896766401746
0.2558229216862083
0.25555482714112365
0.25528539123582505
0.255014612285959
0.25474248869125715
0.25446901893485097
0.2541942015825521
0.25391803528210655
0.2536405187624189
0.2533616508327544
0.2530814303819149
0.2527998563773927
0.2525169278645075
0.2522326439655228
0.2519470038787469
0.251660006877622
0.25137165230979885
0.2510819395962039
0.2507908682300973
0.2504984377761259
0.250204647869372
0.24990949821440325
0.24961298858431957
0.24931511881980445
0.24901588882818232
0.24871529858248032
0.24841334812049998
0.24811003754390054
0.2478053670172938
0.2474993367673533
0.2471919470819423
0.24688319830925787
0.24657309085699636
0.24626162519154135
0.245948801837174
0.2456346213753101
0.24531908444376443
0.2450021917360423
0.24468394400066218
0.2443643420405104
0.2440433867122278
0.24372107892563166
0.2433974196431724
0.24307240987942652
0.24274605070062974
0.2424183432242457
0.24208928861857704
0.24175888810241628
0.24142714294473705
0.24109405446443025
0.2407596240300797
0.24042385305978403
0.24008674302102137
0.23974829543055723
0.23940851185440026
0.23906739390779916
0.2387249432552867
0.23838116161076947
0.23803605073766176
0.23768961244906528
0.23734184860799237
0.236992761127637
0.23664235197168842
0.23629062315468824
0.23593757674243457
0.23558321485242603
0.2352275396543504
0.23487055337061585
0.2345122582769223
0.2341526567028751
0.2337917510326375
0.23342954370562388
0.23306603721722796
0.2327012341195937
0.2323351370224171
0.23196774859378616
0.23159907156105453
0.2312291087117479
0.2308578628945025
0.23048533702003315
0.23011153406213183
0.2297364570586939
0.22936010911277016
0.2289824933936449
0.228603613137938
0.22822347165072882
0.22784207230670073
0.2274594185513067
0.2270755139019506
0.22669036194918715
0.22630396635793523
0.22591633086870538
0.22552745929883897
0.22513735554375663
0.22474602357821724
0.22435346745758267
0.22395969131908816
0.2235646993831164
0.22316849595447505
0.2227710854236738
0.2223724722682006
0.2219726610537967
0.22157165643572502
0.2211694631600372
0.22076608606482911
0.2203615300814901
0.21995580023594075
0.21954890164986166
0.21914083954190394
0.21873161922889067
0.21832124612699694
0.21790972575291687
0.21749706372500768
0.2170832657644158
0.21666833769617916
0.21625228545030858
0.2158351150628418
0.2154168326768736
0.21499744454355751
0.21457695702308055
0.2141553765856054
0.2137327098121851
0.2133089633956427
0.2128841441414197
0.21245825896838832
0.21203131490962998
0.21160331911317573
0.2111742788427105
0.21074420147823691
0.21031309451670172
0.20988096557258035
0.20944782237841997
0.20901367278534114
0.20857852476349653
0.2081423864024839
0.20770526591171765
0.2072671716207521
0.20682811197955983
0.20638809555876417
0.20594713104982287
0.20550522726516546
0.20506239313828142
0.20461863772375846
0.2041739701972745
0.20372839985553573
0.2032819361161683
0.20283458851755687
0.20238636671863325
0.20193728049861515
0.20148733975669017
0.20103655451165237
0.20058493490148413
0.20013249118288742
0.19967923373076213
0.19922517303763398
0.19877031971302864
0.1983146844827947
0.19785827818837567
0.1974011117860269
0.19694319634598464
0.1964845430515807
0.1960251631983072
0.19556506819282912
0.19510426955194649
0.19464277890150647
0.19418060797526424
0.19371776861369422
0.19325427276275214
0.19279013247258756
0.19232535989620886
0.19185996728809862
0.19139396700278233
0.19092737149334998
0.19046019330993244
0.189992445098129
0.1895241395973934
0.18905528963937324
0.18858590814620574
0.18811600812877236
0.187645602684909
0.1871747049975761
0.18670332833298883
0.1862314860387051
0.18575919154167717
0.18528645834626573
0.1848133000322138
0.1843397302525888
0.18386576273168512
0.18339141126289704
0.18291668970655584
0.1824416119877349
0.18196619209402576
0.18149044407328196
0.18101438203133627
0.180538020129688
0.18006137258316657
0.17958445365756626
0.1791072776672598
0.1786298589727867
0.17815221197842088
0.177674351129717
0.17719629091103783
0.1767180458430613
0.17623963048027413
0.1757610594084458
0.17528234724209
0.17480350862191224
0.17432455821224377
0.17384551069846826
0.17336638078443456
0.17288718318986296
0.17240793264774512
0.1719286439017355
0.1714493317035412
0.17097001081030566
0.17049069598199135
0.17001140197876136
0.16953214355836155
0.16905293547350395
0.16857379246925158
0.1680947292804095
0.16761576062891947
0.16713690122126124
0.16665816574586118
0.16617956887051005
0.1657011252397906
0.16522284947251492
0.16474475615917641
0.1642668598594118
0.16378917509948124
0.16331171636975966
0.1628344981222491
0.16235753476810455
0.16188084067518146
0.16140443016560155
0.1609283175133393
0.16045251694183008
0.15997704262160234
0.15950190866793026
0.15902712913851505
0.15855271803118745
0.15807868928163987
0.15760505676118328
0.1571318342745338
0.15665903555762725
0.15618667427546318
0.15571476401997922
0.15524331830795732
0.15477235057896083
0.15430187419330424
0.15383190243005654
0.15336244848507774
0.15289352546909013
0.15242514640578478
0.15195732422996255
0.15149007178571267
0.15102340182462617
0.15055732700404778
0.1500918598853647
0.14962701293233302
0.14916279850944325
0.14869922888032422
0.14823631620618496
0.14777407254429778
0.14731250984652014
0.14685163995785572
0.1463914746150566
0.14593202544526626
0.14547330396470073
0.14501532157737418
0.1445580895738623
0.1441016191301074
0.14364592130626616
0.14319100704559573
0.14273688717338368
0.14228357239591796
0.14183107329949757
0.14137940034948504
0.14092856388940062
0.1404785741400554
0.14002944119872837
0.13958117503838108
0.13913378550691596
0.13868728232647276
0.1382416750927669
0.137796973274467
0.1373531862126131
0.13691032312007356
0.13646839308104253
0.1360274050505757
0.1355873678541656
0.1351482901873538
0.13471018061538423
0.1342730475728918
0.13383689936362902
0.1334017441602316
0.13296759000401756
0.1325344448048259
0.132102316340889
0.13167121225874198
0.13124114007316623
0.13081210716716749
0.13038412079198908
0.12995718806715806
0.12953131598056425
0.12910651138857307
0.1286827810161698
0.12826013145713547
0.12783856917425485
0.1274181004995536
0.12699873163456715
0.12658046865063863
0.12616331748924486
0.1257472839623522
0.12533237375279976
0.12491859241471051
0.12450594537392778
0.12409443792847995
0.12368407524906974
0.12327486237958811
0.12286680423765434
0.1224599056151789
0.12205417117894898
0.12164960547123907
0.12124621291044166
0.120843997791721
0.1204429642876866
0.12004311644908836
0.11964445820553145
0.11924699336620961
0.11885072562065872
0.11845565853952668
0.11806179557536259
0.1176691400634225
0.11727769522249035
0.1168874641557171
0.11649844985147349
0.11611065518421781
0.11572408291537874
0.11533873569425075
0.11495461605890409
0.11457172643710564
0.1141900691472532
0.11380964639932092
0.11343046029581548
0.1130525128327431
0.11267580590058651
0.1123003412852914
0.11192612066926147
0.11155314563236268
0.11118141765293499
0.11081093810881162
0.11044170827834593
0.11007372934144408
0.10970700238060441
0.10934152838196229
0.10897730823634016
0.1086143427403024
0.10825263259721499
0.10789217841830767
0.10753298072374166
0.107175039943679
0.10681835641935528
0.10646293040415405
0.10610876206468399
0.10575585148185704
0.10540419865196797
0.10505380348777439
0.10470466581957813
0.10435678539630544
0.1040101618865876
0.10366479487984202
0.10332068388735026
0.10297782834333641
0.10263622760604396
0.10229588095881015
0.1019567876111383
0.10161894669976868
0.10128235728974544
0.10094701837548156
0.10061292888181951
0.10028008766509088
0.09994849351416832
0.09961814515151753
0.09928904123424266
0.09896118035512798
0.09863456104367506
0.09830918176713513
0.09798504093153604
0.09766213688270398
0.09734046790728039
0.09702003223373246
0.09670082803335883
0.09638285342128733
0.0960661064574694
0.0957505851476657
0.09543628744442682
0.0951232112480671
0.09481135440763028
0.09450071472185119
0.09419128994010705
0.09388307776336466
0.09357607584511803
0.09327028179232016
0.09296569316630701
0.09266230748371276
0.09236012221737969
0.0920591347972578
0.09175934261129873
0.0914607430063402
0.09116333328898354
0.09086711072646247
0.09057207254750416
0.09027821594318153
0.08998553806775889
0.0896940360395268
0.0894037069416306
0.08911454782288994
0.08882655569860975
0.08853972755138292
0.08825406033188438
0.08796955095965674
0.08768619632388695
0.08740399328417611
0.08712293867129768
0.08684302928795062
0.08656426190950067
0.08628663328471534
0.08601014013648961
0.08573477916256242
0.0854605470362255
0.08518744040702268
0.0849154559014416
0.08464459012359608
0.08437483965590038
0.08410620105973443
0.08383867087610128
0.08357224562627508
0.08330692181244201
0.08304269591833077
0.08277956440983664
0.0825175237356359
0.08225657032779246
0.08199670060235587
0.08173791095995109
0.08148019778636034
0.08122355745309645
0.08096798631796738
0.08071348072563488
0.08046003700816226
0.08020765148555553
0.07995632046629714
0.07970604024787044
0.0794568071172771
0.07920861735154697
0.07896146721823885
0.07871535297593556
0.07847027087472906
0.07822621715669985
0.07798318805638794
0.07774117980125642
0.07750018861214765
0.07726021070373237
0.07702124228495055
0.0767832795594467
0.07654631872599588
0.07631035597892441
0.07607538750852266
0.07584140950145069
0.07560841814113758
0.07537640960817367
0.07514538008069503
0.07491532573476331
0.0746862427447365
0.07445812728363538
0.07423097552350133
0.07400478363574917
0.07377954779151313
0.07355526416198618
0.07333192891875359
0.07310953823411986
0.07288808828142998
0.07266757523538428
0.07244799527234705
0.07222934457065007
0.07201161931088965
0.07179481567621766
0.0715789298526274
0.07136395802923406
0.07114989639854796
0.0709367411567448
0.07072448850392783
0.070513134644387
0.0703026757868508
0.07009310814473417
0.06988442793638062
0.06967663138529949
0.0694697147203979
0.06926367417620796
0.06905850599310887
0.06885420641754417
0.06865077170223427
0.0684481981063846
0.06824648189588794
0.06804561934352382
0.0678456067291514
0.06764644033990022
0.06744811647035422
0.06725063142273283
0.06705398150706737
0.0668581630413731
0.06666317235181737
0.06646900577288331
0.06627565964752996
0.06608313032734749
0.06589141417270972
0.06570050755292176
0.06551040684636411
0.06532110844063364
0.0651326087326795
0.06494490412893668
0.06475799104545538
0.06457186590802691
0.0643865251523058
0.06420196522392947
0.06401818257863323
0.06383517368236268
0.06365293501138293
0.06347146305238444
0.06329075430258496
0.0631108052698301
0.06293161247268873
0.06275317244054722
0.0625754817136992
0.06239853684343351
0.0622223343921187
0.06204687093328478
0.061872143051702536
0.06169814734345927
0.061524880416033115
0.06135233888836353
0.06118051939092004
0.06100941856576768
0.06083903306663051
0.06066935955895268
0.06050039471995668
0.060332135238699236
0.06016457781612554
0.059997719165120256
0.05983155601055698
0.0596660850893449
0.059501303150474194
0.05933720695505795
0.0591737932763733
0.059011058899899986
0.05884900062335629
0.0586876152567342
0.058526899622331735
0.058366850554783474
0.05820746490108978
0.05804873952064327
0.057890671285254436
0.05773325707917479
0.05757649379911861
0.05742037835428291
0.05726490766636598
0.057110078669583376
0.05695588831068396
0.05680233354896274
0.05664941135627298
0.05649711871703692
0.05634545262825425
0.05619441009951048
0.05604398815298227
0.05589418382344227
0.05574499415826319
0.055596416217418974
0.055448447073486236
0.05530108381164331
0.05515432352966853
0.05500816333793748
0.05486260035941863
0.0547176317296678
0.054573254596822135
0.05442946612159187
0.05428626347725213
0.05414364384963284
0.05400160443710804
0.05386014245058387
0.053719255113485936
0.053578939661745116
0.05343919334378319
0.05330001342049671
0.05316139716524068
0.05302334186381079
0.0528858448144254
0.052748903327705515
0.05261251472665575
0.05247667634664237
0.05234138553537263
0.05220663965287155
0.052072436071459234
0.051938772175726386
0.05180564536251056
0.05167305304086965
0.051540992632057206
0.05140946156949456
0.05127845729874421
0.05114797727748174
0.05101801897546733
0.05088857987451646
0.05075965746846989
0.05063124926316448
0.050503352776401056
0.05037596553791397
0.05024908508933879
0.05012270898418003
0.049996834787778284
