0.4934363195530739
0.5206295283317309
0.5207831153552371
0.5207674438678446
0.5207514682620076
0.520735864820277
0.5207205262846226
0.5207053759015063
0.5206903604030046
0.5206754425744917
0.5206605962134292
0.5206458027097249
0.5206310487187573
0.520616324571982
0.5206016231865328
0.5205869393133141
0.5205722690154393
0.5205576093040193
0.5205429578819131
0.5205283129619404
0.5205136731367535
0.5204990372847939
0.5204844045016436
0.5204697740493989
0.5204551453189484
0.5204405178015805
0.520425891067406
0.5204112647488055
0.5203966385276257
0.5203820121251961
0.52036738529449
0.5203527578139348
0.5203381294824915
0.520323500115732
0.5203088695426938
0.5202942376033524
0.5202796041465827
0.5202649690285116
0.5202503321111837
0.5202356932614788
0.5202210523502319
0.5202064092515181
0.5201917638420691
0.5201771160007989
0.5201624656084148
0.5201478125471031
0.5201331567002683
0.5201184979523226
0.5201038361885134
0.5200891712947807
0.520074503157641
0.5200598316640929
0.5200451567015378
0.5200304781577159
0.5200157959206533
0.5200011098786185
0.519986419920085
0.5199717259337029
0.5199570278082726
0.5199423254327249
0.519927618696103
0.5199129074875475
0.5198981916962847
0.5198834712116159
0.5198687459229075
0.5198540157195839
0.5198392804911203
0.5198245401270365
0.519809794516892
0.5197950435502805
0.5197802871168267
0.5197655251061803
0.5197507574080145
0.5197359839120211
0.5197212045079076
0.5197064190853945
0.5196916275342116
0.5196768297440962
0.5196620256047896
0.5196472150060341
0.5196323978375716
0.5196175739891401
0.5196027433504716
0.5195879058112893
0.519573061261306
0.5195582095902201
0.5195433506877155
0.5195284844434568
0.519513610747089
0.5194987294882338
0.5194838405564881
0.5194689438414214
0.5194540392325733
0.5194391266194515
0.5194242058915298
0.5194092769382449
0.5193943396489953
0.5193793939131384
0.5193644396199879
0.5193494766588126
0.5193345049188332
0.5193195242892205
0.5193045346590931
0.5192895359175154
0.5192745279534953
0.5192595106559813
0.5192444839138616
0.5192294476159605
0.5192144016510377
0.5191993459077845
0.5191842802748226
0.5191692046407024
0.5191541188938991
0.5191390229228123
0.5191239166157628
0.5191087998609913
0.5190936725466547
0.5190785345608255
0.5190633857914894
0.5190482261265419
0.5190330554537879
0.519017873660938
0.5190026806356077
0.5189874762653144
0.5189722604374751
0.5189570330394053
0.5189417939583157
0.5189265430813111
0.5189112802953874
0.5188960054874295
0.5188807185442106
0.518865419352388
0.5188501077985025
0.5188347837689755
0.5188194471501077
0.518804097828076
0.518788735688932
0.5187733606186
0.5187579725028739
0.5187425712274172
0.5187271566777585
0.5187117287392908
0.5186962872972695
0.5186808322368094
0.5186653634428833
0.5186498808003197
0.5186343841938013
0.5186188735078617
0.5186033486268844
0.5185878094351004
0.5185722558165855
0.5185566876552601
0.5185411048348842
0.5185255072390583
0.5185098947512196
0.5184942672546397
0.5184786246324242
0.5184629667675092
0.5184472935426594
0.5184316048404667
0.5184159005433475
0.5184001805335413
0.5183844446931076
0.5183686929039253
0.518352925047689
0.5183371410059084
0.5183213406599055
0.5183055238908126
0.5182896905795704
0.5182738406069259
0.5182579738534304
0.5182420901994375
0.5182261895251009
0.5182102717103724
0.5181943366349999
0.5181783841785256
0.5181624142202834
0.5181464266393975
0.5181304213147795
0.5181143981251275
0.5180983569489235
0.5180822976644306
0.5180662201496927
0.5180501242825307
0.5180340099405417
0.5180178770010962
0.5180017253413367
0.517985554838175
0.5179693653682906
0.5179531568081285
0.5179369290338978
0.5179206819215685
0.5179044153468702
0.5178881291852899
0.5178718233120705
0.5178554976022076
0.5178391519304487
0.5178227861712903
0.5178064001989764
0.5177899938874962
0.5177735671105821
0.5177571197417077
0.5177406516540859
0.5177241627206663
0.5177076528141344
0.517691121806908
0.5176745695711364
0.517657995978698
0.5176414009011977
0.5176247842099655
0.5176081457760547
0.5175914854702393
0.5175748031630117
0.5175580987245818
0.5175413720248743
0.5175246229335253
0.5175078513198834
0.5174910570530051
0.5174742400016532
0.5174574000342954
0.5174405370191024
0.5174236508239446
0.5174067413163914
0.5173898083637084
0.5173728518328559
0.5173558715904862
0.5173388675029421
0.517321839436255
0.5173047872561417
0.5172877108280036
0.5172706100169246
0.5172534846876684
0.5172363347046764
0.5172191599320666
0.5172019602336304
0.5171847354728311
0.5171674855128024
0.5171502102163457
0.5171329094459273
0.5171155830636778
0.5170982309313896
0.5170808529105143
0.5170634488621612
0.5170460186470947
0.5170285621257329
0.5170110791581454
0.5169935696040504
0.516976033322814
0.5169584701734471
0.5169408800146035
0.5169232627045782
0.5169056181013051
0.516887946062355
0.5168702464449334
0.5168525191058784
0.5168347639016586
0.5168169806883718
0.5167991693217417
0.5167813296571167
0.5167634615494671
0.5167455648533836
0.5167276394230756
0.5167096851123677
0.516691701774699
0.5166736892631205
0.5166556474302925
0.5166375761284838
0.5166194752095681
0.516601344525023
0.5165831839259276
0.5165649932629597
0.5165467723863952
0.5165285211461048
0.5165102393915518
0.516491926971791
0.5164735837354658
0.516455209530806
0.5164368042056268
0.516418367607325
0.5163998995828784
0.5163813999788427
0.51636286864135
0.5163443054161063
0.5163257101483897
0.516307082683048
0.5162884228644964
0.516269730536716
0.5162510055432511
0.5162322477272078
0.5162134569312505
0.5161946329976016
0.5161757757680376
0.5161568850838885
0.5161379607860341
0.5161190027149035
0.5161000107104718
0.5160809846122585
0.5160619242593246
0.5160428294902719
0.5160237001432395
0.516004536055902
0.5159853370654681
0.5159661030086771
0.5159468337217983
0.515927529040627
0.5159081888004842
0.5158888128362138
0.5158694009821793
0.5158499530722633
0.5158304689398648
0.515810948417896
0.5157913913387823
0.5157717975344575
0.5157521668363635
0.5157324990754482
0.5157127940821618
0.515693051686456
0.5156732717177811
0.5156534540050846
0.5156335983768079
0.5156137046608851
0.5155937726847403
0.5155738022752858
0.515553793258919
0.5155337454615216
0.5155136587084564
0.5154935328245652
0.5154733676341672
0.5154531629610561
0.5154329186284984
0.5154126344592305
0.5153923102754575
0.5153719458988506
0.5153515411505445
0.5153310958511352
0.5153106098206789
0.5152900828786882
0.5152695148441309
0.5152489055354277
0.5152282547704499
0.5152075623665162
0.5151868281403931
0.5151660519082891
0.515145233485856
0.5151243726881836
0.5151034693297998
0.5150825232246676
0.5150615341861821
0.5150405020271691
0.515019426559883
0.5149983075960038
0.5149771449466363
0.5149559384223059
0.5149346878329574
0.5149133929879532
0.5148920536960706
0.5148706697654991
0.514849241003839
0.5148277672180985
0.5148062482146918
0.5147846837994369
0.5147630737775533
0.514741417953659
0.51471971613177
0.514697968115296
0.5146761737070396
0.5146543327091937
0.5146324449233388
0.514610510150441
0.5145885281908504
0.5145664988442978
0.5145444219098925
0.5145222971861214
0.5145001244708447
0.5144779035612956
0.5144556342540767
0.5144333163451583
0.5144109496298759
0.514388533902928
0.5143660689583742
0.5143435545896325
0.5143209905894766
0.514298376750035
0.5142757128627874
0.514252998718563
0.5142302341075381
0.514207418819234
0.5141845526425151
0.5141616353655849
0.5141386667759859
0.5141156466605961
0.514092574805627
0.5140694509966216
0.5140462750184512
0.5140230466553144
0.5139997656907338
0.5139764319075544
0.5139530450879408
0.5139296050133748
0.5139061114646541
0.5138825642218894
0.5138589630645011
0.5138353077712192
0.513811598120079
0.5137878338884201
0.5137640148528833
0.5137401407894088
0.5137162114732338
0.5136922266788904
0.5136681861802024
0.5136440897502843
0.5136199371615384
0.5135957281856525
0.5135714625935971
0.5135471401556244
0.5135227606412651
0.513498323819326
0.513473829457888
0.5134492773243042
0.5134246671851967
0.5133999988064551
0.5133752719532341
0.5133504863899505
0.5133256418802817
0.5133007381871636
0.5132757750727877
0.5132507522985983
0.5132256696252915
0.5132005268128124
0.5131753236203526
0.5131500598063476
0.5131247351284757
0.5130993493436544
0.5130739022080386
0.5130483934770191
0.5130228229052188
0.5129971902464916
0.5129714952539198
0.5129457376798114
0.5129199172756984
0.5128940337923342
0.5128680869796917
0.5128420765869599
0.5128160023625432
0.5127898640540582
0.5127636614083312
0.5127373941713965
0.5127110620884942
0.512684664904067
0.512658202361759
0.5126316742044127
0.5126050801740671
0.5125784200119556
0.5125516934585029
0.5125249002533234
0.5124980401352188
0.5124711128421765
0.5124441181113653
0.5124170556791355
0.5123899252810152
0.5123627266517087
0.5123354595250935
0.5123081236342187
0.512280718711303
0.5122532444877312
0.5122257006940532
0.512198087059981
0.5121704033143866
0.5121426491853002
0.5121148243999074
0.5120869286845467
0.5120589617647081
0.5120309233650302
0.5120028132092983
0.5119746310204417
0.5119463765205319
0.5119180494307802
0.5118896494715354
0.5118611763622813
0.5118326298216354
0.5118040095673452
0.5117753153162874
0.5117465467844646
0.5117177036870035
0.5116887857381529
0.5116597926512813
0.5116307241388739
0.5116015799125314
0.5115723596829674
0.5115430631600065
0.5115136900525812
0.5114842400687303
0.5114547129155966
0.5114251082994253
0.5113954259255601
0.5113656654984424
0.5113358267216093
0.5113059092976898
0.5112759129284045
0.5112458373145615
0.5112156821560558
0.5111854471518665
0.511155132000054
0.511124736397759
0.5110942600411988
0.5110637026256668
0.5110330638455285
0.5110023433942209
0.5109715409642493
0.5109406562471858
0.5109096889336661
0.5108786387133883
0.5108475052751106
0.5108162883066485
0.5107849874948728
0.5107536025257082
0.5107221330841303
0.510690578854163
0.510658939518878
0.5106272147603909
0.5105954042598599
0.5105635076974834
0.5105315247524979
0.5104994551031758
0.5104672984268233
0.5104350543997782
0.5104027226974075
0.5103703029941057
0.510337794963292
0.5103051982774093
0.5102725126079206
0.5102397376253077
0.5102068729990691
0.5101739183977175
0.5101408734887779
0.510107737938785
0.510074511413282
0.5100411935768174
0.5100077840929436
0.5099742826242144
0.5099406888321829
0.5099070023773997
0.5098732229194103
0.5098393501167533
0.509805383626958
0.5097713231065427
0.5097371682110121
0.5097029185948553
0.5096685739115443
0.5096341338135308
0.509599597952245
0.5095649659780929
0.5095302375404549
0.5094954122876825
0.5094604898670976
0.5094254699249892
0.5093903521066125
0.5093551360561852
0.509319821416887
0.509284407830857
0.5092488949391908
0.5092132823819391
0.5091775697981059
0.5091417568256462
0.5091058431014632
0.5090698282614073
0.5090337119402734
0.5089974937717985
0.5089611733886604
0.5089247504224755
0.5088882245037962
0.508851595262109
0.5088148623258328
0.5087780253223168
0.5087410838778372
0.5087040376175973
0.5086668861657238
0.5086296291452651
0.5085922661781892
0.5085547968853823
0.5085172208866457
0.5084795378006948
0.5084417472451561
0.5084038488365656
0.5083658421903668
0.5083277269209084
0.5082895026414425
0.5082511689641224
0.5082127255000006
0.508174171859027
0.508135507650046
0.5080967324807957
0.5080578459579047
0.5080188476868911
0.5079797372721593
0.5079405143169993
0.5079011784235832
0.5078617291929645
0.5078221662250753
0.5077824891187244
0.5077426974715953
0.5077027908802443
0.5076627689400983
0.5076226312454528
0.5075823773894698
0.5075420069641761
0.5075015195604612
0.5074609147680742
0.507420192175624
0.5073793513705751
0.5073383919392465
0.5072973134668101
0.5072561155372877
0.5072147977335497
0.5071733596373134
0.5071318008291393
0.5070901208884315
0.5070483193934334
0.5070063959212273
0.5069643500477321
0.5069221813477
0.5068798893947164
0.5068374737611966
0.5067949340183842
0.5067522697363492
0.5067094804839858
0.5066665658290104
0.5066235253379595
0.5065803585761881
0.5065370651078679
0.5064936444959837
0.5064500963023334
0.5064064200875252
0.5063626154109752
0.5063186818309056
0.5062746189043434
0.5062304261871177
0.5061861032338578
0.5061416495979911
0.5060970648317419
0.5060523484861281
0.5060075001109605
0.5059625192548399
0.5059174054651555
0.5058721582880834
0.5058267772685832
0.5057812619503977
0.5057356118760497
0.5056898265868407
0.5056439056228486
0.5055978485229256
0.505551654824697
0.5055053240645583
0.5054588557776738
0.505412249497974
0.5053655047581549
0.5053186210896745
0.5052715980227518
0.5052244350863648
0.5051771318082483
0.5051296877148918
0.5050821023315379
0.5050343751821803
0.5049865057895617
0.504938493675172
0.5048903383592461
0.5048420393607624
0.5047935961974406
0.5047450083857398
0.5046962754408563
0.5046473968767222
0.5045983722060035
0.5045492009400975
0.5044998825891316
0.5044504166619609
0.5044008026661667
0.5043510401080544
0.5043011284926514
0.504251067323706
0.5042008561036841
0.504150494333769
0.5040999815138582
0.5040493171425623
0.5039985007172029
0.5039475317338102
0.5038964096871228
0.5038451340705832
0.503793704376339
0.5037421200952383
0.5036903807168303
0.5036384857293614
0.5035864346197745
0.5035342268737075
0.5034818619754906
0.5034293394081448
0.5033766586533805
0.503323819191596
0.5032708205018738
0.5032176620619815
0.5031643433483686
0.5031108638361647
0.5030572229991781
0.5030034203098943
0.502949455239474
0.502895327257751
0.5028410358332318
0.5027865804330925
0.5027319605231777
0.5026771755679993
0.5026222250307345
0.5025671083732236
0.5025118250559694
0.5024563745381352
0.502400756277543
0.5023449697306721
0.5022890143526574
0.5022328895972885
0.5021765949170075
0.5021201297629075
0.5020634935847317
0.5020066858308708
0.5019497059483633
0.5018925533828926
0.5018352275787856
0.5017777279790128
0.5017200540251848
0.5016622051575528
0.5016041808150059
0.5015459804350708
0.5014876034539099
0.5014290493063203
0.5013703174257321
0.5013114072442081
0.5012523181924414
0.5011930496997552
0.5011336011941013
0.5010739721020592
0.5010141618488338
0.5009541698582562
0.5008939955527816
0.5008336383534879
0.5007730976800758
0.500712372950867
0.5006514635828034
0.5005903689914466
0.5005290885909767
0.5004676217941908
0.500405968012504
0.5003441266559471
0.5002820971331661
0.5002198788514217
0.5001574712165892
0.500094873633156
0.5000320855042237
0.4999691062315057
0.49990593521532667
0.49984257185462316
0.499779015546942
0.4997152656884409
0.49965132167388737
0.4995871828966589
0.49952284874874214
0.49945831862073364
0.4993935919018384
0.4993286679798707
0.4992635462412542
0.4991982260710206
0.4991327068528111
0.4990669879688758
0.4990010688000737
0.49893494872587363
0.4988686271243532
0.49880210337220066
0.49873537684471386
0.49866844691580126
0.4986013129579828
0.4985339743423896
0.49846643043876504
0.49839868061546533
0.4983307242394599
0.4982625606763329
0.4981941892902835
0.49812560944412637
0.498056820499294
0.497987821815836
0.49791861275242205
0.4978491926663413
0.4977795609135048
0.4977097168484468
0.49763965982432556
0.49756938919292515
0.49749890430465715
0.4974282045085617
0.49735728915231026
0.4972861575822062
0.4972148091431881
0.49714324317882996
0.49707145903134486
0.49699945604158624
0.49692723354905055
0.496854790891879
0.4967821274068609
0.49670924242943487
0.49663613529369327
0.4965628053323828
0.49648925187690907
0.49641547425733856
0.496341471802402
0.49626724383949683
0.4961927896946916
0.49611810869272815
0.4960432001570258
0.4959680634096847
0.4958926977714888
0.495817102561911
0.49574127709911564
0.4956652206999632
0.4955889326800146
0.4955124123535347
0.4954356590334978
0.49535867203159056
0.49528145065821827
0.4952039942225083
0.49512630203231567
0.4950483733942277
0.49497020761356975
0.4948918039944096
0.49481316183956325
0.4947342804506011
0.49465515912785224
0.4945757971704116
0.4944961938761455
0.4944163485416972
0.494336260462494
0.4942559289327535
0.4941753532454895
0.4940945326925198
0.49401346656447204
0.4939321541507914
0.493850594739748
0.4937687876184433
0.4936867320728186
0.4936044273876624
0.4935218728466184
0.4934390677321933
0.49335601132576523
0.49327270290759206
0.49318914175682005
0.49310532715149263
0.4930212583685595
0.49293693468388505
0.4928523553722587
0.4927675197074039
0.49268242696198794
0.4925970764076312
0.49251146731491857
0.4924255989534088
0.4923394705916453
0.4922530814971664
0.49216643093651735
0.49207951817526013
0.4919923424779857
0.4919049031083256
0.49181719932896273
0.4917292304016446
0.4916409955871947
0.4915524941455256
0.4914637253356505
0.4913746884156975
0.4912853826429222
0.49119580727372025
0.49110596156364267
0.491015844767408
0.4909254561389169
0.4908347949312677
0.4907438603967691
0.490652651786956
0.490561168352605
0.4904694093437486
0.49037737400969156
0.49028506159902696
0.4901924713596515
0.4900996025387829
0.49000645438297563
0.4899130261381386
0.48981931704955184
0.48972532636188426
0.4896310533192115
0.4895364971650338
0.48944165714229404
0.4893465324933972
0.4892511224602287
0.4891554262841738
0.48905944320613665
0.48896317246656085
0.4888666133054493
0.4887697649623841
0.4886726266765482
0.48857519768674573
0.4884774772314234
0.4883794645486924
0.48828115887635104
0.48818255945190536
0.48808366551259325
0.4879844762954072
0.4878849910371166
0.487785208974293
0.4876851293433324
0.48758475138048096
0.48748407432185836
0.4873830974034841
0.48728181986130176
0.4871802409312053
0.48707835984906483
0.4869761758507532
0.4868736881721726
0.4867708960492816
0.4866677987181228
0.4865643954148509
0.4864606853757603
0.486356667837314
0.48625234203617307
0.4861477072092246
0.48604276259361345
0.48593750742677033
0.4858319409464435
0.48572606239072946
0.4856198709981039
0.48551336600745343
0.4854065466581079
0.4852994121898727
0.4851919618430618
0.4850841948585303
0.484976110477709
0.48486770794263756
0.48475898649600047
0.4846499453811601
0.48454058384219295
0.4844309011239258
0.48432089647197074
0.48421056913276295
0.4840999183535966
0.48398894338266324
0.4838776434690887
0.48376601786297246
0.48365406581542525
0.48354178657860913
0.4834291794057765
0.4833162435513102
0.4832029782707645
0.4830893828209054
0.4829754564597523
0.4828611984466197
0.4827466080421595
0.48263168450840416
0.48251642710880893
0.48240083510829657
0.4822849077733002
0.4821686443718092
0.4820520441734133
0.48193510644934856
0.4818178304725427
0.4817002155176622
0.48158226086115863
0.4814639657813166
0.4813453295583007
0.4812263514742047
0.4811070308130998
0.48098736686108357
0.48086735890633076
0.48074700623914207
0.48062630815199586
0.4805052639395991
0.4803838728989379
0.48026213432933207
0.4801400475324845
0.48001761181253744
0.4798948264761232
0.4797716908324201
0.47964820419320614
0.4795243658729143
0.4794001751886878
0.47927563146043606
0.47915073401089137
0.4790254821656657
0.47889987525330807
0.4787739126053623
0.4786475935564258
0.47852091744420794
0.4783938836095899
0.478266491396684
0.4781387401528943
0.4780106292289774
0.4778821579791038
0.47775332576091917
0.47762413193560704
0.47749457586795163
0.4773646569264003
0.47723437448312844
0.4771037279141022
0.4769727165991441
0.4768413399219975
0.47670959727039297
0.47657748803611344
0.47644501161506114
0.4763121674073243
0.47617895481724504
0.4760453732534864
0.4759114221291018
0.475777100861603
0.4756424088730294
0.4755073455900181
0.4753719104438739
0.4752361028706395
0.47509992231116727
0.47496336821119006
0.4748264400213937
0.4746891371974886
0.47455145920028263
0.47441340549575545
0.47427497555513043
0.47413616885495014
0.4739969848771494
0.4738574231091315
0.4737174830438423
0.4735771641798471
0.473436466021405
0.473295388078547
0.47315392986715177
0.4730120909090235
0.47286987073196896
0.4727272688698755
0.4725842848627897
0.47244091825699597
0.4722971686050951
0.47215303546608445
0.4720085184054363
0.4718636169951798
0.4717183308139795
0.4715726594472172
0.4714266024870724
0.471280159532604
0.4711333301898311
0.4709861140718161
0.47083851079874606
0.47069051999801526
0.4705421413043081
0.4703933743596818
0.4702442188136501
0.4700946743232667
0.46994474055320834
0.4697944171758594
0.4696437038713959
0.4694926003278701
0.4693411062412946
0.46918922131572716
0.4690369452633565
0.4688842778045863
0.46873121866812123
0.46857776759105213
0.46842392431894175
0.46826968860591034
0.46811506021472155
0.4679600389168685
0.4678046244926595
0.4676488167313047
0.46749261543100196
0.4673360203990234
0.4671790314518014
0.46702164841501526
0.46686387112367794
0.4667056994222215
0.46654713316458507
0.4663881722142996
0.46622881644457603
0.4660690657383902
0.46590891998857037
0.4657483790978824
0.4655874429791173
0.46542611155517627
0.4652643847591575
0.4651022625344419
0.4649397448347786
0.46477683162437144
0.46461352287796376
0.46444981858092377
0.4642857187293311
0.4641212233300597
0.46395633240086415
0.46379104597046406
0.4636253640786282
0.46345928677625803
0.46329281412547285
0.46312594619969205
0.46295868308371935
0.46279102487382473
0.46262297167782807
0.46245452361518063
0.46228568081704735
0.46211644342638797
0.46194681159803896
0.4617767854987928
0.46160636530748006
0.4614355512150475
0.4612643434246386
0.46109274215167195
0.4609207476239196
0.4607483600815857
0.4605755797773823
0.4604024069766077
0.460228841957222
0.4600548850099226
0.4598805364382198
0.4597057965585105
0.45953066570015283
0.45935514420553836
0.45917923243016573
0.45900293074271137
0.4588262395251011
0.45864915917258037
0.4584716900937842
0.45829383271080515
0.4581155874592626
0.4579369547883692
0.4577579351609974
0.4575785290537454
0.4573987369570016
0.45721855937500905
0.4570379968259277
0.45685704984189746
0.4566757189690981
0.45649400476781066
0.4563119078124763
0.45612942869175477
0.45594656800858147
0.45576332638022377
0.45557970443833645
0.45539570282901587
0.455211322212853
0.45502656326498575
0.4548414266751494
0.4546559131477269
0.45447002340179743
0.4542837581711838
0.45409711820449905
0.4539101042651909
0.4537227171315868
0.4535349575969359
0.45334682646945046
0.4531583245723463
0.45296945274388173
0.45278021183739503
0.4525906027213412
0.45240062627932576
0.45221028341013964
0.45201957502779117
0.4518285020615362
0.4516370654559082
0.4514452661707465
0.4512531051812222
0.4510605834778646
0.450867702066583
0.4506744619686909
0.4504808642209256
0.4502869098754677
0.45009259999995915
0.449897935677519
0.4497029180067582
0.44950754810179294
0.4493118270922557
0.44911575612330557
0.44891933635563624
0.44872256896548274
0.44852545514462694
0.4483279961004005
0.4481301930556863
0.4479320472489197
0.4477335599340859
0.4475347323807168
0.4473355658738867
0.4471360617142047
0.4469362212178072
0.4467360457163466
0.44653553655698086
0.4463346951023587
0.44613352273060464
0.4459320208353017
0.4457301908254729
0.44552803412555947
0.4453255521753997
0.44512274643020366
0.44491961836052696
0.44471616945224346
0.4445124012065148
0.4443083151397593
0.44410391278361816
0.44389919568492053
0.4436941654056454
0.4434888235228841
0.44328317162879816
0.4430772113305771
0.44287094425039375
0.44266437202535813
0.4424574963074683
0.44225031876356147
0.4420428410752603
0.4418350649389207
0.4416269920655743
0.44141862418087235
0.4412099630250251
0.44100101035274036
0.4407917679331609
0.44058223754979875
0.44037242100046803
0.4401623200972164
0.43995193666625365
0.43974127254788004
0.43953032959641064
0.4393191096800996
0.43910761468106174
0.4388958464951923
0.4386838070320855
0.4384714982149498
0.438258921980523
0.4380460802789852
0.43783297507386854
0.43761960834196606
0.43740598207324055
0.4371920982707276
0.43697795895044045
0.43676356614127143
0.4365489218848919
0.4363340282356507
0.4361188872604703
0.4359035010387414
0.4356878716622167
0.435472001234901
0.43525589187294217
0.4350395457045179
0.43482296486972216
0.43460615152045023
0.43438910782028095
0.4341718359443588
0.4339543380792725
0.4337366164229338
0.43351867318445364
0.4333005105840171
0.4330821308527566
0.4328635362326237
0.4326447289762593
0.43242571134686264
0.4322064856180582
0.4319870540737615
0.4317674190080436
0.43154758272499383
0.4313275475385811
0.43110731577251465
0.43088688976010187
0.4306662718441064
0.4304454643766036
0.4302244697188354
0.43000329024106365
0.429781928322423
0.42956038635077065
0.4293386667225367
0.4291167718425725
0.428894704123998
0.42867246598804787
0.42845005986391643
0.428227488188602
0.42800475340674904
0.4277818579704903
0.4275588043392877
0.42733559497977186
0.42711223236558116
0.42688871897719904
0.42666505730179133
0.4264412498330423
0.4262172990709893
0.42599320752185743
0.4257689776978928
0.4255446121171952
0.42532011330355013
0.42509548378625955
0.42487072609997284
0.42464584278451617
0.42442083638472194
0.4241957094502563
0.423970464535448
0.42374510419911604
0.42351963100439466
0.4232940475185614
0.4230683563128617
0.4228425599623348
0.42261666104563816
0.4223906621448723
0.42216456584540457
0.42193837473569323
0.4217120914071105
0.4214857184537661
0.42125925847232976
0.42103271406185416
0.4208060878235975
0.4205793823608457
0.4203526002787342
0.4201257441840706
0.4198988166851568
0.41967182039161005
0.4194447579141859
0.41921763186459915
0.4189904448553467
0.4187631994995297
0.4185358984106746
0.41830854420255625
0.41808113948902087
0.4178536868838071
0.4176261890003701
0.41739864845170455
0.4171710678501674
0.416943449807302
0.41671579693366206
0.41648811183863543
0.41626039713026963
0.4160326554150967
0.4158048892979584
0.41557710138183285
0.4153492942676599
0.41512147055417026
0.414893632837711
0.4146657837120748
0.4144379257683285
0.41421006159464285
0.41398219377612144
0.41375432489463326
0.4135264575286425
0.4132985942530415
0.41307073763898333
0.412842890253716
0.4126150546604168
0.41238723341802674
0.4121594290810887
0.4119316441995824
0.4117038813187637
0.4114761429790028
0.41124843171562503
0.4110207500587504
0.4107931005331362
0.4105654856580199
0.4103379079469628
0.4101103699076944
0.40988287404195933
0.4096554228453637
0.40942801880722396
0.4092006644104158
0.4089733621312245
0.4087461144391971
0.40851892379699495
0.4082917926602476
0.40806472347740896
0.40783771868961294
0.4076107807305316
0.4073839120262345
0.40715711499504875
0.4069303920474213
0.4067037455857815
0.40647717800440575
0.40625069168928296
0.40602428901798254
0.4057979723595224
0.4055717440742385
0.40534560651365703
0.40511956202036736
0.4048936129278951
0.40466776156057954
0.4044420102334493
0.4042163612521021
0.4039908169125844
0.4037653795012739
0.4035400512947612
0.4033148345597364
0.4030897315528738
0.4028647445207214
0.4026398756995882
0.4024151273154374
0.4021905015837769
0.40196600070955524
0.40174162688705595
0.40151738229979544
0.40129326912042185
0.4010692895106151
0.40084544562099006
0.40062173959099945
0.4003981735488387
0.4001747496113547
0.3999514698839527
0.3997283364605075
0.3995053514232749
0.3992825168428057
0.3990598347778601
0.3988373072753262
0.39861493637013623
0.3983927240851882
0.39817067243126786
0.3979487834069709
0.39772705899862976
0.3975055011802383
0.39728411191338237
0.39706289314716847
0.39684184681815604
0.3966209748502909
0.39640027915483966
0.39617976163032764
0.39595942416247576
0.39573926862414194
0.3955192968752613
0.3952995107627908
0.39507991212065313
0.3948605027696839
0.39464128451757924
0.3944222591588462
0.39420342847475404
0.39398479423328636
0.3937663581890974
0.3935481220834666
0.3933300876442577
0.39311225658587773
0.39289463060923724
0.39267721140171435
0.3924600006371183
0.39224299997565454
0.392026211063893
0.39180963553473636
0.3915932750073907
0.3913771310873374
0.39116120536630616
0.3909454994222508
0.39073001481932473
0.3905147531078601
0.3902997158243461
0.3900849044914107
0.38987032061780247
0.38965596569837535
0.389441841214073
0.38922794863191557
0.3890142894049894
0.3888008649724347
0.38858767675943756
0.3883747261772222
0.3881620146230453
0.38794954348019006
0.38773731411796375
0.3875253278916951
0.3873135861427341
0.3871020901984513
0.38689084137224183
0.386679840963526
0.386469090257756
0.3862585905264204
0.3860483430270519
0.38583834900323466
0.3856286096846146
0.3854191262869108
0.3852099000119253
0.3850009320475585
0.38479222356782244
0.38458377573285646
0.38437558968894386
0.38416766656852985
0.38396000749024034
0.3837526135589025
0.38354548586556564
0.38333862548752295
0.38313203348833624
0.382925710917859
0.38271965881226266
0.3825138781940629
0.3823083700721472
0.3821031354418038
0.38189817528475023
0.381693490569165
0.38148908224971845
0.38128495126760553
0.38108109855057887
0.3808775250129832
0.3806742315557912
0.38047121906663867
0.38026848841986205
0.38006604047653647
0.3798638760845138
0.37966199607846285
0.3794604012799099
0.3792590924972794
0.3790580705259361
0.378857336148228
0.3786568901335299
0.37845673323828766
0.3782568662060628
0.3780572897675795
0.37785800464076974
0.3776590115308213
0.3774603111302255
0.37726190411882504
0.3770637911638645
0.3768659729200393
0.37666845002954624
0.3764712231221346
0.37627429281515834
0.37607765971362767
0.3758813244102623
0.37568528748554475
0.37548954950777425
0.3752941110331217
0.3750989726056836
0.3749041347575391
0.37470959800880466
0.3745153628676908
0.3743214298305605
0.3741277993819845
0.3739344719948001
0.3737414481301703
0.37354872823764107
0.3733563127552015
0.37316420210934265
0.37297239671511834
0.372780896976204
0.3725897032849589
0.37239881602248576
0.372208235558693
0.3720179622523561
0.3718279964511789
0.37163833849185707
0.3714489887001391
0.3712599473908904
0.37107121486815586
0.3708827914252226
0.3706946773446848
0.3705068728985059
0.3703193783480839
0.3701321939443151
0.3699453199276579
0.36975875652819823
0.36957250396571373
0.36938656244973916
0.36920093217963107
0.3690156133446332
0.36883060612394164
0.36864591068677055
0.3684615271924173
0.3682774557903291
0.36809369662016767
0.3679102498118756
0.36772711548574244
0.3675442937524708
0.3673617847132417
0.36717958845978144
0.36699770507442786
0.3668161346301955
0.3666348771908429
0.36645393281093847
0.3662733015359265
0.3660929834021936
0.36591297843713466
0.36573328665922
0.3655539080780599
0.36537484269447207
0.36519609050054735
0.36501765147971565
0.3648395256068121
0.3646617128481425
0.36448421316154994
0.36430702649648017
0.3641301527940466
0.3639535919870972
0.36377734400027933
0.3636014087501045
0.36342578614501464
0.36325047608544714
0.3630754784638987
0.36290079316499163
0.36272642006553796
0.36255235903460376
0.36237860993357385
0.3622051726162167
0.3620320469287468
0.36185923270989107
0.3616867297909502
0.36151453799586386
0.3613426571412733
0.3611710870365849
0.3609998274840332
0.3608288782787433
0.36065823920879403
0.3604879100552798
0.3603178905923735
0.3601481805873874
0.35997877980083587
0.35980968798649626
0.3596409048914704
0.35947243025624565
0.35930426381475555
0.3591364052944406
0.3589688544163079
0.35880161089499224
0.3586346744388148
0.35846804474984334
0.35830172152395123
0.35813570445087645
0.35796999321427997
0.3578045874918049
0.35763948695513376
0.357474691270047
0.35731020009648007
0.35714601308858146
0.35698212989476885
0.3568185501577862
0.3566552735147604
0.35649229959725626
0.35632962803133444
0.3561672584376042
0.35600519043128137
0.35584342362224075
0.35568195761507265
0.35552079200913583
0.35535992639861164
0.3551993603725587
0.35503909351496493
0.3548791254048008
0.3547194556160721
0.3545600837178727
0.354401009274436
0.35424223184518694
0.35408375098479217
0.3539255662432134
0.3537676771657556
0.35361008329311894
0.3534527841614481
0.3532957793023819
0.3531390682431028
0.35298265050638644
0.3528265256106487
0.35267069306999577
0.3525151523942709
0.35235990308910253
0.3522049446559511
0.35205027659215676
0.3518958983909852
0.351741809541674
0.3515880095294788
0.35143449783571845
0.3512812739378203
0.3511283373093653
0.35097568742013224
0.35082332373614133
0.35067124571969915
0.35051945282944097
0.35036794452037445
0.35021672024392214
0.35006577944796374
0.349915121576878
0.3497647460715853
0.3496146523695874
0.3494648399050098
0.34931530810864153
0.34916605640797566
0.34901708422724886
0.3488683909874823
0.3487199761065182
0.3485718389990613
0.3484239790767163
0.3482763957480256
0.3481290884185074
0.3479820564906938
0.3478352993641666
0.3476888164355953
0.3475426070987723
0.34739667074465047
0.34725100676137705
0.34710561453433003
0.34696049344615326
0.34681564287679084
0.34667106220352106
0.3465267508009911
0.3463827080412499
0.346238933293782
0.3460954259255401
0.3459521853009783
0.3458092107820829
0.3456665017284059
0.3455240574970959
0.3453818774429291
0.34523996091834064
0.3450983072734548
0.3449569158561154
0.3448157860119155
0.34467491708422726
0.3445343084142308
0.3443939593409436
0.3442538692012481
0.344114037329921
0.3439744630596607
0.3438351457211142
0.34369608464290535
0.3435572791516617
0.3434187285720402
0.34328043222675425
0.34314238943659936
0.34300459952047857
0.34286706179542825
0.3427297755766424
0.3425927401774984
0.3424559549095795
0.34231941908270097
0.34218313200493233
0.3420470929826211
0.34191130132041636
0.34177575632129087
0.34164045728656367
0.3415054035159226
0.3413705943074459
0.3412360289576233
0.3411017067613784
0.34096762701208827
0.3408337890016047
0.34070019202027496
0.34056683535696086
0.34043371829905905
0.3403008401325205
0.3401682001418692
0.3400357976102219
0.33990363181930494
0.3397717020494744
0.33964000757973306
0.33950854768774774
0.33937732164986784
0.339246328741141
0.3391155682353311
0.3389850394049342
0.3388547415211945
0.3387246738541211
0.338594835672503
0.3384652262439245
0.3383358448347807
0.3382066907102922
0.338077763134519
0.337949061370376
0.33782058467964604
0.33769233232299367
0.33756430355997924
0.3374364976490717
0.3373089138476608
0.33718155141207157
0.3370544095975746
0.3369274876583996
0.336800784847747
0.3366743004177986
0.33654803361973035
0.3364219837037222
0.3362961499189698
0.33617053151369436
0.3360451277351534
0.33591993782965046
0.33579496104254536
0.3356701966182629
0.33554564380030333
0.3354213018312502
0.33529716995277964
0.3351732474056692
0.3350495334298056
0.334926027264193
0.3348027281469609
0.3346796353153713
0.3345567480058269
0.3344340654538764
0.33431158689422374
0.3341893115607324
0.334067238686433
0.33394536750352954
0.3338236972434041
0.3337022271366241
0.33358095641294583
0.33345988430132156
0.33333901002990274
0.33321833282604585
0.33309785191631663
0.33297756652649385
0.3328574758815739
0.33273757920577396
0.3326178757225364
0.3324983646545313
0.33237904522366
0.3322599166510576
0.33214097815709653
0.3320222289613877
0.3319036682827833
0.33178529533937934
0.33166710934851695
0.33154910952678324
0.331431295090014
0.331313665253294
0.3311962192309578
0.33107895623659084
0.3309618754830297
0.3308449761823625
0.3307282575459292
0.3306117187843203
0.33049535910737793
0.3303791777241945
0.330263173843112
0.3301473466717208
0.33003169541685906
0.3299162192846108
0.3298009174803041
0.3296857892085096
0.3295708336730393
0.329456050076942
0.3293414376225034
0.329226995511242
0.3291127229439066
0.3289986191204732
0.3288846832401416
0.32877091450133256
0.3286573121016832
0.3285438752380445
0.3284306031064751
0.3283174949022394
0.3282045498198013
0.328091767052821
0.3279791457941489
0.32786668523582096
0.3277543845690537
0.32764224298423894
0.32753025967093735
0.3274184338178733
0.3273067646129286
0.3271952512431359
0.32708389289467377
0.32697268875285757
0.32686163800213475
0.32675073982607716
0.32663999340737393
0.32652939792782326
0.32641895256832637
0.3263086565088785
0.3261985089285615
0.3260885090055354
0.3259786559170303
0.32586894883933765
0.3257593869478014
0.32564996941680957
0.32554069541978475
0.3254315641291746
0.3253225747164429
0.3252137263520596
0.32510501820549065
0.32499644944518846
0.3248880192385811
0.32477972675206246
0.32467157115098133
0.3245635515996303
0.32445566726123476
0.3243479172979426
0.3242403008708114
0.32413281713979814
0.32402546526374654
0.3239182444003754
0.3238111537062666
0.32370419233685277
0.3235973594464038
0.32349065418801565
0.3233840757135966
0.3232776231738541
0.32317129571828146
0.3230650924951444
0.3229590126514681
0.32285305533302183
0.3227472196843064
0.3226415048485388
0.3225359099676387
0.32243043418221257
0.32232507663154025
0.32221983645355906
0.3221147127848486
0.32200970476061597
0.3219048115146788
0.3218000321794516
0.32169536588592745
0.32159081176366344
0.32148636894076377
0.3213820365438629
0.3212778136981091
0.32117369952714736
0.3210696931531022
0.32096579369656075
0.3208620002765543
0.320758312010541
0.32065472801438877
0.32055124740235513
0.3204478692870705
0.32034459277951943
0.3202414169890214
0.32013834102321165
0.3200353639880228
0.3199324849876651
0.31982970312460623
0.3197270174995527
0.31962442721142925
0.3195219313573582
0.3194195290326401
0.3193172193307321
0.319215001343228
0.31911287415983686
0.31901083686836107
0.3189088885546767
0.31880702830271
0.31870525519441645
0.3186035683097586
0.31850196672668385
0.31840044952110147
0.31829901576686065
0.31819766453572695
0.3180963948973597
0.3179952059192874
0.317894096666886
0.31779306620335385
0.3176921135896877
0.31759123788465915
0.31749043814478933
0.31738971342432504
0.31728906277521285
0.3171884852470751
0.3170879798871834
0.3169875457404345
0.3168871818493224
0.3167868872539142
0.3166866609918227
0.31658650209818057
0.3164864096056128
0.31638638254421053
0.31628641994150286
0.3161865208224311
0.3160866842093187
0.3159869091218451
0.3158871945770171
0.31578753958913997
0.31568794316978943
0.3155884043277821
0.31548892206914686
0.31538949539709504
0.3152901233119913
0.3151908048113228
0.3150915388896698
0.31499232453867526
0.31489316074701357
0.31479404650036
0.3146949807813598
0.314595962569596
0.3144969908415579
0.3143980645706099
0.3142991827269582
0.314200344277619
0.31410154818638525
0.31400279341379345
0.31390407891709116
0.31380540365020293
0.31370676656369606
0.3136081666047471
0.3135096027171069
0.3134110738410659
0.31331257891342
0.3132141168674343
0.3131156866328073
0.3130172871356371
0.312918917298382
0.31282057603982705
0.31272226227504596
0.31262397491536387
0.312525712868321
0.3124274750376339
0.31232926032315833
0.31223106762085107
0.31213289582273046
0.312034743816839
0.31193661048720245
0.31183849471379277
0.3117403953724856
0.3116423113350223
0.31154424146896814
0.3114461846376727
0.31134813970022834
0.3112501055114284
0.311152080921726
0.3110540647771922
0.31095605591947306
0.31085805318574694
0.31076005540868246
0.3106620614163938
0.3105640700323978
0.31046608007556953
0.3103680903600985
0.3102700996954427
0.3101721068862846
0.31007411073248586
0.3099761100290396
0.3098781035660268
0.30978009012856805
0.30968206849677715
0.30958403744571344
0.3094859957453353
0.30938794216045074
0.30928987545066966
0.30919179437035516
0.30909369766857414
0.30899558408904776
0.30889745237010197
0.3087993012446161
0.3087011294399737
0.3086029356780098
0.308504718674961
0.3084064771414123
0.3083082097822449
0.30820991529658437
0.3081115923777467
0.3080132397131851
0.30791485598443574
0.3078164398670635
0.3077179900306073
0.3076195051385251
0.3075209838481372
0.30742242481057114
0.30732382667070457
0.3072251880671089
0.3071265076319914
0.3070277839911367
0.30692901576385
0.30683020156289703
0.3067313399944449
0.306632429658003
0.3065334691463627
0.30643445704553623
0.3063353919346953
0.3062362723861107
0.3061370969650894
0.3060378642299122
0.30593857273177005
0.30583922101470196
0.30573980761552916
0.30564033106379196
0.3055407898816841
0.3054411825839871
0.3053415076780044
0.305241763663495
0.3051419490326056
0.3050420622698041
0.30494210185181037
0.3048420662475279
0.30474195391797493
0.30464176331621434
0.304541492887283
0.3044411410681219
0.30434070628750365
0.3042401869659609
0.304139581515714
0.30403888834059745
0.303938105835987
0.30383723238872373
0.3037362663770418
0.30363520617048984
0.30353405012985746
0.3034327966070978
0.30333144394524986
0.3032299904783604
0.3031284345314071
0.30302677442021775
0.30292500845139103
0.30282313492221735
0.3027211521205956
0.30261905832495356
0.30251685180416465
0.30241453081746544
0.30231209361437217
0.3022095384345956
0.30210686350795773
0.30200406705430466
0.30190114728342154
0.30179810239494487
0.3016949305782757
0.3015916300124903
0.3014881988662522
0.30138463529772175
0.3012809374544664
0.3011771034733687
0.3010731314805357
0.3009690195912048
0.30086476590965217
0.30076036852909704
0.30065582553160813
0.300551134988008
0.3004462949577761
0.3003413034889518
0.30023615861803726
0.3001308583698985
0.3000254007576656
0.29991978378263284
0.299814005434158
0.29970806368955977
0.299601956514016
0.29949568186046027
0.2993892376694769
0.29928262186919685
0.29917583237519063
0.2990688670903632
0.29896172390484493
0.2988544006958839
0.2987468953277367
0.29863920565155777
0.29853132950528855
0.2984232647135459
0.29831500908750924
0.2982065604248059
0.29809791650939826
0.29798907511146655
0.29788003398729385
0.2977707908791476
0.2976613435151616
0.2975516896092178
0.29744182686082465
0.2973317529549974
0.2972214655621345
0.2971109623378965
0.29700024092308036
0.2968892989434958
0.29677813400983794
0.296666743717562
0.29655512564675457
0.29644327736200426
0.2963311964122726
0.29621888033076316
0.2961063266347882
0.2959935328256378
0.2958804963884441
0.295767214792047
0.2956536854888588
0.2955399059147251
0.2954258734887887
0.29531158561334864
0.2951970396737216
0.29508223303809905
0.2949671630574055
0.2948518270651549
0.29473622237730546
0.2946203462921152
0.2945041960899939
0.2943877690333555
0.29427106236646977
0.29415407331531146
0.29403679908740926
0.2939192368716935
0.29380138383834287
0.29368323713862987
0.29356479390476486
0.2934460512497394
0.29332700626716823
0.2932076560311311
0.293087997596011
0.29296802799633404
0.29284774424660703
0.2927271433411534
0.29260622225394867
0.2924849779384558
0.292363407327456
0.292241507332883
0.29211927484565275
0.2919967067354934
0.29187379985077433
0.29175055101833314
0.29162695704330266
0.2915030147089358
0.2913787207764306
0.29125407198475284
0.2911290650504588
0.2910036966675157
0.2908779635071223
0.2907518622175279
0.2906253894238504
0.2904985417278935
0.29037131570796193
0.29024370791867804
0.29011571489079424
0.28998733313100744
0.28985855912177094
0.2897293893211061
0.28959982016241176
0.28946984805427534
0.28933946938028077
0.28920868049881693
0.2890774777428843
0.2889458574199025
0.2888138158115151
0.2886813491733952
0.28854845373504945
0.28841512569962324
0.2882813612437015
0.2881471565171146
0.28801250764273795
0.287877410716295
0.2877418618061591
0.28760585695315277
0.2874693921703508
0.2873324634428793
0.2871950667277164
0.28705719795349227
0.28691885302029013
0.2867800277994448
0.28664071813334435
0.2865009198352301
0.2863606286889966
0.28621984044899323
0.28607855083982464
0.28593675555615294
0.28579445026249983
0.2856516305930491
0.2855082921514504
0.28536443051062355
0.2852200412125633
0.2850751197681466
0.2849296616569388
0.2847836623270035
0.2846371171947115
0.2844900216445523
0.28434237102894866
0.28419416066806913
0.2840453858496468
0.28389604182879685
0.2837461238278376
0.28359562703611485
0.283444546609825
0.2832928776718469
0.2831406153115692
0.282987754584728
0.28283429051324127
0.2826802180850516
0.28252553225396887
0.2823702279395186
0.2822143000267945
0.2820577433663134
0.2819005527738759
0.2817427230304327
0.28158424888195177
0.28142512503929573
0.2812653461781002
0.28110490693866064
0.28094380192582386
0.28078202570888533
0.2806195728214926
0.28045643776155776
0.2802926149911734
0.2801280989365387
0.2799628839878907
0.27979696449944613
0.2796303347893487
0.27946298913962686
0.2792949217961598
0.2791261269686521
0.2789565988306191
0.27878633151938126
0.27861531913607
0.2784435557456427
0.2782710353769101
0.2780977520225743
0.2779236996392802
0.2777488721476774
0.27757326343249605
0.27739686734263536
0.27721967769126765
0.27704168825595243
0.2768628927787706
0.27668328496646816
0.2765028584906206
0.27632160698780894
0.2761395240598158
0.27595660327383675
0.2757728381627089
0.27558822222516
0.27540274892607314
0.27521641169677274
0.27502920393533004
0.27484111900688807
0.2746521502440093
0.27446229094704083
0.27427153438450835
0.2740798737935246
0.27388730238022896
0.273693813320244
0.2734993997591619
0.27330405481305214
0.2731077715689969
0.27291054308565155
0.2727123623938336
0.27251322249713716
0.27231311637257577
0.27211203697125663
0.27190997721907967
0.27170693001747065
0.27150288824414215
0.2712978447538873
0.27109179237940406
0.270884723932153
0.2706766322032469
0.2704675099643752
0.27025734996876105
0.27004614495215445
0.26983388763385974
0.2696205707177991
0.2694061868936129
0.26919072883779604
0.2689741892148725
0.268756560678607
0.26853783587325597
0.2683180074348557
0.2680970679925518
0.2678750101699665
0.2676518265866066
0.26742750985931246
0.2672020526037465
0.26697544743592366
0.26674768697378254
0.26651876383879813
0.2662886706576369
0.2660574000638527
0.2658249446996263
0.2655912972175448
0.26535645028242477
0.2651203965731787
0.2648831287847194
0.26464463962991186
0.26440492184156267
0.2641639681744538
0.26392177140741646
0.2636783243454468
0.26343361982186225
0.2631876507004994
0.2629404098779491
0.26269189028583495
0.26244208489312715
0.26219098670849655
0.2619385887827063
0.261684884211039
0.2614298661357611
0.2611735277486213
0.2609158622933839
0.26065686306839375
0.2603965234291754
0.26013483679105964
0.25987179663184246
0.2596073964944698
0.25934162998975024
0.25907449079909267
0.2588059726772653
0.2585360694551807
0.25826477504269674
0.2579920834314383
0.25771798869763474
0.25744248500497197
0.2571655666074568
0.2568872278522925
0.25660746318276023
0.25632626714110984
0.2560436343714526
0.2557595596226549
0.2554740377512304
0.2551870637242317
0.25489863262213264
0.25460873964170316
0.25431738009887295
0.2540245494315809
0.25373024320260795
0.2534344571023905
0.2531371869518103
0.25283842870496176
0.2525381784518882
0.25223643242128907
0.25193318698319284
0.2516284386515927
0.2513221840870439
0.2510144200992155
0.2507051436494002
0.2503943518529727
0.2500820419817978
0.2497682114665848
0.24945285789918337
0.24913597903481952
0.24881757279426978
0.2484976372659689
0.24817617070804954
0.2478531715503104
0.24752863839611167
0.24720257002419418
0.24687496539042003
0.2465458236294309
0.24621514405622702
0.2458829261676561
0.2455491696438188
0.2452138743493829
0.24487704033480606
0.24453866783746814
0.24419875728270563
0.24385730928475222
0.24351432464758227
0.24316980436565422
0.24282374962455575
0.24247616180154785
0.24212704246600772
0.2417763933797694
0.24142421649736273
0.2410705139661493
0.2407152881263554
0.2403585415110019
0.24000027684573297
0.23964049704853957
0.23927920522938528
0.2389164046897271
0.23855209892193813
0.23818629160863014
0.23781898662187909
0.23745018802235218
0.23707990005834106
0.23670812716470052
0.23633487396169506
0.23596014525375683
0.23558394602815325
0.23520628145357192
0.23482715687861894
0.234446577830239
0.23406455001205595
0.23368107930263743
0.2332961717536876
0.23290983358816922
0.23252207119836024
0.2321328911438439
0.23174230014944225
0.23135030510308904
0.23095691305364968
0.23056213120869204
0.23016596693220825
0.22976842774229425
0.229369521308788
0.2289692554508733
0.22856763813464775
0.2281646774706636
0.2277603817114426
0.22735475924896667
0.2269478186121524
0.22653956846430853
0.22613001760058216
0.22571917494539787
0.22530704954988962
0.22489365058933342
0.22447898736057986
0.22406306927949324
0.22364590587839728
0.2232275068035331
0.2228078818125298
0.22238704077189364
0.22196499365451575
0.2215417505372017
0.22111732159822733
0.22069171711492092
0.2202649474612739
0.21983702310558487
0.2194079546081373
0.2189777526189105
0.21854642787533185
0.21811399120006358
0.21768045349883464
0.21724582575831047
0.21681011904400932
0.21637334449826012
0.21593551333820737
0.21549663685386158
0.21505672640619627
0.21461579342529158
0.2141738494085277
0.21373090591882424
0.2132869745829294
0.2128420670897547
0.21239619518876207
0.21194937068839478
0.21150160545455773
0.21105291140914523
0.2106033005286157
0.2101527848426094
0.20970137643261508
0.20924908743067905
0.208795930018157
0.20834191642451025
0.2078870589261408
0.2074313698452679
0.20697486154884293
0.20651754644750153
0.20605943699455156
0.20560054568499647
0.20514088505458944
0.20468046767892184
0.20421930617253908
0.20375741318808593
0.20329480141547795
0.20283148358109604
0.20236747244700762
0.2019027808102059
0.20143742150186916
0.20097140738663855
0.20050475136191226
0.20003746635715158
0.19956956533320191
0.19910106128162305
0.19863196722402776
0.19816229621142972
0.19769206132359407
0.1972212756683944
0.19674995238116896
0.19627810462408077
0.19580574558547345
0.19533288847922567
0.19485954654410242
0.19438573304309847
0.19391146126277678
0.19343674451259701
0.19296159612423572
0.19248602945089363
0.1920100578665922
0.19153369476545637
0.19105695356098307
0.1905798476852926
0.19010239058836556
0.1896245957372616
0.1891464766153188
0.18866804672133583
0.18818931956873186
0.1877103086846883
0.18723102760926727
0.18675148989451054
0.18627170910351423
0.1857916988094809
0.18531147259475134
0.18483104404980932
0.1843504267722648
0.1838696343658141
0.18338868043917367
0.182907578604993
0.18242634247874023
0.18194498567756723
0.181463521819148
0.18098196452049517
0.1805003273967531
0.18001862405996544
0.17953686811782377
0.17905507317238978
0.17857325281879807
0.17809142064393546
0.1776095902251013
0.17712777512864433
0.17664598890858205
0.1761642451051984
0.17568255724362508
0.17520093883240273
0.17471940336202543
0.17423796430346894
0.17375663510670236
0.17327542919918545
0.17279435998435144
0.1723134408400759
0.17183268511713434
0.17135210613764712
0.17087171719351477
0.17039153154484202
0.16991156241835523
0.16943182300580936
0.1689523264623914
0.16847308590511453
0.16799411441121018
0.16751542501651445
0.1670370307138525
0.16655894445142191
0.16608117913117276
0.16560374760719132
0.16512666268408133
0.16464993711535125
0.16417358360180134
0.16369761478991726
0.16322204327026824
0.16274688157591088
0.1622721421808007
0.16179783749821341
0.16132397987917096
0.1608505816108832
0.16037765491519657
0.15990521194705556
0.15943326479297854
0.15896182546954551
0.15849090592190176
0.15802051802227562
0.15755067356851377
0.15708138428263296
0.15661266180939026
0.1561445177148709
0.15567696348509566
0.15521001052465092
0.1547436701553352
0.15427795361483126
0.15381287205539765
0.15334843654258506
0.15288465805397447
0.15242154747794065
0.15195911561244013
0.15149737316382278
0.151036330745672
0.15057599887766768
0.15011638798447868
0.14965750839468095
0.14919937033970304
0.1487419839528008
0.14828535926805791
0.14782950621941862
0.1473744346397461
0.14692015425991106
0.1464666747079111
0.1460140055080179
0.1455621560799566
0.14511113573811207
0.14466095369076903
0.14421161903938043
0.14376314077786773
0.1433155277919501
0.14286878885850662
0.14242293264496772
0.14197796770873844
0.14153390249665154
0.14109074534445312
0.14064850447631694
0.14020718800439202
0.1397668039283787
0.13932736013513727
0.13888886439832546
0.1384513243780678
0.13801474762065435
0.13757914155826995
0.13714451350875342
0.13671087067538637
0.1362782201467116
0.13584656889638136
0.1354159237830333
0.13498629155019692
0.13455767882622796
0.13413009212427002
0.13370353784224637
0.13327802226287686
0.1328535515537251
0.13243013176726964
0.1320077688410042
0.13158646859756293
0.13116623674487252
0.13074707887632875
0.130329000471
0.12991200689385382
0.12949610339600898
0.12908129511501157
0.12866758707513426
0.1282549841876988
0.1278434912514218
0.12743311295278312
0.12702385386641457
0.12661571845551184
0.126208711072267
0.12580283595832123
0.12539809724523793
0.1249944989549953
0.1245920450004996
0.1241907391861139
0.1237905852082093
0.1233915866557311
0.12299374701078336
0.12259706964923006
0.12220155784131381
0.1218072147522888
0.1214140434430714
0.12102204687090391
0.12063122789003353
0.12024158925240748
0.11985313360837792
0.11946586350742439
0.11907978139888525
0.11869488963270491
0.11831119046019005
0.11792868603477945
0.11754737841282356
0.11716726955437523
0.11678836132399018
0.11641065549153821
0.11603415373302188
0.11565885763140626
0.11528476867745485
0.11491188827057554
0.11454021771967278
0.11416975824400788
0.1138005109740658
0.11343247695242742
0.11306565713465007
0.11270005239015111
0.11233566350309906
0.11197249117330738
0.1116105360171352
0.11124979856839003
0.1108902792792356
0.11053197852110257
0.1101748965856027
0.10981903368544542
0.10946438995535684
0.10911096545300117
0.10875876015990436
0.1084077739823769
0.10805800675244168
0.1077094582287585
0.1073621280975524
0.10701601597354045
0.10667112140085905
0.1063274438539911
0.10598498273869249
0.10564373739291712
0.105303707087742
0.1049648910282903
0.10462728835465257
0.10429089814280672
0.10395571940553575
0.1036217510933429
0.10328899209536449
0.10295744124028026
0.10262709729722003
0.10229795897666832
0.10197002493136459
0.10164329375720044
0.10131776399411331
0.10099343412697523
0.10067030258647919
0.10034836775001973
0.10002762794256959
0.09970808143755258
0.09938972645770965
0.09907256117596337
0.09875658371627394
0.09844179215449238
0.09812818451920749
0.09781575879258775
0.09750451291121691
0.09719444476692542
0.09688555220761472
0.09657783303807636
0.09627128502080487
0.09596590587680491
0.0956616932863916
0.09535864488998552
0.09505675828890088
0.09475603104612684
0.09445646068710328
0.09415804470048963
0.09386078053892659
0.09356466561979192
0.09326969732594914
0.09297587300648942
0.09268318997746641
0.09239164552262524
0.09210123689412256
0.09181196131324218
0.09152381597110108
0.09123679802935027
0.09095090462086826
0.09066613285044622
0.0903824797954676
0.09009994250657963
0.08981851800835762
0.08953820329996318
0.08925899535579342
0.08898089112612464
0.08870388753774779
0.08842798149459741
0.08815316987837261
0.08787944954915111
0.0876068173459968
0.08733527008755888
0.08706480457266441
0.0867954175809043
0.08652710587321064
0.08625986619242783
0.08599369526387729
0.08572858979591305
0.08546454648047198
0.08520156199361631
0.08493963299606908
0.08467875613374233
0.08441892803825862
0.0841601453274661
0.08390240460594481
0.08364570246550854
0.08339003548569751
0.08313540023426594
0.08288179326766168
0.0826292111314994
0.08237765036102783
0.08212710748158837
0.08187757900906954
0.08162906145035237
0.08138155130375138
0.08113504505944713
0.08088953919991376
0.0806450302003392
0.08040151452903972
0.0801589886478668
0.07991744901260961
0.07967689207338938
0.07943731427504902
0.0791987120575355
0.07896108185627682
0.07872442010255261
0.07848872322385886
0.0782539876442667
0.07802020978477489
0.07778738606365741
0.07755551289680393
0.07732458669805574
0.07709460387953548
0.0768655608519709
0.07663745402501375
0.07641027980755287
0.07618403460802133
0.0759587148346987
0.07573431689600832
0.07551083720080791
0.07528827215867637
0.07506661818019482
0.07484587167722195
0.07462602906316551
0.07440708675324761
0.07418904116476543
0.07397188871734756
0.07375562583320455
0.07354024893737544
0.073325754457969
0.07311213882640033
0.07289939847762361
0.07268752985035862
0.07247652938731469
0.07226639353540867
0.0720571187459789
0.07184870147499543
0.071641138183265
0.07143442533663232
0.07122855940617653
0.07102353686840508
0.07081935420544108
0.07061600790520887
0.070413494461614
0.07021181037472017
0.07001095215092198
0.06981091630311399
0.0696116993508555
0.06941329782053193
0.06921570824551324
0.06901892716630682
0.06882295113070924
0.06862777669395198
0.06843340041884557
0.0682398188759196
0.06804702864355902
0.06785502630813736
0.06766380846414691
0.06747337171432549
0.06728371266977963
0.06709482795010505
0.06690671418350401
0.06671936800689932
0.06653278606604558
0.06634696501563732
0.06616190151941415
0.06597759225026308
0.06579403389031842
0.0656112231310579
0.06542915667339726
0.06524783122778076
0.06506724351427048
0.0648873902626316
0.06470826821241643
0.0645298741130444
0.06435220472388113
0.06417525681431373
0.06399902716382468
0.06382351256206192
0.0636487098089089
0.0634746157145494
0.06330122709953306
0.06312854079483587
0.0629565536419209
0.06278526249279501
0.06261466421006469
0.06244475566698905
0.06227553374753099
0.06210699534640664
0.06193913736913227
0.061771956732069644
0.0616054503624695
0.061439615198512515
0.06127444818934942
0.06110994629513871
0.06094610648708207
0.06078292574745916
0.06062040106965996
0.0604585294582157
0.06029730792882736
0.06013673350839432
0.05997680323503899
0.05981751415813223
0.05965886333831543
0.05950084784752198
0.059343464768997295
0.05918671119731668
0.059030584238402635
0.05887508100954017
0.05872019863939079
0.05856593426800541
0.05841228504683577
0.05825924813874461
0.058106820718014096
0.057954999970354165
0.057803783092908206
0.0576531672942586
0.057503149794430636
0.057353727824895284
0.05720489862857095
0.05705665945982408
0.05690900758446866
0.05676194027976475
0.05661545483441563
0.05646954854856451
0.05632421873378973
0.056179462713099176
0.05603527782092382
0.05589166140311016
0.05574861081691193
0.055606123430980606
0.05546419662535533
0.055322827791452076
0.055182014332051395
0.05504175366128601
0.054902043204627285
0.0547628803988708
0.05462426269212135
0.05448618754377753
0.054348652424514365
0.05421165481626699
0.05407519221221208
0.05393926211674939
0.05380386204548272
0.0536689895251996
0.05353464209385089
0.05340081730052955
0.05326751270544894
0.05313472587992028
0.05300245440632976
0.05287069587811491
0.05273944789974081
0.052608708086675164
0.05247847406536317
0.0523487434732024
0.05221951395851597
0.05209078318052651
0.051962548809328615
0.05183480852586176
0.05170756002188213
0.051580800999934125
0.05145452917332195
0.05132874226607981
0.05120343801294283
0.05107861415931682
0.05095426846124785
0.05083039868539173
0.0507070026089829
0.05058407801980287
0.05046162271614856
0.05033963450680017
0.05021811121098915
0.05009705065836505
0.04997645068896287
