0.4932716157136
0.5223648295792281
0.5214993139821047
0.5222528365551946
0.5228607341528355
0.5217492575089836
0.5205069793686156
0.5202318136146639
0.5203546780145836
0.5205061067894401
0.5207331169592118
0.5208173924028807
0.5206016420241959
0.5202971234957471
0.520129465053556
0.5201053430664437
0.5201493001321744
0.5201988182581516
0.5201951601983807
0.520118386291504
0.5200102604701311
0.5199244770012545
0.519879707138725
0.5198631463736083
0.519851375441759
0.5198248181076575
0.5197779427891249
0.5197204483886163
0.5196666460549446
0.5196241709258015
0.5195913958168407
0.5195615890932266
0.5195284214743949
0.5194896624909009
0.5194475040279449
0.5194059083660465
0.5193675140428451
0.5193323700258676
0.519298705984015
0.5192645648122203
0.5192290627188836
0.5191926302951514
0.5191563552908497
0.5191210959114461
0.5190870051867611
0.519053642987104
0.5190204230654176
0.5189870178476919
0.5189534835831338
0.518920108302463
0.5188871584899696
0.5188547144286123
0.518822671495481
0.5187908567623593
0.518759153731401
0.5187275550123911
0.5186961311677767
0.5186649598842763
0.5186340716615285
0.5186034412146492
0.5185730163985179
0.5185427554158994
0.5185126465738277
0.5184827033666217
0.5184529452448157
0.5184233803556147
0.5183940004931177
0.5183647878076798
0.5183357255879645
0.5183068051530144
0.5182780256815619
0.5182493891691223
0.518220895112217
0.5181925383319215
0.5181643103714647
0.5181362025326097
0.5181082081596986
0.518080322958246
0.5180525437260175
0.5180248667590568
0.5179972870264435
0.5179697984021355
0.5179423944935576
0.5179150693678327
0.5178878177470866
0.5178606347040631
0.5178335151938772
0.517806453761575
0.5177794445544749
0.5177524815386598
0.5177255587202996
0.5176986702281661
0.5176718102432686
0.5176449728617756
0.5176181519939005
0.5175913413484927
0.5175645344844211
0.5175377248733076
0.5175109059272883
0.5174840709810751
0.5174572132494656
0.5174303257906213
0.5174034014927968
0.5173764330821429
0.5173494131365379
0.5173223340909472
0.5172951882293344
0.5172679676680157
0.5172406643392194
0.5172132699808183
0.5171857761324544
0.5171581741340773
0.5171304551224591
0.5171026100237354
0.5170746295429944
0.517046504153406
0.5170182240868226
0.5169897793261748
0.5169611595986384
0.5169323543682361
0.5169033528271698
0.5168741438860597
0.516844716163781
0.5168150579775088
0.5167851573331292
0.5167550019157624
0.5167245790799969
0.5166938758395896
0.5166628788566463
0.5166315744304677
0.5165999484862425
0.516567986563655
0.5165356738053337
0.5165029949450256
0.5164699342954064
0.5164364757355182
0.5164026026978757
0.5163682981552978
0.5163335446074749
0.5162983240672555
0.516262618046608
0.516226407542227
0.5161896730207667
0.516152394403711
0.516114551051887
0.5160761217496186
0.5160370846885116
0.5159974174508466
0.5159570969925618
0.5159160996258139
0.5158744010011068
0.5158319760889829
0.515788799161264
0.5157448437718296
0.5157000827369168
0.5156544881149187
0.5156080311856699
0.5155606824292001
0.5155124115039391
0.5154631872243552
0.5154129775380086
0.5153617495019913
0.5153094692587356
0.5152561020111627
0.5152016119971458
0.5151459624632575
0.515089115637775
0.5150310327029075
0.51497167376621
0.5149109978311479
0.5148489627667674
0.5147855252764337
0.5147206408655848
0.5146542638084524
0.5145863471136963
0.5145168424888927
0.5144457003038121
0.5143728695524207
0.5142982978135313
0.5142219312100251
0.5141437143665585
0.5140635903656667
0.5139815007021628
0.5138973852357291
0.5138111821415864
0.5137228278591196
0.5136322570383298
0.5135394024839702
0.513444195097219
0.513346563814723
0.513246435544843
0.5131437351009132
0.5130383851313141
0.5129303060461511
0.5128194159403064
0.5127056305126219
0.5125888629809543
0.512469023992823
0.5123460215313559
0.5122197608162117
0.5120901441991487
0.511957071053873
0.5118204376597862
0.5116801370792246
0.5115360590277532
0.5113880897370562
0.5112361118099278
0.5110800040668464
0.5109196413835748
0.5107548945192014
0.5105856299339923
0.5104117095964029
0.5102329907785386
0.5100493258393275
0.5098605619946204
0.5096665410733826
0.5094670992591075
0.5092620668155141
0.5090512677955614
0.5088345197327371
0.5086116333135401
0.5083824120300091
0.5081466518110942
0.5079041406316063
0.5076546580974223
0.5073979750055515
0.5071338528776177
0.5068620434652384
0.5065822882257272
0.5062943177664772
0.5059978512563361
0.5056925958022171
0.5053782457891497
0.5050544821819299
0.5047209717864946
0.5043773664691287
0.5040233023316038
0.5036583988403629
0.5032822579078987
0.5028944629245361
0.5024945777389259
0.5020821455856901
0.5016566879588437
0.5012177034298488
0.5007646664094685
0.5002970258529562
0.4998142039085896
0.49931559451012314
0.4988005619144218
0.4982684391863542
0.4977185266340024
0.49715009019838197
0.4965623598032097
0.49595452767180404
0.495325746619988
0.49467512833591554
0.4940017416600553
0.4933046108811887
0.49258271406720555
0.49183498145271726
0.491060293909077
0.49025748152625526
0.4894253223401777
0.4885625412435203
0.4876678091225437
0.4867397422672284
0.4857769021066534
0.4847777953261176
0.4837408744267486
0.4826645387921451
0.4815471363297051
0.48038696575654893
0.47918227960110726
0.4779312879913808
0.4766321632994259
0.4752830457087559
0.4738820497671121
0.47242727198162604
0.4709167995070853
0.4693487199712703
0.4677211324746814
0.466032159795998
0.4642799618297595
0.4624627502792422
0.4605788046250746
0.4586264893878483
0.45660427269905257
0.4545107461862713
0.45234464616203657
0.4501048760765409
0.44779053014799874
0.4454009180167591
0.44293559017798634
0.440394363833199
0.43777734866736784
0.4350849719141996
0.4323180019305922
0.42947756937854165
0.4265651850272213
0.4235827531570764
0.4205325795853624
0.4174173734461251
0.4142402420461183
0.4110046783713472
0.4077145411180776
0.4043740274421301
0.40098763893310285
0.3975601415986558
0.39409652086565405
0.39060193275467603
0.38708165245595294
0.3835410215310065
0.3799853948954631
0.3764200886204714
0.3728503294411315
0.36928120669846387
0.3657176272824034
0.36216427399885226
0.3586255676610744
0.35510563310723325
0.35160826927042954
0.3481369233711758
0.3446946692594437
0.3412841898984711
0.3379077639504573
0.3345672563914678
0.33126411304748393
0.3279993589054351
0.3247736000137096
0.3215870287485786
0.3184394321893544
0.3153302033191692
0.312258354752891
0.3092225346909645
0.30622104480903833
0.3032518598180584
0.30031264846696404
0.29740079580795875
0.2945134265994198
0.29164742977994207
0.2887994840043484
0.2859660842840061
0.28314356981470945
0.2803281531012221
0.2775159504945088
0.27470301424294086
0.2718853661211136
0.2690590326401332
0.2662200817644743
0.26336466096854705
0.2604890363691237
0.25758963257782724
0.2546630728416751
0.25170621898877055
0.24871621067704952
0.24569050345740934
0.24262690520253372
0.23952361050569937
0.23637923270015473
0.23319283316690803
0.22996394756700272
0.22669260854221193
0.2233793642782122
0.2200252921366369
0.21663200637358238
0.21320165882038988
0.20973693135865384
0.20624101911756176
0.20271760358070484
0.19917081520758667
0.1956051857199936
0.19202559081890302
0.18843718471288254
0.18484532838117698
0.1812555139012909
0.1776732873992934
0.17410417321382055
0.17055360170979583
0.1670268428645398
0.1635289473209606
0.16006469611014387
0.15663855973807606
0.15325466685072953
0.14991678227011979
0.1466282938512146
0.1433922073544272
0.140211148360183
0.1370873701630052
0.13402276656070888
0.1310188884855636
0.12807696349443823
0.12519791723087895
0.12238239608255977
0.11963079037356719
0.116943257545747
0.11431974489201441
0.111760011504013
0.10926364918496742
0.10683010215524816
0.10445868544300116
0.10214860190562519
0.09989895787073544
0.0977087774185319
0.09557701535231604
0.09350256892147986
0.09148428837275813
0.08952098641203
0.0876114466615182
0.0857544311967679
0.08394868724515253
0.08219295312348517
0.08048596348722795
0.07882645395820631
0.07721316519200139
0.0756448464405646
0.07412025866024048
0.0726381772104007
0.0711973941833414
0.06979672040199883
0.06843498711837671
0.06711104744233697
0.06582377752753704
0.06457207753876888
0.06335487242272256
0.06217111250220909
0.06101977391212235
0.059899858893830656
0.05881039596327396
0.05775043996674161
0.05671907203713711
0.055715399462447274
0.05473855547714272
0.05378769898631261
0.052862014231484136
0.05196071040628082
0.05108302122933987
0.050228204481218966
0.04939554151138796
