0.4870282381516874
0.5275337958602595
0.5241672156827986
0.5216526484998242
0.5198444987803748
0.5185514250607925
0.5176295314508617
0.5169729351824807
0.5165048748833669
0.5161702790420292
0.5159299238505555
0.5157560127014229
0.5156289138173886
0.5155347925423277
0.5154639124182427
0.5154094256537838
0.5153665166490726
0.5153317977704115
0.515302884157862
0.5152780950187968
0.5152562440007695
0.5152364921637427
0.5152182448793181
0.5152010795255759
0.5151846947599849
0.5151688749083358
0.5151534649431438
0.515138352882332
0.5151234573898721
0.5151087190256849
0.5150940940578198
0.5150795500757275
0.5150650628713109
0.51505061421385
0.5150361902564229
0.5150217803895181
0.515007376412197
0.5149929719294764
0.5149785619114672
0.5149641423686662
0.5149497101110614
0.5149352625680356
0.5149207976526433
0.5149063136584866
0.5148918091807029
0.5148772830549327
0.5148627343097929
0.5148481621295812
0.514833565824795
0.514818944808671
0.5148042985783946
0.5147896266999694
0.5147749287959673
0.514760204535569
0.5147454536264342
0.5147306758080399
0.514715870846208
0.5147010385285982
0.5146861786609853
0.5146712910641819
0.5146563755714861
0.5146414320265688
0.5146264602817139
0.5146114601963591
0.5145964316358804
0.5145813744705794
0.5145662885748425
0.5145511738264354
0.5145360301059206
0.5145208572961664
0.5145056552819403
0.5144904239495696
0.5144751631866556
0.5144598728818384
0.5144445529245977
0.5144292032050877
0.5144138236139992
0.5143984140424442
0.5143829743818586
0.5143675045239225
0.5143520043604922
0.514336473783543
0.5143209126851238
0.5143053209573158
0.5142896984921996
0.514274045181828
0.5142583609182022
0.5142426455932522
0.51422689909882
0.5142111213266465
0.5141953121683589
0.5141794715154608
0.5141635992593246
0.5141476952911832
0.5141317595021248
0.514115791783087
0.5140997920248525
0.5140837601180459
0.5140676959531292
0.514051599420399
0.5140354704099854
0.5140193088118477
0.5140031145157729
0.5139868874113752
0.5139706273880922
0.5139543343351853
0.513938008141737
0.5139216486966498
0.5139052558886457
0.5138888296062645
0.513872369737862
0.513855876171611
0.5138393487954975
0.5138227874973222
0.5138061921646979
0.5137895626850502
0.5137728989456141
0.5137562008334358
0.5137394682353703
0.5137227010380806
0.5137058991280374
0.5136890623915179
0.5136721907146047
0.5136552839831855
0.5136383420829519
0.5136213648993988
0.5136043523178231
0.5135873042233233
0.5135702205007991
0.5135531010349494
0.5135359457102724
0.5135187544110642
0.5135015270214184
0.5134842634252251
0.5134669635061702
0.5134496271477342
0.513432254233192
0.5134148446456113
0.5133973982678521
0.5133799149825662
0.5133623946721961
0.5133448372189738
0.5133272425049208
0.5133096104118463
0.5132919408213467
0.5132742336148057
0.513256488673392
0.5132387058780591
0.5132208851095446
0.5132030262483692
0.5131851291748359
0.513167193769029
0.5131492199108134
0.5131312074798338
0.5131131563555136
0.5130950664170539
0.5130769375434341
0.5130587696134081
0.5130405625055068
0.5130223160980351
0.513004030269071
0.5129857048964663
0.512967339857844
0.5129489350305986
0.5129304902918945
0.5129120055186658
0.5128934805876145
0.512874915375211
0.5128563097576917
0.512837663611059
0.5128189768110802
0.512800249233287
0.5127814807529737
0.5127626712451973
0.5127438205847756
0.5127249286462878
0.5127059953040718
0.5126870204322245
0.5126680039046008
0.512648945594812
0.5126298453762256
0.5126107031219642
0.5125915187049044
0.5125722919976763
0.5125530228726617
0.5125337112019943
0.5125143568575582
0.5124949597109868
0.5124755196336621
0.5124560364967141
0.512436510171019
0.5124169405271992
0.5123973274356219
0.5123776707663981
0.5123579703893815
0.5123382261741684
0.5123184379900956
0.5122986057062405
0.512278729191419
0.5122588083141857
0.5122388429428322
0.5122188329453862
0.5121987781896109
0.512178678543004
0.5121585338727956
0.5121383440459495
0.5121181089291591
0.51209782838885
0.5120775022911759
0.5120571305020188
0.5120367128869892
0.5120162493114225
0.5119957396403806
0.511975183738649
0.5119545814707369
0.5119339327008757
0.511913237293018
0.5118924951108365
0.5118717060177231
0.5118508698767883
0.5118299865508595
0.5118090559024797
0.5117880777939078
0.5117670520871156
0.511745978643789
0.511724857325325
0.5117036879928314
0.511682470507126
0.5116612047287351
0.5116398905178923
0.5116185277345383
0.5115971162383188
0.5115756558885834
0.5115541465443857
0.5115325880644808
0.5115109803073248
0.511489323131074
0.5114676163935832
0.5114458599524048
0.5114240536647876
0.5114021973876762
0.5113802909777088
0.5113583342912169
0.5113363271842242
0.5113142695124449
0.5112921611312828
0.51127000189583
0.511247791660866
0.5112255302808564
0.5112032176099518
0.5111808535019862
0.5111584378104764
0.5111359703886205
0.5111134510892962
0.5110908797650608
0.5110682562681488
0.5110455804504713
0.5110228521636148
0.5110000712588392
0.5109772375870775
0.5109543509989345
0.5109314113446846
0.5109084184742716
0.5108853722373068
0.5108622724830678
0.5108391190604977
0.5108159118182033
0.5107926506044536
0.5107693352671793
0.5107459656539708
0.5107225416120771
0.5106990629884045
0.5106755296295156
0.5106519413816271
0.5106282980906093
0.5106045996019842
0.5105808457609248
0.5105570364122527
0.510533171400438
0.5105092505695965
0.5104852737634897
0.5104612408255224
0.5104371515987417
0.5104130059258359
0.5103888036491321
0.5103645446105955
0.5103402286518286
0.5103158556140681
0.510291425338185
0.5102669376646816
0.5102423924336923
0.5102177894849795
0.5101931286579342
0.5101684097915731
0.510143632724538
0.5101187972950938
0.5100939033411274
0.5100689507001455
0.5100439392092736
0.5100188687052546
0.5099937390244468
0.5099685500028224
0.5099433014759661
0.5099179932790735
0.5098926252469494
0.5098671972140063
0.5098417090142628
0.5098161604813416
0.5097905514484689
0.509764881748471
0.5097391512137748
0.5097133596764045
0.5096875069679805
0.5096615929197175
0.5096356173624236
0.5096095801264975
0.5095834810419277
0.50955731993829
0.5095310966447464
0.509504810990043
0.5094784628025085
0.5094520519100522
0.5094255781401623
0.5093990413199045
0.5093724412759195
0.5093457778344216
0.5093190508211969
0.5092922600616013
0.5092654053805593
0.509238486602561
0.5092115035516612
0.5091844560514773
0.5091573439251869
0.5091301669955268
0.5091029250847904
0.509075618014826
0.5090482456070352
0.5090208076823701
0.5089933040613324
0.5089657345639707
0.5089380990098784
0.5089103972181932
0.5088826290075926
0.5088547941962943
0.5088268926020524
0.5087989240421564
0.5087708883334292
0.5087427852922242
0.5087146147344237
0.5086863764754371
0.5086580703301984
0.5086296961131643
0.5086012536383119
0.5085727427191364
0.5085441631686496
0.5085155147993771
0.5084867974233565
0.5084580108521349
0.5084291548967669
0.5084002293678123
0.5083712340753339
0.5083421688288954
0.5083130334375587
0.5082838277098821
0.5082545514539178
0.5082252044772095
0.5081957865867905
0.5081662975891806
0.5081367372903848
0.5081071054958897
0.5080774020106621
0.5080476266391466
0.5080177791852625
0.5079878594524017
0.5079578672434266
0.5079278023606676
0.5078976646059196
0.507867453780441
0.5078371696849504
0.5078068121196243
0.5077763808840946
0.5077458757774456
0.507715296598212
0.507684643144376
0.5076539152133652
0.5076231126020496
0.5075922351067388
0.5075612825231796
0.5075302546465532
0.5074991512714734
0.507467972191982
0.5074367172015485
0.5074053860930654
0.5073739786588464
0.5073424946906235
0.5073109339795445
0.5072792963161696
0.5072475814904689
0.5072157892918197
0.5071839195090035
0.5071519719302037
0.5071199463430015
0.5070878425343744
0.5070556602906923
0.5070233993977151
0.5069910596405895
0.5069586408038464
0.5069261426713974
0.506893565026532
0.506860907651915
0.5068281703295833
0.5067953528409418
0.5067624549667621
0.5067294764871784
0.5066964171816842
0.5066632768291299
0.5066300552077192
0.506596752095006
0.5065633672678912
0.5065299005026195
0.5064963515747766
0.5064627202592853
0.506429006330403
0.5063952095617174
0.5063613297261441
0.5063273665959234
0.5062933199426158
0.5062591895371003
0.5062249751495693
0.506190676549527
0.5061562935057842
0.5061218257864568
0.5060872731589602
0.5060526353900074
0.5060179122456059
0.5059831034910517
0.505948208890929
0.5059132282091041
0.5058781612087236
0.5058430076522094
0.5058077673012561
0.505772439916827
0.5057370252591502
0.5057015230877158
0.505665933161271
0.5056302552378173
0.5055944890746067
0.5055586344281376
0.5055226910541508
0.5054866587076268
0.5054505371427805
0.5054143261130588
0.5053780253711357
0.5053416346689091
0.5053051537574964
0.5052685823872309
0.5052319203076575
0.5051951672675297
0.5051583230148039
0.5051213872966374
0.5050843598593828
0.5050472404485846
0.5050100288089756
0.5049727246844714
0.5049353278181681
0.5048978379523364
0.5048602548284189
0.5048225781870253
0.5047848077679276
0.5047469433100571
0.5047089845514994
0.5046709312294901
0.5046327830804107
0.5045945398397846
0.504556201242272
0.5045177670216663
0.504479236910889
0.5044406106419865
0.504401887946124
0.5043630685535824
0.5043241521937529
0.5042851385951339
0.5042460274853247
0.5042068185910219
0.5041675116380152
0.5041281063511821
0.5040886024544836
0.5040489996709596
0.5040092977227235
0.5039694963309596
0.503929595215916
0.5038895940969008
0.5038494926922781
0.503809290719462
0.5037689878949129
0.5037285839341317
0.5036880785516555
0.5036474714610533
0.5036067623749194
0.5035659510048708
0.50352503706154
0.5034840202545716
0.5034429002926171
0.5034016768833289
0.5033603497333566
0.5033189185483414
0.5032773830329106
0.5032357428906727
0.5031939978242136
0.5031521475350889
0.5031101917238211
0.5030681300898934
0.5030259623317443
0.5029836881467629
0.5029413072312832
0.502898819280579
0.5028562239888588
0.5028135210492601
0.5027707101538448
0.5027277909935923
0.5026847632583958
0.5026416266370561
0.5025983808172756
0.5025550254856542
0.5025115603276827
0.502467985027738
0.5024242992690763
0.5023805027338295
0.502336595102998
0.5022925760564461
0.5022484452728951
0.5022042024299195
0.50215984720394
0.5021153792702178
0.5020707983028495
0.5020261039747611
0.5019812959577024
0.5019363739222401
0.5018913375377544
0.5018461864724305
0.5018009203932543
0.5017555389660066
0.5017100418552563
0.5016644287243547
0.5016186992354308
0.5015728530493834
0.5015268898258765
0.5014808092233327
0.5014346108989277
0.5013882945085838
0.5013418597069632
0.5012953061474636
0.5012486334822107
0.5012018413620527
0.5011549294365534
0.5011078973539872
0.5010607447613319
0.5010134713042629
0.5009660766271471
0.5009185603730361
0.5008709221836604
0.5008231616994233
0.500775278559394
0.5007272724013014
0.5006791428615281
0.5006308895751036
0.5005825121756982
0.5005340102956165
0.5004853835657909
0.5004366316157749
0.5003877540737377
0.500338750566456
0.5002896207193089
0.5002403641562709
0.5001909804999052
0.5001414693713574
0.5000918303903488
0.5000420631751694
0.4999921673426724
0.49994214250826624
0.499891988285909
0.4998417042881007
0.499791290125878
0.4997407454088063
0.4996900697449733
0.4996392627409828
0.499588324001947
0.49953725313148123
0.49948604973169525
0.4994347134031881
0.49938324374504045
0.49933164035480804
0.4992799028285151
0.4992280307606465
0.49917602374414227
0.4991238813703898
0.4990716032292172
0.49901918890888675
0.49896663799608704
0.4989139500759273
0.49886112473192956
0.49880816154602203
0.49875506009853215
0.49870181996817986
0.4986484407320697
0.4985949219656851
0.49854126324288084
0.4984874641358754
0.4984335242152451
0.4983794430499164
0.498325220207159
0.4982708552525787
0.49821634775011053
0.49816169726201187
0.49810690334885516
0.4980519655695206
0.49799688348118976
0.49794165663933765
0.4978862845977265
0.49783076690839834
0.4977751031216678
0.49771929278611504
0.497663335448579
0.49760723065414975
0.49755097794616193
0.4974945768661877
0.4974380269540288
0.4973813277477108
0.49732447878347497
0.49726747959577156
0.49721032971725265
0.4971530286787652
0.49709557600934384
0.4970379712362042
0.4969802138847346
0.49692230347849115
0.4968642395391882
0.4968060215866934
0.4967476491390193
0.49668912171231705
0.496630438820869
0.4965715999770818
0.496512604691479
0.4964534524726954
0.4963941428274681
0.496334675260631
0.49627504927510724
0.49621526437190244
0.4961553200500973
0.49609521580684157
0.49603495113734636
0.49597452553487736
0.4959139384907483
0.49585318949431373
0.4957922780329626
0.49573120359211087
0.4956699656551953
0.49560856370366596
0.49554699721698026
0.4954852656725957
0.49542336854596325
0.4953613053105209
0.4952990754376864
0.49523667839685137
0.49517411365537417
0.4951113806785733
0.4950484789297215
0.494985407870038
0.49492216695868363
0.49485875565275267
0.49479517340726775
0.49473141967517253
0.49466749390732623
0.4946033955524965
0.4945391240573533
0.494474678866463
0.4944100594222819
0.49434526516515026
0.4942802955332854
0.49421514996277727
0.4941498278875802
0.494084328739509
0.4940186519482314
0.4939527969412632
0.4938867631439618
0.4938205499795205
0.49375415686896335
0.49368758323113826
0.4936208284827126
0.4935538920381664
0.4934867733097881
0.49341947170766753
0.4933519866396925
0.4932843175115413
0.4932164637266785
0.49314842468635006
0.49308019978957707
0.4930117884331517
0.4929431900116313
0.49287440391733417
0.49280542954033385
0.4927362662684551
0.49266691348726865
0.49259737058008646
0.4925276369279574
0.4924577119096626
0.49238759490171075
0.4923172852783342
0.49224678241148434
0.49217608567082727
0.49210519442374034
0.4920341080353071
0.4919628258683142
0.49189134728324735
0.4918196716382872
0.49174779828930587
0.4916757265898639
0.4916034558912057
0.49153098554225694
0.4914583148896218
0.49138544327757816
0.4913123700480761
0.4912390945407341
0.49116561609283677
0.4910919340393314
0.49101804771282587
0.4909439564435864
0.4908696595595341
0.49079515638624394
0.4907204462469419
0.49064552846250287
0.4905704023514494
0.490495067229949
0.49041952241181364
0.49034376720849704
0.4902678009290943
0.49019162288034
0.49011523236660753
0.4900386286899078
0.48996181114988857
0.489884779043834
0.48980753166666374
0.489730068310933
0.48965238826683183
0.48957449082218535
0.489496375262454
0.48941804087073343
0.48933948692775525
0.4892607127118875
0.4891817174991353
0.4891025005631418
0.48902306117518957
0.4889433986042012
0.48886351211674184
0.48878340097701967
0.4887030644468882
0.48862250178584854
0.4885417122510515
0.4884606950972992
0.4883794495770488
0.4882979749404146
0.48821627043517113
0.48813433530675604
0.4880521687982742
0.4879697701505006
0.4878871386018844
0.48780427338855287
0.487721173744316
0.4876378389006707
0.4875542680868045
0.48747046052960263
0.4873864154536505
0.4873021320812419
0.487217609632382
0.48713284732479484
0.4870478443739286
0.4869625999929623
0.48687711339281214
0.4867913837821388
0.4867054103673537
0.48661919235262674
0.4865327289398943
0.48644601932886644
0.486359062717035
0.4862718582996829
0.4861844052698918
0.48609670281855133
0.4860087501343685
0.48592054640387705
0.48583209081144757
0.48574338253929705
0.4856544207674992
0.4855652046739961
0.485475733434608
0.4853860062230454
0.48529602221092033
0.48520578056775815
0.48511528046100977
0.4850245210560647
0.4849335015162634
0.48484222100291036
0.4847506786752882
0.4846588736906709
0.4845668052043385
0.48447447236959135
0.48438187433776464
0.48428901025824483
0.4841958792784836
0.4841024805440152
0.4840088131984717
0.48391487638360053
0.48382066923928074
0.4837261909035407
0.48363144051257645
0.48353641720076845
0.4834411201007019
0.483345548343184
0.4832497010572643
0.4831535773702543
0.4830571764077469
0.482960497293638
0.4828635391501462
0.4827663010978351
0.4826687822556345
0.4825709817408626
0.4824728986692493
0.48237453215495796
0.4822758813106098
0.48217694524730736
0.482077723074659
0.48197821390080364
0.4818784168324359
0.4817783309748316
0.48167795543187397
0.48157728930608057
0.48147633169862963
0.4813750817093881
0.4812735384369393
0.4811717009786118
0.4810695684305075
0.48096713988753187
0.4808644144434233
0.4807613911907838
0.48065806922110954
0.4805544476248223
0.48045052549130174
0.48034630190891686
0.48024177596506007
0.48013694674617935
0.4800318133378134
0.4799263748246246
0.47982063029043515
0.4797145788182622
0.4796082194903535
0.4795015513882244
0.47939457359269494
0.4792872851839268
0.4791796852414624
0.4790717728442626
0.4789635470707475
0.47885500699883365
0.47874615170597795
0.47863698026921503
0.47852749176520165
0.47841768527025674
0.4783075598604054
0.4781971146114215
0.4780863485988714
0.47797526089815867
0.47786385058456904
0.47775211673331575
0.4776400584195862
0.4775276747185878
0.4774149647055962
0.4773019274560033
0.47718856204536486
0.47707486754945033
0.4769608430442932
0.47684648760624027
0.4767318003120031
0.47661678023871
0.4765014264639581
0.47638573806586587
0.4762697141231268
0.47615335371506395
0.4760366559216841
0.4759196198237334
0.47580224450275355
0.47568452904113834
0.47556647252219075
0.47544807403018097
0.47532933265040556
0.47521024746924573
0.4750908175742278
0.47497104205408364
0.47485091999881174
0.4747304504997392
0.4746096326495836
0.47448846554251733
0.47436694827423
0.4742450799419936
0.4741228596447278
0.4740002864830647
0.47387735955941657
0.4737540779780415
0.47363044084511213
0.4735064472687839
0.47338209635926326
0.4732573872288781
0.47313231899214836
0.473006890765856
0.47288110166911707
0.4727549508234548
0.472628437352871
0.47250156038392155
0.47237431904578875
0.4722467124703576
0.4721187397922909
0.4719904001491054
0.47186169268124883
0.4717326165321769
0.47160317084843273
0.471473354779724
0.47134316747900395
0.47121260810254995
0.4710816758100454
0.47095036976466065
0.4708186891331354
0.47068663308586034
0.47055420079696103
0.4704213914443822
0.4702882042099714
0.4701546382795647
0.4700206928430719
0.4698863670945636
0.4697516602323573
0.46961657145910524
0.46948109998188314
0.46934524501227776
0.4692090057664773
0.4690723814653602
0.46893537133458707
0.46879797460469036
0.4686601905111665
0.46852201829456797
0.46838345720059693
0.46824450648019655
0.4681051653896465
0.4679654331906568
0.4678253091504625
0.46768479254191925
0.4675438826435994
0.4674025787398878
0.4672608801210794
0.4671187860834768
0.46697629592948686
0.46683340896772085
0.4666901245130921
0.4665464418869154
0.46640236041700756
0.4662578794377867
0.4661129982903735
0.4659677163226915
0.46582203288956975
0.46567594735284346
0.4655294590814571
0.46538256745156725
0.4652352718466442
0.4650875716575769
0.46493946628277627
0.4647909551282786
0.4646420376078509
0.46449271314309515
0.4643429811635533
0.4641928411068128
0.46404229241861206
0.4638913345529463
0.4637399669721738
0.4635881891471224
0.4634360005571956
0.4632834006904799
0.4631303890438517
0.4629769651230843
0.46282312844295526
0.4626688785273543
0.46251421490939093
0.4623591371315019
0.46220364474555903
0.4620477373129782
0.46189141440482623
0.4617346756019298
0.461577520494984
0.4614199486846592
0.4612619597817109
0.46110355340708753
0.46094472919203766
0.4607854867782201
0.4606258258178109
0.46046574597361134
0.46030524691915664
0.4601443283388239
0.459982989927939
0.4598212313928858
0.4596590524512121
0.45949645283173807
0.45933343227466295
0.45916999053167223
0.4590061273660442
0.4588418425527566
0.4586771358785925
0.4585120071422464
0.45834645615443004
0.45818048273797773
0.4580140867279501
0.4578472679717406
0.4576800263291775
0.45751236167263
0.4573442738871093
0.4571757628703724
0.45700682853302543
0.4568374707986235
0.45666768960377374
0.45649748489823516
0.4563268566450199
0.4561558048204913
0.45598432941446465
0.4558124304303048
0.4556401078850238
0.4554673618093783
0.45529419224796597
0.455120599259321
0.4549465829160094
0.4547721433047231
0.4545972805263728
0.45442199469618116
0.45424628594377464
0.4540701544132735
0.4538936002633832
0.45371662366748283
0.4535392248137126
0.4533614039050623
0.4531831611594572
0.4530044968098427
0.45282541110426955
0.4526459043059767
0.452465976693473
0.452285628560619
0.4521048602167064
0.4519236719865373
0.4517420642105018
0.45156003724465404
0.4513775914607879
0.451194727246511
0.4510114450053179
0.45082774515666074
0.4506436281360203
0.4504590943949747
0.45027414440126645
0.4500887786388701
0.44990299760805536
0.4497168018254516
0.44953019182410947
0.4493431681535618
0.4491557313798826
0.4489678820857439
0.44877962087047285
0.4485909483501057
0.44840186515744085
0.44821237194209024
0.4480224693705288
0.44783215812614363
0.44764143890927893
0.44745031243728217
0.44725877944454684
0.4470668406825533
0.4468744969199093
0.44668174894238777
0.4464885975529625
0.4462950435718432
0.44610108783650787
0.44590673120173324
0.4457119745396242
0.4455168187396411
0.4453212647086238
0.44512531337081646
0.44492896566788775
0.4447322225589509
0.4445350850205816
0.4443375540468324
0.4441396306492474
0.44394131585687346
0.4437426107162698
0.4435435162915151
0.443344033664214
0.44314416393349954
0.4429439082160357
0.44274326764601524
0.4425422433751586
0.44234083657270745
0.442139048425419
0.4419368801375564
0.4417343329308767
0.44153140804461916
0.4413281067354879
0.4411244302776355
0.4409203799626419
0.4407159570994937
0.4405111630145585
0.4403059990515593
0.4401004665715454
0.4398945669528611
0.4396883015911134
0.43948167189913573
0.4392746793069506
0.4390673252617301
0.4388596112277532
0.4386515386863612
0.43844310913591195
0.43823432409173024
0.43802518508605587
0.43781569366799217
0.4376058514034485
0.4373956598750828
0.43718512068224147
0.4369742354408969
0.4367630057835822
0.4365514333593245
0.43633951983357494
0.4361272668881386
0.4359146762210984
0.43570174954674107
0.43548848859547684
0.43527489511376055
0.43506097086400713
0.43484671762450755
0.43463213718934085
0.4344172313682855
0.4342020019867252
0.43398645088555765
0.43377057992109663
0.4335543909649732
0.433337885904037
0.43312106664025046
0.4329039350905869
0.4326864931869206
0.4324687428759195
0.43225068611893236
0.4320323248918757
0.43181366118511827
0.43159469700336317
0.4313754343655276
0.43115587530462096
0.43093602186762126
0.4307158761153481
0.4304954401223363
0.43027471597670364
0.43005370578002056
0.42983241164717517
0.42961083570623726
0.42938898009832066
0.4291668469774439
0.4289444385103866
0.428721756876548
0.4284988042678003
0.42827558288834106
0.4280520949545454
0.42782834269481346
0.42760432834941875
0.42738005417035346
0.42715552242117233
0.42693073537683424
0.4267056953235439
0.42648040455858904
0.4262548653901792
0.42602908013728025
0.4258030511294489
0.42557678070666455
0.42535027121916164
0.4251235250272575
0.4248965445011815
0.42466933202090074
0.4244418899759459
0.42421422076523513
0.42398632679689574
0.42375821048808593
0.42352987426481403
0.4233013205617583
0.4230725518220822
0.42284357049725285
0.42261437904685417
0.42238497993840196
0.42215537564715544
0.4219255686559297
0.4216955614549066
0.4214653565414434
0.42123495641988185
0.42100436360135624
0.42077358060359943
0.4205426099507486
0.42031145417315213
0.4200801158071707
0.4198485973949836
0.41961690148438985
0.41938503062861043
0.41915298738608947
0.41892077432029573
0.41868839399952174
0.41845584899668287
0.4182231418891177
0.4179902752583853
0.41775725169006295
0.41752407377354506
0.4172907441018383
0.41705726527136
0.4168236398817333
0.4165898705355843
0.4163559598383365
0.41612191039800783
0.41588772482500513
0.4156534057319191
0.4154189557333209
0.4151843774455549
0.41494967348653566
0.4147148464755408
0.4144798990330083
0.4142448337803292
0.41400965333964435
0.4137743603336376
0.41353895738533336
0.41330344711789024
0.41306783215439746
0.41283211511767043
0.41259629863004765
0.4123603853131862
0.41212437778785904
0.4118882786737524
0.4116520905892626
0.411415816151295
0.4111794579750627
0.4109430186738838
0.4107065008589828
0.4104699071392902
0.41023324012124235
0.4099965024085843
0.40975969660216993
0.4095228252997663
0.40928589109585617
0.4090488965814423
0.4088118443438522
0.4085747369665438
0.4083375770289128
0.40810036710609887
0.40786310976879436
0.407625807583054
0.40738846311010424
0.40715107890615515
0.40691365752221154
0.40667620150388706
0.40643871339121784
0.40620119571847796
0.40596365101399506
0.40572608179996883
0.405488490592289
0.4052508799003551
0.40501325222689794
0.4047756100678007
0.40453795591192376
0.40430029224092756
0.40406262152910055
0.403824946243185
0.40358726884220586
0.4033495917773011
0.4031119174915523
0.402874248419818
0.40263658698856697
0.4023989356157147
0.40216129671045897
0.401923672673119
0.4016860658949757
0.40144847875811174
0.40121091363525546
0.4009733728896247
0.4007358588747725
0.4004983739344348
0.40026092040237915
0.4000235006022562
0.3997861168474498
0.3995487714409326
0.39931146667512074
0.39907420483173106
0.3988369881816387
0.39859981898473873
0.3983626994898074
0.3981256319343654
0.3978886185445438
0.39765166153495035
0.39741476310853874
0.3971779254564784
0.3969411507580267
0.396704441180403
0.3964677988786639
0.39623122599558
0.3959947246615159
0.3957582969943102
0.3955219450991577
0.3952856710684942
0.39504947698188253
0.39481336490589936
0.39457733689402535
0.3943413949865363
0.3941055412103967
0.39386977757915276
0.3936341060928306
0.393398528737834
0.3931630474868448
0.3929276642987235
0.3926923811184145
0.3924571998768503
0.3922221224908593
0.39198715086307395
0.3917522868818427
0.39151753242114085
0.39128288934048555
0.39104835948485195
0.39081394468459
0.3905796467553452
0.39034546749797794
0.3901114086984886
0.38987747212794
0.389643659542385
0.3894099726827945
0.3891764132749865
0.38894298302955876
0.38870968364182074
0.38847651679172895
0.3882434841438238
0.3880105873471672
0.38777782803528354
0.3875452078260993
0.38731272832188857
0.387080391109216
0.3868481977588843
0.3866161498258815
0.3863842488493319
0.38615249635244586
0.3859208938424735
0.3856894428106596
0.3854581447321979
0.3852270010661904
0.38499601325560606
0.3847651827272405
0.38453451089167917
0.38430399914326063
0.3840736488600413
0.38384346140376285
0.3836134381198196
0.3833835803372284
0.3831538893685993
0.382924366510108
0.38269501304147
0.3824658302259152
0.38223681931016473
0.38200798152440896
0.3817793180822864
0.3815508301808649
0.3813225190006232
0.38109438570543314
0.3808664314425466
0.38063865734257857
0.38041106451949624
0.3801836540706057
0.3799564270765427
0.3797293846012623
0.3795025276920316
0.3792758573794216
0.37904937467730304
0.37882308058284014
0.37859697607648796
0.37837106212198973
0.37814533966637515
0.3779198096399608
0.37769447295635056
0.3774693305124368
0.377244383188404
0.3770196318477319
0.3767950773372013
0.37657072048689844
0.3763465621102223
0.37612260300389283
0.3758988439479581
0.375675285705805
0.37545192902416863
0.375228774633144
0.37500582324619736
0.3747830755601795
0.3745605322553392
0.3743381939953375
0.37411606142726284
0.3738941351816467
0.37367241587248035
0.3734509040972322
0.3732296004368658
0.3730085054558582
0.3727876197022193
0.3725669437075118
0.37234647798687204
0.3721262230390305
0.37190617934633396
0.3716863473747677
0.37146672757397775
0.371247320377295
0.37102812620175873
0.37080914544814014
0.37059037850096876
0.37037182572855565
0.3701534874830206
0.3699353641003179
0.3697174559002613
0.36949976318655325
0.3692822862468102
0.36906502535259045
0.3688479807594229
0.36863115270683394
0.3684145414183766
0.368198147101659
0.3679819699483729
0.367766010134324
0.36755026781945954
0.3673347431478998
0.367119436247966
0.36690434723221144
0.36668947619745135
0.3664748232247925
0.36626038837966335
0.36604617171184595
0.365832173255504
0.3656183930292154
0.3654048310360019
0.365191487263359
0.3649783616832879
0.36476545425232487
0.3645527649115724
0.36434029358672915
0.36412804018812095
0.36391600461073054
0.3637041867342279
0.363492586423001
0.36328120352618465
0.3630700378776916
0.36285908929624056
0.3626483575853877
0.3624378425335548
0.3622275439140578
0.36201746148513697
0.3618075949899848
0.36159794415677443
0.3613885086986878
0.36117928831394397
0.36097028268582526
0.3607614914827065
0.3605529143580797
0.3603445509505825
0.36013640088402277
0.35992846376740567
0.359720739194958
0.35951322674615416
0.3593059259857397
0.3590988364637561
0.3588919577155642
0.35868528926186816
0.3584788306087368
0.35827258124762673
0.3580665406554041
0.35786070829436556
0.3576550836122591
0.357449666042304
0.3572444550032106
0.357039449899199
0.3568346501200178
0.35663005504096174
0.35642566402288867
0.35622147641223656
0.35601749154103896
0.35581370872694035
0.3556101272732108
0.35540674646876
0.3552035655881504
0.3550005838916088
0.35479780062504
0.35459521502003544
0.35439282629388613
0.3541906336495897
0.35398863627586086
0.3537868333471381
0.3535852240235924
0.35338380745113185
0.35318258276140807
0.3529815490718215
0.3527807054855238
0.35258005109142204
0.3523795849641803
0.3521793061642211
0.35197921373772567
0.35177930671663293
0.3515795841186391
0.35138004494719494
0.35118068819150083
0.3509815128265049
0.35078251781289643
0.3505837020970998
0.3503850646112673
0.3501866042732711
0.3499883199866935
0.3497902106408175
0.349592275110615
0.3493945122567346
0.34919692092548826
0.34899949994883694
0.34880224814437516
0.34860516431531435
0.3484082472504648
0.3482114957242179
0.3480149084965254
0.3478184843128788
0.3476222219042872
0.3474261199872536
0.34723017726375116
0.3470343924211972
0.3468387641324264
0.34664329105566344
0.3464479718344934
0.3462528050978305
0.34605778945988913
0.34586292352014814
0.34566820586331887
0.3454736350593093
0.3452792096631869
0.34508492821514264
0.3448907892404497
0.3446967912494256
0.3445029327373884
0.3443092121846154
0.3441156280562985
0.3439221788024987
0.34372886285809967
0.34353567864275847
0.3433426245608584
0.3431496990014558
0.3429569003382292
0.3427642269294262
0.34257167711780734
0.3423792492305914
0.3421869415793963
0.3419947524601816
0.341802680153187
0.34161072292287104
0.34141887901784806
0.3412271466708235
0.34103552409852783
0.3408440095016487
0.34065260106476325
0.3404612969562665
0.3402700953283003
0.34007899431668054
0.3398879920408211
0.33969708660365927
0.3395062760915775
0.33931555857432416
0.3391249321049329
0.33893439471964154
0.3387439444378078
0.3385535792618246
0.33836329717703323
0.33817309615163565
0.3379829741366055
0.33779292906559594
0.33760295885484864
0.33741306140309835
0.3372232345914785
0.3370334762834233
0.3368437843245704
0.3366541565426592
0.3364645907474305
0.3362750847305237
0.33608563626537075
0.33589624310709143
0.33570690299238437
0.3355176136394197
0.3353283727477263
0.3351391779980812
0.33495002705239507
0.3347609175535969
0.3345718471255177
0.33438281337277204
0.3341938138806384
0.3340048462149374
0.33381590792190946
0.33362699652809114
0.33343810954018716
0.3332492444449462
0.3330603987090296
0.3328715697788828
0.3326827550806028
0.33249395201980536
0.3323051579814901
0.332116370329905
0.33192758640840847
0.33173880353933055
0.33155001902383285
0.33136123014176677
0.33117243415153036
0.3309836282899232
0.3307948097720018
0.33060597579093143
0.3304171235178378
0.3302282501016579
0.3300393526689875
0.32985042832392963
0.32966147414794067
0.3294724871996754
0.32928346451483026
0.3290944031059867
0.32890529996245194
0.32871615205009896
0.32852695631120643
0.32833770966429554
0.32814840900396725
0.32795905120073826
0.32776963310087515
0.32758015152622777
0.3273906032740631
0.3272009851168951
0.32701129380231686
0.3268215260528295
0.32663167856567177
0.32644174801264714
0.3262517310399517
0.32606162426800095
0.32587142429125476
0.32568112767804264
0.3254907309703883
0.3253002306838332
0.3251096233072599
0.3249189053027143
0.32472807310522817
0.32453712312264094
0.32434605173542036
0.3241548552964846
0.32396353013102114
0.32377207253630885
0.32358047878153773
0.3233887451076283
0.3231968677270526
0.3230048428236536
0.3228126665524651
0.32262033503953197
0.32242784438173083
0.3222351906465904
0.32204236987211127
0.3218493780665889
0.32165621120843313
0.3214628652459922
0.32126933609737357
0.32107561965026926
0.32088171176177754
0.3206876082582295
0.3204933049350142
0.32029879755640506
0.32010408185538775
0.3199091535334896
0.31971400826060836
0.31951864167484495
0.3193230493823354
0.3191272269570853
0.31893116994080606
0.31873487384275206
0.31853833413955973
0.3183415462750897
0.31814450566026936
0.3179472076729382
0.31774964765769587
0.31755182092575174
0.31735372275477725
0.3171553483887604
0.3169566930378645
0.3167577518782868
0.3165585200521237
0.3163589926672349
0.3161591647971144
0.31595903148076304
0.3157585877225632
0.31555782849216124
0.3153567487243474
0.31515534331894574
0.31495360714070403
0.3147515350191893
0.31454912174868654
0.3143463620881042
0.31414325076088045
0.313939782454898
0.31373595182240055
0.31353175347991696
0.3133271820081875
0.3131222319520993
0.31291689782062315
0.3127111740867582
0.3125050551874831
0.3122985355237108
0.31209160946025094
0.31188427132577873
0.31167651541280905
0.3114683359776786
0.3112597272405332
0.3110506833853233
0.3108411985598071
0.31063126687555853
0.31042088240798527
0.3102100391963534
0.3099987312438201
0.309786952517473
0.30957469694838097
0.3093619584316491
0.30914873082648586
0.30893500795627754
0.30872078360867056
0.30850605153566524
0.30829080545371673
0.30807503904384687
0.3078587459517655
0.30764191978800004
0.30742455412803804
0.3072066425124779
0.30698817844718956
0.3067691554034885
0.3065495668183171
0.30632940609444004
0.30610866660064906
0.3058873416719794
0.30566542460993823
0.3054429086827449
0.30521978712558195
0.3049960531408599
0.30477169989849295
0.30454672053618814
0.3043211081597457
0.3040948558433744
0.3038679566300178
0.30364040353169447
0.30341218952985216
0.30318330757573375
0.30295375059075846
0.30272351146691734
0.30249258306717913
0.302260958225915
0.3020286297493342
0.30179559041593534
0.3015618329769723
0.3013273501569337
0.30109213465403895
0.30085617914074797
0.3006194762642861
0.30038201864718445
0.300143798887835
0.299904809561063
0.29966504321871157
0.2994244923902447
0.299183149583365
0.2989410072846471
0.298698057960187
0.2984542940562671
0.2982097080000381
0.2979642922002161
0.29771803904779587
0.2974709409167814
0.2972229901649305
0.2969741791345182
0.2967245001531149
0.2964739455343802
0.2962225075788761
0.2959701785748918
0.2957169507992896
0.2954628165183641
0.2952077679887188
0.29495179745815814
0.294694897166598
0.29443705934698894
0.2941782762262586
0.2939185400262694
0.2936578429647914
0.29339617725649164
0.2931335351139401
0.2928699087486299
0.29260529037201555
0.2923396721965643
0.29207304643682447
0.2918054053105079
0.2915367410395905
0.2912670458514235
0.2909963119798639
0.29072453166641643
0.2904516971613926
0.2901778007250821
0.2899028346289407
0.2896267911567893
0.2893496626060307
0.2890714412888765
0.2887921195335888
0.28851168968573615
0.288230144109461
0.2879474751887599
0.2876636753287788
0.2873787369571165
0.28709265252514393
0.28680541450933206
0.2865170154125948
0.28622744776563913
0.2859367041283302
0.28564477709106323
0.2853516592761486
0.28505734333920596
0.2847618219705682
0.28446508789669445
0.28416713388159276
0.2838679527282517
0.2835675372800796
0.28326588042235273
0.28296297508367146
0.28265881423742306
0.28235339090325245
0.28204669814853867
0.28173872908987996
0.2814294768945824
0.2811189347821566
0.2808070960258178
0.28049395395399246
0.2801795019518296
0.2798637334627149
0.2795466419897917
0.279228221097482
0.27890846441301476
0.2785873656279535
0.2782649184997292
0.27794111685317413
0.277615954582058
0.27728942565062514
0.2769615240951341
0.27663224402539655
0.27630157962631796
0.27596952515943785
0.2756360749644702
0.2753012234608426
0.27496496514923574
0.2746272946131205
0.2742882065202948
0.2739476956244177
0.2736057567665406
0.27326238487663845
0.27291757497513575
0.27257132217443064
0.2722236216804144
0.27187446879398935
0.27152385891258035
0.27117178753164334
0.2708182502461682
0.27046324275217903
0.27010676084822527
0.2697488004368713
0.2693893575261769
0.26902842823117457
0.26866600877533753
0.26830209549204426
0.2679366848260326
0.2675697733348494
0.26720135769029146
0.2668314346798395
0.2664600012080832
0.266087054298137
0.2657125910930518
0.26533660885721194
0.26495910497772707
0.2645800769658134
0.26419952245816597
0.2638174392183199
0.2634338251380026
0.2630486782384756
0.2626619966718653
0.2622737787224817
0.2618840228081295
0.2614927274814044
0.2610998914309779
0.26070551348287296
0.2603095926017244
0.25991212789202744
0.259513118599376
0.25911256411168393
0.2587104639603957
0.25830681782168274
0.2579016255176261
0.25749488701738227
0.2570866024383404
0.25667677204725803
0.25626539626138556
0.25585247564957436
0.25543801093336876
0.25502200298808203
0.2546044528438561
0.25418536168670414
0.25376473085953505
0.25334256186316345
0.2529188563572965
0.25249361616150867
0.25206684325619183
0.2516385397834906
0.2512087080482153
0.2507773505187372
0.2503444698278611
0.24991006877367888
0.2494741503204014
0.24903671759916823
0.24859777390883453
0.2481573227167373
0.24771536765943744
0.24727191254343706
0.24682696134587492
0.24638051821519552
0.24593258747179333
0.24548317360863275
0.2450322812918401
0.2445799153612698
0.2441260808310438
0.24367078289006205
0.24321402690248567
0.24275581840819094
0.24229616312319346
0.24183506694004225
0.24137253592818508
0.2409085763343001
0.2404431945825968
0.2399763972750848
0.2395081911918101
0.2390385832910576
0.23856758070951775
0.2380951907624226
0.23762142094364144
0.2371462789257453
0.23666977256003255
0.23619190987651778
0.2357126990838829
0.23523214856939167
0.23475026689876308
0.23426706281600812
0.23378254524322353
0.2332967232803485
0.23280960620487787
0.23232120347153584
0.23183152471190516
0.2313405797340168
0.23084837852189455
0.23035493123505618
0.22986024820797235
0.22936433994947839
0.22886721714214375
0.2283688906415942
0.22786937147579042
0.22736867084425688
0.22686680011726826
0.2263637708349864
0.2258595947065512
0.22535428360912274
0.22484784958687626
0.22434030484995005
0.22383166177334307
0.22332193289576513
0.22281113091843746
0.22229926870384537
0.2217863592744409
0.22127241581129545
0.22075745165270597
0.22024148029274748
0.21972451537977977
0.21920657071490246
0.2186876602503609
0.21816779808790382
0.2176469984770896
0.21712527581354535
0.21660264463717493
0.2160791196303195
0.2155547156158687
0.21502944755532336
0.21450333054680953
0.2139763798230463
0.21344861074926297
0.21292003882107233
0.21239067966229494
0.21186054902273765
0.2113296627759269
0.21079803691679466
0.21026568755932273
0.20973263093413946
0.2091988833860747
0.20866446137167188
0.20812938145665627
0.20759366031336382
0.20705731471812652
0.20652036154862
0.20598281778117078
0.20544470048802504
0.20490602683457992
0.2043668140765788
0.2038270795572697
0.2032868407045303
0.20274611502795797
0.20220492011592717
0.20166327363261694
0.20112119331500544
0.20057869696983677
0.20003580247055763
0.19949252775422902
0.19894889081841058
0.19840490971801988
0.1978606025621692
0.19731598751097867
0.19677108277236985
0.1962259065988389
0.19568047728421056
0.19513481316037537
0.1945889325940126
0.1940428539832966
0.19349659575459158
0.19295017635913278
0.19240361426970104
0.1918569279772839
0.1913101359877331
0.19076325681841377
0.19021630899484943
0.18966931104736517
0.18912228150772697
0.18857523890578198
0.18802820176610066
0.18748118860461926
0.18693421792528903
0.18638730821672927
0.18584047794888683
0.18529374556970651
0.18474712950180816
0.18420064813917758
0.18365431984386846
0.1831081629427192
0.18256219572408464
0.18201643643458582
0.1814709032758759
0.18092561440142818
0.18038058791334322
0.17983584185917909
0.17929139422880466
0.1787472629512786
0.17820346589175437
0.17766002084841168
0.17711694554941793
0.1765742576499189
0.17603197472906096
0.17549011428704467
0.17494869374221325
0.1744077304281739
0.1738672415909566
0.17332724438620806
0.17278775587642403
0.17224879302822113
0.17171037270964695
0.17117251168753214
0.17063522662488387
0.1700985340783212
0.16956245049555482
0.1690269922129105
0.16849217545289716
0.16795801632182222
0.1674245308074516
0.16689173477671898
0.1663596439734811
0.1658282740163237
0.16529764039641368
0.1647677584754049
0.16423864348339062
0.16371031051690935
0.1631827745370007
0.16265605036731232
0.16213015269226125
0.16160509605524498
0.16108089485690763
0.16055756335345722
0.16003511565503784
0.1595135657241547
0.1589929273741534
0.15847321426775207
0.15795443991562869
0.1574366176750627
0.15691976074862932
0.15640388218295
0.15588899486749633
0.1553751115334471
0.15486224475260194
0.15435040693634658
0.1538396103346737
0.15332986703525664
0.1528211889625774
0.15231358787710797
0.15180707537454358
0.151301662885091
0.15079736167280783
0.15029418283499443
0.14979213730163837
0.14929123583490986
0.14879148902870792
0.14829290730825917
0.14779550092976457
0.14729927998009826
0.1468042543765534
0.14631043386663975
0.14581782802792667
0.14532644626793634
0.14483629782408294
0.14434739176365843
0.14385973698386517
0.14337334221189393
0.14288821600504584
0.1424043667508995
0.1419218026675209
0.14144053180371705
0.14096056203933058
0.14048190108557793
0.14000455648542484
0.13952853561400605
0.13905384567908077
0.1385804937215287
0.13810848661588396
0.13763783107090471
0.13716853363018
0.1367006006727728
0.13623403841389636
0.13576885290562588
0.13530505003764196
0.13484263553800854
0.13438161497398038
0.13392199375284292
0.1334637771227805
0.13300697017377622
0.13255157783853788
0.13209760489345318
0.13164505595957088
0.13119393550360836
0.1307442478389844
0.13029599712687664
0.1298491873773024
0.12940382245022197
0.12895990605666535
0.12851744175987895
0.12807643297649296
0.12763688297771014
0.12719879489051084
0.12676217169887838
0.1263270162450417
0.12589333123073357
0.12546111921846548
0.12503038263281854
0.12460112376174744
0.12417334475789903
0.12374704763994426
0.12332223429392128
0.12289890647459184
0.12247706580680734
0.12205671378688573
0.12163785178399777
0.12122048104156322
0.12080460267865366
0.12039021769140432
0.11997732695443285
0.11956593122226344
0.11915603113075801
0.11874762719855213
0.11834071982849492
0.11793530930909404
0.11753139581596386
0.11712897941327569
0.11672806005521096
0.11632863758741704
0.11593071174846271
0.11553428217129538
0.11513934838469873
0.11474590981474948
0.11435396578627371
0.11396351552430242
0.11357455815552467
0.11318709270973917
0.11280111812130304
0.11241663323057849
0.11203363678537408
0.11165212744238476
0.11127210376862576
0.11089356424286315
0.11051650725703857
0.11014093111768933
0.10976683404736234
0.10939421418602308
0.10902306959245682
0.10865339824566408
0.10828519804624928
0.1079184668178018
0.10755320230826944
0.1071894021913245
0.10682706406772155
0.10646618546664659
0.10610676384705847
0.10574879659902087
0.10539228104502463
0.10503721444130285
0.1046835939791344
0.10433141678613851
0.10398067992756006
0.10363138040754438
0.10328351517040142
0.10293708110186024
0.10259207503031267
0.10224849372804633
0.10190633391246673
0.10156559224730824
0.10122626534383478
0.10088834976202797
0.10055184201176544
0.1002167385539866
0.09988303580184721
0.09955073012186269
0.09921981783503947
0.09889029521799444
0.09856215850406298
0.09823540388439464
0.09791002750903685
0.09758602548800768
0.09726339389235489
0.09694212875520412
0.09662222607279475
0.0963036818055032
0.09598649187885455
0.09567065218452177
0.0953561585813125
0.09504300689614456
0.09473119292500773
0.09442071243391507
0.09411156115984103
0.09380373481164694
0.09349722907099603
0.09319203959325462
0.09288816200838187
0.09258559192180771
0.09228432491529846
0.09198435654781015
0.09168568235633064
0.09138829785670899
0.09109219854447335
0.09079737989563708
0.09050383736749283
0.09021156639939547
0.0899205624135324
0.08963082081568315
0.08934233699596708
0.08905510632957954
0.08876912417751656
0.08848438588728871
0.08820088679362317
0.08791862221915481
0.08763758747510608
0.08735777786195593
0.08707918867009787
0.08680181518048716
0.08652565266527718
0.08625069638844474
0.08597694160640507
0.0857043835686171
0.08543301751817658
0.0851628386924007
0.08489384232340036
0.08462602363864502
0.08435937786151469
0.08409390021184393
0.08382958590645524
0.08356643015968232
0.08330442818388448
0.08304357518995097
0.0827838663877955
0.08252529698684234
0.08226786219650227
0.08201155722663982
0.08175637728803094
0.08150231759281265
0.08124937335492213
0.08099753979052943
0.08074681211845892
0.08049718556060433
0.08024865534233336
0.0800012166928863
0.07975486484576354
0.07950959503910741
0.07926540251607436
0.07902228252520023
0.0787802303207564
0.07853924116309974
0.07829931031901333
0.07806043306204116
0.07782260467281353
0.07758582043936704
0.07735007565745557
0.07711536563085573
0.07688168567166352
0.07664903110058556
0.0764173972472224
0.07618677945034517
0.07595717305816668
0.07572857342860399
0.07550097592953607
0.07527437593905467
0.07504876884570794
0.07482415004873953
0.07460051495832011
0.0743778589957734
0.0741561775937965
0.0739354661966739
0.07371572026048616
0.07349693525331247
0.07327910665542797
0.07306222995949552
0.07284630067075185
0.07263131430718875
0.0724172663997289
0.07220415249239584
0.0719919681424803
0.0717807089207001
0.0715703704113561
0.07136094821248301
0.07115243793599535
0.07094483520782859
0.07073813566807641
0.07053233497112278
0.07032742878576986
0.07012341279536129
0.0699202826979016
0.06971803420617143
0.06951666304783802
0.06931616496556225
0.06911653571710154
0.0689177710754084
0.06871986682872613
0.06852281878067962
0.06832662275036315
0.06813127457242409
0.0679367700971438
0.06774310519051402
0.06755027573431055
0.067358277626163
0.06716710677962207
0.06697675912422257
0.06678723060554394
0.06659851718526724
0.06641061484122956
0.06622351956747491
0.06603722737430232
0.0658517342883113
0.06566703635244417
0.06548312962602551
0.06530001018479961
0.06511767412096417
0.06493611754320223
0.06475533657671144
0.06457532736322995
0.06439608606106156
0.06421760884509659
0.06403989190683154
0.06386293145438639
0.06368672371251909
0.06351126492263834
0.06333655134281371
0.06316257924778462
0.06298934492896593
0.06281684469445262
0.0626450748690218
0.062474031794133196
0.062303711827927495
0.06213411134522301
0.06196522673751035
0.06179705441294548
0.06162959079634127
0.06146283232915643
0.06129677546948435
0.06113141669203863
0.06096675248813857
0.06080277936569175
0.0606394938491764
0.06047689247962135
0.060314971814584645
0.06015372842813189
0.05999315891081127
0.05983325986962932
0.059674027928023725
0.05951545972583614
0.059357551919282804
0.059200301180924515
0.05904370419963564
0.05888775768057089
0.05873245834513267
0.05857780293093573
0.05842378819177222
0.05827041089757415
0.05811766783437654
0.057965555804278195
0.05781407162540257
0.05766321213185696
0.05751297417369157
0.05736335461685688
0.05721435034316079
0.057065958250225146
0.05691817525144041
0.05677099827592092
0.0566244242684584
0.056478450189475546
0.05633307301497787
0.05618828973650623
0.056044097361087605
0.055900492911185665
0.05575747342465101
0.055615035954670114
0.05547317756971435
0.0553318953534884
0.055191186404877655
0.05505104783789569
0.05491147678163091
0.054772470380192645
0.054634025792657505
0.05449614019301393
0.0543588107701081
0.05422203472758741
0.054085809283845696
0.05395013167196626
0.053814999139665864
0.05368040894923724
0.053546358377492484
0.05341284471570527
0.05327986526955273
0.05314741735905788
0.053015498318531015
0.052884105496510764
0.0527532362557058
0.052622887972935406
0.052493058039070215
0.052363743858972696
0.05223494285143753
0.052106652449131693
0.05197887009853422
0.051851593259876365
0.05172481940708106
0.051598546027702266
0.05147277062286481
0.05134749070720328
0.05122270380880116
0.051098407469130386
0.05097459924298993
0.05085127669844494
0.05072843741676552
0.050606078992365446
0.050484199032741386
0.05036279515841091
0.050241865002851896
0.05012140621244074
0.05000141644639129
0.049881893376693576
