0.4910088958699982
0.5255320931995248
0.5168396164751803
0.5230208165898614
0.5236525669114384
0.5162472138809062
0.5123023030115063
0.5134108694939434
0.5139350154767793
0.5134939001848855
0.5138461416833079
0.5140697644065306
0.5132127747150573
0.5121550128765093
0.5117343577756613
0.5117206237252916
0.5117453732885895
0.5117547619546411
0.5116772680071786
0.5114139484770573
0.5110417206912694
0.5107227669481209
0.5105150704036682
0.5103753343132349
0.5102474006513531
0.510090941866421
0.5098850457855334
0.5096404833196404
0.509390394813983
0.5091603494863993
0.5089529738040757
0.5087554982094523
0.50855274785011
0.5083354124535299
0.5081033732515935
0.5078636443014962
0.5076241736352942
0.5073885635494342
0.5071552490916003
0.5069200745994884
0.506679418229774
0.5064320286918257
0.5061790322653852
0.5059225597494277
0.5056641472837407
0.505403963007423
0.5051410842747384
0.5048743215929398
0.5046029403293285
0.5043269055693373
0.5040466505257435
0.5037626376134897
0.5034750300463736
0.5031836359355079
0.5028880755807263
0.502588006443911
0.5022832581971851
0.5019738265826459
0.5016597711307237
0.5013411045264553
0.5010177407943878
0.5006895151532321
0.5003562425456564
0.500017769158954
0.499673988964203
0.4993248259113138
0.4989702022187913
0.4986100153102218
0.49824413425502684
0.4978724119446305
0.4974947011327905
0.49711086370356733
0.49672076960859807
0.4963242889867438
0.4959212839237566
0.4955116046110981
0.49509509066944446
0.49467157512657095
0.4942408876936417
0.4938028553532588
0.4933573004066579
0.49290403755152046
0.49244287164627476
0.4919735969006661
0.4914959971452881
0.49100984626496147
0.4905149080170474
0.49001093501231074
0.4894976671632215
0.48897483009976705
0.48844213389639984
0.4878992721397955
0.48734592112751385
0.48678173894393806
0.4862063642825259
0.4856194150525066
0.4850204869102508
0.48440915184933825
0.4837849569038889
0.4831474229359155
0.4824960434413461
0.48183028332976485
0.4811495776821926
0.48045333053217304
0.47974091372625205
0.479011665903112
0.4782648916047049
0.47749986051658055
0.4767158068360209
0.47591192878051625
0.47508738826435765
0.47424131077878195
0.4733727855094585
0.47248086571863185
0.471564569414203
0.4706228803281273
0.46965474923123957
0.4686590956177029
0.46763480979640265
0.4665807554273819
0.4654957725397247
0.46437868106495384
0.4632282849183674
0.4620433766597876
0.4608227427638456
0.4595651695268399
0.45826944963162175
0.45693438938386327
0.45555881662293585
0.4541415892988996
0.4526816046938596
0.45117780925090956
0.44962920895677233
0.44803488020499616
0.44639398104550165
0.4447057627040232
0.44296958123229635
0.4411849091274392
0.4393513467376127
0.43746863325145124
0.43553665705188804
0.43355546520188154
0.4315252718212894
0.4294464651118202
0.42731961279149144
0.4251454657120016
0.42292495945227954
0.4206592137092822
0.4183495293426567
0.4159973829725308
0.4136044190784497
0.4111724396008919
0.40870339110310366
0.40619934960810533
0.40366250328142694
0.4010951331821263
0.39849959235075877
0.3958782835411423
0.3932336359313673
0.3905680811671793
0.38788402909688924
0.38518384355103696
0.38246981850246864
0.3797441549140872
0.37700893854353323
0.3742661189280783
0.37151748972091203
0.3687646704937804
0.3660090900626332
0.363251971334503
0.36049431761709383
0.3577369002790991
0.3549802476004175
0.35222463460832026
0.34947007365907484
0.34671630549528143
0.34396279048776796
0.3412086997579624
0.33845290587287136
0.3356939728111079
0.3329301449161853
0.3301593345843995
0.32737910848173496
0.32458667215088094
0.3217788529602657
0.31895208146787546
0.31610237143064784
0.3132252988938089
0.31031598105301816
0.30736905590531927
0.30437866410169845
0.3013384348910187
0.29824147860347705
0.29508038875365294
0.2918472575264614
0.28853370910104004
0.28513095589707843
0.28162988329024585
0.27802116849444697
0.27429543896783887
0.2704434746604781
0.26645645647804067
0.26232626032656375
0.2580457919723634
0.25360935282403396
0.24901302099381628
0.2442550262853349
0.23933609300905365
0.2342597218206185
0.2290323821245571
0.2236635906618308
0.21816585976807354
0.21255450973218223
0.2068473522298898
0.20106426398770455
0.19522667963519477
0.18935703856656527
0.18347822183270776
0.1776130118771668
0.17178360140115212
0.16601116935377022
0.160315533591239
0.15471488240274028
0.14922558160194138
0.1438620504262909
0.1386366978377695
0.13355991050337768
0.1286400842147641
0.12388369132001632
0.11929537756487471
0.11487808240863731
0.11063317735369269
0.10656061715308096
0.1026590990216043
0.09892622525715021
0.09535866504111777
0.09195231165809871
0.08870243195108206
0.08560380548101126
0.08265085154658622
0.07983774289668699
0.07715850559358917
0.0746071050300466
0.07217751854908419
0.06986379545522423
0.06766010544272627
0.06556077661005533
0.0635603242942382
0.06165347195985467
0.059835165330963724
0.058100580874761665
0.05644512964568286
0.054864457388072885
0.0533544416822722
0.05191118680855698
0.05053101689970201
0.04921046785826254
