0.49426093396108894
0.5232211884842847
0.523318005286089
0.5233322788073582
0.5240677199566375
0.5239691569937757
0.5228773089327998
0.5220053785816257
0.5217497599302128
0.5217278512258153
0.5217596167979228
0.521787291493869
0.5216439388177883
0.5212966528591425
0.5209165872090251
0.5206424380605951
0.5204745241774626
0.5203569813280543
0.5202352074838232
0.520066721673807
0.519844450500201
0.5196010711067154
0.5193746213310249
0.5191789770215246
0.5190047727204924
0.5188338620047266
0.5186514973923786
0.5184537029881845
0.5182473734581842
0.5180429755381131
0.5178466438149286
0.5176577439003401
0.5174714876231117
0.5172830403920609
0.5170904061846509
0.5168948679606051
0.5166992798133454
0.5165058325158033
0.5163149056242703
0.5161253994467814
0.5159358607015806
0.5157454818370704
0.5155544197937768
0.5153634320382696
0.5151732450006629
0.5149841271741827
0.5147958726469459
0.5146080809841334
0.5144204729212976
0.5142330387317814
0.5140459770324445
0.513859522296558
0.5136738002938415
0.5134887929075658
0.513304401737552
0.5131205419521889
0.5129371995332397
0.5127544272169736
0.5125722994816104
0.5123908664183966
0.5122101354241257
0.5120300838894041
0.5118506858669869
0.511671932014483
0.5114938323376984
0.5113164050094552
0.5111396622594518
0.5109636029584981
0.5107882145391229
0.5106134802951621
0.5104393858981703
0.510265921255046
0.5100930778758355
0.5099208446859226
0.5097492053416054
0.5095781382775646
0.509407618643647
0.5092376203473614
0.509068116871692
0.5088990806968923
0.5087304820863633
0.5085622881793055
0.5083944628674633
0.5082269673007154
0.5080597605145721
0.5078927997432996
0.5077260403089424
0.5075594352782639
0.5073929351722616
0.5072264878977425
0.5070600388804394
0.5068935312567541
0.5067269059849727
0.5065601018280892
0.506393055255779
0.50622570035044
0.5060579687742638
0.5058897897976671
0.5057210903486092
0.5055517950390225
0.5053818261501762
0.5052111035885515
0.5050395448373747
0.5048670649222164
0.5046935763921587
0.5045189893047998
0.504343211201323
0.5041661470651309
0.5039876992667822
0.5038077675026018
0.5036262487326686
0.5034430371187983
0.5032580239589124
0.5030710976133452
0.502882143420768
0.502691043604265
0.5024976771696232
0.5023019197974422
0.5021036437291156
0.5019027176453962
0.5016990065359608
0.501492371559033
0.5012826698910039
0.5010697545664746
0.5008534743089927
0.5006336733522674
0.5004101912512182
0.5001828626821161
0.4999515172312671
0.49971597917196325
0.49947606722956284
0.49923159433449754
0.49898236736284635
0.4987281868639688
0.49846884677465614
0.49820413411932135
0.4979338286958205
0.49765770274654053
0.49737552061435414
0.4970870383829967
0.49679200350136077
0.4964901543912169
0.49618122003788245
0.49586491956340395
0.49554096178183904
0.49520904473624383
0.49486885521697344
0.49452006826093986
0.49416234663151337
0.4937953402788308
0.4934186857803613
0.49303200576167805
0.4926349082975099
0.4922269862932737
0.4918078168474711
0.49137696059553104
0.49093396103593484
0.49047834383974187
0.4900096161449799
0.4895272658377423
0.48903076082229224
0.48851954828298483
0.48799305394141734
0.4874506813128957
0.4868918109670721
0.48631579979848216
0.485721980313682
0.4851096599427826
0.4844781203843882
0.4838266169943021
0.4831543782298361
0.482460605163187
0.48174447107910434
0.4810051211739659
0.48024167237541115
0.47945321330382534
0.4786388043992101
0.4777974782392962
0.47692824007710655
0.4760300686285127
0.4751019171426039
0.47414271478980713
0.47315136840458244
0.4721267646210644
0.47106777244109055
0.469973246274524
0.46884202949145887
0.46767295852463064
0.4664648675579399
0.465216593833225
0.4639269836020963
0.4625948987425409
0.46121922405096905
0.4597988752091773
0.45833280741228954
0.4568200246279782
0.4552595894392008
0.4536506334024099
0.45199236783089486
0.45028409488897514
0.44852521885763436
0.44671525740653695
0.44485385268198957
0.44294078199624515
0.44097596788168864
0.4389594872550522
0.4368915794231186
0.43477265265359066
0.4326032890340725
0.4303842473493611
0.42811646372322487
0.4258010497958679
0.4234392882423171
0.42103262547948717
0.4185826614596096
0.41609113650354934
0.41355991518721813
0.4109909673554726
0.4083863463978497
0.4057481649765024
0.40307856844598
0.40037970624460284
0.397653701565982
0.39490261963524875
0.39212843491696026
0.3893329975703753
0.3865179994436986
0.3836849398635399
0.38083509143173366
0.37796946599195624
0.3750887808771901
0.37219342550052553
0.36928342831116656
0.36635842411050806
0.36341762171602
0.3604597719802396
0.357483136225852
0.35448545525361713
0.351463919226059
0.34841513893475345
0.34533511923030547
0.3422192357374797
0.3390622163954802
0.335858129851011
0.33260038327573704
0.3292817327527898
0.32589430993342866
0.32242966913691395
0.3188788593611355
0.31523252567162835
0.311481044008145
0.307614692454926
0.303623860350764
0.29949929421428845
0.29523237637518995
0.2908154286182894
0.2862420294094592
0.2815073298742005
0.2766083512263699
0.27154424536681854
0.2663165013059422
0.26092908303421575
0.2553884892121395
0.24970373093769324
0.2438862299721859
0.2379496452016777
0.2319096389966133
0.2257835970937515
0.2195903157025454
0.21334966817505888
0.20708226145575337
0.20080909035423256
0.1945511960082195
0.18832933399879057
0.18216365742539986
0.17607342059515857
0.1700767094601317
0.16419020517662936
0.15842898688093068
0.152806378840231
0.14733384556495374
0.1420209364103252
0.13687527888944898
0.13190261763777716
0.12710689396167363
0.12249035936501675
0.11805371548962931
0.11379627255398059
0.1097161185809759
0.1058102923661159
0.10207495411860444
0.09850554887084591
0.09509695896957215
0.09184364313241995
0.08873976060466389
0.08577927983891546
0.08295607182827315
0.08026398875266742
0.07769692896436778
0.07524888956494867
0.07291400793874589
0.07068659363312216
0.06856115193759336
0.06653240043251786
0.06459527967027316
0.06274495903055324
0.06097683866615291
0.059286548333055106
0.05766994378318673
0.05612310129245483
0.054642310801916366
0.05322406806649667
0.051865066133286224
0.05056218640942247
0.049312489526988565
