0.5191787948022899
0.5842825839860735
0.5686034910333534
0.5560836446345809
0.5466864441237789
0.539878527437772
0.5350789720614582
0.5317622904594819
0.5295022896316552
0.527976715513191
0.5269529230684002
0.526268046646125
0.5258103760536225
0.5255043152688096
0.5252991553483062
0.5251610714888608
0.5250675779840988
0.5250037546900154
0.524959708562381
0.5249288787218828
0.5249069101427963
0.5248909074369196
0.5248789413327253
0.5248697225668117
0.5248623864463413
0.5248563504801798
0.5248512202232454
0.5248467269303252
0.5248426862033594
0.524838970503481
0.5248354908294882
0.5248321844652946
0.5248290067530668
0.5248259255429378
0.5248229174274232
0.524819965170006
0.524817055936102
0.5248141800658238
0.5248113302147155
0.5248085007460754
0.5248056872966106
0.5248028864625259
0.524800095570094
0.5247973125060779
0.5247945355910281
0.5247917634836252
0.5247889951077656
0.5247862295964898
0.524783466248522
0.524780704494347
0.5247779438695724
0.5247751839939003
0.5247724245544538
0.5247696652925072
0.5247669059928909
0.5247641464755116
0.5247613865885491
0.5247586262029899
0.5247558652082266
0.5247531035085155
0.5247503410201158
0.5247475776689837
0.5247448133889091
0.5247420481200095
0.5247392818075138
0.5247365144007778
0.5247337458524879
0.5247309761180186
0.5247282051549107
0.5247254329224494
0.5247226593813241
0.5247198844933516
0.524717108221253
0.5247143305284724
0.5247115513790309
0.5247087707374074
0.524705988568443
0.5247032048372633
0.5247004195092152
0.5246976325498159
0.5246948439247118
0.5246920535996444
0.5246892615404246
0.5246864677129082
0.5246836720829806
0.5246808746165408
0.52467807527949
0.5246752740377223
0.524672470857116
0.5246696657035288
0.5246668585427905
0.5246640493407011
0.5246612380630254
0.524658424675491
0.5246556091437856
0.5246527914335559
0.5246499715104047
0.52464714933989
0.5246443248875243
0.5246414981187729
0.5246386689990538
0.5246358374937361
0.5246330035681404
0.5246301671875366
0.5246273283171453
0.5246244869221363
0.5246216429676279
0.5246187964186871
0.5246159472403293
0.5246130953975173
0.5246102408551613
0.5246073835781186
0.5246045235311938
0.524601660679137
0.5245987949866453
0.5245959264183614
0.5245930549388731
0.5245901805127143
0.5245873031043632
0.524584422678243
0.524581539198721
0.5245786526301092
0.5245757629366625
0.52457287008258
0.5245699740320042
0.5245670747490201
0.5245641721976552
0.5245612663418798
0.5245583571456063
0.5245554445726887
0.5245525285869224
0.5245496091520442
0.5245466862317317
0.524543759789603
0.5245408297892171
0.5245378961940721
0.5245349589676064
0.5245320180731978
0.5245290734741633
0.5245261251337582
0.5245231730151767
0.5245202170815515
0.5245172572959527
0.524514293621388
0.524511326020803
0.5245083544570792
0.5245053788930363
0.5245023992914287
0.5244994156149482
0.5244964278262212
0.5244934358878106
0.5244904397622137
0.524487439411863
0.5244844347991249
0.5244814258863006
0.5244784126356247
0.5244753950092658
0.5244723729693248
0.5244693464778364
0.5244663154967673
0.5244632799880167
0.5244602399134153
0.5244571952347258
0.5244541459136416
0.5244510919117877
0.5244480331907189
0.5244449697119208
0.5244419014368086
0.5244388283267271
0.5244357503429502
0.5244326674466808
0.5244295795990502
0.5244264867611186
0.5244233888938727
0.5244202859582278
0.5244171779150257
0.5244140647250357
0.5244109463489528
0.5244078227473984
0.5244046938809199
0.5244015597099898
0.5243984201950057
0.5243952752962898
0.5243921249740889
0.5243889691885734
0.5243858078998376
0.5243826410678989
0.5243794686526978
0.5243762906140969
0.5243731069118814
0.5243699175057581
0.5243667223553551
0.5243635214202215
0.5243603146598275
0.5243571020335629
0.5243538835007384
0.5243506590205833
0.5243474285522467
0.524344192054796
0.5243409494872173
0.5243377008084149
0.5243344459772101
0.5243311849523424
0.5243279176924674
0.5243246441561574
0.5243213643019011
0.5243180780881023
0.5243147854730805
0.5243114864150703
0.5243081808722203
0.5243048688025939
0.5243015501641672
0.524298224914831
0.5242948930123877
0.524291554414553
0.5242882090789545
0.5242848569631313
0.524281498024534
0.5242781322205246
0.5242747595083745
0.5242713798452656
0.52426799318829
0.5242645994944484
0.5242611987206502
0.5242577908237138
0.5242543757603653
0.5242509534872377
0.5242475239608723
0.5242440871377162
0.5242406429741231
0.5242371914263524
0.524233732450569
0.5242302660028428
0.5242267920391482
0.5242233105153634
0.524219821387271
0.524216324610556
0.5242128201408065
0.524209307933513
0.5242057879440676
0.5242022601277645
0.5241987244397983
0.5241951808352641
0.5241916292691574
0.5241880696963732
0.5241845020717056
0.5241809263498477
0.5241773424853905
0.5241737504328228
0.524170150146531
0.5241665415807985
0.5241629246898043
0.5241592994276243
0.5241556657482292
0.5241520236054853
0.5241483729531526
0.5241447137448858
0.5241410459342326
0.5241373694746346
0.5241336843194254
0.5241299904218306
0.5241262877349678
0.5241225762118455
0.5241188558053632
0.52411512646831
0.5241113881533653
0.5241076408130971
0.5241038843999625
0.5241001188663065
0.5240963441643618
0.5240925602462487
0.5240887670639736
0.5240849645694292
0.5240811527143943
0.5240773314505323
0.5240735007293912
0.5240696605024038
0.5240658107208858
0.5240619513360363
0.5240580822989369
0.5240542035605513
0.5240503150717246
0.5240464167831829
0.5240425086455329
0.5240385906092612
0.5240346626247334
0.5240307246421946
0.524026776611768
0.5240228184834546
0.5240188502071321
0.5240148717325557
0.5240108830093564
0.524006883987041
0.524002874614991
0.5239988548424624
0.5239948246185859
0.5239907838923649
0.5239867326126757
0.5239826707282672
0.5239785981877596
0.523974514939645
0.5239704209322852
0.5239663161139123
0.5239622004326283
0.5239580738364037
0.5239539362730774
0.523949787690356
0.5239456280358132
0.5239414572568897
0.5239372753008913
0.5239330821149901
0.5239288776462223
0.523924661841489
0.5239204346475546
0.5239161960110463
0.5239119458784545
0.5239076841961303
0.5239034109102871
0.5238991259669983
0.5238948293121976
0.5238905208916781
0.5238862006510918
0.5238818685359484
0.5238775244916161
0.5238731684633189
0.5238688003961381
0.5238644202350107
0.5238600279247281
0.5238556234099367
0.5238512066351367
0.5238467775446812
0.5238423360827765
0.5238378821934802
0.5238334158207015
0.5238289369082003
0.5238244453995866
0.5238199412383193
0.5238154243677065
0.5238108947309046
0.5238063522709167
0.5238017969305933
0.5237972286526303
0.5237926473795699
0.5237880530537988
0.5237834456175473
0.52377882501289
0.5237741911817437
0.5237695440658676
0.523764883606862
0.5237602097461683
0.5237555224250682
0.523750821584682
0.5237461071659696
0.5237413791097281
0.5237366373565928
0.5237318818470349
0.5237271125213621
0.523722329319717
0.5237175321820768
0.5237127210482531
0.5237078958578896
0.5237030565504631
0.5236982030652823
0.5236933353414868
0.5236884533180457
0.5236835569337592
0.523678646127255
0.5236737208369895
0.5236687810012466
0.5236638265581368
0.5236588574455964
0.5236538736013867
0.5236488749630943
0.5236438614681291
0.5236388330537234
0.523633789656933
0.523628731214634
0.5236236576635243
0.5236185689401207
0.52361346498076
0.5236083457215978
0.5236032110986065
0.5235980610475763
0.5235928955041129
0.5235877144036382
0.523582517681388
0.5235773052724125
0.523572077111575
0.5235668331335508
0.5235615732728272
0.5235562974637018
0.5235510056402825
0.5235456977364861
0.5235403736860382
0.5235350334224718
0.5235296768791262
0.5235243039891481
0.5235189146854875
0.5235135089009005
0.5235080865679453
0.523502647618984
0.5234971919861802
0.5234917196014985
0.523486230396704
0.5234807243033612
0.5234752012528332
0.5234696611762809
0.5234641040046624
0.5234585296687317
0.523452938099038
0.5234473292259257
0.5234417029795315
0.5234360592897863
0.5234303980864119
0.5234247192989218
0.5234190228566189
0.5234133086885964
0.5234075767237354
0.5234018268907046
0.5233960591179598
0.5233902733337426
0.5233844694660791
0.52337864744278
0.5233728071914391
0.5233669486394328
0.5233610717139185
0.5233551763418344
0.5233492624498984
0.5233433299646073
0.5233373788122355
0.5233314089188347
0.5233254202102323
0.5233194126120311
0.5233133860496082
0.5233073404481139
0.5233012757324711
0.5232951918273738
0.5232890886572873
0.5232829661464456
0.5232768242188521
0.523270662798278
0.523264481808261
0.5232582811721044
0.5232520608128776
0.5232458206534126
0.5232395606163059
0.5232332806239147
0.5232269805983584
0.523220660461516
0.5232143201350263
0.5232079595402855
0.523201578598448
0.5231951772304237
0.5231887553568785
0.5231823128982325
0.523175849774659
0.5231693659060839
0.5231628612121842
0.5231563356123878
0.5231497890258715
0.5231432213715608
0.5231366325681285
0.5231300225339941
0.5231233911873223
0.5231167384460222
0.5231100642277461
0.5231033684498889
0.5230966510295867
0.523089911883716
0.5230831509288927
0.5230763680814705
0.5230695632575408
0.523062736372931
0.5230558873432035
0.523049016083655
0.523042122509315
0.5230352065349452
0.5230282680750381
0.5230213070438161
0.5230143233552305
0.5230073169229601
0.5230002876604105
0.5229932354807127
0.522986160296723
0.5229790620210201
0.5229719405659055
0.522964795843402
0.5229576277652527
0.5229504362429191
0.5229432211875819
0.5229359825101374
0.5229287201211983
0.5229214339310921
0.5229141238498595
0.5229067897872536
0.5228994316527394
0.5228920493554914
0.5228846428043936
0.5228772119080376
0.522869756574722
0.5228622767124512
0.522854772228934
0.5228472430315823
0.5228396890275108
0.5228321101235344
0.5228245062261692
0.5228168772416288
0.5228092230758252
0.5228015436343666
0.5227938388225563
0.522786108545392
0.522778352707564
0.5227705712134545
0.5227627639671364
0.5227549308723716
0.5227470718326104
0.5227391867509903
0.5227312755303337
0.5227233380731487
0.5227153742816261
0.5227073840576388
0.5226993673027409
0.5226913239181664
0.5226832538048272
0.522675156863313
0.522667032993889
0.5226588820964959
0.5226507040707474
0.5226424988159298
0.5226342662310005
0.5226260062145864
0.5226177186649836
0.5226094034801549
0.5226010605577295
0.5225926897950012
0.5225842910889277
0.5225758643361283
0.5225674094328842
0.5225589262751356
0.5225504147584812
0.5225418747781773
0.5225333062291353
0.5225247090059216
0.5225160830027562
0.5225074281135105
0.5224987442317064
0.5224900312505159
0.5224812890627581
0.5224725175608997
0.522463716637052
0.522454886182971
0.5224460260900547
0.5224371362493432
0.5224282165515162
0.5224192668868921
0.5224102871454271
0.522401277216713
0.5223922369899765
0.522383166354077
0.5223740651975068
0.522364933408388
0.5223557708744723
0.522346577483139
0.5223373531213938
0.5223280976758681
0.5223188110328161
0.5223094930781145
0.5223001436972616
0.5222907627753742
0.5222813501971881
0.5222719058470551
0.5222624296089424
0.5222529213664315
0.5222433810027161
0.5222338084006002
0.5222242034424989
0.5222145660104341
0.522204895986035
0.5221951932505364
0.5221854576847764
0.5221756891691954
0.5221658875838355
0.5221560528083377
0.5221461847219411
0.5221362832034815
0.5221263481313896
0.52211637938369
0.5221063768379994
0.5220963403715252
0.5220862698610638
0.522076165182999
0.522066026213302
0.5220558528275273
0.5220456449008135
0.5220354023078806
0.5220251249230288
0.5220148126201368
0.522004465272661
0.521994082753633
0.5219836649356586
0.5219732116909162
0.5219627228911553
0.521952198407695
0.5219416381114218
0.5219310418727896
0.5219204095618163
0.5219097410480835
0.5218990362007343
0.5218882948884725
0.52187751697956
0.5218667023418158
0.5218558508426148
0.521844962348885
0.5218340367271075
0.521823073843314
0.5218120735630845
0.5218010357515473
0.5217899602733769
0.5217788469927911
0.5217676957735508
0.5217565064789583
0.5217452789718552
0.5217340131146206
0.5217227087691705
0.5217113657969547
0.5216999840589561
0.5216885634156894
0.5216771037271983
0.5216656048530549
0.5216540666523575
0.521642488983729
0.5216308717053154
0.5216192146747842
0.521607517749322
0.5215957807856342
0.5215840036399417
0.5215721861679807
0.5215603282250001
0.5215484296657598
0.5215364903445295
0.5215245101150864
0.5215124888307144
0.5215004263442016
0.5214883225078386
0.5214761771734169
0.5214639901922276
0.5214517614150589
0.5214394906921956
0.5214271778734155
0.5214148228079896
0.5214024253446785
0.5213899853317328
0.5213775026168892
0.52136497704737
0.521352408469881
0.5213397967306099
0.5213271416752243
0.5213144431488698
0.5213017009961687
0.5212889150612179
0.5212760851875868
0.5212632112183162
0.521250292995916
0.5212373303623637
0.5212243231591022
0.5212112712270383
0.5211981744065405
0.5211850325374381
0.5211718454590182
0.5211586130100248
0.5211453350286559
0.5211320113525633
0.5211186418188489
0.5211052262640643
0.5210917645242079
0.5210782564347239
0.5210647018304999
0.5210511005458653
0.5210374524145891
0.5210237572698784
0.5210100149443759
0.5209962252701593
0.520982388078738
0.5209685032010517
0.5209545704674688
0.5209405897077843
0.5209265607512179
0.5209124834264115
0.5208983575614284
0.5208841829837506
0.5208699595202774
0.5208556869973223
0.520841365240613
0.5208269940752872
0.5208125733258928
0.5207981028163845
0.5207835823701222
0.5207690118098696
0.5207543909577912
0.5207397196354513
0.5207249976638119
0.5207102248632296
0.520695401053455
0.5206805260536305
0.5206655996822878
0.5206506217573454
0.5206355920961081
0.5206205105152644
0.5206053768308833
0.5205901908584138
0.5205749524126826
0.5205596613078917
0.520544317357616
0.5205289203748025
0.5205134701717666
0.520497966560192
0.5204824093511271
0.5204667983549834
0.5204511333815336
0.5204354142399095
0.5204196407386
0.5204038126854488
0.5203879298876525
0.5203719921517579
0.5203559992836617
0.5203399510886062
0.5203238473711785
0.5203076879353079
0.5202914725842643
0.5202752011206556
0.520258873346426
0.5202424890628529
0.5202260480705467
0.5202095501694466
0.5201929951588196
0.5201763828372582
0.5201597130026783
0.5201429854523169
0.5201261999827297
0.5201093563897896
0.5200924544686836
0.5200754940139122
0.5200584748192856
0.5200413966779218
0.5200242593822457
0.5200070627239852
0.5199898064941704
0.5199724904831304
0.519955114480492
0.5199376782751763
0.519920181655398
0.5199026244086619
0.519885006321761
0.5198673271807753
0.5198495867710679
0.5198317848772839
0.5198139212833478
0.5197959957724616
0.5197780081271022
0.5197599581290185
0.5197418455592313
0.5197236701980282
0.5197054318249634
0.5196871302188547
0.5196687651577815
0.5196503364190818
0.5196318437793509
0.5196132870144385
0.5195946658994468
0.5195759802087273
0.5195572297158796
0.5195384141937488
0.5195195334144225
0.5195005871492295
0.5194815751687367
0.5194624972427472
0.5194433531402978
0.5194241426296562
0.5194048654783203
0.5193855214530134
0.5193661103196838
0.519346631843502
0.5193270857888571
0.5193074719193568
0.5192877899978225
0.519268039786289
0.5192482210460004
0.519228333537409
0.5192083770201726
0.5191883512531514
0.5191682559944066
0.5191480910011973
0.519127856029978
0.5191075508363971
0.5190871751752936
0.5190667288006948
0.5190462114658141
0.5190256229230485
0.5190049629239762
0.5189842312193538
0.5189634275591142
0.5189425516923645
0.5189216033673825
0.518900582331615
0.5188794883316752
0.5188583211133404
0.5188370804215489
0.518815766000398
0.5187943775931414
0.5187729149421874
0.5187513777890942
0.5187297658745703
0.5187080789384696
0.5186863167197905
0.5186644789566726
0.5186425653863938
0.518620575745369
0.5185985097691462
0.5185763671924046
0.5185541477489527
0.518531851171724
0.5185094771927764
0.5184870255432883
0.5184644959535563
0.5184418881529931
0.518419201870124
0.518396436832586
0.5183735927671227
0.5183506693995843
0.5183276664549231
0.5183045836571915
0.5182814207295398
0.5182581773942132
0.5182348533725488
0.5182114483849738
0.5181879621510024
0.5181643943892329
0.5181407448173454
0.518117013152099
0.5180931991093297
0.5180693024039463
0.5180453227499294
0.518021259860328
0.517997113447256
0.5179728832218915
0.5179485688944715
0.517924170174292
0.5178996867697029
0.5178751183881066
0.517850464735955
0.5178257255187463
0.5178009004410236
0.5177759892063701
0.5177509915174087
0.5177259070757968
0.517700735582226
0.517675476736417
0.5176501302371189
0.517624695782105
0.5175991730681707
0.5175735617911303
0.5175478616458147
0.5175220723260678
0.5174961935247451
0.5174702249337093
0.5174441662438282
0.5174180171449723
0.5173917773260112
0.5173654464748112
0.517339024278232
0.5173125104221251
0.517285904591329
0.5172592064696679
0.5172324157399484
0.5172055320839561
0.5171785551824537
0.5171514847151772
0.5171243203608333
0.5170970617970967
0.5170697087006069
0.517042260746966
0.5170147176107343
0.5169870789654288
0.5169593444835199
0.5169315138364278
0.5169035866945205
0.5168755627271102
0.5168474416024504
0.5168192229877331
0.5167909065490859
0.516762491951569
0.5167339788591716
0.5167053669348096
0.5166766558403226
0.5166478452364707
0.5166189347829311
0.5165899241382955
0.516560812960067
0.516531600904657
0.5165022876273826
0.5164728727824626
0.5164433560230148
0.5164137370010538
0.5163840153674866
0.51635419077211
0.5163242628636081
0.5162942312895487
0.5162640956963795
0.5162338557294265
0.5162035110328892
0.5161730612498392
0.5161425060222152
0.5161118449908215
0.516081077795324
0.5160502040742467
0.5160192234649696
0.5159881356037246
0.5159569401255925
0.5159256366645
0.5158942248532166
0.5158627043233507
0.5158310747053473
0.5157993356284838
0.5157674867208679
0.5157355276094331
0.5157034579199362
0.5156712772769543
0.51563898530388
0.5156065816229206
0.5155740658550922
0.5155414376202182
0.5155086965369252
0.5154758422226399
0.5154428742935856
0.5154097923647786
0.5153765960500258
0.5153432849619207
0.5153098587118399
0.5152763169099397
0.5152426591651526
0.5152088850851853
0.5151749942765128
0.5151409863443774
0.5151068608927838
0.5150726175244958
0.5150382558410338
0.51500377544267
0.5149691759284256
0.5149344568960681
0.5148996179421061
0.5148646586617871
0.5148295786490934
0.5147943774967393
0.5147590547961663
0.5147236101375408
0.5146880431097498
0.5146523533003975
0.5146165402958022
0.5145806036809918
0.5145445430397012
0.5145083579543677
0.514472048006128
0.5144356127748148
0.5143990518389523
0.5143623647757534
0.5143255511611154
0.514288610569617
0.5142515425745138
0.5142143467477351
0.5141770226598803
0.5141395698802145
0.5141019879766657
0.5140642765158207
0.5140264350629205
0.5139884631818579
0.5139503604351728
0.513912126384049
0.5138737605883095
0.5138352626064135
0.5137966319954526
0.5137578683111461
0.5137189711078383
0.5136799399384933
0.5136407743546928
0.5136014739066302
0.5135620381431087
0.5135224666115354
0.5134827588579195
0.5134429144268663
0.5134029328615746
0.513362813703832
0.5133225564940115
0.513282160771067
0.5132416260725299
0.5132009519345038
0.5131601378916621
0.5131191834772426
0.5130780882230443
0.5130368516594229
0.5129954733152866
0.5129539527180923
0.5129122893938414
0.5128704828670755
0.5128285326608724
0.5127864382968416
0.5127441992951207
0.512701815174371
0.5126592854517726
0.5126166096430211
0.512573787262323
0.5125308178223914
0.5124877008344415
0.5124444358081865
0.5124010222518339
0.5123574596720804
0.5123137475741071
0.512269885461577
0.5122258728366283
0.5121817091998723
0.5121373940503868
0.5120929268857134
0.5120483072018523
0.5120035344932581
0.5119586082528349
0.5119135279719326
0.5118682931403412
0.511822903246288
0.5117773577764312
0.5117316562158568
0.5116857980480735
0.5116397827550077
0.5115936098169995
0.5115472787127986
0.5115007889195579
0.5114541399128303
0.5114073311665642
0.5113603621530978
0.5113132323431547
0.5112659412058401
0.5112184882086346
0.5111708728173908
0.5111230944963276
0.511075152708026
0.5110270469134236
0.510978776571811
0.5109303411408257
0.5108817400764478
0.510832972832995
0.5107840388631184
0.5107349376177961
0.5106856685463301
0.5106362310963395
0.5105866247137573
0.5105368488428242
0.5104869029260841
0.5104367864043788
0.5103864987168436
0.5103360393009015
0.5102854075922583
0.510234603024898
0.5101836250310773
0.5101324730413204
0.5100811464844142
0.5100296447874024
0.5099779673755818
0.5099261136724951
0.5098740830999278
0.5098218750779011
0.509769489024668
0.5097169243567072
0.5096641804887183
0.509611256833616
0.5095581528025255
0.5095048678047767
0.5094514012478983
0.5093977525376141
0.5093439210778354
0.5092899062706574
0.5092357075163527
0.5091813242133663
0.5091267557583101
0.5090720015459576
0.5090170609692374
0.5089619334192291
0.5089066182851565
0.5088511149543832
0.5087954228124062
0.5087395412428501
0.5086834696274625
0.5086272073461076
0.5085707537767601
0.5085141082955013
0.508457270276511
0.5084002390920641
0.5083430141125233
0.5082855947063336
0.5082279802400174
0.5081701700781677
0.5081121635834429
0.508053960116561
0.5079955590362931
0.5079369596994585
0.5078781614609182
0.5078191636735689
0.5077599656883384
0.507700566854177
0.5076409665180548
0.5075811640249533
0.5075211587178607
0.5074609499377656
0.5074005370236506
0.5073399193124869
0.5072790961392276
0.5072180668368029
0.5071568307361121
0.5070953871660195
0.507033735453347
0.5069718749228685
0.5069098048973036
0.5068475246973118
0.506785033641486
0.5067223310463461
0.5066594162263337
0.5065962884938051
0.5065329471590253
0.5064693915301619
0.5064056209132791
0.5063416346123308
0.5062774319291546
0.5062130121634663
0.5061483746128521
0.506083518572764
0.506018443336512
0.5059531481952589
0.5058876324380134
0.5058218953516235
0.5057559362207712
0.5056897543279651
0.5056233489535346
0.505556719375623
0.505489864870182
0.5054227847109645
0.5053554781695182
0.50528794451518
0.5052201830150687
0.505152192934079
0.5050839735348752
0.5050155240778845
0.5049468438212906
0.5048779320210272
0.5048087879307719
0.5047394108019392
0.5046697998836748
0.5045999544228483
0.5045298736640474
0.5044595568495711
0.5043890032194231
0.5043182120113061
0.5042471824606144
0.5041759138004277
0.5041044052615055
0.5040326560722787
0.5039606654588455
0.5038884326449637
0.5038159568520438
0.5037432372991432
0.5036702732029599
0.5035970637778259
0.5035236082357005
0.5034499057861642
0.5033759556364124
0.5033017569912481
0.5032273090530767
0.5031526110218991
0.503077662095305
0.5030024614684672
0.5029270083341343
0.5028513018826256
0.5027753413018237
0.5026991257771688
0.5026226544916519
0.5025459266258092
0.5024689413577157
0.5023916978629777
0.5023141953147285
0.5022364328836214
0.5021584097378227
0.5020801250430066
0.5020015779623491
0.5019227676565207
0.5018436932836821
0.501764353999476
0.5016847489570236
0.5016048773069162
0.5015247381972106
0.5014443307734227
0.5013636541785219
0.5012827075529249
0.5012014900344903
0.5011200007585122
0.5010382388577144
0.5009562034622457
0.5008738936996728
0.5007913086949762
0.500708447570543
0.5006253094461621
0.5005418934390194
0.500458198663691
0.5003742242321383
0.5002899692537032
0.5002054328351018
0.5001206140804197
0.5000355120911074
0.49995012596597366
0.4998644548011812
0.49977849769024224
0.49969225372401227
0.4996057219906862
0.49951890157579315
0.49943179156219153
0.499344391030064
0.49925669905691383
0.4991687147175591
0.4990804370841294
0.49899186522606065
0.49890299821009054
0.4988138351002548
0.4987243749578828
0.4986346168415936
0.4985445598072916
0.498454202908163
0.49836354519467096
0.49827258571455335
0.4981813235128182
0.49808975763173985
0.4979978871108563
0.4979057109869649
0.49781322829412017
0.4977204380636293
0.4976273393240503
0.4975339311011884
0.4974402124180931
0.49734618229505617
0.49725183974960807
0.497157183796516
0.49706221344778156
0.4969669277126383
0.4968713255975497
0.49677540610620696
0.4966791682395275
0.49658261099565293
0.49648573336994756
0.49638853435499675
0.49629101294060607
0.4961931681137993
0.4960949988588188
0.49599650415712293
0.4958976829873865
0.4957985343254999
0.49569905714456863
0.49559925041491315
0.4954991131040684
0.49539864417678514
0.4952978425950282
0.4951967073179791
0.4950952373020351
0.49499343150081027
0.4948912888651378
0.4947888083430689
0.4946859888798761
0.49458282941805454
0.49447932889732216
0.4943754862546242
0.49427130042413303
0.4941667703372521
0.4940618949226177
0.4939566731061025
0.49385110381081765
0.493745185957117
0.4936389184625999
0.4935323002421156
0.49342533020776635
0.49331800726891273
0.49321033033217676
0.493102298301448
0.4929939100778875
0.49288516455993325
0.49277606064330626
0.49266659722101547
0.4925567731833641
0.4924465874179563
0.49233603880970306
0.4922251262408299
0.4921138485908828
0.49200220473673684
0.491890193552604
0.49177781391003933
0.49166506467795207
0.49155194472261177
0.49143845290765914
0.4913245880941143
0.49121034914038675
0.4910957349022851
0.49098074423302795
0.49086537598325386
0.49074962900103225
0.49063350213187595
0.4905169942187513
0.4904001041020909
0.4902828306198065
0.4901651726073013
0.4900471288974828
0.4899286983207771
0.489809879705142
0.4896906718760823
0.48957107365666397
0.48945108386752934
0.4893307013269125
0.4892099248506554
0.489088753252225
0.48896718534272865
0.48884521993093244
0.4887228558232788
0.48860009182390407
0.48847692673465787
0.48835335935512114
0.488229388482627
0.48810501291227937
0.48798023143697467
0.4878550428474221
0.48772944593216483
0.487603439477603
0.4874770222680148
0.48735019308558064
0.48722295071040556
0.48709529392054435
0.4869672214920253
0.4868387321988751
0.4867098248131454
0.48658049810493775
0.4864507508424313
0.4863205817919092
0.4861899897177876
0.4860589733826426
0.48592753154724044
0.4857956629705663
0.48566336640985536
0.48553064062062246
0.4853974843566943
0.48526389637024087
0.48512987541180896
0.4849954202303546
0.48486052957327674
0.48472520218645315
0.48458943681427424
0.4844532321996795
0.4843165870841936
0.48417950020796485
0.4840419703098011
0.4839039961272099
0.48376557639643736
0.48362670985250783
0.48348739522926476
0.48334763125941205
0.483207416674556
0.483066750205249
0.4829256305810319
0.4827840565304795
0.48264202678124446
0.48249954006010454
0.4823565950930083
0.48221319060512224
0.4820693253208803
0.4819249979640315
0.4817802072576906
0.4816349519243883
0.4814892306861228
0.4813430422644116
0.4811963853803458
0.4810492587546426
0.48090166110770066
0.48075359115965577
0.48060504763043754
0.48045602923982605
0.4803065347075106
0.4801565627531485
0.48000611209642563
0.47985518145711653
0.47970376955514693
0.4795518751106554
0.4793994968440587
0.47924663347611424
0.4790932837279872
0.47893944632131646
0.4787851199782813
0.478630303421671
0.47847499537495275
0.4783191945623429
0.4781628997088778
0.47800610954048606
0.4778488227840619
0.47769103816753866
0.47753275441996534
0.47737397027158157
0.47721468445389487
0.4770548956997599
0.476894602743457
0.47673380432077256
0.4765724991690803
0.47641068602742387
0.47624836363660034
0.4760855307392445
0.47592218607991416
0.47575832840517795
0.4755939564637017
0.47542906900633747
0.47526366478621457
0.4750977425588289
0.4749313010821361
0.47476433911664473
0.4745968554255097
0.47442884877462893
0.47426031793273815
0.4740912616715105
0.47392167876565383
0.4737515679930111
0.4735809281346613
0.4734097579750216
0.4732380563019509
0.473065821906854
0.4728930535847867
0.47271975013456385
0.47254591035886573
0.4723715330643484
0.4721966170617525
0.472021161166016
0.47184516419638567
0.47166862497653167
0.4714915423346613
0.47131391510363607
0.47113574212108794
0.4709570222295389
0.470777754276519
0.4705979371146883
0.4704175696019577
0.4702366506016129
0.4700551789824382
0.46987315361884197
0.46969057339098286
0.4695074371848976
0.4693237438926309
0.4691394924123634
0.4689546816485456
0.46876931051202786
0.468583377920195
0.46839688279710123
0.46820982407360545
0.46802220068750844
0.4678340115836914
0.4676452557142547
0.4674559320386585
0.4672660395238644
0.46707557714447845
0.46688454388289397
0.4666929387294382
0.46650076068251667
0.4663080087487612
0.4661146819431784
0.46592077928929865
0.46572629981932645
0.4655312425742928
0.46533560660420603
0.46513939096820806
0.4649425947347266
0.46474521698163307
0.46454725679639775
0.4643487132762485
0.46414958552832963
0.4639498726698614
0.4637495738283012
0.4635486881415053
0.4633472147578914
0.4631451528366031
0.46294250154767386
0.4627392600721929
0.46253542760247207
0.4623310033422131
0.4621259865066759
0.4619203763228479
0.461714172029614
0.4615073728779281
0.4612999781309835
0.46109198706438737
0.46088339896633257
0.46067421313777246
0.4604644288925958
0.46025404555780225
0.46004306247367877
0.4598314789939767
0.4596192944860894
0.45940650833123053
0.459193119924614
0.4589791286756319
0.4587645340080363
0.45854933536011944
0.4583335321848949
0.4581171239502795
0.45790011013927634
0.4576824902501572
0.4574642637966454
0.45724543030809994
0.45702598932969984
0.45680594042262834
0.45658528316425795
0.4563640171483352
0.45614214198516606
0.4559196573018027
0.45569656274222836
0.45547285796754333
0.45524854265615244
0.45502361650394973
0.4547980792245072
0.4545719305492596
0.45434517022769216
0.45411779802752633
0.45388981373490817
0.453661217154593
0.45343200811013284
0.4532021864440635
0.4529717520180895
0.452740704713271
0.45250904443021006
0.45227677108923453
0.4520438846305854
0.45181038501460047
0.4515762722218996
0.45134154625356804
0.45110620713134086
0.4508702548977866
0.45063368961648853
0.45039651137222825
0.45015872027116677
0.4499203164410245
0.44968130003126294
0.4494416712132635
0.44920143018050535
0.4489605771487454
0.4487191123561928
0.44847703606368694
0.4482343485548721
0.4479910501363718
0.4477471411379609
0.44750262191274004
0.4472574928373042
0.44701175431191387
0.4467654067606639
0.44651845063164963
0.4462708863971345
0.44602271455371356
0.4457739356224787
0.4455245501491776
0.44527455870437693
0.4450239618836203
0.4447727603075856
0.44452095462224084
0.4442685454989981
0.44401553363486657
0.4437619197526021
0.4435077046008572
0.4432528889543276
0.44299747361389685
0.44274145940678
0.44248484718666475
0.442227637833851
0.44196983225538633
0.4417114313852026
0.44145243618424795
0.44119284764061734
0.4409326667696806
0.44067189461420886
0.44041053224449744
0.4401485807584873
0.4398860412818836
0.4396229149682717
0.4393592029992313
0.4390949065844466
0.4388300269618152
0.4385645653975534
0.43829852318629914
0.4380319016512123
0.43776470214407154
0.4374969260453693
0.4372285747644027
0.43695964973936197
0.43669015243741666
0.4364200843547972
0.4361494470168745
0.43587824197823644
0.43560647082276044
0.4353341351636836
0.435061236643669
0.4347877769348686
0.4345137577389833
0.43423918078732027
0.43396404784084386
0.4336883606902275
0.43341212115589806
0.4331353310880792
0.43285799236683004
0.43258010690207993
0.4323016766336615
0.4320227035313365
0.4317431895948222
0.4314631368538102
0.4311825473679842
0.4309014232270317
0.43061976655065437
0.43033757948857143
0.4300548642205228
0.42977162295626464
0.4294878579355636
0.4292035714281851
0.4289187657338797
0.42863344318236357
0.42834760613329526
0.4280612569762495
0.42777439813068535
0.4274870320459112
0.42719916120104473
0.4269107881049703
0.42662191529628984
0.4263325453432711
0.42604268084379215
0.4257523244252793
0.425461478744643
0.4251701464882083
0.42487833037164197
0.4245860331398729
0.42429325756701264
0.42400000645626623
0.4237062826398425
0.42341208897885924
0.4231174283632427
0.42282230371162377
0.4225267179712304
0.4222306741177745
0.4219341751553335
0.4216372241162313
0.42133982406091053
0.42104197807780325
0.42074368928319567
0.4204449608210899
0.4201457958630605
0.4198461976081058
0.41954616928249755
0.41924571413962286
0.4189448354598253
0.4186435365502378
0.41834182074461546
0.41803969140316005
0.41773715191234384
0.4174342056847258
0.4171308561587673
0.4168271067986394
0.4165229610940294
0.41621842255994157
0.4159134947364942
0.41560818118871196
0.41530248550631477
0.4149964113035034
0.4146899622187379
0.4143831419145163
0.4140759540771458
0.41376840241651247
0.41346049066584456
0.41315222258147466
0.4128436019425964
0.4125346325510164
0.4122253182309057
0.41191566282854336
0.4116056702120599
0.4112953442711748
0.4109846889169318
0.4106737080814292
0.410362405717548
0.41005078579867643
0.4097388523184301
0.4094266092903688
0.4091140607477118
0.4088012107430475
0.40848806334804155
0.40817462265314075
0.40786089276727444
0.40754687781755283
0.40723258194896145
0.406918009324054
0.40660316412264125
0.40628805054147726
0.405972672793944
0.4056570351097308
0.4053411417345138
0.40502499692963095
0.4047086049717556
0.40439197015256634
0.4040750967784163
0.4037579891699984
0.4034406516620087
0.40312308860280877
0.40280530435408396
0.40248730329050086
0.4021690897993631
0.40185066828026333
0.40153204314473584
0.4012132188159053
0.4008941997281348
0.400574990326672
0.4002555950672937
0.39993601841594906
0.39961626484840096
0.39929633884986615
0.39897624491465433
0.39865598754580595
0.39833557125472846
0.3980150005608319
0.3976942799911632
0.39737341408004034
0.3970524073686842
0.39673126440485057
0.3964099897424614
0.39608858794123597
0.39576706356631974
0.3954454211879144
0.39512366538090715
0.3948018007244985
0.39447983180183244
0.3941577631996225
0.3938355995077819
0.3935133453190507
0.3931910052286237
0.39286858383377987
0.3925460857335089
0.3922235155281422
0.3919008778189804
0.3915781772079231
0.3912554182970989
0.3909326056884961
0.3906097439835932
0.39028683778299156
0.38996389168604706
0.38964091029050385
0.3893178981921295
0.388994859984348
0.38867180025787884
0.38834872360037226
0.3880256345960492
0.38770253782534064
0.38737943786452855
0.3870563392853885
0.38673324665483494
0.38641016453456406
0.38608709748070374
0.38576405004346015
0.3854410267667697
0.38511803218795015
0.3847950708373549
0.3844721472380296
0.3841492659053689
0.3838264313467773
0.38350364806133036
0.38318092053943936
0.3828582532625168
0.38253565070264545
0.3822131173222489
0.3818906575737648
0.38156827589931996
0.3812459767304083
0.3809237644875718
0.38060164358008314
0.3802796184056307
0.3799576933500076
0.37963587278680133
0.37931416107708993
0.37899256256913516
0.37867108159808327
0.37834972248566784
0.3780284895399128
0.37770738705484164
0.37738641931018857
0.37706559057111066
0.3767449050879075
0.37642436709573784
0.3761039808143461
0.37578375044778634
0.3754636801841535
0.375143774195314
0.374824036636644
0.37450447164676715
0.3741850833472981
0.3738658758425877
0.3735468532194725
0.37322801954702817
0.3729093788763238
0.3725909352401837
0.3722726926529486
0.3719546551102431
0.3716368265887451
0.3713192110459585
0.37100181241999297
0.37068463462934137
0.37036768157266475
0.3700509571285815
0.36973446515545666
0.36941820949119764
0.36910219395305294
0.36878642233741393
0.3684708984196199
0.36815562595376894
0.3678406086725294
0.3675258502869574
0.36721135448631714
0.3668971249379041
0.3665831652868733
0.36626947915607055
0.3659560701458672
0.36564294183399826
0.3653300977754057
0.36501754150208343
0.3647052765229272
0.3643933063235876
0.3640816343663274
0.36377026408988117
0.3634591989093202
0.3631484422159198
0.3628379973770307
0.3625278677359539
0.3622180566118201
0.3619085672994701
0.36159940306934213
0.3612905671673601
0.36098206281482736
0.360673893208322
0.3603660615195974
0.36005857089548554
0.3597514244578035
0.3594446253032648
0.3591381765033919
0.3588320811044339
0.3585263421272877
0.3582209625674221
0.3579159453948041
0.3576112935538308
0.3573070099632637
0.35700309751616505
0.3566995590798397
0.3563963974957786
0.3560936155796065
0.35579121612103215
0.3554892018838018
0.3551875756056571
0.35488633999829433
0.35458549774732756
0.3542850515122554
0.3539850039264313
0.35368535759703285
0.35338611510504175
0.3530872790052186
0.35278885182608566
0.35249083606991277
0.35219323421270177
0.35189604870417923
0.35159928196778767
0.3513029364006836
0.35100701437373416
0.3507115182315197
0.3504164502923379
0.3501218128482111
0.34982760816489505
0.3495338384818917
0.34924050601246504
0.3489476129436567
0.3486551614363078
0.3483631536250814
0.34807159161848583
0.3477804774989055
0.3474898133226276
0.34719960111987686
0.34690984289484994
0.34662054062575176
0.3463316962648363
0.34604331173844705
0.3457553889470628
0.34546792976534185
0.3451809360421724
0.3448944096007219
0.34460835223849035
0.3443227657273652
0.3440376518136781
0.34375301221826443
0.34346884863652277
0.34318516273848004
0.34290195616885416
0.3426192305471228
0.3423369874675905
0.34205522849946
0.3417739551869047
0.3414931690491417
0.3412128715805096
0.3409330642505437
0.34065374850405755
0.34037492576122186
0.34009659741764886
0.33981876484447515
0.3395414293884483
0.3392645923720138
0.3389882550934034
0.3387124188267263
0.33843708482206025
0.3381622543055444
0.33788792847947535
0.33761410852240037
0.337340795589218
0.3370679908112733
0.3367956952964602
0.33652391012932015
0.33625263637114766
0.33598187506009014
0.3357116272112553
0.3354418938168152
0.3351726758461141
0.33490397424577567
0.33463578993981297
0.33436812382973685
0.3341009767946691
0.33383434969145287
0.3335682433547654
0.3333026585972339
0.33303759620954754
0.33277305696057513
0.3325090415974806
0.3322455508458412
0.33198258540976405
0.3317201459720059
0.33145823319409357
0.3311968477164425
0.3309359901584782
0.3306756611187594
0.3304158611750981
0.3301565908846844
0.3298978507842085
0.32963964138998564
0.329381963198081
0.3291248166844341
0.328868202304985
0.3286121204958004
0.3283565716731997
0.3281015562338836
0.3278470745550591
0.32759312699457066
0.32733971389102534
0.3270868355639233
0.3268344923137866
0.3265826844222873
0.32633141215237893
0.3260806757484246
0.32583047543632854
0.32558081142366513
0.3253316838998106
0.32508309303607363
0.32483503898582555
0.32458752188463247
0.3243405418503858
0.3240940989834341
0.32384819336671467
0.32360282506588467
0.32335799412945376
0.32311370058891453
0.3228699444588752
0.3226267257371913
0.3223840444050978
0.32214190042734003
0.32190029375230644
0.32165922431215976
0.32141869202296924
0.3211786967848418
0.3209392384820533
0.3207003169831819
0.3204619321412365
0.3202240837937906
0.31998677176311136
0.3197499958562924
0.3195137558653829
0.3192780515675197
0.31904288272505577
0.31880824908569294
0.31857415038260933
0.31834058633459106
0.3181075566461603
0.31787506100770563
0.31764309909560984
0.31741167057237973
0.31718077508677445
0.31695041227393206
0.31672058175549955
0.31649128313975855
0.3162625160217529
0.31603427998341604
0.3158065745936965
0.3155793994086848
0.31535275397173806
0.3151266378136065
0.31490105045255745
0.31467599139450014
0.3144514601331096
0.3142274561499505
0.3140039789145996
0.31378102788477047
0.31355860250643325
0.31333670221393806
0.31311532643013573
0.31289447456649977
0.3126741460232453
0.31245434018944984
0.3122350564431727
0.3120162941515738
0.31179805267103133
0.31158033134726165
0.31136312951543443
0.31114644650029066
0.3109302816162588
0.3107146341675704
0.3104995034483755
0.3102848887428566
0.31007078932534377
0.3098572044604274
0.3096441334030714
0.3094315753987255
0.30921952968343713
0.309007995483962
0.30879697201787576
0.30858645849368327
0.30837645411092784
0.30816695806030037
0.30795796952374743
0.3077494876745788
0.307541511677574
0.3073340406890893
0.3071270738571625
0.306920610321619
0.306714649214175
0.30650918965854235
0.3063042307705312
0.3060997716581513
0.30589581142171657
0.3056923491539434
0.3054893839400526
0.30528691485786924
0.3050849409779211
0.30488346136353817
0.3046824750709494
0.30448198114938063
0.3042819786411512
0.3040824665817691
0.30388344400002637
0.3036849099180942
0.30348686335161623
0.30328930330980125
0.3030922287955163
0.30289563880537823
0.30269953232984503
0.302503908353306
0.30230876585417077
0.3021141038049599
0.30191992117239175
0.30172621691747104
0.301532989995575
0.30134023935654036
0.3011479639447491
0.30095616269921244
0.30076483455365555
0.3005739784366013
0.3003835932714525
0.30019367797657437
0.3000042314653766
0.29981525264639236
0.29962674042336024
0.29943869369530296
0.299251111356605
0.2990639922970922
0.2988773354021081
0.29869113955259086
0.2985054036251494
0.29832012649213785
0.29813530702173
0.2979509440779955
0.29776703652096964
0.2975835832067282
0.2974005829874581
0.29721803471152936
0.2970359372235645
0.2968542893645095
0.29667308997170233
0.2964923378789406
0.2963120319165503
0.2961321709114531
0.2959527536872312
0.29577377906419444
0.2955952458594454
0.2954171528869422
0.29523949895756435
0.2950622828791736
0.29488550345667836
0.29470915949209375
0.2945332497846037
0.29435777313062117
0.2941827283238465
0.2940081141553292
0.2938339294135238
0.29366017288434954
0.2934868433512454
0.29331393959522917
0.2931414603949512
0.29296940452674974
0.2927977707647072
0.29262655788070246
0.29245576464446416
0.29228538982362423
0.2921154321837696
0.2919458904884932
0.291776763499445
0.291608049976382
0.29143974867721845
0.29127185835807323
0.2911043777733202
0.29093730567563325
0.29077064081603665
0.2906043819439478
0.2904385278072261
0.29027307715221723
0.2901080287237967
0.28994338126541513
0.2897791335191416
0.28961528422570604
0.28945183212454134
0.2892887759538258
0.28912611445052366
0.2889638463504253
0.28880197038818806
0.28864048529737485
0.28847938981049287
0.2883186826590325
0.2881583625735045
0.28799842828347644
0.28783887851761
0.28767971200369763
0.28752092746869573
0.28736252363876175
0.2872044992392862
0.2870468529949288
0.28688958362965034
0.2867326898667446
0.2865761704288722
0.2864200240380902
0.28626424941588485
0.2861088452832014
0.285953810360473
0.28579914336765233
0.28564484302423826
0.28549090804930555
0.285337337161532
0.28518412907922686
0.2850312825203561
0.2848787962025695
0.2847266688432272
0.2845748991594236
0.28442348586801247
0.28427242768563254
0.2841217233287292
0.2839713715135796
0.28382137095631454
0.28367172037294075
0.2835224184793631
0.2833734639914054
0.28322485562483246
0.28307659209536856
0.2829286721187189
0.2827810944105886
0.28263385768670135
0.282486960662818
0.28234040205475514
0.2821941805784017
0.28204829494973677
0.2819027438848459
0.2817575260999374
0.2816126403113579
0.2814680852356081
0.28132385958935713
0.28117996208945656
0.2810363914529551
0.28089314639711216
0.28075022563940955
0.2806076278975664
0.2804653518895488
0.28032339633358344
0.2801817599481678
0.2800404414520819
0.2798994395643977
0.2797587530044905
0.27961838049204735
0.27947832074707657
0.2793385724899173
0.27919913444124667
0.2790600053220884
0.2789211838538204
0.2787826687581818
0.2786444587572795
0.278506552573595
0.2783689489299893
0.2782316465497098
0.2780946441563944
0.27795794047407646
0.2778215342271893
0.2776854241405703
0.27754960893946395
0.2774140873495255
0.2772788580968231
0.27714391990784115
0.2770092715094818
0.27687491162906597
0.2767408389943356
0.2766070523334543
0.27647355037500737
0.2763403318480021
0.27620739548186823
0.276074740006456
0.2759423641520365
0.27581026664929953
0.27567844622935156
0.2755469016237152
0.2754156315643245
0.27528463478352416
0.27515391001406536
0.275023455989102
0.2748932714421876
0.2747633551072707
0.2746337057186894
0.27450432201116826
0.27437520271981164
0.2742463465800978
0.2741177523278737
0.2739894186993493
0.27386134443108795
0.2737335282600032
0.2736059689233486
0.2734786651587109
0.27335161570400196
0.27322481929745035
0.2730982746775925
0.2729719805832639
0.27284593575358884
0.27272013892797137
0.2725945888460849
0.27246928424786176
0.27234422387348245
0.2722194064633647
0.27209483075815105
0.27197049549869856
0.2718463994260655
0.271722541281499
0.271598919806423
0.2714755337424244
0.27135238183123966
0.27122946281474153
0.2711067754349239
0.27098431843388887
0.27086209055383026
0.27074009053702
0.2706183171257914
0.27049676906252434
0.27037544508962935
0.2702543439495293
0.27013346438464547
0.270012805137378
0.2698923649500903
0.26977214256509024
0.2696521367246121
0.26953234617079874
0.2694127696456828
0.2692934058911671
0.26917425364900616
0.2690553116607857
0.2689365786679033
0.2688180534115472
0.2686997346326768
0.26858162107200045
0.26846371146995535
0.26834600456668506
0.26822849910201724
0.2681111938154427
0.26799408744609177
0.26787717873271066
0.26776046641364043
0.267643949226791
0.2675276259096186
0.2674114951991014
0.26729555583171405
0.26717980654340323
0.26706424606956364
0.26694887314500987
0.26683368650395317
0.26671868487997286
0.2666038670059915
0.2664892316142468
0.26637477743626536
0.2662605032028338
0.2661464076439728
0.2660324894889063
0.2659187474660346
0.26580518030290595
0.2656917867261852
0.26557856546162606
0.26546551523403966
0.2653526347672662
0.2652399227841422
0.2651273780064708
0.2650149991549896
0.2649027849493397
0.26479073410803383
0.264678845348423
0.26456711738666416
0.2644555489376874
0.2643441387151629
0.26423288543146595
0.26412178779764384
0.2640108445233806
0.26390005431696273
0.2637894158852441
0.26367892793360925
0.26356858916593917
0.2634583982845735
0.2633483539902745
0.2632384549821899
0.26312869995781585
0.26301908761295845
0.2629096166416966
0.2628002857363418
0.26269109358740134
0.2625820388835376
0.26247312031152903
0.26236433655622965
0.2622556863005294
0.2621471682253118
0.26203878100941524
0.261930523329589
0.26182239386045303
0.261714391274454
0.2616065142418247
0.2614987614305387
0.2613911315062679
0.2612836231323393
0.2611762349696887
0.2610689656768187
0.2609618139097506
0.26085477832198134
0.26074785756443586
0.2606410502854223
0.2605343551305834
0.26042777074285106
0.2603212957623978
0.2602149288265889
0.26010866856993425
0.26000251362403876
0.2598964626175545
0.2597905141761291
0.25968466692235764
0.2595789194757304
0.25947327045258334
0.25936771846604467
0.25926226212598535
0.2591569000389651
0.25905163080818056
0.2589464530334117
0.25884136531096774
0.25873636623363416
0.2586314543906176
0.2585266283674902
0.2584218867461359
0.2583172281046923
0.25821265101749613
0.2581081540550259
0.25800373578384406
0.2578993947665398
0.25779512956167105
0.2576909387237051
0.25758682080295986
0.2574827743455441
0.25737879789329804
0.2572748899837312
0.257171049149963
0.2570672739206602
0.25696356281997546
0.2568599143674834
0.25675632707812035
0.25665279946211816
0.2565493300249416
0.2564459172672234
0.2563425596846992
0.25623925576814266
0.25613600400329867
0.2560328028708172
0.255929650846187
0.25582654639966707
0.25572348799621847
0.2556204740954373
0.25551750315148447
0.2554145736130162
0.25531168392311443
0.255208832519216
0.2551060178330415
0.25500323829052396
0.2549004923117361
0.25479777831081896
0.254695094695907
0.254592439869056
0.2544898122261676
0.254387210156916
0.25428463204467056
0.25418207626642236
0.2540795411927062
0.25397702518752485
0.2538745266082708
0.25377204380564905
0.25366957512359806
0.25356711889921113
0.2534646734626575
0.2533622371371012
0.25325980823862115
0.2531573850761301
0.2530549659512925
0.25295254915844356
0.25285013298450537
0.2527477157089039
0.25264529560348625
0.2525428709324348
0.25244043995218446
0.2523380009113357
0.2522355520505691
0.25213309160256014
0.25203061779189073
0.25192812883496307
0.25182562293991134
0.25172309830651307
0.251620553126101
0.25151798558147315
0.2514153938468026
0.2513127760875481
0.2512101304603624
0.2511074551130007
0.25100474818423013
0.2509020078037353
0.25079923209202765
0.2506964191603504
0.25059356711058567
0.25049067403516073
0.2503877380169518
0.25028475712918985
0.25018172943536554
0.250078652989132
0.24997552583420896
0.24987234600428576
0.2497691115229242
0.2496658204034603
0.2495624706489069
0.24945906025185433
0.24935558719437215
0.24925204944790874
0.24914844497319358
0.24904477172013498
0.2489410276277207
0.2488372106239179
0.24873331862557038
0.24862934953829863
0.2485253012563979
0.24842117166273497
0.248316958628647
0.24821266001383932
0.24810827366628146
0.24800379742210418
0.24789922910549728
0.2477945665286051
0.247689807491423
0.24758494978169324
0.24747999117480124
0.24737492943367165
0.2472697623086629
0.2471644875374639
0.24705910284498822
0.2469536059432707
0.24684799453136208
0.24674226629522397
0.24663641890762433
0.24653045002803328
0.24642435730251688
0.24631813836363375
0.24621179083032974
0.2461053123078334
0.24599870038755273
0.24589195264696834
0.24578506664953179
0.24567803994456053
0.24557087006713418
0.2454635545379912
0.24535609086342627
0.2452484765351863
0.24514070903036891
0.24503278581132032
0.24492470432553226
0.24481646200554236
0.2447080562688324
0.2445994845177284
0.2444907441393004
0.24438183250526363
0.24427274697188017
0.24416348487986014
0.2440540435542657
0.24394442030441355
0.24383461242377952
0.24372461718990457
0.24361443186429896
0.24350405369235129
0.2433934799032345
0.24328270770981592
0.2431717343085666
0.24306055687947264
0.24294917258594678
0.24283757857474197
0.2427257719758673
0.24261374990250162
0.2425015094509113
0.24238904770037073
0.2422763617130806
0.2421634485340895
0.24205030519121812
0.2419369286949835
0.24182331603852586
0.24170946419753633
0.24159537013018806
0.241481030777067
0.24136644306110697
0.2412516038875246
0.24113651014375898
0.24102115869940977
0.24090554640618173
0.24078967009782729
0.2406735265900959
0.24055711268068242
0.24044042514917818
0.24032346075702787
0.24020621624748573
0.24008868834557456
0.2399708737580506
0.239852769173368
0.23973437126164782
0.23961567667465028
0.23949668204574967
0.23937738398991149
0.2392577791036761
0.23913786396514206
0.23901763513395471
0.23889708915129926
0.2387762225398956
0.23865503180399808
0.23853351342939896
0.23841166388343565
0.23828947961500246
0.23816695705456567
0.2380440926141838
0.2379208826875307
0.2377973236499256
0.2376734118583654
0.2375491436515622
0.23742451534998638
0.23729952325591372
0.23717416365347754
0.23704843280872614
0.23692232696968504
0.2367958423664251
0.23666897521113528
0.23654172169820162
0.2364140780042907
0.2362860402884399
0.23615760469215286
0.23602876733950098
0.23589952433723083
0.23576987177487724
0.23563980572488438
0.2355093222427296
0.23537841736705842
0.23524708711982154
0.23511532750642172
0.23498313451586514
0.23485050412092112
0.23471743227828887
0.23458391492876932
0.23444994799744615
0.2343155273938739
0.2341806490122714
0.234045308731726
0.2339095024164024
0.23377322591575955
0.23363647506477786
0.23349924568419034
0.2333615335807256
0.2332233345473553
0.23308464436355217
0.2329454587955555
0.2328057735966442
0.23266558450741975
0.23252488725609638
0.23238367755880007
0.232241951119875
0.23209970363220267
0.23195693077752444
0.23181362822677676
0.2316697916404334
0.23152541666885712
0.23138049895266094
0.2312350341230777
0.23108901780233837
0.23094244560406074
0.23079531313364715
0.23064761598868888
0.23049934975938471
0.23035051002896384
0.23020109237412106
0.23005109236546034
0.22990050556794783
0.22974932754137412
0.2295975538408267
0.22944518001717032
0.22929220161753805
0.22913861418583104
0.22898441326322772
0.22882959438870215
0.22867415309955305
0.2285180849319388
0.22836138542142553
0.22820405010354267
0.2280460745143456
0.22788745419099216
0.2277281846723232
0.22756826149945464
0.22740768021637844
0.2272464363705714
0.22708452551361297
0.2269219432018117
0.22675868499684065
0.22659474646637912
0.22643012318476552
0.22626481073365626
0.22609880470269278
0.22593210069017772
0.22576469430375629
0.22559658116110842
0.22542775689064548
0.22525821713221444
0.22508795753781108
0.22491697377229725
0.224745261514127
0.2245728164560773
0.22439963430598664
0.2242257107874982
0.22405104164080797
0.2238756226234226
0.22369944951091617
0.2235225180976983
0.22334482419778187
0.22316636364555856
0.22298713229657713
0.22280712602832625
0.22262634074102128
0.2224447723583931
0.22226241682848175
0.22207927012443202
0.22189532824529223
0.22171058721681364
0.22152504309225463
0.2213386919531834
0.2211515299102853
0.2209635531041672
0.22077475770616714
0.22058513991915987
0.2203946959783659
0.22020342215215943
0.22001131474287366
0.219818370087608
0.21962458455903344
0.21942995456619382
0.21923447655530925
0.21903814701057456
0.21884096245495502
0.21864291945098202
0.21844401460154195
0.2182442445506646
0.2180436059843052
0.21784209563112494
0.2176397102632651
0.21743644669711681
0.2172323017940876
0.21702727246135806
0.21682135565263896
0.2166145483689181
0.2164068476592021
0.21619825062125253
0.21598875440231324
0.21577835619983524
0.21556705326218734
0.21535484288936635
0.21514172243369545
0.21492768930051584
0.21471274094886958
0.21449687489217567
0.2142800886988957
0.21406237999319228
0.21384374645557785
0.21362418582355397
0.2134036958922437
0.21318227451501132
0.21295991960407512
0.21273662913110983
0.2125124011278392
0.21228723368661845
0.21206112496100923
0.21183407316634073
0.21160607658026437
0.2113771335432964
0.211147242459352
0.21091640179626756
0.21068461008631506
0.2104518659267043
0.21021816798007636
0.20998351497498755
0.20974790570638113
0.2095113390360528
0.20927381389310257
0.20903532927437923
0.2087958842449145
0.20855547793834855
0.20831410955734342
0.2080717783739907
0.2078284837302071
0.20758422503812285
0.2073390017804599
0.2070928135109023
0.2068456598544564
0.20659754050780638
0.20634845523965528
0.20609840389106454
0.20584738637578087
0.20559540268055837
0.20534245286546987
0.20508853706421543
0.20483365548441862
0.20457780840792059
0.20432099619106286
0.20406321926496823
0.20380447813580949
0.20354477338507837
0.20328410566984417
0.20302247572300747
0.20275988435354814
0.20249633244676973
0.20223182096453507
0.20196635094550047
0.20169992350534174
0.20143253983697762
0.2011642012107888
0.20089490897482898
0.2006246645550364
0.20035346945543706
0.2000813252583462
0.19980823362456474
0.19953419629357216
0.19925921508371475
0.19898329189239083
0.19870642869623223
0.1984286275512807
0.19814989059316296
0.19787022003725893
0.1975896181788708
0.1973080873933818
0.19702563013641772
0.19674224894400177
0.19645794643270398
0.19617272529978963
0.19588658832336248
0.19559953836250227
0.1953115783574016
0.19502271132949325
0.19473294038157912
0.1944422686979481
0.19415069954449365
0.19385823626882454
0.1935648823003697
0.19327064115047793
0.19297551641251326
0.1926795117619404
0.1923826309564088
0.19208487783582606
0.19178625632242563
0.19148677042082826
0.1911864242180943
0.19088522188376958
0.19058316766992037
0.19028026591116426
0.18997652102468626
0.18967193751025063
0.1893665199501995
0.1890602730094437
0.1887532014354409
0.18844531005816384
0.18813660379005848
0.18782708762598682
0.18751676664316158
0.18720564600106476
0.18689373094135567
0.1865810267877646
0.18626753894597065
0.18595327290346908
0.18563823422942016
0.18532242857448522
0.18500586167064564
0.18468853933100654
0.18437046744958413
0.18405165200107484
0.183732099040609
0.18341181470348583
0.18309080520489002
0.18276907683959065
0.1824466359816205
0.1821234890839381
0.18179964267806642
0.18147510337371542
0.18114987785838274
0.1808239728969338
0.18049739533116171
0.18017015207932485
0.17984225013566468
0.17951369656990085
0.17918449852670437
0.17885466322514953
0.17852419795814164
0.17819311009182487
0.17786140706496573
0.17752909638831266
0.1771961856439361
0.1768626824845416
0.17652859463276233
0.1761939298804267
0.17585869608780447
0.17552290118282754
0.17518655316028833
0.1748496600810155
0.17451223007102393
0.17417427132064472
0.17383579208362876
0.17349680067622933
0.17315730547626115
0.17281731492213576
0.1724768375118751
0.17213588180210182
0.1717944564070074
0.17145256999729874
0.17111023129912234
0.17076744909296582
0.1704242322125405
0.1700805895436397
0.16973653002297967
0.16939206263701728
0.16904719642074842
0.16870194045648895
0.1683563038726319
0.16801029584239033
0.16766392558251833
0.1673172023520162
0.16697013545081646
0.16662273421845408
0.16627500803272005
0.16592696630829692
0.16557861849538227
0.16522997407829276
0.16488104257405867
0.16453183353099982
0.16418235652729257
0.1638326211695199
0.16348263709121236
0.16313241395137645
0.16278196143301227
0.1624312892416202
0.16208040710369953
0.16172932476523605
0.16137805199018357
0.16102659855893514
0.16067497426679073
0.16032318892241473
0.15997125234629012
0.15961917436916861
0.15926696483051256
0.15891463357693847
0.1585621904606525
0.15820964533788826
0.1578570080673397
0.15750428850859416
0.15715149652056676
0.1567986419599327
0.15644573467956302
0.15609278452696146
0.1557398013427026
0.15538679495887592
0.15503377519753123
0.15468075186913005
0.15432773477100245
0.1539747336858084
0.1536217583800072
0.15326881860233296
0.15291592408227905
0.15256308452858952
0.15221030962776189
0.1518576090425558
0.15150499241051668
0.1511524693425068
0.15080004942124903
0.15044774219988222
0.15009555720053064
0.14974350391288319
0.14939159179279093
0.1490398302608748
0.14868822870114998
0.14833679645966452
0.14798554284315513
0.14763447711771777
0.14728360850749528
0.14693294619338143
0.1465824993117445
0.14623227695316598
0.1458822881611999
0.14553254193115064
0.1451830472088672
0.14483381288956082
0.1444848478166394
0.1441361607805642
0.14378776051772454
0.14343965570933628
0.14309185498035865
0.14274436689843378
0.1423971999728476
0.14205036265351323
0.14170386332997376
0.14135771033043143
0.1410119119207957
0.14066647630375545
0.14032141161787448
0.1399767259367093
0.13963242726794894
0.13928852355258112
0.13894502266407782
0.13860193240760807
0.138259260519271
0.1379170146653549
0.13757520244161928
0.13723383137259898
0.13689290891093503
0.13655244243672637
0.136212439256907
0.13587290660464785
0.1355338516387775
0.13519528144323373
0.134857203026533
0.13451962332126538
0.13418254918361433
0.13384598739289766
0.13350994465113308
0.13317442758262724
0.13283944273358617
0.13250499657175138
0.1321710954860564
0.1318377457863068
0.13150495370288406
0.1311727253864689
0.13084106690779065
0.1305099842573945
0.13017948334543494
0.12984957000148653
0.12952024997437933
0.12919152893205443
0.12886341246143945
0.12853590606834742
0.12820901517739297
0.1278827451319316
0.12755710119401692
0.1272320885443794
0.12690771228242378
0.1265839774262451
0.12626088891266476
0.1259384515972857
0.1256166702545642
0.12529554957790212
0.1249750941797545
0.12465530859175719
0.12433619726487044
0.1240177645695395
0.12370001479587185
0.12338295215383156
0.12306658077344912
0.12275090470504724
0.12243592791948123
0.12212165430839655
0.1218080876844991
0.12149523178184085
0.12118309025612028
0.12087166668499502
0.1205609645684102
0.1202509873289385
0.11994173831213356
0.11963322078689588
0.11932543794585083
0.11901839290574033
0.11871208870782234
0.1184065283182864
0.11810171462867655
0.11779765045632636
0.11749433854480462
0.11719178156436974
0.11688998211243692
0.11658894271404996
0.11628866582236655
0.11598915381915034
0.11569040901527264
0.11539243365121996
0.11509522989761296
0.11479879985572947
0.11450314555803809
0.11420826896873637
0.11391417198429671
0.11362085643401876
0.11332832408058763
0.11303657662063865
0.11274561568532693
0.11245544284090284
0.11216605958929146
0.11187746736867935
0.1115896675541026
0.11130266145804146
0.11101645033101828
0.11073103536219889
0.11044641767999755
0.11016259835268635
0.10987957838900567
0.1095973587387789
0.10931594029352858
0.10903532388709686
0.10875551029626448
0.10847650024137606
0.10819829438696332
0.10792089334237157
0.1076442976623872
0.10736850784786554
0.10709352434636038
0.10681934755275321
0.10654597780988423
0.10627341540918203
0.10600166059129337
0.1057307135467149
0.10546057441642212
0.10519124329249861
0.10492272021876523
0.10465500519140788
0.10438809815960443
0.10412199902614996
0.10385670764808189
0.10359222383730243
0.10332854736119976
0.10306567794326835
0.10280361526372539
0.10254235896012749
0.10228190862798409
0.10202226382136775
0.10176342405352351
0.10150538879747517
0.10124815748662885
0.10099172951537308
0.10073610423967821
0.10048128097768952
0.10022725901032055
0.09997403758184081
0.09972161590046204
0.0994699931389196
0.0992191684350511
0.09896914089237158
0.09871990958064515
0.09847147353645216
0.0982238317637536
0.09797698323445103
0.09773092688894233
0.09748566163667494
0.09724118635669254
0.09699749989818027
0.096754601081004
0.09651248869624607
0.09627116150673631
0.09603061824758002
0.09579085762667972
0.09555187832525318
0.09531367899834847
0.09507625827535171
0.09483961476049341
0.09460374703334719
0.09436865364932623
0.09413433314017434
0.09390078401445134
0.09366800475801626
0.09343599383450259
0.09320474968579233
0.09297427073248157
0.09274455537434464
0.09251560199079156
0.09228740894132151
0.09205997456597065
0.0918332971857567
0.09160737510311678
0.0913822066023422
0.09115778995000692
0.0909341233953925
0.0907112051709078
0.09048903349250295
0.0902676065600801
0.09004692255789823
0.08982697965497323
0.089607776005474
0.08938930974911335
0.08917157901153294
0.0889545819046855
0.08873831652721145
0.08852278096480998
0.08830797329060641
0.08809389156551456
0.08788053383859484
0.08766789814740658
0.08745598251835648
0.08724478496704285
0.0870343034985945
0.08682453610800522
0.08661548078046366
0.086407135491679
0.08619949820820234
0.08599256688774225
0.08578633947947713
0.08558081392436351
0.08537598815543831
0.08517186009811795
0.08496842767049323
0.08476568878361879
0.08456364134179953
0.0843622832428721
0.0841616123784821
0.08396162663435758
0.08376232389057792
0.08356370202183838
0.0833657588977122
0.0831684923829055
0.08297190033751184
0.08277598061725949
0.08258073107375716
0.08238614955473475
0.08219223390427982
0.08199898196307154
0.081806391568609
0.08161446055543745
0.08142318675537014
0.08123256799770584
0.08104260210944371
0.08085328691549384
0.08066462023888439
0.0804765999009655
0.08028922372160904
0.08010248951940505
0.07991639511185555
0.07973093831556342
0.07954611694641897
0.07936192881978352
0.07917837175066801
0.07899544355391032
0.0788131420443482
0.07863146503698876
0.07845041034717594
0.0782699757907536
0.07809015918422685
0.0779109583449188
0.07773237109112577
0.07755439524226809
0.0773770286190392
0.07720026904355196
0.07702411433948014
0.07684856233219922
0.07667361084892362
0.07649925771884075
0.07632550077324346
0.07615233784565778
0.07597976677197057
0.07580778539055263
0.07563639154237994
0.07546558307115188
0.07529535782340807
0.07512571364864135
0.07495664839940902
0.07478815993144139
0.07462024610374858
0.07445290477872438
0.07428613382224716
0.07411993110378012
0.0739542944964677
0.07378922187723108
0.07362471112686053
0.07346076013010557
0.07329736677576401
0.07313452895676795
0.0729722445702678
0.07281051151771475
0.07264932770494087
0.07248869104223692
0.07232859944442935
0.07216905083095411
0.07201004312592862
0.07185157425822378
0.07169364216153112
0.07153624477443091
0.07137938004045621
0.07122304590815752
0.07106724033116359
0.07091196126824148
0.07075720668335561
0.0706029745457232
0.07044926282987066
0.07029606951568612
0.0701433925884716
0.06999123003899387
0.06983957986353255
0.06968844006392813
0.06953780864762713
0.06938768362772757
0.06923806302302137
0.06908894485803616
0.06894032716307545
0.06879220797425786
0.0686445853335548
0.06849745728882609
0.06835082189385633
0.06820467720838734
0.0680590212981516
0.06791385223490337
0.06776916809644863
0.0676249669666748
0.06748124693557742
0.06733800609928817
0.06719524256009941
0.06705295442648973
0.06691113981314611
0.06676979684098792
0.066628923637187
0.06648851833518832
0.06634857907473035
0.06620910400186183
0.06607009126896057
0.06593153903474944
0.06579344546431172
0.06565580872910654
0.0655186270069819
0.06538189848218795
0.06524562134538937
0.06510979379367608
0.06497441403057387
0.06483948026605406
0.06470499071654312
0.06457094360492883
0.06443733716056943
0.06430416961929979
0.06417143922343632
0.06403914422178328
0.06390728286963668
0.0637758534287878
0.06364485416752694
0.06351428336064516
0.06338413928943655
0.0632544202416992
0.06312512451173566
0.06299625040035337
0.06286779621486291
0.06273976026907825
0.06261214088331375
0.062484936384382475
0.06235814510559301
0.06223176538674626
0.06210579557413119
0.061980234020520754
0.061855079085167006
0.061730329133794934
0.06160598253859785
0.061482037678229615
0.06135849293779927
0.06123534670886234
0.06111259738941456
0.06099024338388248
0.06086828310311636
0.06074671496437964
0.06062553739134109
0.060504748814064355
0.06038434766899811
0.06026433239896553
0.060144701453153815
0.060025453287102556
0.0599065863626929
0.05978809914813533
0.05966999011795736
0.059552257752991944
0.0594349005403638
0.059317916973477144
0.05920130555200174
0.05908506478186
0.058969193175212334
0.058853689250443826
0.05873855153214888
0.058623778551117736
0.058509368844320564
0.05839532095489283
0.05828163343211993
0.05816830483142134
0.05805533371433545
0.057942718648502416
0.05783045820764895
0.05771855097157163
0.05760699552612002
0.057495790463180194
0.05738493438065757
0.05727442588245968
0.05716426357847909
0.057054446084575605
0.056944972022558805
0.056835840020170364
0.056727048711065486
0.056618596734795745
0.056510482736789824
0.05640270536833604
0.05629526328656299
0.05618815515442155
0.05608137964066618
0.05597493541983531
0.05586882117223309
0.055763035583910145
0.055657577346644005
0.05555244515792034
0.05544763772091327
0.055343153744465794
0.055238991943070595
0.05513515103685018
0.055031629751537206
0.05492842681845443
0.05482554097449541
0.05472297096210391
0.05462071552925456
0.054518773429432225
0.05441714342161208
0.054315824270239746
0.054214814745210706
0.05411411362184993
0.054013719680892414
0.053913631708461515
0.05381384849604948
0.05371436884049701
0.053615191543972145
0.053516315413950834
0.053417739263195
0.05331946190973355
0.053221482176840626
0.053123798893015516
0.05302641089196201
0.05292931701256791
0.05283251609888413
0.052736007000104335
0.05263978857054384
0.05254385966961966
0.05244821916182937
0.052352865916730544
0.05225779880892008
0.052163016718013946
0.05206851852862554
0.05197430313034637
0.05188036941772459
0.05178671629024436
0.051693342652305796
0.051600247413203765
0.05150742948710789
0.0514148877930415
0.05132262125486137
0.05123062880123713
0.051138909365631036
0.051047461886276804
0.050956285306160184
0.05086537857299746
0.05077474063921604
0.05068437046193368
0.05059426700293786
0.050504429228666055
0.050414856110185105
0.05032554662317128
0.050236499747889594
0.05014771446917464
0.050059189776409246
0.049970924663505306
