0.4950449647945625
0.5306736869410567
0.5189900736873693
0.5253431634515089
0.5265528939418515
0.5184771479114901
0.5142293968651319
0.5155550476394276
0.5158889560068274
0.5152477777626638
0.5156927245578052
0.5158753687361414
0.5148287679276778
0.513751467677475
0.5134338093012452
0.5134490657075619
0.5134590901945904
0.5134694886468396
0.5133644297092846
0.5130470285946533
0.5126585639079623
0.512371525858039
0.5122022142863585
0.5120856779045153
0.5119675426193129
0.5118089079337758
0.5115961108301725
0.5113553313732089
0.5111265751294898
0.5109280993869707
0.5107523430418589
0.5105816482211083
0.5104010318603309
0.5102049237885009
0.5099984747004154
0.5097918668515156
0.5095921993711907
0.5093999322402945
0.5092108842155184
0.5090202079941646
0.5088253837255813
0.5086270646829174
0.5084278289377028
0.5082300602098837
0.5080345614577934
0.5078405797103862
0.507646759994135
0.5074521540077914
0.5072566873772599
0.5070609730607483
0.5068657642421518
0.5066714823675724
0.5064780881573758
0.506285269375467
0.5060927346934878
0.5059004068047349
0.5057084305389409
0.5055170455625299
0.5053264397899502
0.5051366775129433
0.5049477230966563
0.5047595171863883
0.5045720440492579
0.5043853525089302
0.504199531760558
0.5040146698885062
0.5038308250269543
0.5036480226202601
0.50346627257648
0.5032855900720985
0.503106006455325
0.502927566652329
0.502750318606964
0.5025743033979336
0.5023995517003185
0.5022260867783411
0.5020539302398044
0.5018831062597263
0.5017136421753524
0.5015455661464125
0.5013789041211903
0.5012136780981383
0.501049906308344
0.5008876046123096
0.5007267878909702
0.5005674705785056
0.5004096662515976
0.5002533867798146
0.5000986416552092
0.4999454378297936
0.4997937799897168
0.4996436709563046
0.4994951119213281
0.49934810241075306
0.49920264006580783
0.49905872041397636
0.49891633675822716
0.4987754802048355
0.49863613976193505
0.4984983024193426
0.49836195315845017
0.49822707489848117
0.49809364842206477
0.49796165232311274
0.49783106299419383
0.4977018546420451
0.4975739993064699
0.49744746686320207
0.4973222250066294
0.4971982392214671
0.4970754727562448
0.4969538866063369
0.4968334395059306
0.49671408792273763
0.49659578604895965
0.4964784857856415
0.496362136721754
0.49624668611144374
0.49613207885222677
0.4960182574646952
0.4959051620723323
0.495792730379423
0.4956808976457466
0.4955695966579745
0.4954587576985295
0.49534830851273765
0.4952381742745797
0.49512827755071803
0.4950185382621591
0.4949088736429972
0.4947991981960081
0.4946894236451489
0.49457945888512134
0.4944692099280359
0.49435857984703746
0.4942474687166178
0.494135773549324
0.4940233882286465
0.49391020343795755
0.4937961065854108
0.4936809817246921
0.493564709471457
0.4934471669152347
0.49332822752655997
0.49320776105909847
0.49308563344655437
0.4929617066941493
0.492835838764461
0.4927078834573841
0.4925776902839448
0.4924451043336933
0.49230996613537614
0.4921721115105979
0.49203137142016484
0.49188757180279935
0.49174053340589563
0.4915900716079689
0.4914359962324377
0.4912781113523633
0.49111621508576303
0.49095009938110207
0.49077954979256333
0.49060434524467933
0.49042425778590715
0.49023905233071874
0.4900484863897728
0.4898523097877416
0.4896502643683647
0.4894420836863102
0.48922749268544463
0.48900620736311823
0.4887779344201126
0.4885423708959218
0.4882992037890876
0.48804810966236206
0.487788754232541
0.4875207919448916
0.48724386553219834
0.48695760555856804
0.486661629948271
0.48635554350006427
0.4860389373876237
0.48571138864694074
0.48537245965178477
0.4850216975786269
0.48465863386275276
0.48428278364766564
0.48389364523031175
0.4834906995051403
0.48307340941054755
0.4826412193818623
0.4821935548157025
0.481729821551271
0.48124940537498617
0.48075167155574444
0.4802359644190849
0.47970160696960895
0.4791479005721461
0.478574124703399
0.47797953678710897
0.4773633721271725
0.4767248439545812
0.47606314360555535
0.4753774408497703
0.4746668843890999
0.47393060254882124
0.4731677041846689
0.4723772798304845
0.4715584031124005
0.47071013245648985
0.4698315131175163
0.4689215795567687
0.46797935819687825
0.4670038705808827
0.4659941369615403
0.4649491803449012
0.4638680310092799
0.4627497315169856
0.4615933422312922
0.4603979473451386
0.4591626614208125
0.45788663643137567
0.45656906928478574
0.4552092098005941
0.4538063690967905
0.45235992833097627
0.45086934772570425
0.4493341757928315
0.4477540586563516
0.44612874935783736
0.4444581170137649
0.4427421556801493
0.4409809927676463
0.4391748968402058
0.437324284623095
0.4354297270422497
0.43349195411704156
0.4315118585331227
0.42949049773141545
0.4274290943637471
0.4253290349851715
0.42319186687745614
0.42101929292721674
0.41881316451512457
0.4165754724086893
0.41430833568932185
0.4120139887835569
0.40969476670715926
0.40735308866803566
0.40499144020808414
0.40261235409406443
0.4002183901921327
0.39781211457891785
0.3953960781531779
0.3929727950157646
0.3905447208816517
0.3881142317762974
0.38568360325004614
0.38325499031927635
0.3808304083124814
0.3784117147644611
0.3760005924635097
0.3735985337160978
0.3712068258523742
0.36882653795502635
0.3664585087548311
0.36410333559966745
0.3617613643708322
0.3594326801920996
0.3571170987539219
0.354814158058263
0.35252311037959233
0.3502429142353672
0.3479722261658781
0.34570939213972224
0.3434524384287752
0.34119906183695053
0.33894661922217484
0.3366921163230249
0.334432195992718
0.3321631260560016
0.3298807871410874
0.3275806610005936
0.3252578200227918
0.322906918845512
0.320522189215212
0.3180974394741873
0.31562606029579887
0.3131010385008332
0.3105149809508971
0.3078601505939258
0.30512851669452346
0.30231182107882004
0.2994016618250326
0.2963895952142909
0.2932672559201476
0.29002649438846906
0.2866595292078349
0.28315911109752445
0.2795186940789402
0.2757326085919829
0.27179623090014143
0.26770614317885905
0.2634602792066997
0.2590580514914021
0.2545004567903998
0.2497901580999515
0.24493154205716863
0.23993075114947016
0.23479569008774365
0.22953600523738998
0.224163035305888
0.21868973083286475
0.21313053971884133
0.20750125631710814
0.20181883265134887
0.19610115212136658
0.19036676848306494
0.1846346156691229
0.17892369679808445
0.17325276311637622
0.1676399952779092
0.16210270002901134
0.1566570349066948
0.15131777200431706
0.14609810938639953
0.14100953563432916
0.13606174963172601
0.13126263441342112
0.12661828101890665
0.1221330560370073
0.11780970502481723
0.11364948324761906
0.10965230514747797
0.10581690447660812
0.10214099796762269
0.09862144659325572
0.09525440974662125
0.09203548893176078
0.08895985870871398
0.08602238363561175
0.08321772076811561
0.0805404079111666
0.07798493828154968
0.07554582255327237
0.07321763944634913
0.07099507610910637
0.06887295955874354
0.06684628040582982
0.06491021001337469
0.06306011214424048
0.06129155004275487
0.05960028978541387
0.05798230062705763
0.056433752966530686
0.0549510144617647
0.053530644739569706
0.05216938907049409
0.050864171313730014
0.04961208638065518
