2.009239548873592
2.0412399440795594
2.0422089696858787
2.0325735240353024
2.022659650406716
2.0133597126199616
2.0047136176383678
1.996702272344131
1.9893149862321655
1.9825488262405677
1.976404205771156
1.9708820533824736
1.9659822224533703
1.9617026223186922
1.958038761247744
1.9549835303218306
1.9525271331448648
1.9506571076775447
1.9493584093005212
1.9486135368368283
1.9484026902252705
1.9487039523594627
1.949493489707299
1.9507457674877953
1.9524337758346042
1.9545292637483864
1.957002977858046
1.959824903143465
1.9629645028623695
1.9663909550005423
1.97007338264934
1.9739810758238554
1.9780837023807372
1.9823515058835013
1.9867554884972625
1.9912675772716855
1.9958607724841926
2.0005092770555777
2.0051886064056648
2.00987567847489
2.0145488839864054
2.0191881373509393
2.0237749089135026
2.0282922394994802
2.0327247384325
2.037058566364949
2.0412814043836143
2.045382410929135
2.049352168101921
2.053182618923138
2.056866997082489
2.060399750640228
2.063776461064758
2.0669937588846006
2.0700492371194663
2.0729413635340026
2.075669392633321
2.0782332781948556
2.0806335870088946
2.0828714143823532
2.084948301848451
2.0868661574198244
2.0886271786251953
2.090233778480054
2.0916885144604556
2.0929940204756954
2.094152941770442
2.0951678726296845
2.0960412967104642
2.096775529782724
2.09737266462771
2.0978345178161772
2.09816257807045
2.0983579559043917
2.098421334234151
2.098352919660807
2.0981523941447984
2.0978188668225304
2.097350825759447
2.0967460894930956
2.096001758296692
2.0951141651911924
2.0940788268549135
2.092890394727893
2.091542606786808
2.090028240679106
2.088339069154882
2.0864658190244327
2.0843981351987657
2.0821245517380462
2.0796324722334663
2.0769081622712364
2.073936757156259
2.070702288482561
2.067187733492666
2.063375091422237
2.0592454911215348
2.054779334111826
2.049956476795352
2.044756454711314
2.0391587504437267
2.033143104985748
2.0266898700315994
2.01978039583956
2.012397446100994
2.0045256278635875
1.9961518212893485
1.9872655912601878
1.9778595610088414
1.9679297274809213
1.9574756993800742
1.9465008420102887
1.9350123180734176
1.9230210201936295
1.9105413985326156
1.8975911946155448
1.8841910994806044
1.8703643596004982
1.8561363569951796
1.841534190167158
1.8265862799332304
1.8113220192713468
1.795771479634186
1.7799651786817239
1.7639339069860034
1.747708604812652
1.7313202752471821
1.7147999171189903
1.6981784605175338
1.6814866890714348
1.6647551362366435
1.6480139471266215
1.6312927023451833
1.6146202052673186
1.5980242387219463
1.5815313006332403
1.5651663305845283
1.5489524403493278
1.5329106612127659
1.5170597195435018
1.5014158498319436
1.48599265160238
1.470800993564465
1.4558489653958135
1.4411418748882956
1.4266822860182902
1.4124700919100373
1.3985026156735803
1.3847747316785826
1.3712789998950154
1.3580058063908278
1.3449435038168396
1.3320785466274025
1.3193956167924186
1.306877736781292
1.294506367591632
1.2822614905235654
1.2701216722500768
1.258064113504637
1.246064682410007
1.2340979341248675
1.2221371191111818
1.2101541829508902
1.198119761292509
1.1860031742119383
1.1737724250500423
1.1613942096600371
1.1488339429707035
1.1360558108465797
1.1230228563884308
1.1096971110308893
1.0960397819969219
1.082011508762702
1.067572702029331
1.0526839790927232
1.0373067091900754
1.0214036810537153
1.0049399021305865
0.9878835342949422
0.9702069639591968
0.9518879949150814
0.9329111398451075
0.9132689714046396
0.8929634767733987
0.8720073419709874
0.8504250761412109
0.8282538742450711
0.8055441123810683
0.7823593763636765
0.7587759434582774
0.7348816698501245
0.7107742807860218
0.6865591121495404
0.6623464051853322
0.6382483027156864
0.6143757282911388
0.5908353438241102
0.5677267738454792
0.5451402566128472
0.5231548382661864
0.5018371728968373
0.4812409366015402
0.46140681459889527
0.4423629826899679
0.4241259805618651
0.4067018648511852
0.39008753258719214
0.37427211743383815
0.35923837845072515
0.34496402058781706
0.33142290521842194
0.3185861259636702
0.3064229389492253
0.2949015471923964
0.28398974622496187
0.2736554427511444
0.2638670606658396
0.2545938496630872
0.2458061114390241
0.23747535754157295
0.22957441155341182
0.22207746674332432
0.21496010874026727
0.20819931127455185
0.20177341164939736
0.19566207138192254
0.18984622639329002
0.18430803022841016
0.17903079303411693
0.1739989184051134
0.16919783970208765
0.16461395703935713
0.16023457581452313
0.1560478473958538
0.15204271238222208
0.14820884669488132
0.14453661064140833
0.141017001002353
0.13764160612454926
0.13440256395669115
0.1312925229286774
0.12830460555319406
0.12543237461343865
0.12266980179278517
0.1200112385989371
0.11745138943540102
0.11498528667603997
0.11260826760316903
0.11031595307561975
0.10810422779992462
0.10596922208495432
0.10390729496768909
0.10191501860515483
0.09998916383477224
0.09812668681232845
0.0963247166434614
0.09458054393087828
0.09289161016549062
0.09125549789525006
0.08966992161068427
0.08813271929098851
0.08664184455903265
0.08519535939779894
0.08379142738461764
0.08242830740310014
0.08110434779593145
0.0798179809246787
0.0785677181055203
0.07735214489232684
0.07616991668083699
0.07501975460979857
0.07390044173688454
0.07281081946897944
0.07174978422806683
0.070716284335439
0.06970931709832741
0.06872792608430445
0.0677711985699618
0.06683826315142324
0.06592828750522015
0.06504047628894459
0.0641740691719071
0.06332833898677956
0.06250258999388224
0.06169615625040899
0.06090840007746349
0.06013871061830922
0.05938650248172573
0.058651214464815936
0.05793230835002224
0.057229267771488616
0.056541597146260614
0.05586882066613899
0.05521048134629632
0.05456614012704819
0.05393537502542132
0.05331778033339527
0.05271296585991215
0.05212055621395102
0.05154019012614537
0.0509715198065971
0.05041421033669764
0.04986793909291329
