2.22686990007878
2.132757550375552
2.119847937279168
2.1042476311842817
2.0888023565311724
2.073785917790201
2.0591868214042055
2.045011137773771
2.0312811985922017
2.018023823784701
2.0052659559176806
1.9930335865900926
1.9813515452957158
1.9702433440449412
1.9597309009420047
1.949834156150367
1.9405706337641675
1.9319549995435035
1.9239986515745113
1.9167093684003453
1.9100910291220177
1.9041434123839234
1.8988620756082486
1.8942383119031216
1.8902591793995291
1.8869075960966741
1.884162492384592
1.8819990130682742
1.880388760768095
1.8793000728734144
1.8786983246656659
1.8785462517203246
1.8788042851899651
1.8794308940357503
1.8803829287063352
1.8816159611712893
1.883084616619647
1.884742892555439
1.886544461481453
1.8884429538750709
1.8903922187331816
1.8923465595960085
1.8942609446432284
1.8960911901746687
1.8977941175220294
1.8993276841650313
1.9006510905220746
1.9017248645303628
1.9025109267042328
1.902972638847558
1.903074839984173
1.9027838733506344
1.9020676084622672
1.9008954623126222
1.89923842369577
1.8970690844487499
1.894361681096516
1.891092149942687
1.8872381980852992
1.8827793921474363
1.8776972656999769
1.8719754454227853
1.8655997950117817
1.8585585747095985
1.8508426131431028
1.8424454869286853
1.8333637023043066
1.8235968719263365
1.8131478790005995
1.8020230201805916
1.790232118245283
1.7777885955457946
1.7647094996557884
1.751015473626453
1.7367306647563545
1.7218825678242065
1.7065018012392796
1.6906218174327055
1.6742785518902186
1.6575100183217495
1.6403558603592487
1.6228568726486463
1.6050545060476773
1.5869903726898924
1.5687057668165456
1.5502412164765882
1.531636079495815
1.5129281946432112
1.4941535958662922
1.475346294065213
1.4565381273868216
1.4377586776992164
1.4190352479796282
1.4003928929896143
1.3818544939358905
1.3634408668709979
1.3451708943602971
1.327061670361171
1.3091286492163057
1.2913857910187079
1.2738456972143966
1.2565197320246688
1.2394181269631797
1.2225500672854617
1.2059237605588278
1.1895464886265448
1.1734246450372898
1.1575637605196771
1.1419685193228581
1.1266427692536023
1.111589528063122
1.0968109885224944
1.0823085241228059
1.0680826968899484
1.0541332683525537
1.0404592142751885
1.0270587433893932
1.0139293200361115
1.0010676903810984
0.9884699116805602
0.9761313839538112
0.9640468833563326
0.9522105965316332
0.9406161552446504
0.9292566706539673
0.9181247666565684
0.9072126118300715
0.8965119495973825
0.8860141263429662
0.8757101173150647
0.8655905502519273
0.8556457267711761
0.8458656416591628
0.8362400002915752
0.8267582345078421
0.8174095173505168
0.8081827771672161
0.7990667116569967
0.790049802525208
0.7811203314900967
0.7722663984595297
0.7634759427648903
0.7547367683984654
0.7460365742462683
0.7373629903350037
0.7287036211133423
0.7200460967565128
0.7113781334111076
0.7026876031754881
0.6939626144315901
0.6851916028987871
0.676363433463955
0.6674675124512498
0.658493909531813
0.6494334879447071
0.6402780411195014
0.6310204331792592
0.6216547401891724
0.612176388437063
0.60258228552958
0.5928709397079361
0.5830425625751994
0.5730991504251366
0.5630445396030217
0.5528844318308921
0.5426263861948815
0.5322797755018522
0.5218557059266483
0.5113669002304138
0.5008275462589935
0.49025311384262577
0.4796601445251053
0.46906601966837086
0.4584887133354647
0.4479465368985134
0.4374578825195623
0.4270409725070678
0.41671362108085963
0.40649301432660745
0.3963955131474765
0.3864364828968532
0.37663015217699464
0.3669895020872748
0.35752618606762565
0.3482504794613816
0.3391712570560334
0.33029599617448646
0.32163080239240305
0.31318045464560557
0.3049484663511858
0.29693715917534497
0.28914774621389966
0.2815804215796309
0.2742344536864565
0.2671082798579405
0.26019960024436717
0.25350546938977814
0.24702238413337957
0.24074636684798598
0.23467304330455901
0.22879771470264265
0.22311542362009162
0.21762101381264112
0.21230918393652917
0.2071745353785358
0.20221161446100078
0.19741494934831613
0.1927790820198764
0.18829859569604052
0.18396813811162965
0.17978244102878327
0.17573633637021852
0.17182476933722082
0.16804280885591386
0.16438565567198157
0.16084864838921498
0.15742726772202892
0.1541171392070649
0.15091403459476335
0.14781387211867886
0.1448127158185812
0.14190677407319907
0.13909239747985855
0.13636607620130037
0.13372443688456565
0.1311642392429725
0.12868237237979457
0.12627585092118268
0.12394181101605457
0.121677506252016
0.11948030352874801
0.11734767892362162
0.11527721357847093
0.11326658963138372
0.11131358621298158
0.10941607552286517
0.10757201899863848
0.10577946358713247
0.10403653812506312
0.10234144983433104
0.10069248093545562
0.09908798538120017
0.09752638571123323
0.09600617002767806
0.09452588909056991
0.09308415353158124
0.09167963118382037
0.09031104452508981
0.08897716823165126
0.08767682683929029
0.08640889250829234
0.08517228288880939
0.08396595908301906
0.08278892370044477
0.08164021900278713
0.0805189251346564
0.07942415843662226
0.0783550698370765
0.07731084331946751
0.0762906944615624
0.07529386904348769
0.07431964172139788
0.07336731476373408
0.07243621684714471
0.07152570190924586
0.07063514805551786
0.06976395651774407
0.06891155066150442
0.06807737504034825
0.06726089449437644
0.06646159329106485
0.06567897430626027
0.06491255824338063
0.06416188288894079
0.06342650240261835
0.06270598664015889
0.061999920507503296
0.061307903344602205
0.06062954833745365
0.059964481956979024
0.05931234342341658
0.05867278419498239
0.05804546747960894
0.05743006776863247
0.056826270391359616
0.05623377108949476
0.05565227561046254
0.055081499318713305
0.05452116682413761
0.05397101162676825
0.05343077577698531
0.052900209550482795
0.052379071137289485
0.05186712634417722
0.05136414830982071
0.050869917232103865
0.05038422010700268
0.04990685047850146
