0.4884673634025402
0.5145555291686408
0.5153653408740851
0.5149233803092677
0.5152058619856338
0.515705650955007
0.5153324100586775
0.5145393316988347
0.514151793934523
0.5141628618588531
0.514253939691032
0.5143541176341316
0.5144432848490539
0.5144200789604275
0.5142701909759663
0.5141015784826862
0.5140002858364033
0.5139664815075673
0.5139650712412158
0.5139646773063783
0.5139408080862573
0.513883907452725
0.5138066524811586
0.5137313068535675
0.5136712213214563
0.5136258646470693
0.5135869256261788
0.5135452411729325
0.5134953026296853
0.5134372430054037
0.5133754373636207
0.5133147466079248
0.5132575060171161
0.5132030403109865
0.5131490257972138
0.5130932355329889
0.5130346921028479
0.5129738405076706
0.5129118874662886
0.5128498935233495
0.5127882209962866
0.5127265459173147
0.5126642420701762
0.5126008088439837
0.5125361020617205
0.5124703020647297
0.5124037120564813
0.5123365482687534
0.512268841706514
0.5122004719402753
0.5121312735891782
0.5120611350596813
0.5119900380759134
0.5119180340956603
0.5118451893890464
0.5117715384597102
0.511697069012302
0.5116217372064018
0.5115454956447915
0.5114683148964093
0.5113901886961478
0.5113111248722866
0.5112311312816336
0.5111502060012197
0.5110683359006994
0.5109855018606719
0.510901685767369
0.5108168749030575
0.5107310620994372
0.5106442428416655
0.5105564118328536
0.5104675610726647
0.5103776800520669
0.5102867573182535
0.5101947821314334
0.5101017452670016
0.5100076387706498
0.5099124551084424
0.5098161863547038
0.5097188238464705
0.5096203583463913
0.5095207804616464
0.5094200809996321
0.5093182510708126
0.509215281944968
0.5091111648010408
0.5090058905272132
0.5088994496526479
0.5087918323944346
0.5086830287437181
0.508573028515356
0.5084618213277398
0.5083493965276722
0.5082357431008684
0.5081208496041464
0.5080047041321845
0.5078872943082595
0.5077686072778128
0.5076486296880574
0.5075273476493016
0.5074047466848596
0.5072808116804701
0.5071555268409074
0.5070288756548864
0.5069008408641302
0.5067714044310737
0.506640547501817
0.5065082503643159
0.5063744924041946
0.5062392520608852
0.5061025067854935
0.5059642330000591
0.5058244060568138
0.505683000196054
0.5055399885020007
0.5053953428568619
0.5052490338937652
0.5051010309490973
0.5049513020143728
0.5047998136873115
0.5046465311216396
0.5044914179752106
0.5043344363562813
0.5041755467679574
0.504014708050884
0.5038518773241724
0.503687009924421
0.5035200593425971
0.5033509771585203
0.5031797129727319
0.5030062143355946
0.5028304266734936
0.5026522932120076
0.5024717548958763
0.5022887503055576
0.5021032155701387
0.5019150842763662
0.5017242873735694
0.5015307530742591
0.5013344067501779
0.5011351708235725
0.5009329646534304
0.50072770441642
0.5005193029822489
0.5003076697831625
0.5000927106772908
0.49987432780554775
0.49965241944178346
0.4994268798358654
0.499197599049362
0.4989644627834872
0.49872735219895303
0.4984861437273683
0.4982407088738171
0.4979909140102312
0.4977366201591717
0.49747768276761534
0.49721395147033753
0.49694526984247134
0.4966714751408198
0.49639239803348806
0.49610786231740356
0.4958176846232816
0.49552167410760645
0.49521963213118525
0.49491135192385083
0.4945966182348933
0.49427520696881533
0.49394688480602944
0.49361140880814003
0.49326852600748583
0.4929179729806653
0.4925594754058144
0.49219274760347526
0.49181749206096814
0.4914333989402726
0.49104014556953296
0.4906373959184301
0.49022480005781666
0.4898019936041833
0.4893685971497326
0.4889242156790698
0.48846843797379663
0.4880008360066007
0.48752096432679853
0.4870283594396916
0.48652253918256155
0.4860030021006588
0.48546922682712823
0.48492067147148443
0.4843567730220037
0.4837769467682277
0.48318058575071293
0.48256706024618923
0.4819357172974262
0.4812858802983585
0.480616848646378
0.4799278974751802
0.4792182774831356
0.4784872148738507
0.4777339114273776
0.47695754472239354
0.47615726853160584
0.4753322134145932
0.4744814875342375
0.47360417772478414
0.4726993508413285
0.47176605542208633
0.47080332369607186
0.46981017396969305
0.46878561342613106
0.4677286413710947
0.4666382529574623
0.4655134434193057
0.46435321284264675
0.46315657149587897
0.46192254573692937
0.4606501845067727
0.459338566409752
0.4579868073701656
0.45659406884175163
0.4551595665320205
0.45368257958695296
0.4521624601635855
0.4505986432986954
0.4489906569616076
0.44733813215854634
0.44564081293560276
0.44389856610801987
0.4421113905259724
0.4402794256722544
0.4384029593762895
0.43648243442259926
0.4345184538312874
0.4325117845939851
0.43046335966176463
0.42837427800211625
0.42624580257029765
0.42407935607592695
0.4218765144679024
0.4196389981085084
0.4173686606594115
0.41506747575631275
0.41273752160322386
0.4103809636693984
0.40800003571961124
0.40559701944955995
0.4031742230308016
0.40073395889226493
0.3982785210770287
0.39581016251322354
0.393331072526741
0.3908433549015946
0.38834900676249695
0.3858498985150925
0.38334775503429575
0.38084413824240576
0.37834043116832694
0.375837823529375
0.3733372988297778
0.37083962292674455
0.3683453339772977
0.3658547336479983
0.3633678794460372
0.36088457801436447
0.358404379225872
0.3559265709121492
0.35345017407096835
0.35097393841326463
0.34849633813482866
0.3460155678300535
0.3435295385047889
0.341035873692556
0.3385319057329641
0.33601467233304
0.3334809136009852
0.3309270698171636
0.3283492802879326
0.3257433837128879
0.32310492058312934
0.3204291382143772
0.31771099910046297
0.3149451933451537
0.31212615598793164
0.30924809007598375
0.3063049963436864
0.3032907103358641
0.30019894774640615
0.2970233586352452
0.29375759103219834
0.29039536423637746
0.2869305518781844
0.2833572745333232
0.2796700013723388
0.27586366000280027
0.27193375332081016
0.2678764818373692
0.263688869582576
0.2593688913122082
0.25491559834050215
0.25032923989542
0.24561137644099645
0.2407649809511812
0.2357945236849249
0.23070603565815
0.22550714580971426
0.22020708690431998
0.21481666559669096
0.20934819287591475
0.20381537236287495
0.19823314564472103
0.19261749593466979
0.18698521371361282
0.18135363045306335
0.17574032880634263
0.1701628395426263
0.1646383367635757
0.1591833434177345
0.15381345873088867
0.1485431179186945
0.1433853925585689
0.13835183747177235
0.1334523871575785
0.12869530199899815
0.12408716187217339
0.11963290263641685
0.11533588938615345
0.11119801936144633
0.1072198470228169
0.10340072392681816
0.09973894658419559
0.09623190631981125
0.09287623616143606
0.0896679508553299
0.08660257715362864
0.08367527247929807
0.08088093090938062
0.0782142761072608
0.07566994137646187
0.0732425374102478
0.07092670858848053
0.06871717884491471
0.06660878821463931
0.06459652119212023
0.06267552800274169
0.06084113982982978
0.05908887895709765
0.057414464692875825
0.0558138158446303
0.05428305041534073
0.0528184831008702
0.051416621081749866
0.050074158525079016
0.04878797014299487
