0.5612145704574143
0.6195946807023989
0.5991215734983066
0.5811576066144555
0.5661993087673581
0.5542597222293197
0.5450746997817453
0.5382204812336362
0.5332263507424058
0.5296522821860943
0.5271274185948388
0.5253596539227493
0.5241291685888074
0.523275597894753
0.5226843994527218
0.522274924891098
0.5219909345362244
0.5217934583365543
0.5216556021024559
0.5215588503228311
0.5214904714681501
0.5214417139940353
0.5214065597960227
0.5213808663037536
0.5213617775383903
0.5213473204116488
0.5213361282049338
0.521327251192908
0.5213200269094662
0.521313991210335
0.5213088172382166
0.5213042734765055
0.5213001948692859
0.5212964628931265
0.5212929917690174
0.5212897188921968
0.5212865981647383
0.521283595330279
0.521280684693372
0.5212778467994261
0.5212750667835105
0.5212723331868934
0.5212696371022745
0.5212669715512974
0.5212643310272408
0.5212617111559945
0.5212591084423874
0.5212565200786096
0.521253943798204
0.5212513777638057
0.5212488204801038
0.5212462707258334
0.5212437275002542
0.5212411899807561
0.5212386574890888
0.5212361294643151
0.5212336054410608
0.5212310850319516
0.5212285679133839
0.5212260538139668
0.521223542505109
0.5212210337933372
0.5212185275140169
0.5212160235262139
0.5212135217084821
0.5212110219554076
0.5212085241747716
0.5212060282852207
0.5212035342143494
0.5212010418971257
0.5211985512745931
0.5211960622928044
0.5211935749019433
0.5211910890556002
0.5211886047101773
0.5211861218243975
0.5211836403589001
0.5211811602759078
0.5211786815389519
0.5211762041126466
0.5211737279625024
0.5211712530547722
0.5211687793563244
0.5211663068345394
0.5211638354572224
0.5211613651925332
0.5211588960089267
0.5211564278751056
0.5211539607599796
0.5211514946326328
0.5211490294622968
0.5211465652183277
0.5211441018701879
0.5211416393874299
0.5211391777396852
0.521136716896652
0.5211342568280874
0.5211317975037999
0.521129338893643
0.5211268809675109
0.5211244236953334
0.5211219670470728
0.5211195109927212
0.5211170555022973
0.5211146005458442
0.5211121460934286
0.5211096921151382
0.5211072385810809
0.5211047854613827
0.5211023327261883
0.5210998803456587
0.521097428289971
0.5210949765293171
0.5210925250339042
0.5210900737739531
0.5210876227196982
0.5210851718413863
0.5210827211092763
0.5210802704936404
0.5210778199647607
0.5210753694929305
0.5210729190484544
0.5210704686016462
0.5210680181228295
0.5210655675823378
0.5210631169505127
0.5210606661977051
0.5210582152942733
0.5210557642105836
0.52105331291701
0.5210508613839329
0.5210484095817396
0.5210459574808237
0.5210435050515847
0.5210410522644275
0.5210385990897622
0.5210361454980035
0.5210336914595706
0.5210312369448872
0.5210287819243801
0.5210263263684793
0.5210238702476185
0.5210214135322335
0.5210189561927624
0.5210164981996452
0.5210140395233236
0.5210115801342396
0.5210091200028375
0.5210066590995607
0.5210041973948534
0.5210017348591589
0.5209992714629208
0.5209968071765805
0.5209943419705788
0.5209918758153549
0.520989408681345
0.520986940538984
0.5209844713587031
0.5209820011109305
0.5209795297660913
0.5209770572946059
0.5209745836668914
0.5209721088533594
0.5209696328244172
0.520967155550466
0.5209646770019022
0.5209621971491151
0.5209597159624881
0.5209572334123983
0.5209547494692146
0.5209522641032989
0.5209497772850056
0.5209472889846797
0.5209447991726588
0.5209423078192709
0.5209398148948348
0.5209373203696596
0.5209348242140438
0.5209323263982765
0.5209298268926348
0.5209273256673856
0.5209248226927841
0.5209223179390728
0.5209198113764828
0.5209173029752325
0.5209147927055264
0.5209122805375569
0.5209097664415017
0.5209072503875246
0.5209047323457753
0.5209022122863882
0.5208996901794827
0.5208971659951627
0.5208946397035158
0.5208921112746135
0.5208895806785109
0.5208870478852452
0.5208845128648372
0.5208819755872887
0.5208794360225848
0.5208768941406904
0.5208743499115527
0.5208718033050993
0.5208692542912378
0.5208667028398558
0.5208641489208206
0.5208615925039789
0.5208590335591556
0.5208564720561552
0.5208539079647589
0.5208513412547264
0.5208487718957944
0.5208461998576764
0.5208436251100631
0.5208410476226208
0.5208384673649916
0.5208358843067933
0.5208332984176185
0.5208307096670342
0.5208281180245822
0.5208255234597781
0.5208229259421105
0.5208203254410415
0.5208177219260058
0.5208151153664107
0.5208125057316351
0.5208098929910292
0.5208072771139152
0.5208046580695853
0.5208020358273027
0.5207994103563001
0.5207967816257801
0.5207941496049144
0.5207915142628436
0.5207888755686768
0.5207862334914906
0.5207835880003302
0.5207809390642072
0.5207782866521002
0.5207756307329549
0.5207729712756821
0.520770308249159
0.5207676416222279
0.5207649713636953
0.5207622974423332
0.520759619826877
0.5207569384860259
0.5207542533884423
0.5207515645027512
0.5207488717975407
0.5207461752413607
0.520743474802722
0.5207407704500975
0.5207380621519204
0.5207353498765848
0.520732633592444
0.5207299132678116
0.5207271888709598
0.5207244603701201
0.520721727733482
0.5207189909291929
0.5207162499253576
0.5207135046900381
0.5207107551912533
0.520708001396978
0.5207052432751429
0.520702480793634
0.5206997139202927
0.5206969426229142
0.5206941668692487
0.5206913866269992
0.5206886018638228
0.5206858125473288
0.5206830186450789
0.5206802201245877
0.5206774169533201
0.520674609098693
0.5206717965280734
0.520668979208779
0.5206661571080771
0.5206633301931842
0.520660498431266
0.5206576617894367
0.5206548202347583
0.5206519737342404
0.5206491222548402
0.5206462657634612
0.520643404226953
0.5206405376121117
0.5206376658856782
0.5206347890143384
0.5206319069647227
0.520629019703406
0.5206261271969059
0.5206232294116837
0.5206203263141433
0.5206174178706304
0.520614504047433
0.52061158481078
0.5206086601268411
0.5206057299617266
0.5206027942814863
0.52059985305211
0.5205969062395257
0.5205939538096005
0.5205909957281393
0.5205880319608844
0.5205850624735151
0.5205820872316478
0.5205791062008343
0.5205761193465628
0.5205731266342558
0.5205701280292712
0.5205671234969006
0.5205641130023697
0.5205610965108369
0.5205580739873942
0.5205550453970645
0.5205520107048041
0.520548969875499
0.5205459228739671
0.5205428696649558
0.5205398102131427
0.5205367444831346
0.5205336724394671
0.5205305940466038
0.5205275092689367
0.5205244180707842
0.5205213204163921
0.5205182162699322
0.5205151055955022
0.5205119883571248
0.5205088645187472
0.5205057340442418
0.5205025968974034
0.5204994530419508
0.5204963024415251
0.5204931450596897
0.5204899808599295
0.5204868098056501
0.5204836318601784
0.5204804469867607
0.5204772551485628
0.52047405630867
0.5204708504300852
0.52046763747573
0.5204644174084424
0.520461190190978
0.5204579557860082
0.5204547141561201
0.5204514652638164
0.5204482090715136
0.5204449455415429
0.5204416746361489
0.5204383963174889
0.5204351105476328
0.5204318172885622
0.5204285165021698
0.5204252081502596
0.5204218921945452
0.5204185685966494
0.520415237318105
0.5204118983203525
0.5204085515647405
0.5204051970125249
0.520401834624868
0.5203984643628383
0.5203950861874105
0.5203917000594631
0.5203883059397799
0.5203849037890479
0.5203814935678576
0.5203780752367019
0.5203746487559758
0.5203712140859756
0.5203677711868986
0.5203643200188417
0.5203608605418022
0.5203573927156758
0.5203539165002569
0.5203504318552369
0.5203469387402055
0.520343437114648
0.5203399269379461
0.5203364081693763
0.5203328807681102
0.5203293446932132
0.5203257999036444
0.5203222463582551
0.520318684015789
0.5203151128348814
0.5203115327740586
0.5203079437917366
0.5203043458462213
0.5203007388957075
0.5202971228982782
0.520293497811904
0.5202898635944426
0.520286220203638
0.5202825675971194
0.5202789057324018
0.5202752345668835
0.5202715540578474
0.5202678641624587
0.5202641648377655
0.5202604560406968
0.5202567377280631
0.5202530098565552
0.5202492723827431
0.5202455252630758
0.5202417684538806
0.5202380019113624
0.5202342255916028
0.5202304394505592
0.5202266434440653
0.5202228375278284
0.5202190216574305
0.520215195788327
0.5202113598758454
0.5202075138751853
0.5202036577414173
0.5201997914294826
0.520195914894192
0.5201920280902255
0.5201881309721308
0.5201842234943238
0.5201803056110863
0.5201763772765672
0.5201724384447797
0.5201684890696021
0.5201645291047763
0.5201605585039069
0.5201565772204617
0.5201525852077691
0.5201485824190186
0.5201445688072598
0.5201405443254014
0.5201365089262103
0.5201324625623114
0.5201284051861866
0.5201243367501734
0.5201202572064653
0.5201161665071096
0.5201120646040078
0.5201079514489144
0.5201038269934357
0.5200996911890295
0.5200955439870046
0.5200913853385185
0.5200872151945788
0.5200830335060402
0.5200788402236053
0.5200746352978229
0.5200704186790874
0.5200661903176382
0.5200619501635586
0.5200576981667747
0.5200534342770557
0.5200491584440111
0.5200448706170921
0.5200405707455888
0.5200362587786305
0.5200319346651849
0.5200275983540561
0.520023249793885
0.5200188889331483
0.5200145157201561
0.520010130103053
0.5200057320298164
0.5200013214482553
0.5199968983060098
0.5199924625505503
0.5199880141291762
0.5199835529890151
0.5199790790770223
0.5199745923399798
0.5199700927244942
0.519965580176998
0.5199610546437468
0.5199565160708189
0.5199519644041145
0.5199473995893558
0.5199428215720829
0.5199382302976574
0.519933625711257
0.519929007757878
0.5199243763823321
0.5199197315292466
0.5199150731430628
0.519910401168036
0.5199057155482328
0.5199010162275322
0.5198963031496229
0.5198915762580038
0.5198868354959811
0.5198820808066695
0.5198773121329894
0.5198725294176672
0.519867732603233
0.5198629216320213
0.5198580964461679
0.5198532569876111
0.5198484031980883
0.5198435350191375
0.519838652392094
0.5198337552580908
0.5198288435580571
0.5198239172327174
0.5198189762225894
0.5198140204679851
0.5198090499090076
0.5198040644855515
0.5197990641373006
0.5197940488037278
0.5197890184240942
0.5197839729374465
0.5197789122826175
0.5197738363982244
0.5197687452226676
0.5197636386941294
0.5197585167505738
0.5197533793297444
0.5197482263691637
0.519743057806132
0.519737873577726
0.5197326736207982
0.5197274578719749
0.5197222262676562
0.5197169787440133
0.5197117152369897
0.519706435682297
0.5197011400154166
0.5196958281715963
0.5196905000858508
0.5196851556929596
0.5196797949274656
0.519674417723675
0.5196690240156546
0.5196636137372321
0.5196581868219942
0.5196527432032847
0.5196472828142047
0.5196418055876102
0.5196363114561117
0.5196308003520719
0.519625272207606
0.5196197269545787
0.5196141645246046
0.5196085848490457
0.5196029878590104
0.5195973734853533
0.5195917416586718
0.5195860923093072
0.5195804253673416
0.5195747407625977
0.5195690384246366
0.5195633182827576
0.5195575802659955
0.5195518243031206
0.5195460503226368
0.5195402582527803
0.5195344480215176
0.5195286195565457
0.5195227727852896
0.5195169076349008
0.5195110240322568
0.5195051219039593
0.5194992011763322
0.5194932617754218
0.5194873036269936
0.5194813266565325
0.5194753307892397
0.5194693159500336
0.5194632820635455
0.519457229054121
0.5194511568458167
0.5194450653623991
0.5194389545273443
0.5194328242638354
0.5194266744947608
0.5194205051427139
0.5194143161299907
0.5194081073785889
0.5194018788102064
0.5193956303462388
0.5193893619077796
0.5193830734156177
0.5193767647902356
0.5193704359518085
0.519364086820203
0.5193577173149747
0.519351327355367
0.5193449168603108
0.5193384857484207
0.5193320339379953
0.5193255613470148
0.5193190678931394
0.5193125534937085
0.519306018065738
0.5192994615259199
0.5192928837906196
0.5192862847758748
0.5192796643973943
0.5192730225705555
0.5192663592104042
0.5192596742316508
0.5192529675486707
0.5192462390755017
0.5192394887258426
0.5192327164130514
0.5192259220501436
0.5192191055497911
0.5192122668243192
0.5192054057857068
0.5191985223455831
0.5191916164152263
0.5191846879055628
0.5191777367271642
0.5191707627902462
0.5191637660046673
0.5191567462799257
0.5191497035251594
0.5191426376491429
0.5191355485602864
0.5191284361666332
0.5191213003758588
0.5191141410952684
0.5191069582317955
0.5190997516920006
0.5190925213820677
0.5190852672078048
0.5190779890746396
0.5190706868876204
0.5190633605514113
0.519056009970293
0.5190486350481593
0.5190412356885159
0.5190338117944784
0.5190263632687704
0.5190188900137214
0.5190113919312654
0.5190038689229384
0.5189963208898773
0.5189887477328171
0.5189811493520892
0.5189735256476204
0.5189658765189293
0.518958201865126
0.5189505015849086
0.5189427755765628
0.5189350237379583
0.5189272459665484
0.5189194421593669
0.5189116122130265
0.5189037560237166
0.5188958734872018
0.518887964498819
0.5188800289534763
0.5188720667456503
0.518864077769384
0.5188560619182858
0.5188480190855256
0.5188399491638347
0.5188318520455022
0.5188237276223733
0.5188155757858479
0.5188073964268778
0.5187991894359644
0.5187909547031572
0.5187826921180513
0.5187744015697853
0.5187660829470389
0.5187577361380314
0.5187493610305188
0.5187409575117921
0.5187325254686747
0.5187240647875203
0.5187155753542115
0.5187070570541562
0.5186985097722865
0.5186899333930552
0.5186813278004356
0.518672692877917
0.5186640285085039
0.5186553345747131
0.5186466109585717
0.5186378575416147
0.5186290742048827
0.5186202608289191
0.5186114172937688
0.5186025434789753
0.5185936392635782
0.5185847045261108
0.5185757391445984
0.5185667429965551
0.5185577159589824
0.5185486579083654
0.5185395687206719
0.5185304482713491
0.5185212964353212
0.5185121130869875
0.5185028981002199
0.5184936513483592
0.5184843727042148
0.5184750620400604
0.5184657192276325
0.5184563441381274
0.5184469366421988
0.5184374966099563
0.5184280239109609
0.5184185184142244
0.5184089799882058
0.518399408500809
0.5183898038193802
0.5183801658107056
0.5183704943410088
0.5183607892759476
0.5183510504806124
0.5183412778195226
0.5183314711566249
0.51832163035529
0.5183117552783105
0.5183018457878976
0.5182919017456792
0.5182819230126969
0.5182719094494028
0.518261860915658
0.518251777270729
0.5182416583732854
0.5182315040813967
0.5182213142525303
0.5182110887435483
0.5182008274107048
0.5181905301096434
0.5181801966953945
0.5181698270223716
0.51815942094437
0.5181489783145626
0.5181384989854987
0.5181279828090992
0.5181174296366553
0.5181068393188258
0.5180962117056328
0.51808554664646
0.51807484399005
0.5180641035845006
0.5180533252772628
0.5180425089151368
0.5180316543442703
0.5180207614101552
0.5180098299576241
0.5179988598308485
0.5179878508733344
0.5179768029279208
0.5179657158367761
0.5179545894413947
0.5179434235825954
0.5179322181005164
0.5179209728346142
0.5179096876236597
0.5178983623057352
0.5178869967182317
0.5178755906978453
0.5178641440805749
0.5178526567017188
0.5178411283958715
0.5178295589969205
0.5178179483380441
0.5178062962517075
0.5177946025696597
0.5177828671229305
0.5177710897418281
0.5177592702559348
0.5177474084941047
0.5177355042844602
0.5177235574543892
0.5177115678305413
0.5176995352388252
0.5176874595044055
0.517675340451699
0.5176631779043721
0.5176509716853377
0.5176387216167506
0.5176264275200062
0.5176140892157364
0.5176017065238054
0.5175892792633087
0.5175768072525673
0.5175642903091262
0.5175517282497508
0.5175391208904229
0.5175264680463383
0.5175137695319024
0.5175010251607287
0.5174882347456327
0.517475398098632
0.51746251503094
0.517449585352964
0.5174366088743014
0.5174235854037373
0.5174105147492392
0.5173973967179553
0.5173842311162105
0.5173710177495031
0.5173577564225013
0.5173444469390396
0.5173310891021159
0.5173176827138877
0.5173042275756687
0.5172907234879255
0.5172771702502736
0.5172635676614749
0.5172499155194334
0.5172362136211923
0.5172224617629297
0.5172086597399562
0.5171948073467106
0.5171809043767563
0.5171669506227791
0.5171529458765814
0.5171388899290811
0.5171247825703061
0.5171106235893924
0.5170964127745787
0.517082149913205
0.5170678347917071
0.5170534671956143
0.5170390469095452
0.5170245737172041
0.5170100474013778
0.5169954677439321
0.5169808345258075
0.516966147527016
0.5169514065266376
0.5169366113028169
0.5169217616327584
0.5169068572927241
0.5168918980580294
0.5168768837030393
0.5168618140011649
0.5168466887248597
0.516831507645616
0.5168162705339613
0.5168009771594543
0.5167856272906818
0.5167702206952546
0.5167547571398037
0.5167392363899771
0.5167236582104356
0.5167080223648497
0.5166923286158952
0.5166765767252499
0.5166607664535898
0.5166448975605861
0.5166289698048996
0.5166129829441795
0.5165969367350571
0.5165808309331446
0.5165646652930289
0.5165484395682705
0.516532153511397
0.5165158068739018
0.5164993994062383
0.5164829308578185
0.5164664009770066
0.5164498095111171
0.5164331562064111
0.5164164408080908
0.516399663060298
0.5163828227061089
0.5163659194875307
0.5163489531454978
0.5163319234198684
0.5163148300494207
0.5162976727718479
0.5162804513237567
0.5162631654406615
0.5162458148569822
0.516228399306039
0.5162109185200496
0.5161933722301257
0.516175760166268
0.5161580820573637
0.5161403376311823
0.5161225266143712
0.5161046487324534
0.5160867037098228
0.5160686912697398
0.5160506111343292
0.516032463024575
0.5160142466603176
0.51599596176025
0.5159776080419131
0.5159591852216933
0.5159406930148176
0.515922131135351
0.5159034992961917
0.5158847972090684
0.5158660245845357
0.5158471811319706
0.5158282665595697
0.5158092805743443
0.5157902228821172
0.515771093187519
0.5157518911939848
0.5157326166037495
0.5157132691178455
0.5156938484360981
0.5156743542571217
0.515654786278317
0.5156351441958668
0.5156154277047321
0.5155956364986496
0.5155757702701266
0.5155558287104384
0.5155358115096242
0.5155157183564842
0.5154955489385749
0.5154753029422066
0.5154549800524388
0.5154345799530785
0.5154141023266738
0.515393546854513
0.5153729132166196
0.5153522010917495
0.5153314101573869
0.5153105400897411
0.5152895905637431
0.5152685612530422
0.5152474518300024
0.5152262619656982
0.5152049913299133
0.5151836395911347
0.5151622064165504
0.5151406914720467
0.5151190944222035
0.5150974149302917
0.5150756526582697
0.5150538072667803
0.5150318784151465
0.51500986576137
0.514987768962125
0.5149655876727581
0.5149433215472833
0.5149209702383786
0.5148985333973833
0.5148760106742953
0.5148534017177668
0.5148307061751021
0.5148079236922529
0.5147850539138178
0.5147620964830365
0.5147390510417884
0.5147159172305887
0.5146926946885857
0.5146693830535579
0.51464598196191
0.5146224910486715
0.5145989099474922
0.5145752382906407
0.5145514757089995
0.5145276218320642
0.5145036762879396
0.5144796387033364
0.5144555087035687
0.5144312859125524
0.5144069699528003
0.5143825604454209
0.5143580570101147
0.514333459265172
0.5143087668274704
0.5142839793124712
0.5142590963342177
0.5142341175053323
0.5142090424370139
0.5141838707390348
0.5141586020197388
0.5141332358860385
0.5141077719434133
0.5140822097959056
0.5140565490461194
0.5140307892952184
0.5140049301429219
0.5139789711875047
0.5139529120257924
0.5139267522531609
0.5139004914635332
0.5138741292493779
0.5138476652017063
0.5138210989100709
0.5137944299625624
0.5137676579458087
0.5137407824449718
0.5137138030437464
0.5136867193243578
0.51365953086756
0.513632237252633
0.5136048380573823
0.5135773328581363
0.5135497212297435
0.5135220027455727
0.5134941769775095
0.5134662434959558
0.5134382018698276
0.5134100516665526
0.5133817924520703
0.5133534237908288
0.5133249452457844
0.5132963563783994
0.5132676567486408
0.513238845914979
0.5132099234343869
0.5131808888623369
0.5131517417528021
0.5131224816582526
0.5130931081296557
0.5130636207164743
0.5130340189666664
0.5130043024266824
0.5129744706414658
0.5129445231544514
0.5129144595075639
0.5128842792412178
0.512853981894316
0.5128235670042491
0.5127930341068949
0.5127623827366168
0.5127316124262639
0.5127007227071698
0.5126697131091528
0.5126385831605138
0.5126073323880371
0.51257596031699
0.512544466471121
0.5125128503726605
0.51248111154232
0.5124492494992923
0.5124172637612506
0.5123851538443485
0.51235291926322
0.5123205595309791
0.5122880741592202
0.5122554626580169
0.5122227245359238
0.5121898592999747
0.5121568664556846
0.5121237455070474
0.5120904959565391
0.5120571173051154
0.5120236090522136
0.5119899706957519
0.5119562017321313
0.511922301656234
0.5118882699614259
0.5118541061395553
0.511819809680955
0.5117853800744425
0.5117508168073198
0.5117161193653756
0.511681287232885
0.5116463198926107
0.511611216825804
0.5115759775122057
0.5115406014300468
0.5115050880560499
0.51146943686543
0.5114336473318958
0.5113977189276513
0.511361651123396
0.5113254433883274
0.511289095190141
0.5112526059950327
0.5112159752677007
0.5111792024713454
0.5111422870676718
0.5111052285168918
0.5110680262777243
0.5110306798073981
0.5109931885616534
0.5109555519947433
0.5109177695594356
0.5108798407070154
0.5108417648872856
0.5108035415485709
0.5107651701377178
0.5107266501000981
0.5106879808796108
0.510649161918683
0.5106101926582747
0.5105710725378781
0.5105318009955226
0.510492377467775
0.5104528013897434
0.510413072195079
0.5103731893159792
0.510333152183189
0.5102929602260049
0.5102526128722769
0.5102121095484116
0.5101714496793742
0.5101306326886923
0.5100896579984578
0.5100485250293307
0.5100072332005413
0.5099657819298935
0.5099241706337676
0.5098823987271243
0.5098404656235063
0.5097983707350424
0.5097561134724508
0.5097136932450419
0.509671109460722
0.5096283615259961
0.5095854488459717
0.509542370824362
0.5094991268634899
0.5094557163642902
0.5094121387263145
0.5093683933477344
0.5093244796253442
0.5092803969545663
0.5092361447294529
0.5091917223426912
0.5091471291856069
0.5091023646481666
0.5090574281189841
0.5090123189853224
0.5089670366330978
0.5089215804468846
0.5088759498099185
0.5088301441041007
0.5087841627100016
0.508738005006866
0.5086916703726155
0.5086451581838544
0.5085984678158721
0.5085515986426489
0.508504550036859
0.5084573213698749
0.5084099120117729
0.5083623213313355
0.5083145486960571
0.5082665934721478
0.5082184550245376
0.5081701327168813
0.5081216259115626
0.5080729339696984
0.5080240562511433
0.5079749921144945
0.5079257409170953
0.5078763020150412
0.5078266747631826
0.5077768585151305
0.507726852623261
0.5076766564387187
0.5076262693114235
0.507575690590073
0.5075249196221484
0.5074739557539183
0.507422798330444
0.5073714466955841
0.5073199001919987
0.5072681581611542
0.5072162199433283
0.5071640848776143
0.507111752301926
0.507059221553002
0.5070064919664113
0.5069535628765567
0.5069004336166809
0.5068471035188696
0.5067935719140577
0.5067398381320334
0.5066859015014422
0.5066317613497929
0.5065774170034617
0.5065228677876958
0.5064681130266208
0.5064131520432418
0.5063579841594514
0.5063026086960323
0.5062470249726624
0.5061912323079201
0.5061352300192882
0.5060790174231586
0.5060225938348372
0.5059659585685486
0.5059091109374405
0.5058520502535877
0.5057947758279979
0.5057372869706149
0.5056795829903242
0.5056216631949575
0.5055635268912958
0.5055051733850757
0.5054466019809924
0.5053878119827054
0.5053288026928419
0.5052695734130013
0.5052101234437606
0.5051504520846772
0.5050905586342946
0.5050304423901459
0.5049701026487581
0.504909538705657
0.5048487498553704
0.5047877353914333
0.5047264946063914
0.5046650267918058
0.5046033312382562
0.5045414072353462
0.5044792540717065
0.5044168710349987
0.5043542574119206
0.5042914124882087
0.5042283355486428
0.5041650258770504
0.5041014827563091
0.5040377054683518
0.5039736932941706
0.503909445513819
0.5038449614064173
0.5037802402501557
0.5037152813222975
0.5036500838991835
0.5035846472562353
0.5035189706679585
0.5034530534079469
0.5033868947488853
0.5033204939625537
0.5032538503198303
0.5031869630906946
0.5031198315442313
0.5030524549486336
0.5029848325712061
0.5029169636783679
0.5028488475356573
0.5027804834077323
0.5027118705583767
0.5026430082505011
0.5025738957461471
0.5025045323064893
0.5024349171918396
0.5023650496616497
0.5022949289745132
0.5022245543881704
0.5021539251595086
0.5020830405445676
0.502011899798541
0.5019405021757793
0.5018688469297925
0.5017969333132535
0.5017247605780002
0.5016523279750387
0.501579634754545
0.5015066801658695
0.5014334634575373
0.5013599838772526
0.5012862406719006
0.50121223308755
0.5011379603694562
0.5010634217620625
0.5009886165090041
0.5009135438531096
0.5008382030364041
0.5007625933001113
0.5006867138846562
0.5006105640296672
0.5005341429739788
0.5004574499556343
0.5003804842118881
0.5003032449792078
0.5002257314932766
0.5001479429889968
0.5000698787004905
0.49999153786110384
0.4999129197034084
0.4998340234592037
0.49975484835952017
0.499675393634621
0.4995956585140055
0.4995156422264107
0.49943534399981476
0.4993547630614388
0.49927389863774996
0.4991927499544636
0.49911131623654686
0.4990295967082202
0.49894759059296057
0.49886529711350475
0.4987827154918514
0.4986998449492636
0.49861668470627313
0.4985332339826823
0.4984494919975667
0.49836545796927934
0.49828113111545297
0.4981965106530034
0.49811159579813274
0.4980263857663326
0.4979408797723879
0.4978550770303795
0.4977689767536885
0.4976825781549998
0.4975958804463048
0.49750888283890643
0.49742158454342217
0.4973339847697886
0.4972460827272649
0.49715787762443736
0.49706936866922313
0.4969805550688758
0.49689143602998853
0.496802010758499
0.4967122784596949
0.4966222383382181
0.49653188959806926
0.4964412314426138
0.4963502630745867
0.4962589836960982
0.49616739250863867
0.4960754887130848
0.4959832715097059
0.49589074009816847
0.4957978936775441
0.49570473144631455
0.4956112526023783
0.49551745634305855
0.4954233418651081
0.49532890836471827
0.49523415503752466
0.4951390810786155
0.4950436856825389
0.4949479680433108
0.49485192735442296
0.49475556280885125
0.49465887359906435
0.49456185891703164
0.49446451795423324
0.49436684990166874
0.49426885394986597
0.4941705292888915
0.49407187510836015
0.49397289059744515
0.49387357494488876
0.4937739273390129
0.4936739469677292
0.49357363301855184
0.49347298467860784
0.4933720011346489
0.49327068157306403
0.49316902517989153
0.49306703114083184
0.4929646986412597
0.4928620268662389
0.4927590150005348
0.4926556622286281
0.4925519677347302
0.492447930702796
0.492343550316541
0.4922388257594542
0.4921337562148156
0.4920283408657111
0.4919225788950491
0.4918164694855769
0.49171001181989843
0.4916032050804908
0.4914960484497226
0.4913885411098717
0.49128068224314436
0.49117247103169337
0.4910639066576383
0.49095498830308454
0.49084571515014364
0.49073608638095434
0.4906261011777025
0.4905157587226441
0.4904050581981253
0.4902939987866064
0.4901825796706834
0.4900708000331115
0.48995865905682934
0.4898461559249818
0.489733289820946
0.48962005992835517
0.48950646543112486
0.48939250551347874
0.4892781793599745
0.48916348615553157
0.4890484250854582
0.4889329953354797
0.488817196091766
0.48870102654096165
0.4885844858702144
0.4884675732672058
0.4883502879201816
0.4882326290179818
0.48811459575007443
0.48799618730658456
0.4878774028783298
0.4877582416568515
0.4876387028344495
0.48751878560421597
0.48739848916007017
0.48727781269679415
0.48715675541006853
0.4870353164965091
0.4869134951537036
0.48679129058024984
0.4866687019757936
0.48654572854106787
0.48642236947793144
0.4862986239894101
0.4861744912797368
0.48604997055439186
0.48592506102014654
0.4857997618851044
0.48567407235874427
0.48554799165196477
0.48542151897712765
0.4852946535481031
0.48516739458031544
0.4850397412907892
0.4849116928981953
0.4847832486229
0.48465440768701074
0.48452516931442735
0.4843955327308894
0.4842654971640269
0.48413506184341126
0.4840042260006061
0.48387298886921937
0.48374134968495613
0.4836093076856715
0.4834768621114248
0.483344012204534
0.48321075720963075
0.48307709637371693
0.48294302894622043
0.4828085541790533
0.4826736713266683
0.4825383796461187
0.48240267839711726
0.48226656684209573
0.4821300442462658
0.48199310987768
0.48185576300729427
0.48171800290902966
0.4815798288598364
0.4814412401397577
0.48130223603199385
0.4811628158229683
0.481022978802393
0.4808827242633351
0.4807420515022854
0.4806009598192243
0.4804594485176922
0.48031751690485835
0.4801751642915903
0.4800323899925255
0.47988919332614216
0.47974557361483094
0.4796015301849686
0.47945706236699004
0.47931216949546374
0.4791668509091654
0.4790211059511535
0.4788749339688455
0.4787283343140945
0.47858130634326634
0.47843384941731726
0.47828596290187314
0.47813764616730814
0.477988898588825
0.47783971954653515
0.47769010842553994
0.47754006461601256
0.4773895875132801
0.4772386765179071
0.47708733103577794
0.4769355504781827
0.47678333426190045
0.4766306818092857
0.4764775925483538
0.4763240659128678
0.4761701013424255
0.47601569828254725
0.4758608561847639
0.4757055745067066
0.4755498527121949
0.47539369027132794
0.47523708666057435
0.47508004136286347
0.47492255386767657
0.4747646236711398
0.47460625027611586
0.47444743319229743
0.4742881719363015
0.47412846603176234
0.473968315009427
0.4738077184072495
0.47364667577048747
0.4734851866517972
0.4733232506113304
0.4731608672168309
0.4729980360437323
0.47283475667525526
0.47267102870250594
0.4725068517245742
0.4723422253486321
0.47217714919003456
0.4720116228724172
0.47184564602779755
0.47167921829667475
0.47151233932813
0.4713450087799282
0.47117722631861825
0.4710089916196356
0.47084030436740293
0.470671164255433
0.4705015709864303
0.4703315242723946
0.47016102383472214
0.4699900694043097
0.46981866072165773
0.469646797536973
0.46947447961027255
0.46930170671148685
0.4691284786205646
0.46895479512757504
0.4687806560328132
0.468606061146903
0.46843101029090195
0.468255503296405
0.4680795400056493
0.46790312027161723
0.4677262439581417
0.46754891094000983
0.46737112110306706
0.4671928743443215
0.4670141705720474
0.46683500970588976
0.46665539167696773
0.4664753164279784
0.4662947839132998
0.4661137940990957
0.46593234696341657
0.4657504424963048
0.465568080699896
0.46538526158852195
0.4652019851888126
0.4650182515397987
0.4648340606930121
0.4646494127125886
0.46446430767536784
0.464278745670994
0.4640927268020163
0.4639062511839887
0.463719318945569
0.46353193022861783
0.46334408518829695
0.46315578399316754
0.46296702682528673
0.46277781388030537
0.4625881453675631
0.4623980215101857
0.4622074425451779
0.4620164087235196
0.46182492031025874
0.46163297758460436
0.46144058084001904
0.46124773038431044
0.4610544265397221
0.46086066964302336
0.4606664600455986
0.460471798113536
0.46027668422771406
0.4600811187838897
0.45988510219278267
0.4596886348801608
0.4594917172869245
0.4592943498691884
0.459096533098364
0.4588982674612404
0.45869955346006414
0.45850039161261746
0.45830078245229616
0.45810072652818623
0.45790022440513906
0.45769927666384513
0.4574978839009075
0.4572960467289133
0.4570937657765038
0.45689104168844413
0.4566878751256907
0.45648426676545806
0.45628021730128343
0.45607572744309144
0.4558707979172555
0.4556654294666593
0.4554596228507562
0.45525337884562767
0.45504669824403865
0.4548395818554932
0.454632030506289
0.4544240450395668
0.45421562631536316
0.45400677521065724
0.45379749261941904
0.45358777945265366
0.4533776366384457
0.4531670651220011
0.45295606586568693
0.45274463984907
0.45253278806895353
0.4523205115394118
0.45210781129182354
0.45189468837490254
0.4516811438547273
0.4514671788147682
0.45125279435591314
0.4510379915964909
0.45082277167229273
0.45060713573659206
0.45039108496016217
0.45017462053129126
0.44995774365579694
0.44974045555703657
0.44952275747591763
0.44930465067090486
0.4490861364180249
0.4488672160108702
0.4486478907605994
0.4484281619959366
0.4482080310631672
0.4479874993261333
0.4477665681662255
0.4475452389823722
0.447323513191029
0.4471013922261625
0.4468788775392344
0.44665597059918233
0.44643267289239874
0.44620898592270647
0.4459849112113338
0.4457604502968857
0.4455356047353128
0.4453103760998789
0.44508476598112556
0.4448587759868345
0.44463240774198687
0.4444056628887217
0.44417854308629
0.4439510500110084
0.4437231853562084
0.4434949508321854
0.44326634816614346
0.443037379102138
0.44280804540101726
0.44257834884035996
0.4423482912144106
0.4421178743340131
0.44188710002654175
0.44165597013582913
0.4414244865220924
0.44119265106185646
0.4409604656478747
0.44072793218904815
0.4404950526103408
0.4402618288526935
0.44002826287293534
0.4397943566436922
0.4395601121532925
0.4393255314056719
0.4390906164202737
0.4388553692319488
0.4386197918908512
0.43838388646233256
0.43814765502683434
0.43791109967977593
0.43767422253144267
0.4374370257068694
0.43719951134572305
0.4369616816021823
0.4367235386448146
0.4364850846564521
0.43624632183406314
0.436007252388623
0.4357678785449826
0.43552820254173297
0.4352882266310702
0.4350479530786554
0.4348073841634736
0.434566522177692
0.434325369426512
0.4340839282280239
0.4338422009130548
0.4336001898250184
0.4333578973197594
0.43311532576539785
0.43287247754216984
0.4326293550422682
0.4323859606696785
0.43214229684001537
0.43189836598035525
0.4316541705290675
0.4314097129356444
0.4311649956605277
0.4309200211749345
0.43067479196068104
0.4304293105100031
0.430183579325377
0.4299376009193376
0.4296913778142927
0.42944491254233985
0.4291982076450771
0.42895126567341485
0.42870408918738434
0.4284566807559459
0.4282090429567944
0.42796117837616376
0.4277130896086295
0.4274647792569103
0.42721624993166696
0.4269675042513018
0.426718544841754
0.42646937433629584
0.4262199953753264
0.42597041060616453
0.42572062268283944
0.42547063426588116
0.42522044802210957
0.4249700666244211
0.4247194927515759
0.4244687290879828
0.4242177783234832
0.42396664315313426
0.4237153262769912
0.42346383039988755
0.42321215823121605
0.4229603124847071
0.42270829587820685
0.42245611113345494
0.42220376097586115
0.4219512481342805
0.42169857534078836
0.421445745330455
0.42119276084111895
0.4209396246131601
0.42068633938927136
0.42043290791423105
0.42017933293467435
0.419925617198863
0.4196717634564565
0.4194177744582818
0.4191636529561019
0.4189094017023864
0.41865502345007893
0.41840052095236674
0.418145896962448
0.4178911542333014
0.4176362955174522
0.4173813235667417
0.41712624113209357
0.4168710509632832
0.4166157558087036
0.4163603584151343
0.416104861527509
0.4158492678886828
0.4155935802392005
0.415337801317065
0.41508193385750547
0.4148259805927458
0.4145699442517738
0.4143138275601099
0.41405763323957706
0.41380136400807055
0.41354502257932846
0.4132886116627019
0.4130321339629264
0.41277559217989424
0.4125189890084261
0.41226232713804367
0.41200560925274454
0.411748838030774
0.4114920161444019
0.41123514625969726
0.41097823103630426
0.4107212731272196
0.41046427517857037
0.4102072398293921
0.4099501697114086
0.40969306744881195
0.4094359356580445
0.40917877694758
0.40892159391770766
0.40866438916031517
0.40840716525867504
0.4081499247872305
0.40789267031138143
0.4076354043872749
0.40737812956159286
0.4071208483713436
0.406863563343653
0.40660627699555824
0.40634899183380124
0.4060917103546246
0.40583443504356775
0.40557716837526536
0.4053199128132464
0.40506267080973474
0.4048054448054507
0.4045482372294149
0.4042910504987527
0.4040338870184999
0.40377674918141016
0.4035196393677648
0.40326255994518173
0.40300551326842815
0.40274850167923343
0.4024915275061039
0.4022345930641391
0.40197770065484917
0.40172085256597523
0.40146405107130834
0.40120729843051345
0.40095059688895285
0.400693948677511
0.4004373560124228
0.40018082109510117
0.3999243461119678
0.3996679332342851
0.3994115846179894
0.39915530240352615
0.39889908871568713
0.3986429456634477
0.398386875339808
0.3981308798216342
0.3978749611695013
0.3976191214275389
0.39736336262327715
0.39710768676749536
0.3968520958540719
0.39659659185983587
0.39634117674441993
0.3960858524501159
0.3958306209017309
0.39557548400644493
0.39532044365367247
0.3950655017149223
0.3948106600436619
0.3945559204751815
0.39430128482646076
0.39404675489603747
0.3937923324638768
0.3935380192912422
0.39328381712057003
0.3930297276753423
0.3927757526599641
0.39252189375964186
0.39226815264026127
0.3920145309482695
0.39176103031055776
0.3915076523343451
0.39125439860706457
0.3910012706962505
0.3907482701494264
0.39049539849399684
0.3902426572371386
0.3899900478656938
0.3897375718460657
0.3894852306241135
0.38923302562505224
0.38898095825335033
0.38872902989263086
0.3884772419055745
0.3882255956338216
0.3879740923978784
0.3877227334970226
0.3874715202092112
0.3872204537909903
0.3869695354774034
0.386718766481906
0.38646814799627544
0.38621768119052735
0.38596736721283
0.3857172071894215
0.3854672022245274
0.38521735340027974
0.38496766177663777
0.38471812839130864
0.38446875425967053
0.38421954037469613
0.3839704877068771
0.38372159720415083
0.3834728697918257
0.3832243063725107
0.38297590782604285
0.38272767500941834
0.382479608756722
0.3822317098790606
0.3819839791644942
0.3817364173779701
0.3814890252612575
0.38124180353288284
0.3809947528880647
0.38074787399865306
0.3805011675130638
0.38025463405621973
0.3800082742294879
0.37976208861062066
0.37951607775369484
0.3792702421890537
0.3790245824232483
0.3787790989389792
0.37853379219504074
0.37828866262626254
0.37804371064345477
0.3777989366333519
0.37755434095855694
0.3773099239574876
0.3770656859443216
0.37682162720894263
0.37657774801688604
0.3763340486092866
0.37609052920282393
0.3758471899896714
0.375604031137443
0.37536105278913917
0.3751182550630977
0.37487563805293933
0.37463320182751675
0.374390946430863
0.37414887188213863
0.3739069781755815
0.37366526528045396
0.3734237331409916
0.3731823816763511
0.3729412107805595
0.3727002203224606
0.37245941014566464
0.3722187800684949
0.3719783298839359
0.3717380593595805
0.3714979682375773
0.3712580562345777
0.37101832304168253
0.3707787683243877
0.37053939172253125
0.3703001928502378
0.3700611712958649
0.36982232662194703
0.3695836583651402
0.36934516603616574
0.36910684911975356
0.3688687070745855
0.3686307393332366
0.3683929453021173
0.36815532436141524
0.3679178758650343
0.367680599140535
0.36744349348907396
0.3672065581853412
0.36696979247749917
0.36673319558711825
0.3664967667091137
0.36626050501168045
0.3660244096362276
0.36578847969731226
0.3655527142825715
0.36531711245265486
0.3650816732411546
0.364846395654536
0.364611278672066
0.36437632124574076
0.36414152230021324
0.36390688073271815
0.36367239541299723
0.3634380651832233
0.363203888857921
0.3629698652238903
0.3627359930401258
0.36250227103773575
0.3622686979198594
0.36203527236158506
0.36180199300986426
0.3615688584834261
0.36133586737269136
0.3611030182396818
0.3608703096179332
0.3606377400124018
0.360405307899374
0.3601730117263715
0.35994084991205627
0.35970882084613487
0.3594769228892596
0.35924515437292986
0.3590135135993918
0.358781998841535
0.35855060834278996
0.35831934031702256
0.3580881929484285
0.35785716439142307
0.35762625277053456
0.35739545618029056
0.35716477268510755
0.35693420031917567
0.3567037370863439
0.3564733809600016
0.3562431298829619
0.35601298176734025
0.35578293449443255
0.3555529859145927
0.35532313384710673
0.35509337608006786
0.354863710370247
0.35463413444296416
0.35440464599195676
0.3541752426792483
0.35394592213501197
0.3537166819574375
0.35348751971259135
0.35325843293427994
0.35302941912390823
0.35280047575033724
0.35257160024974254
0.3523427900254673
0.352114042447877
0.3518853548542109
0.3516567245484334
0.3514281488010818
0.3511996248491157
0.3509711498957615
0.35074272111035854
0.35051433562820167
0.3502859905503835
0.3500576829436355
0.34982940984016614
0.3496011682375006
0.34937295509831556
0.34914476735027594
0.34891660188586915
0.34868845556223693
0.3484603252010086
0.34823220758813034
0.34800409947369576
0.34777599757177424
0.34754789856023727
0.3473197990805864
0.3470916957377781
0.34686358510004756
0.34663546369873327
0.3464073280280996
0.3461791745451587
0.34595099966949144
0.3457227997830691
0.34549457123007166
0.3452663103167087
0.34503801331103734
0.3448096764427811
0.34458129590314723
0.3443528678446448
0.3441243883809021
0.34389585358648306
0.34366725949670485
0.34343860210745436
0.3432098773750048
0.3429810812158334
0.34275220950643737
0.3425232580831522
0.34229422274196786
0.34206509923834816
0.34183588328704734
0.34160657056193133
0.3413771566957944
0.34114763728018205
0.34091800786521065
0.3406882639593891
0.34045840102944325
0.3402284145001385
0.3399982997541069
0.33976805213167127
0.3395376669306759
0.3393071394063145
0.3390764647709621
0.33884563819400854
0.3386146548016924
0.3383835096769388
0.3381521978591977
0.33792071434428683
0.33768905408423366
0.3374572119871221
0.3372251829169428
0.33699296169344306
0.3367605430919825
0.3365279218433904
0.33629509263382706
0.3360620501046477
0.3358287888522703
0.3355953034280468
0.3353615883381394
0.33512763804339885
0.33489344695924766
0.33465900945556926
0.3344243198565974
0.33418937244081615
0.3339541614408592
0.33371868104341684
0.333482925389148
0.33324688857259654
0.3330105646421144
0.33277394759978923
0.33253703140137836
0.3322998099562484
0.3320622771273229
0.3318244267310325
0.3315862525372767
0.3313477482693878
0.3311089076041051
0.3308697241715548
0.3306301915552368
0.3303903032920211
0.3301500528721492
0.3299094337392463
0.32966843929033984
0.3294270628758864
0.32918529779980876
0.3289431373195399
0.32870057464607727
0.32845760294404613
0.3282142153317715
0.32797040488136064
0.32772616461879506
0.32748148752403244
0.32723636653111965
0.32699079452831475
0.32674476435822153
0.3264982688179331
0.32625130065918795
0.32600385258853737
0.32575591726752356
0.32550748731287005
0.325258555296684
0.3250091137466712
0.3247591551463621
0.3245086719353527
0.3242576565095553
0.32400610122146567
0.32375399838044017
0.323501340252989
0.3232481190630811
0.3229943269924642
0.3227399561809986
0.3224849987270042
0.3222294466876234
0.3219732920791982
0.3217165268776603
0.3214591430189401
0.3212011323993866
0.32094248687620497
0.32068319826790903
0.3204232583547899
0.32016265887940065
0.31990139154705366
0.31963944802634037
0.3193768199496615
0.3191134989137764
0.31884947648036865
0.3185847441766288
0.3183192934958527
0.3180531158980572
0.3177862028106144
0.31751854562890114
0.3172501357169665
0.31698096440821705
0.316711023006119
0.3164403027849196
0.3161687949903821
0.31589649084054383
0.31562338152648844
0.3153494582131365
0.31507471204005494
0.3147991341222847
0.3145227155511842
0.3142454473952939
0.31396732070121575
0.31368832649451334
0.31340845578062904
0.31312769954581815
0.31284604875810385
0.3125634943682462
0.31228002731073407
0.31199563850479034
0.3117103188553977
0.31142405925434213
0.3111368505812736
0.31084868370478397
0.3105595494835046
0.3102694387672197
0.309978342397997
0.30968625121133786
0.30939315603734263
0.30909904770189445
0.30880391702785837
0.3085077548363009
0.30821055194772157
0.3079122991833056
0.3076129873661897
0.3073126073227466
0.3070111498838837
0.30670860588636023
0.3064049661741165
0.3061002215996226
0.3057943630252403
0.30548738132460035
0.30517926738399515
0.30487001210378617
0.30455960639982627
0.30424804120489457
0.3039353074701482
0.303621396166585
0.3033062982865228
0.30299000484508865
0.302672506881724
0.3023537954617018
0.3020338616776556
0.301712696651121
0.30139029153409036
0.3010666375105777
0.3007417257981966
0.30041554764974754
0.30008809435481815
0.2997593572413923
0.29942932767747144
0.2990979970727037
0.29876535688002515
0.2984313985973086
0.2980961137690241
0.29775949398790486
0.2974215308966251
0.29708221618948494
0.2967415416141025
0.2963994989731157
0.29605608012589046
0.2957112769902356
0.2953650815441259
0.29501748582743154
0.29466848194365297
0.2943180620616632
0.29396621841745546
0.29361294331589516
0.2932582291324803
0.29290206831510324
0.2925444533858201
0.2921853769426225
0.29182483166121526
0.29146281029679744
0.29109930568584697
0.2907343107479098
0.29036781848738846
0.2899998219953408
0.28963031445127424
0.2892592891249466
0.28888673937816894
0.2885126586666078
0.28813704054159395
0.28775987865192765
0.2873811667456884
0.2870008986720459
0.28661906838306983
0.2862356699355424
0.2858506974927709
0.28546414532639897
0.28507600781822057
0.2846862794619914
0.28429495486524153
0.2839020287510861
0.28350749596003644
0.2831113514518092
0.28271359030713455
0.2823142077295627
0.28191319904726925
0.2815105597148574
0.2811062853151593
0.28070037156103383
0.2802928142971624
0.2798836095018412
0.27947275328877086
0.27906024190884166
0.2786460717519166
0.2782302393486087
0.2778127413720547
0.2773935746396849
0.27697273611498624
0.27655022290926223
0.27612603228338567
0.2757001616495468
0.27527260857299385
0.27484337077376775
0.27441244612843047
0.2739798326717842
0.27354552859858516
0.2731095322652468
0.2726718421915365
0.27223245706226123
0.2717913757289459
0.27134859721149984
0.2709041206998737
0.2704579455557057
0.2700100713139553
0.2695604976845261
0.26910922455387476
0.26865625198660886
0.2682015802270681
0.2677452097008934
0.2672871410165808
0.2668273749670186
0.2663659125310086
0.2659027548747711
0.26543790335343065
0.2649713595124857
0.2645031250892562
0.2640332020143137
0.26356159241288885
0.2630882986062591
0.2626133231131122
0.2621366686508885
0.2616583381370971
0.2611783346906089
0.2606966616329227
0.2602133224894051
0.25972832099050236
0.259241661072924
0.25875334688079743
0.2582633827667904
0.25777177329320317
0.2572785232330289
0.2567836375709788
0.25628712150447414
0.25578898044460163
0.25528922001703397
0.25478784606291016
0.25428486463968003
0.2537802820219065
0.2532741047020293
0.2527663393910843
0.2522569930193822
0.25174607273714233
0.25123358591508066
0.2507195401449521
0.25020394324004613
0.24968680323563364
0.24916812838936292
0.2486479271816086
0.2481262083157649
0.2476029807184892
0.24707825353989127
0.2465520361536664
0.2460243381571751
0.24549516937146462
0.24496453984123256
0.244432459834733
0.24389893984362065
0.24336399058273844
0.24282762298983954
0.24228984822524807
0.2417506776714587
0.24121012293266864
0.24066819583424798
0.24012490842214168
0.23958027296220666
0.23903430193948141
0.23848700805738607
0.23793840423685686
0.2373885036154084
0.2368373195461285
0.23628486559660045
0.2357311555477565
0.23517620339265838
0.23462002333520662
0.23406262978877793
0.2335040373747903
0.2329442609211934
0.2323833154608893
0.2318212162300767
0.23125797866652245
0.23069361840776229
0.23012815128922315
0.2295615933422764
0.2289939607922148
0.22842527005615776
0.2278555377408809
0.2272847806405757
0.22671301573453367
0.22614026018475994
0.22556653133351234
0.22499184670077244
0.224416223981641
0.22383968104366705
0.2232622359241035
0.2226839068270946
0.22210471212079613
0.22152467033442458
0.22094380015524184
0.22036212042547282
0.21977965013915704
0.2191964084389369
0.2186124146127821
0.2180276880906525
0.21744224844109844
0.21685611536780347
0.21626930870606614
0.21568184841922663
0.21509375459503594
0.2145050474419713
0.21391574728549795
0.21332587456428037
0.21273544982634288
0.21214449372518074
0.2115530270158269
0.21096107055087154
0.21036864527643917
0.2097757722281235
0.20918247252688377
0.20858876737490142
0.20799467805140198
0.20740022590844107
0.206805432366661
0.2062103189110137
0.20561490708645808
0.20501921849362842
0.20442327478448136
0.20382709765791834
0.2032307088553898
0.20263413015647944
0.20203738337447355
0.20144049035191725
0.20084347295615812
0.20024635307488042
0.1996491526116329
0.19905189348135072
0.1984545976058735
0.19785728690946622
0.19725998331433586
0.19666270873615804
0.19606548507960428
0.19546833423388
0.19487127806827137
0.19427433842770597
0.19367753712832625
0.19308089595307978
0.19248443664732967
0.1918881809144843
0.19129215041164987
0.19069636674530935
0.19010085146702566
0.18950562606917823
0.18891071198072523
0.18831613056300298
0.18772190310555756
0.18712805082201472
0.18653459484598794
0.18594155622702635
0.1853489559266057
0.18475681481416184
0.18416515366317363
0.1835739931472875
0.18298335383649647
0.18239325619336608
0.18180372056931432
0.18121476720094487
0.18062641620643521
0.18003868758198158
0.1794516011983015
0.17886517679719555
0.17827943398817062
0.17769439224512296
0.1771100709030862
0.176526489155042
0.17594366604879552
0.1753616204839198
0.17478037120876241
0.17419993681752446
0.17362033574740626
0.17304158627582245
0.17246370651768947
0.17188671442278125
0.171310627773159
0.17073546418067248
0.17016124108453373
0.16958797574896423
0.16901568526091726
0.168444386527872
0.16787409627570424
0.16730483104663024
0.16673660719722727
0.1661694408965276
0.16560334812418875
0.1650383446687394
0.16447444612589943
0.16391166789697603
0.16335002518733646
0.16278953300495272
0.16223020615902528
0.16167205925867745
0.1611151067117278
0.16055936272353455
0.16000484129591558
0.1594515562261403
0.15889952110599512
0.15834874932092288
0.15779925404923267
0.15725104826138167
0.1567041447193292
0.15615855597595912
0.15561429437457397
0.1550713720484566
0.15452980092050178
0.15398959270291315
0.1534507588969699
0.15291331079285714
0.15237725946956182
0.15184261579483516
0.15130939042521485
0.15077759380611322
0.15024723617196553
0.1497183275464384
0.1491908777426994
0.14866489636374403
0.14814039280278143
0.14761737624367618
0.14709585566144556
0.1465758398228122
0.14605733728680978
0.14554035640544047
0.1450249053243855
0.14451099198376366
0.1439986241189407
0.1434878092613865
0.14297855473957785
0.14247086767994835
0.1419647550078825
0.14146022344875256
0.1409572795289985
0.14045592957724895
0.1399561797254817
0.13945803591022365
0.13896150387378764
0.1384665891655466
0.13797329714324244
0.1374816329743299
0.13699160163735247
0.13650320792335094
0.13601645643730315
0.13553135159959193
0.13504789764750358
0.13456609863675156
0.1340859584430292
0.13360748076358475
0.13313066911882293
0.1326555268539281
0.13218205714051007
0.13171026297827115
0.1312401471966919
0.13077171245673716
0.13030496125257923
0.12983989591333733
0.12937651860483423
0.12891483133136677
0.1284548359374901
0.12799653410981593
0.1275399273788213
0.1270850171206697
0.12663180455904183
0.12618029076697537
0.12573047666871284
0.125282363041559
0.12483595051774123
0.12439123958627998
0.12394823059486043
0.12350692375171111
0.12306731912748446
0.12262941665714
0.12219321614183078
0.1217587172507895
0.12132591952321548
0.12089482237016189
0.12046542507642152
0.1200377268024111
0.11961172658605347
0.11918742334465682
0.11876481587679
0.11834390286415415
0.11792468287345051
0.11750715435824075
0.11709131566080336
0.11667716501398304
0.11626470054303376
0.115853920267453
0.11544482210281026
0.11503740386256534
0.11463166325987878
0.11422759790941334
0.11382520532912466
0.11342448294204342
0.11302542807804584
0.11262803797561385
0.11223230978358395
0.11183824056288491
0.11144582728826294
0.11105506684999476
0.11066595605558902
0.11027849163147443
0.10989267022467332
0.10950848840446512
0.10912594266403298
0.10874502942209818
0.10836574502454077
0.10798808574600466
0.10761204779148895
0.10723762729792544
0.1068648203357388
0.10649362291039474
0.10612403096393075
0.10575604037647213
0.10538964696773288
0.10502484649850137
0.10466163467210816
0.10430000713588079
0.10393995948258113
0.10358148725182598
0.10322458593149413
0.10286925095911385
0.10251547772323724
0.10216326156479653
0.10181259777844426
0.10146348161387768
0.1011159082771463
0.10076987293194348
0.1004253707008805
0.10008239666674595
0.09974094587374709
0.09940101332873535
0.09906259400241617
0.09872568283054121
0.09839027471508488
0.09805636452540455
0.09772394709938469
0.09739301724456369
0.09706356973924612
0.0967355993335973
0.09640910075072319
0.09608406868773293
0.0957604978167867
0.0954383827861266
0.09511771822109233
0.09479849872512167
0.09448071888073414
0.09416437325049977
0.09384945637799304
0.0935359627887298
0.09322388699109131
0.09291322347723086
0.0926039667239667
0.09229611119365971
0.09198965133507651
0.09168458158423709
0.09138089636524867
0.09107859009112507
0.09077765716459141
0.090478091978874
0.09017988891847811
0.08988304235994946
0.08958754667262345
0.08929339621936024
0.08900058535726557
0.08870910843839944
0.08841895981047061
0.08813013381751807
0.08784262480057947
0.08755642709834699
0.08727153504781002
0.08698794298488532
0.08670564524503524
0.08642463616387233
0.08614491007775342
0.08586646132436032
0.08558928424326911
0.08531337317650795
0.08503872246910227
0.08476532646961009
0.08449317953064421
0.08422227600938431
0.08395261026807785
0.08368417667452958
0.08341696960258098
0.08315098343257844
0.08288621255183103
0.0826226513550582
0.08236029424482699
0.08209913563197968
0.08183916993605067
0.08158039158567389
0.08132279501898086
0.08106637468398928
0.08081112503898127
0.0805570405528735
0.08030411570557766
0.08005234498835193
0.0798017229041437
0.07955224396792347
0.07930390270701038
0.07905669366138901
0.07881061138401807
0.07856565044113058
0.07832180541252676
0.07807907089185731
0.07783744148690154
0.0775969118198346
0.07735747652748985
0.07711913026161235
0.07688186768910527
0.07664568349226937
0.07641057236903522
0.0761765290331883
0.07594354821458735
0.07571162465937664
0.07548075313018979
0.07525092840634962
0.07502214528405923
0.07479439857658869
0.0745676831144539
0.07434199374559096
0.0741173253355231
0.073893672767523
0.07367103094276847
0.0734493947804932
0.07322875921813123
0.07300911921145649
0.07279046973471712
0.07257280578076385
0.07235612236117395
0.07214041450637004
0.07192567726573317
0.07171190570771241
0.07149909491992813
0.07128724000927222
0.07107633610200195
0.07086637834383114
0.07065736190001565
0.07044928195543472
0.07024213371466888
0.07003591240207264
0.06983061326184396
0.0696262315580892
0.06942276257488464
0.06922020161633327
0.06901854400661923
0.06881778509005748
0.06861792023114
0.06841894481457894
0.06822085424534624
0.06802364394870943
0.06782730937026443
0.06763184597596537
0.06743724925215074
0.0672435147055668
0.06705063786338816
0.06685861427323472
0.06666743950318628
0.06647710914179433
0.06628761879809093
0.0660989641015947
0.06591114070231449
0.06572414427075043
0.0655379704978924
0.0653526150952157
0.06516807379467565
0.06498434234869727
0.06480141653016579
0.0646192921324126
0.0644379649692001
0.0642574308747039
0.06407768570349348
0.06389872533051047
0.06372054565104487
0.06354314258070981
0.06336651205541391
0.06319065003133212
0.06301555248487486
0.0628412154126549
0.06266763483145336
0.06249480677818341
0.06232272730985261
0.06215139250352357
0.06198079845627368
0.06181094128515216
0.06164181712713727
0.06147342213909033
0.06130575249771022
0.061138804399484936
0.06097257406064322
0.06080705771710397
0.060642251624424784
0.06047815205774959
0.06031475531175475
0.060152057700594244
0.05999005555784395
0.05982874523644452
0.0596681231086435
0.05950818556593649
0.05934892901900718
0.05919034989766675
0.05903244465079232
0.058875209746264215
0.05871864167090292
0.05856273693040498
0.05840749204927807
0.05825290357077536
0.05809896805682956
0.05794568208798549
0.05779304226333292
0.05764104520043802
0.05748968753527452
0.057338965922154456
0.05718887703365786
0.05703941756056245
0.05689058421177239
0.056742373714246945
0.056594782812928277
0.05644780827066908
0.05630144686815934
0.05615569540385362
0.056010550693896925
0.055866009572050276
0.05572206888961725
0.05557872551536827
0.05543597633546604
0.05529381825338987
0.05515224818986035
0.05501126308276289
0.05487085988707215
0.05473103557477511
0.05459178713479476
0.05445311157291326
0.05431500591169465
0.054177467190408016
0.054040492464949894
0.05390407880776701
0.05376822330777845
0.053632923070298114
0.05349817521695676
0.05336397688562418
0.05323032523033121
0.05309721742119172
0.052964650644324165
0.05283262210177405
0.05270112901143529
0.052570168606972056
0.05243973813774084
0.05230983486871202
0.05218045608039179
0.0520515990687439
0.051923261145111775
0.05179543963613994
0.05166813188369672
0.05154133524479547
0.05141504709151735
0.05128926481093311
0.05116398580502558
0.051039207490611846
0.05091492729926573
0.050791142677240615
0.050667851085391916
0.05054504999909998
0.05042273690819283
0.05030090931686977
0.05017956474362412
0.05005870072116664
0.049938314796349526
