0.6679388189646501
0.6793867508304878
0.5605245410024278
0.5363651758957406
0.5754427206119072
0.5667205199955208
0.5289599044769949
0.5184578123676475
0.528042670941265
0.5250779171264119
0.5194849511352148
0.5219859024362451
0.5233752103848095
0.5195839876035022
0.5165660931593281
0.5165647315996389
0.5168290113902736
0.5167086861196271
0.5169818948218887
0.5170795153360006
0.5164547579160139
0.5156716189063771
0.5152693660457786
0.515147000563057
0.5151014311958853
0.5150637064305535
0.5149390490890196
0.5146660845083709
0.5143242876843495
0.5140293273565332
0.5138144372740048
0.5136488281642964
0.513490593856715
0.5133051608491609
0.5130788890003204
0.5128273683891875
0.5125784448671469
0.5123481375158854
0.5121343580277057
0.5119251753391821
0.5117086327605855
0.5114793010345754
0.5112399650546494
0.5109977410826597
0.510758178034853
0.5105222006889005
0.5102870199098729
0.5100489317765076
0.5098057543012728
0.5095576835795312
0.5093064697888697
0.5090538440542847
0.5088004182509309
0.5085456180284526
0.5082883589270267
0.5080278226533632
0.5077638426319862
0.5074967802207744
0.5072271112625049
0.506955062663889
0.5066805099111262
0.5064031197339418
0.5061225764066053
0.5058387290995381
0.5055515938795336
0.5052612515717814
0.504967734666198
0.504670976033714
0.5043708325243967
0.5040671465784098
0.5037597967333122
0.5034487092683247
0.5031338351673993
0.5028151166288408
0.5024924666610251
0.5021657703056381
0.5018349001897133
0.5014997324469902
0.501160152930202
0.5008160525603171
0.5004673176748597
0.5001138225903038
0.4997554281005377
0.4993919848671378
0.4990233379337828
0.49864932899769054
0.4982697954330547
0.49788456735439984
0.4974934648352336
0.4970962966739282
0.49669286072378566
0.4962829448196832
0.4958663272366601
0.49544277620862254
0.4950120487497242
0.4945738893776456
0.4941280292185365
0.4936741855899158
0.493212061825874
0.4927413470209529
0.4922617155098734
0.4917728261159586
0.49127432133519905
0.49076582661488677
0.49024694978160466
0.489717280566353
0.4891763901331872
0.4886238305496078
0.4880591342013816
0.48748181320187245
0.4868913588515825
0.48628724117629357
0.4856689085391628
0.4850357873066688
0.48438728155590427
0.4837227728307335
0.4830416199712185
0.48234315904532776
0.48162670340560637
0.4808915438842295
0.48013694913529475
0.47936216613585286
0.47856642086411294
0.47774891917959994
0.4769088479325485
0.4760453763285748
0.4751576575720072
0.474244830809648
0.4733060233970573
0.47234035351081805
0.4713469331310355
0.47032487141740376
0.46927327849943057
0.46819126969752795
0.4670779701873889
0.4659325201156319
0.46475408016977965
0.4635418375997123
0.46229501268038836
0.46101286559690013
0.45969470372303556
0.4583398892538467
0.4569478471414301
0.4555180732713116
0.4540501428045179
0.4525437185977752
0.4509985596016348
0.4494145291241524
0.44779160283655284
0.44612987638761004
0.4444295724857128
0.4426910473022405
0.44091479604741185
0.4391014575706537
0.43725181784221484
0.4353668121815485
0.4334475261111014
0.4314951947316008
0.42951120053658287
0.42749706960941086
0.42545446617492855
0.4233851855094459
0.4212911452461704
0.41917437514742106
0.4170370054489233
0.4148812539139952
0.4127094117653495
0.41052382868845727
0.40832689712196557
0.40612103606671773
0.40390867465491387
0.40169223572447293
0.39947411964067625
0.3972566885978191
0.3950422516183293
0.3928330504462805
0.3906312465072853
0.38843890907837386
0.38625800478073313
0.3840903884761904
0.3819377956161571
0.37980183606040857
0.3776839893534627
0.3755856014191798
0.3735078826101354
0.37145190702773223
0.36941861301215506
0.36740880468822706
0.3654231544439298
0.3634622062126035
0.3615263794273784
0.35961597351681496
0.35773117281363453
0.3558720517533854
0.35403858024640217
0.3522306291141093
0.350447975489101
0.3486903080871814
0.34695723226827385
0.3452482748115443
0.34356288833795884
0.34190045532060104
0.34026029162924043
0.338641649560743
0.33704372031081503
0.3354656358452292
0.3339064701300051
0.33236523967996723
0.3308409033836436
0.3293323615595719
0.32783845419468477
0.32635795830957026
0.3248895843879698
0.323431971798901
0.3219836831292386
0.32054319733247927
0.3191089015858004
0.3176790817325054
0.31625191117074025
0.31482543803231144
0.3133975704780818
0.3119660599196258
0.3105284819618153
0.30908221484963216
0.3076244151972881
0.3061519907823129
0.3046615702065363
0.30314946926649655
0.3016116539465673
0.3000437000604871
0.29844074973561063
0.2967974651772457
0.2951079804895932
0.2933658527899924
0.29156401446082003
0.28969472916353445
0.2877495552098812
0.28571932104802455
0.28359411894873454
0.28136332439354833
0.27901565002788903
0.27653924410910496
0.2739218438030421
0.2711509930034536
0.26821433203188505
0.26509996210404346
0.26179688048326344
0.2582954728515522
0.25458803834376226
0.2506693114853531
0.24653693634224846
0.24219184437024066
0.23763849125094239
0.23288492057492194
0.22794264246792184
0.22282633949041578
0.21755343488089537
0.21214357380753715
0.2066180729543477
0.2009993870226482
0.19531062555227202
0.18957513502338685
0.18381614482641226
0.17805646509123663
0.17231822076336084
0.16662260864932693
0.16098967003209885
0.1554380782246549
0.1499849459826117
0.14464566086033034
0.1394337571260934
0.13436083119951456
0.1294365045509711
0.12466843447886149
0.12006236987022506
0.11562224641332368
0.11135031397165089
0.1072472879548168
0.10331251641831131
0.09954415511974124
0.0959393436696536
0.09249437706935806
0.0892048681810057
0.08606589791251723
0.08307215103987549
0.08021803657994829
0.07749779244238952
0.07490557472380269
0.07243553247060841
0.07008186904783453
0.0678388914332867
0.06570104883580914
0.06366296203721877
0.061719444802174256
0.059865518607555124
0.05809642182813795
0.056407614390235936
0.05479477877816398
0.05325381815590166
0.051780852252020185
0.05037221155202798
0.04902443024977501
