0.5975208072864026
0.6134301452169079
0.5314920879434804
0.5411079026759933
0.5637352340204307
0.543954189554237
0.5178230708150919
0.5185589776015627
0.5240540947709769
0.5196892009396827
0.5177202802183316
0.5204312832923689
0.5200949648365744
0.5168628818918852
0.5153855568983099
0.5157630554595269
0.5159957220248489
0.5161288718303446
0.5165038690658941
0.5165440238542759
0.5160795360443323
0.5156347569033078
0.5155031593117936
0.5155548013167004
0.5156546563030753
0.5157444509816188
0.5157477586474625
0.5156407949371227
0.515498830295575
0.5154026845785087
0.5153681305564773
0.5153686718606635
0.5153716428840471
0.5153517522929532
0.5153015959685727
0.515234943010489
0.515172538377526
0.5151254478605196
0.5150915276939665
0.515061669565762
0.5150270236869792
0.514983732259667
0.5149339448212789
0.5148829151551549
0.5148347937319266
0.5147904127861272
0.5147478573356274
0.5147044373841065
0.5146584690792894
0.514609965499707
0.5145601347877413
0.5145102944059173
0.5144610389610451
0.5144120998055693
0.5143627601498026
0.5143124048503634
0.5142608456495439
0.5142082990591064
0.5141551302350135
0.5141015841827761
0.5140476693050602
0.5139932164122488
0.5139380245872534
0.5138819817563404
0.5138250967468345
0.5137674502901173
0.5137091180426747
0.513650119580924
0.5135904157324273
0.5135299412156401
0.5134686426991374
0.5134064982505687
0.513343512305625
0.5132796964434486
0.5132150515367715
0.5131495613627354
0.5130831979732268
0.5130159321164098
0.5129477410568583
0.5128786099727725
0.5128085280269072
0.512737483004174
0.5126654580797108
0.5125924319589834
0.512518381280523
0.5124432831803343
0.512367116454963
0.5122898610509091
0.5122114966694101
0.5121320015558208
0.5120513521132456
0.5119695233059276
0.5118864893670727
0.5118022242943152
0.5117167018957641
0.5116298954833918
0.5115417774873598
0.5114523192289124
0.5113614909258027
0.5112692618467493
0.511175600470015
0.5110804745426494
0.510983851026112
0.5108856959845995
0.5107859744889676
0.5106846505782966
0.5105816872751092
0.5104770466203347
0.5103706896928419
0.5102625765978359
0.5101526664310767
0.510040917237612
0.5099272859809862
0.5098117285276359
0.5096941996404749
0.5095746529715641
0.5094530410466271
0.5093293152402593
0.5092034257454875
0.5090753215424592
0.5089449503689226
0.5088122586920196
0.5086771916788417
0.5085396931631067
0.5083997056066314
0.5082571700558419
0.5081120260943771
0.507964211792681
0.5078136636547125
0.5076603165611763
0.5075041037083852
0.507344956542077
0.5071828046859285
0.5070175758648693
0.5068491958233898
0.5066775882389145
0.5065026746301133
0.5063243742598837
0.5061426040327548
0.5059572783865629
0.5057683091783743
0.5055756055647116
0.5053790738761315
0.5051786174861757
0.5049741366746653
0.5047655284852999
0.5045526865775467
0.5043355010728333
0.5041138583950875
0.5038876411056761
0.5036567277327776
0.5034209925952013
0.5031803056206526
0.5029345321584233
0.5026835327864807
0.5024271631129199
0.5021652735717279
0.501897709212779
0.5016243094859621
0.5013449080193015
0.5010593323909086
0.500767403894575
0.5004689372987919
0.5001637405989562
0.4998516147624993
0.49953235346665564
0.49920574282856606
0.4988715611274001
0.4985295785181759
0.4981795567369541
0.49782124879710105
0.49745439867633034
0.4970787409942662
0.496694000680319
0.4962998926317242
0.4958961213616686
0.49548238063752903
0.4950583531093643
0.4946237099289361
0.49417811035970377
0.49372120137842257
0.4932526172692
0.49277197921110916
0.49227889486074855
0.4917729579314577
0.4912537477712609
0.4907208289420135
0.490173750802683
0.48961204710019046
0.4890352355717932
0.4884428175636047
0.4878342776705048
0.48720908340343594
0.4865666848908688
0.4859065146220853
0.48522798724086125
0.48453049939912646
0.48381342968124685
0.48307613861070975
0.4823179687521781
0.4815382449231232
0.48073627453052264
0.4799113480494171
0.4790627396614142
0.47818970807251415
0.47729149753083927
0.4763673390659732
0.4754164519725721
0.4744380455616707
0.47343132120357906
0.472395474686388
0.47132969891378623
0.4702331869650277
0.4691051355384039
0.46794474879733367
0.4667512426350896
0.4655238493701366
0.4642618228789407
0.462964444166858
0.4616310273702385
0.4602609261741595
0.45885354062022604
0.4574083242676773
0.45592479165872596
0.45440252602577363
0.4528411871641341
0.4512405193794325
0.4496003594043431
0.4479206441652035
0.44620141826584014
0.4444428410442526
0.4426451930482216
0.4408088817691371
0.438934446469965
0.43702256194392824
0.43507404104567704
0.43308983584684213
0.43107103728317037
0.4290188731809511
0.4269347045759539
0.42482002026819493
0.4226764295897978
0.4205056534000827
0.4183095133606227
0.41608991958199104
0.4138488567718384
0.4115883690492457
0.40931054362154584
0.40701749354564754
0.40471133981518126
0.402394193026654
0.4000681348817337
0.3977351997785783
0.39539735673300597
0.3930564918507955
0.3907143915463858
0.38837272667181555
0.38603303768421476
0.3836967209419438
0.38136501617998897
0.3790389951758786
0.37671955157944087
0.3744073918443331
0.3721030271673414
0.36980676631373655
0.3675187091840125
0.3652387409594796
0.36296652665165624
0.360701505873319
0.3584428876474663
0.356189645074401
0.3539405096867226
0.3516939653374487
0.3494482414880866
0.34720130579178526
0.3449508559023965
0.3426943104843339
0.34042879945161386
0.33815115352872627
0.3358578933023367
0.3335452180226564
0.33120899451774893
0.3288447467038015
0.32644764630951145
0.32401250558208616
0.32153377290335206
0.31900553241247187
0.3164215088996669
0.31377507939311744
0.3110592929956621
0.3082669006227062
0.3053903963288413
0.30242207186730585
0.2993540859828219
0.29617854967601215
0.29288762828317194
0.28947366068354674
0.28592929528331035
0.282247641649903
0.27842243581398846
0.27444821636169736
0.2703205075563853
0.2660360049067383
0.26159275788075803
0.2569903438859678
0.25223002721544147
0.24731489640744772
0.2422499733918296
0.2370422879148353
0.23170091107954682
0.22623694246651868
0.22066344628079362
0.2149953333805214
0.20924918792907374
0.2034430397750371
0.19759608642421905
0.19172837145646907
0.1858604292052276
0.18001290814903317
0.17420618743828586
0.1684600020153216
0.1627930916937123
0.15722288829003037
0.15176525254452253
0.14643426936120468
0.1412421061794628
0.13619893544268977
0.13131291852770688
0.12659024545104727
0.12203522238468721
0.11765039759068507
0.11343671580939385
0.10939369131054594
0.10551959058456357
0.10181161683131251
0.09826608981516072
0.09487861614036402
0.09164424643441317
0.0885576172214371
0.0856130763710102
0.08280479189792345
0.08012684456686034
0.077573305239415
0.0751382982156332
0.07281605199834137
0.07060093897621911
0.06848750550877944
0.06647049382741244
0.0645448570613888
0.06270576857198668
0.0609486266435558
0.05926905544591983
0.05766290305382935
0.056126237189853136
0.05465533924914118
0.053246697068717055
0.05189699682036084
0.050603114334157054
0.04936210609854232
