0.4912388092995653
0.5225727225379772
0.5224640997933592
0.52228456730838
0.5221516854548176
0.5220521899230953
0.5219763235394081
0.5219171673187629
0.5218698214815671
0.5218308194357357
0.5217977104739103
0.5217687632427487
0.5217427553575682
0.5217188243082539
0.5216963618933906
0.521674939526166
0.5216542554138132
0.5216340972233147
0.5216143157047074
0.5215948060638729
0.5215754948136883
0.5215563304965418
0.5215372771416479
0.5215183096535703
0.5214994105639876
0.5214805677453859
0.5214617728031959
0.5214430199461965
0.5214243051938703
0.5214056258209947
0.5213869799691253
0.5213683663753785
0.5213497841835688
0.5213312328130845
0.5213127118681877
0.5212942210755568
0.5212757602415197
0.5212573292229771
0.5212389279078116
0.5212205562018418
0.5212022140202717
0.5211839012822054
0.5211656179072366
0.521147363813427
0.521129138916204
0.5211109431278512
0.5210927763573753
0.5210746385106021
0.521056529490401
0.5210384491969758
0.5210203975281804
0.5210023743798332
0.5209843796460166
0.5209664132193508
0.5209484749912431
0.5209305648521059
0.5209126826915493
0.5208948283985474
0.520877001861582
0.5208592029687641
0.520841431607939
0.5208236876667749
0.520805971032837
0.5207882815936502
0.5207706192367529
0.52075298384974
0.520735375320301
0.5207177935362495
0.5207002383855494
0.520682709756336
0.5206652075369336
0.5206477316158692
0.520630281881885
0.5206128582239478
0.5205954605312558
0.5205780886932465
0.5205607425996003
0.5205434221402447
0.5205261272053581
0.5205088576853707
0.520491613470967
0.5204743944530867
0.5204572005229255
0.5204400315719355
0.5204228874918249
0.520405768174558
0.5203886735123548
0.5203716033976905
0.5203545577232951
0.5203375363821516
0.5203205392674959
0.520303566272816
0.5202866172918503
0.5202696922185868
0.5202527909472618
0.5202359133723594
0.5202190593886094
0.5202022288909864
0.5201854217747095
0.520168637935239
0.5201518772682776
0.5201351396697674
0.5201184250358892
0.5201017332630617
0.5200850642479398
0.520068417887413
0.5200517940786051
0.5200351927188724
0.5200186137058022
0.5200020569372124
0.5199855223111496
0.5199690097258883
0.5199525190799296
0.5199360502719995
0.5199196032010491
0.5199031777662512
0.5198867738670018
0.5198703914029169
0.5198540302738321
0.5198376903798018
0.5198213716210969
0.5198050738982055
0.51978879711183
0.5197725411628874
0.5197563059525065
0.5197400913820295
0.5197238973530076
0.5197077237672026
0.5196915705265851
0.5196754375333323
0.5196593246898285
0.5196432318986631
0.5196271590626306
0.5196111060847277
0.5195950728681544
0.5195790593163115
0.5195630653328006
0.519547090821422
0.5195311356861751
0.5195151998312559
0.5194992831610578
0.5194833855801686
0.519467506993371
0.5194516473056413
0.5194358064221483
0.5194199842482525
0.5194041806895052
0.5193883956516471
0.5193726290406082
0.5193568807625063
0.5193411507236461
0.5193254388305188
0.5193097449898004
0.5192940691083522
0.5192784110932178
0.5192627708516241
0.5192471482909798
0.5192315433188743
0.5192159558430776
0.5192003857715379
0.5191848330123827
0.5191692974739168
0.5191537790646212
0.5191382776931536
0.5191227932683463
0.5191073256992057
0.5190918748949125
0.5190764407648187
0.5190610232184497
0.5190456221655009
0.5190302375158382
0.5190148691794974
0.5189995170666826
0.5189841810877662
0.5189688611532876
0.5189535571739529
0.5189382690606337
0.5189229967243666
0.5189077400763529
0.5188924990279568
0.5188772734907051
0.5188620633762873
0.5188468685965544
0.5188316890635168
0.518816524689346
0.5188013753863723
0.5187862410670843
0.5187711216441289
0.5187560170303094
0.5187409271385859
0.5187258518820749
0.5187107911740465
0.5186957449279267
0.5186807130572942
0.5186656954758814
0.5186506920975726
0.5186357028364041
0.5186207276065639
0.518605766322389
0.5185908188983674
0.5185758852491367
0.5185609652894811
0.5185460589343348
0.5185311660987783
0.5185162866980386
0.5185014206474894
0.5184865678626496
0.5184717282591824
0.5184569017528958
0.5184420882597416
0.5184272876958143
0.5184124999773505
0.5183977250207293
0.5183829627424708
0.5183682130592355
0.5183534758878248
0.5183387511451785
0.5183240387483762
0.5183093386146355
0.518294650661312
0.5182799748058984
0.5182653109660245
0.5182506590594553
0.5182360190040926
0.5182213907179724
0.5182067741192653
0.5181921691262764
0.5181775756574435
0.5181629936313377
0.5181484229666622
0.5181338635822523
0.5181193153970747
0.5181047783302262
0.5180902523009343
0.5180757372285565
0.5180612330325793
0.5180467396326173
0.5180322569484141
0.518017784899841
0.5180033234068957
0.5179888723897035
0.5179744317685151
0.5179600014637076
0.5179455813957828
0.5179311714853674
0.5179167716532124
0.5179023818201923
0.5178880019073051
0.5178736318356714
0.5178592715265343
0.5178449209012586
0.5178305798813302
0.5178162483883565
0.5178019263440649
0.5177876136703026
0.5177733102890366
0.5177590161223531
0.5177447310924563
0.5177304551216688
0.5177161881324314
0.5177019300473008
0.5176876807889518
0.5176734402801748
0.517659208443876
0.517644985203078
0.5176307704809168
0.5176165642006441
0.5176023662856255
0.51758817665934
0.51757399524538
0.5175598219674508
0.5175456567493697
0.5175314995150667
0.5175173501885824
0.5175032086940691
0.5174890749557897
0.5174749488981171
0.5174608304455341
0.5174467195226334
0.5174326160541161
0.517418519964792
0.5174044311795793
0.5173903496235038
0.5173762752216988
0.5173622078994045
0.5173481475819671
0.51733409419484
0.5173200476635818
0.5173060079138556
0.5172919748714311
0.5172779484621813
0.5172639286120836
0.5172499152472194
0.5172359082937732
0.5172219076780322
0.5172079133263869
0.5171939251653295
0.517179943121454
0.5171659671214556
0.5171519970921307
0.5171380329603765
0.5171240746531904
0.5171101220976689
0.5170961752210088
0.5170822339505062
0.5170682982135549
0.5170543679376476
0.517040443050375
0.5170265234794253
0.5170126091525837
0.5169986999977323
0.5169847959428497
0.5169708969160105
0.5169570028453851
0.5169431136592393
0.5169292292859335
0.5169153496539226
0.5169014746917563
0.5168876043280778
0.5168737384916233
0.5168598771112232
0.5168460201157994
0.5168321674343672
0.5168183189960329
0.5168044747299957
0.5167906345655446
0.5167767984320607
0.5167629662590152
0.516749137975969
0.5167353135125741
0.5167214927985703
0.5167076757637878
0.5166938623381453
0.5166800524516492
0.5166662460343946
0.5166524430165638
0.5166386433284269
0.5166248469003407
0.5166110536627483
0.5165972635461795
0.5165834764812497
0.5165696923986598
0.5165559112291962
0.5165421329037292
0.5165283573532147
0.5165145845086919
0.516500814301284
0.5164870466621978
0.5164732815227224
0.5164595188142305
0.5164457584681764
0.5164320004160967
0.5164182445896095
0.516404490920414
0.5163907393402907
0.5163769897811001
0.5163632421747836
0.5163494964533615
0.5163357525489343
0.5163220103936814
0.5163082699198611
0.5162945310598097
0.5162807937459419
0.5162670579107503
0.5162533234868043
0.5162395904067505
0.5162258586033124
0.5162121280092895
0.5161983985575573
0.5161846701810671
0.516170942812845
0.516157216385992
0.5161434908336839
0.5161297660891707
0.5161160420857759
0.5161023187568965
0.5160885960360024
0.5160748738566368
0.5160611521524144
0.5160474308570229
0.5160337099042206
0.5160199892278381
0.5160062687617759
0.5159925484400061
0.5159788281965698
0.5159651079655792
0.5159513876812153
0.5159376672777279
0.5159239466894361
0.5159102258507275
0.5158965046960573
0.5158827831599483
0.515869061176991
0.5158553386818427
0.5158416156092269
0.5158278918939336
0.515814167470819
0.5158004422748037
0.5157867162408745
0.5157729893040821
0.5157592613995424
0.5157455324624343
0.5157318024280009
0.5157180712315482
0.5157043388084455
0.5156906050941241
0.5156768700240779
0.5156631335338618
0.5156493955590928
0.5156356560354485
0.5156219148986669
0.5156081720845468
0.515594427528946
0.5155806811677828
0.5155669329370332
0.5155531827727332
0.5155394306109764
0.5155256763879145
0.5155119200397564
0.5154981615027686
0.5154844007132741
0.515470637607652
0.5154568721223378
0.5154431041938226
0.515429333758652
0.5154155607534269
0.5154017851148025
0.5153880067794883
0.5153742256842465
0.5153604417658932
0.5153466549612973
0.5153328652073796
0.5153190724411132
0.5153052765995225
0.5152914776196837
0.5152776754387228
0.5152638699938168
0.5152500612221926
0.5152362490611261
0.5152224334479427
0.5152086143200167
0.5151947916147702
0.5151809652696734
0.515167135222244
0.515153301410046
0.5151394637706913
0.5151256222418368
0.5151117767611857
0.5150979272664862
0.5150840736955316
0.5150702159861597
0.5150563540762519
0.5150424879037336
0.5150286174065736
0.5150147425227823
0.5150008631904137
0.5149869793475624
0.5149730909323655
0.5149591978830002
0.5149453001376847
0.5149313976346769
0.5149174903122746
0.5149035781088144
0.514889660962672
0.5148757388122609
0.5148618115960328
0.5148478792524764
0.5148339417201172
0.5148199989375175
0.5148060508432754
0.5147920973760243
0.5147781384744319
0.5147641740772022
0.5147502041230716
0.514736228550811
0.5147222472992241
0.514708260307147
0.5146942675134483
0.5146802688570282
0.5146662642768177
0.514652253711779
0.5146382371009042
0.5146242143832154
0.5146101854977634
0.514596150383628
0.5145821089799174
0.5145680612257674
0.5145540070603408
0.5145399464228273
0.5145258792524426
0.5145118054884285
0.5144977250700519
0.5144836379366039
0.5144695440274001
0.51445544328178
0.5144413356391057
0.5144272210387622
0.5144130994201563
0.5143989707227168
0.5143848348858931
0.5143706918491553
0.5143565415519931
0.5143423839339162
0.5143282189344527
0.5143140464931488
0.5142998665495693
0.5142856790432955
0.5142714839139255
0.5142572811010737
0.5142430705443702
0.5142288521834598
0.5142146259580017
0.5142003918076693
0.5141861496721492
0.5141718994911403
0.5141576412043545
0.514143374751515
0.5141291000723553
0.5141148171066208
0.5141005257940652
0.5140862260744524
0.5140719178875551
0.5140576011731536
0.5140432758710358
0.5140289419209969
0.5140145992628377
0.5140002478363654
0.5139858875813921
0.5139715184377345
0.5139571403452124
0.51394275324365
0.5139283570728737
0.5139139517727117
0.513899537282994
0.5138851135435507
0.5138706804942131
0.5138562380748113
0.5138417862251744
0.5138273248851296
0.5138128539945025
0.5137983734931146
0.5137838833207846
0.5137693834173263
0.5137548737225486
0.5137403541762551
0.5137258247182428
0.5137112852883019
0.5136967358262148
0.5136821762717556
0.5136676065646899
0.5136530266447729
0.5136384364517501
0.5136238359253557
0.5136092250053121
0.5135946036313299
0.5135799717431059
0.5135653292803235
0.5135506761826516
0.5135360123897441
0.5135213378412385
0.5135066524767564
0.5134919562359017
0.5134772490582603
0.5134625308833993
0.5134478016508666
0.5134330613001898
0.5134183097708757
0.513403547002409
0.5133887729342528
0.5133739875058463
0.5133591906566052
0.5133443823259207
0.5133295624531585
0.5133147309776581
0.5132998878387323
0.513285032975666
0.513270166327716
0.5132552878341099
0.513240397434045
0.5132254950666884
0.5132105806711751
0.5131956541866085
0.5131807155520585
0.5131657647065608
0.5131508015891173
0.5131358261386936
0.5131208382942198
0.5131058379945884
0.513090825178654
0.5130757997852329
0.5130607617531016
0.513045711020996
0.5130306475276117
0.5130155712116014
0.5130004820115756
0.5129853798661008
0.5129702647136989
0.5129551364928469
0.5129399951419751
0.5129248405994671
0.5129096728036585
0.5128944916928362
0.5128792972052372
0.5128640892790481
0.5128488678524046
0.5128336328633891
0.5128183842500319
0.512803121950309
0.5127878459021409
0.5127725560433929
0.5127572523118737
0.5127419346453338
0.5127266029814657
0.5127112572579022
0.5126958974122156
0.5126805233819174
0.5126651351044569
0.5126497325172197
0.5126343155575278
0.5126188841626383
0.5126034382697422
0.5125879778159635
0.5125725027383587
0.5125570129739153
0.5125415084595512
0.5125259891321134
0.5125104549283777
0.5124949057850465
0.5124793416387498
0.5124637624260413
0.5124481680834011
0.5124325585472312
0.512416933753857
0.5124012936395245
0.5123856381404011
0.512369967192573
0.5123542807320448
0.5123385786947392
0.5123228610164944
0.5123071276330646
0.5122913784801183
0.5122756134932371
0.5122598326079147
0.5122440357595567
0.512228222883478
0.5122123939149037
0.5121965487889657
0.5121806874407042
0.5121648098050643
0.5121489158168967
0.5121330054109554
0.5121170785218975
0.5121011350842815
0.5120851750325666
0.5120691983011113
0.5120532048241725
0.5120371945359046
0.5120211673703575
0.5120051232614768
0.511989062143102
0.511972983948965
0.5119568886126893
0.5119407760677892
0.5119246462476682
0.5119084990856184
0.5118923345148186
0.511876152468334
0.5118599528791138
0.5118437356799916
0.5118275008036831
0.5118112481827853
0.5117949777497756
0.5117786894370095
0.5117623831767215
0.5117460589010215
0.5117297165418955
0.511713356031203
0.5116969773006772
0.5116805802819223
0.5116641649064134
0.511647731105495
0.5116312788103792
0.5116148079521452
0.5115983184617379
0.5115818102699664
0.5115652833075028
0.5115487375048814
0.5115321727924964
0.5115155891006022
0.5114989863593103
0.51148236449859
0.5114657234482651
0.5114490631380142
0.5114323834973691
0.5114156844557121
0.5113989659422766
0.5113822278861456
0.5113654702162482
0.5113486928613616
0.5113318957501071
0.5113150788109497
0.511298241972197
0.5112813851619977
0.5112645083083406
0.5112476113390518
0.5112306941817956
0.5112137567640711
0.5111967990132122
0.5111798208563855
0.5111628222205892
0.5111458030326514
0.5111287632192294
0.5111117027068075
0.5110946214216965
0.511077519290031
0.5110603962377693
0.5110432521906916
0.5110260870743976
0.5110089008143067
0.5109916933356556
0.5109744645634969
0.5109572144226977
0.5109399428379382
0.5109226497337106
0.510905335034317
0.5108879986638685
0.5108706405462831
0.5108532606052849
0.5108358587644022
0.5108184349469663
0.5108009890761096
0.5107835210747642
0.5107660308656609
0.510748518371327
0.5107309835140852
0.510713426216052
0.5106958463991358
0.510678243985036
0.5106606188952414
0.5106429710510276
0.5106253003734569
0.5106076067833759
0.5105898902014141
0.5105721505479821
0.5105543877432706
0.5105366017072483
0.5105187923596606
0.5105009596200276
0.5104831034076431
0.5104652236415725
0.5104473202406514
0.5104293931234836
0.5104114422084405
0.5103934674136582
0.5103754686570365
0.5103574458562374
0.5103393989286829
0.5103213277915539
0.5103032323617884
0.5102851125560794
0.5102669682908736
0.5102487994823699
0.5102306060465174
0.5102123878990137
0.5101941449553029
0.510175877130575
0.5101575843397632
0.5101392664975418
0.5101209235183258
0.5101025553162684
0.5100841618052588
0.5100657428989217
0.510047298510614
0.5100288285534242
0.5100103329401704
0.5099918115833986
0.5099732643953799
0.5099546912881103
0.5099360921733077
0.5099174669624107
0.5098988155665767
0.5098801378966797
0.5098614338633094
0.5098427033767677
0.5098239463470688
0.5098051626839362
0.509786352296801
0.5097675150948006
0.5097486509867755
0.5097297598812693
0.5097108416865254
0.5096918963104856
0.5096729236607881
0.5096539236447657
0.5096348961694442
0.5096158411415396
0.5095967584674571
0.509577648053289
0.509558509804812
0.5095393436274862
0.509520149426453
0.5095009271065325
0.5094816765722221
0.5094623977276945
0.5094430904767959
0.509423754723043
0.5094043903696225
0.5093849973193879
0.509365575474858
0.5093461247382152
0.5093266450113028
0.509307136195623
0.5092875981923358
0.509268030902256
0.5092484342258514
0.5092288080632408
0.509209152314192
0.5091894668781196
0.5091697516540831
0.5091500065407846
0.5091302314365669
0.509110426239411
0.5090905908469348
0.5090707251563901
0.5090508290646606
0.5090309024682604
0.5090109452633315
0.5089909573456411
0.508970938610581
0.5089508889531631
0.5089308082680193
0.5089106964493983
0.5088905533911638
0.508870378986792
0.5088501731293693
0.5088299357115907
0.5088096666257572
0.5087893657637734
0.5087690330171455
0.5087486682769787
0.5087282714339757
0.5087078423784337
0.5086873810002426
0.508666887188882
0.50864636083342
0.50862580182251
0.5086052100443891
0.5085845853868748
0.5085639277373638
0.5085432369828291
0.5085225130098174
0.5085017557044474
0.5084809649524068
0.5084601406389508
0.5084392826488984
0.5084183908666315
0.5083974651760916
0.5083765054607774
0.5083555116037425
0.5083344834875936
0.5083134209944872
0.5082923240061274
0.5082711924037637
0.5082500260681889
0.5082288248797351
0.5082075887182732
0.5081863174632092
0.5081650109934818
0.5081436691875605
0.5081222919234424
0.5081008790786501
0.508079430530229
0.508057946154745
0.5080364258282817
0.5080148694264377
0.5079932768243243
0.5079716478965635
0.5079499825172838
0.5079282805601194
0.5079065418982065
0.5078847664041808
0.5078629539501754
0.5078411044078177
0.5078192176482269
0.5077972935420113
0.5077753319592656
0.5077533327695685
0.5077312958419798
0.5077092210450376
0.5076871082467557
0.5076649573146209
0.5076427681155907
0.5076205405160898
0.5075982743820076
0.5075759695786957
0.5075536259709651
0.5075312434230834
0.5075088217987715
0.5074863609612021
0.5074638607729949
0.5074413210962156
0.5074187417923726
0.5073961227224135
0.5073734637467229
0.5073507647251192
0.507328025516852
0.5073052459805995
0.5072824259744643
0.5072595653559724
0.5072366639820685
0.5072137217091142
0.507190738392885
0.5071677138885664
0.5071446480507524
0.5071215407334411
0.5070983917900328
0.5070752010733265
0.5070519684355166
0.5070286937281909
0.5070053768023266
0.5069820175082875
0.5069586156958212
0.5069351712140556
0.5069116839114967
0.5068881536360242
0.5068645802348898
0.5068409635547126
0.506817303441478
0.5067935997405321
0.5067698522965804
0.506746060953684
0.5067222255552568
0.5066983459440612
0.5066744219622066
0.5066504534511445
0.5066264402516666
0.5066023822039007
0.5065782791473084
0.5065541309206806
0.5065299373621349
0.5065056983091125
0.5064814135983748
0.5064570830659998
0.5064327065473788
0.5064082838772136
0.5063838148895122
0.5063592994175867
0.5063347372940488
0.5063101283508066
0.5062854724190622
0.506260769329307
0.5062360189113186
0.5062112209941579
0.5061863754061655
0.5061614819749574
0.5061365405274227
0.5061115508897192
0.5060865128872704
0.5060614263447616
0.5060362910861369
0.5060111069345953
0.5059858737125867
0.5059605912418091
0.5059352593432047
0.505909877836956
0.5058844465424828
0.5058589652784377
0.5058334338627035
0.5058078521123884
0.5057822198438235
0.5057565368725578
0.5057308030133559
0.5057050180801925
0.5056791818862512
0.5056532942439178
0.5056273549647786
0.5056013638596161
0.5055753207384046
0.5055492254103073
0.5055230776836723
0.5054968773660273
0.5054706242640779
0.5054443181837023
0.5054179589299482
0.505391546307028
0.5053650801183156
0.5053385601663423
0.5053119862527928
0.505285358178501
0.5052586757434461
0.505231938746749
0.5052051469866676
0.5051783002605936
0.5051513983650473
0.5051244410956748
0.5050974282472428
0.5050703596136352
0.5050432349878488
0.5050160541619886
0.5049888169272647
0.5049615230739877
0.5049341723915635
0.5049067646684906
0.5048792996923553
0.5048517772498268
0.504824197126654
0.5047965591076605
0.5047688629767405
0.5047411085168546
0.5047132955100254
0.5046854237373329
0.5046574929789105
0.5046295030139402
0.5046014536206488
0.5045733445763028
0.5045451756572047
0.5045169466386874
0.5044886572951107
0.5044603073998573
0.5044318967253261
0.50440342504293
0.5043748921230902
0.5043462977352317
0.5043176416477788
0.5042889236281508
0.5042601434427567
0.5042313008569914
0.50420239563523
0.5041734275408242
0.5041443963360963
0.5041153017823362
0.5040861436397949
0.5040569216676808
0.5040276356241546
0.5039982852663243
0.5039688703502412
0.5039393906308933
0.5039098458622026
0.5038802357970188
0.5038505601871145
0.5038208187831807
0.5037910113348218
0.5037611375905504
0.503731197297782
0.503701190202831
0.5036711160509049
0.5036409745860989
0.503610765551392
0.5035804886886405
0.5035501437385743
0.5035197304407905
0.5034892485337491
0.5034586977547674
0.5034280778400146
0.5033973885245077
0.5033666295421044
0.5033358006254998
0.5033049015062192
0.5032739319146144
0.5032428915798578
0.5032117802299361
0.5031805975916469
0.5031493433905916
0.5031180173511701
0.5030866191965766
0.5030551486487927
0.5030236054285828
0.5029919892554885
0.5029602998478224
0.5029285369226635
0.5028967001958503
0.5028647893819771
0.5028328041943867
0.5028007443451652
0.5027686095451366
0.502736399503857
0.5027041139296089
0.5026717525293952
0.5026393150089338
0.5026068010726511
0.5025742104236774
0.50254154276384
0.5025087977936578
0.5024759752123349
0.5024430747177556
0.5024100960064777
0.5023770387737266
0.5023439027133899
0.5023106875180106
0.5022773928787818
0.5022440184855398
0.502210564026759
0.5021770291895451
0.502143413659629
0.502109717121361
0.5020759392577043
0.5020420797502292
0.5020081382791062
0.5019741145231001
0.5019400081595642
0.5019058188644332
0.5018715463122172
0.5018371901759953
0.5018027501274094
0.5017682258366577
0.5017336169724882
0.5016989232021919
0.5016641441915973
0.5016292796050629
0.501594329105471
0.5015592923542213
0.5015241690112241
0.501488958734894
0.5014536611821427
0.5014182760083731
0.5013828028674718
0.501347241411803
0.5013115912922015
0.5012758521579661
0.5012400236568524
0.5012041054350667
0.5011680971372579
0.5011319984065125
0.501095808884346
0.5010595282106971
0.5010231560239197
0.5009866919607769
0.5009501356564338
0.5009134867444499
0.5008767448567728
0.5008399096237304
0.5008029806740244
0.5007659576347232
0.500728840131254
0.5006916277873965
0.500654320225275
0.5006169170653515
0.5005794179264189
0.5005418224255926
0.5005041301783041
0.5004663407982933
0.5004284538976014
0.5003904690865631
0.5003523859737996
0.500314204166211
0.5002759232689684
0.5002375428855073
0.5001990626175192
0.5001604820649452
0.5001218008259667
0.5000830184969993
0.5000441346726848
0.500005148945883
0.4999660609076648
0.499926870147304
0.49988757625226987
0.49984817880821897
0.49980867739898793
0.49976907160658546
0.49972936101118415
0.49968954519111314
0.49964962372285
0.4996095961810125
0.49956946213835185
0.4995292211657434
0.4994888728321789
0.4994484167047595
0.49940785234868684
0.49936717932725494
0.4993263972018425
0.4992855055319051
0.49924450387496583
0.49920339178660905
0.4991621688204702
0.49912083452822914
0.49907938845960137
0.49903783016232955
0.49899615918217566
0.49895437506291235
0.4989124773463151
0.49887046557215353
0.49882833927818293
0.4987860980001363
0.4987437412717156
0.4987012686245835
0.4986586795883551
0.49861597369058897
0.49857315045677936
0.498530209410347
0.4984871500726307
0.4984439719628797
0.4984006745982436
0.498357257493765
0.49831372016237035
0.4982700621148613
0.49822628285990644
0.49818238190403225
0.4981383587516143
0.49809421290486916
0.49804994386384493
0.49800555112641315
0.4979610341882596
0.4979163925428757
0.4978716256815494
0.49782673309335734
0.49778171426515466
0.49773656868156707
0.4976912958249817
0.4976458951755383
0.4976003662111205
0.4975547084073463
0.49750892123755963
0.4974630041728217
0.4974169566819011
0.4973707782312661
0.4973244682850744
0.497278026305165
0.4972314517510488
0.49718474407989977
0.4971379027465457
0.49709092720345976
0.49704381690075033
0.49699657128615293
0.4969491898050208
0.4969016719003161
0.49685401701260007
0.4968062245800247
0.49675829403832317
0.4967102248208013
0.4966620163583277
0.4966136680793248
0.4965651794097604
0.49651654977313764
0.4964677785904865
0.4964188652803541
0.49636980925879626
0.4963206099393674
0.4962712667331125
0.4962217790485568
0.49617214629169754
0.49612236786599434
0.49607244317236027
0.49602237160915247
0.49597215257216315
0.4959217854546102
0.4958712696471285
0.49582060453776033
0.4957697895119465
0.4957188239525172
0.49566770723968206
0.4956164387510226
0.4955650178614819
0.4955134439433556
0.49546171636628344
0.49540983449723935
0.49535779770052313
0.49530560533775075
0.4952532567678454
0.4952007513470289
0.49514808842881264
0.49509526736398735
0.4950422875006161
0.4949891481840234
0.49493584875678753
0.4948823885587309
0.4948287669269116
0.4947749831956142
0.4947210366963406
0.49466692675780205
0.49461265270590915
0.494558213863764
0.4945036095516507
0.49444883908702747
0.4943939017845169
0.49433879695589783
0.4942835239100965
0.49422808195317797
0.49417247038833756
0.4941166885158922
0.49406073563327196
0.49400461103501125
0.49394831401274064
0.4938918438551787
0.4938351998481227
0.49377838127444146
0.4937213874140658
0.4936642175439814
0.49360687093822
0.49354934686785074
0.4934916446009732
0.4934337634027089
0.4933757025351924
0.4933174612575648
0.4932590388259646
0.4932004344935202
0.49314164751034256
0.49308267712351694
0.49302352257709564
0.4929641831120895
0.4929046579664615
0.49284494637511866
0.4927850475699044
0.492724960779592
0.49266468522987594
0.4926042201433663
0.4925435647395806
0.4924827182349365
0.49242167984274604
0.4923604487732075
0.49229902423339905
0.4922374054272721
0.49217559155564455
0.4921135818161942
0.49205137540345195
0.49198897150879595
0.49192636932044526
0.49186356802345305
0.4918005667997011
0.4917373648278932
0.49167396128355
0.4916103553390028
0.49154654616338744
0.49148253292263916
0.4914183147794876
0.49135389089345005
0.4912892604208275
0.4912244225146989
0.4911593763249163
0.49109412099809924
0.4910286556776317
0.4909629795036556
0.4908970916130667
0.490830991139511
0.4907646772133803
0.49069814896180697
0.4906314055086612
0.4905644459745461
0.49049726947679556
0.49042987512946884
0.49036226204334826
0.49029442932593564
0.4902263760814496
0.4901581014108215
0.49008960441169414
0.4900208841784179
0.48995193980204893
0.4898827703703468
0.48981337496777183
0.48974375267548415
0.4896739025713408
0.4896038237298951
0.48953351522239485
0.48946297611678036
0.4893922054776851
0.4893212023664333
0.4892499658410401
0.4891784949562108
0.4891067887633407
0.48903484631051564
0.48896266664251065
0.4888902488007923
0.4888175918235173
0.4887446947455353
0.4886715565983881
0.48859817641031245
0.4885245532062406
0.48845068600780195
0.4883765738333261
0.48830221569784377
0.48822761061308984
0.4881527575875062
0.4880776556262445
0.4880023037311693
0.48792670090086165
0.4878508461306226
0.4877747384124774
0.48769837673517996
0.48762176008421715
0.4875448874418133
0.48746775778693563
0.48739037009530045
0.4873127233393768
0.4872348164883942
0.48715664850834883
0.4870782183620089
0.4869995250089224
0.48692056740542466
0.48684134450464484
0.4867618552565144
0.48668209860777517
0.4866020735019877
0.4865217788795406
0.48644121367765847
0.4863603768304126
0.4862792672687305
0.486197883920406
0.4861162257101094
0.48603429155939887
0.48595208038673204
0.4858695911074766
0.4857868226339232
0.48570377387529773
0.4856204437377737
0.4855368311244855
0.4854529349355424
0.485368754068042
0.4852842874160852
0.48519953387079
0.48511449232030757
0.48502916164983734
0.4849435407416437
0.4848576284750713
0.4847714237265632
0.4846849253696772
0.48459813227510373
0.48451104331068523
0.48442365734143317
0.48433597322954813
0.4842479898344394
0.48415970601274433
0.4840711206183499
0.4839822325024127
0.4838930405133811
0.4838035434970173
0.48371374029641917
0.4836236297520438
0.4835332107017307
0.4834424819807261
0.48335144242170697
0.48326009085480665
0.4831684261076402
0.4830764470053298
0.4829841523705329
0.4828915410234677
0.4827986117819422
0.48270536346138193
0.4826117948748585
0.48251790483311996
0.48242369214461983
0.4823291556155477
0.4822342940498612
0.48213910624931716
0.4820435910135037
0.4819477471398738
0.4818515734237783
0.48175506865850026
0.4816582316352894
0.4815610611433986
0.4814635559701178
0.4813657149008132
0.4812675367189623
0.481169020206193
0.48107016414232223
0.4809709673053941
0.48087142847172165
0.4807715464159253
0.48067131991097545
0.4805707477282338
0.48046982863749654
0.4803685614070366
0.4802669448036485
0.4801649775926924
0.48006265853813995
0.4799599864026203
0.4798569599474662
0.4797535779327622
0.479649839117393
0.4795457422590917
0.4794412861144898
0.47933646943916786
0.47923129098770645
0.4791257495137378
0.4790198437699994
0.4789135725083861
0.4788069344800054
0.4786999284352318
0.47859255312376264
0.47848480729467513
0.4783766896964828
0.47826819907719414
0.4781593341843713
0.4780500937651902
0.47794047656650007
0.47783048133488526
0.47772010681672816
0.4776093517582702
0.4774982149056774
0.47738669500510367
0.4772747908027574
0.47716250104496594
0.47704982447824446
0.4769367598493628
0.47682330590541394
0.47670946139388454
0.47659522506272417
0.47648059566041784
0.4763655719360571
0.4762501526394132
0.47613433652101145
0.47601812233220514
0.4759015088252516
0.4757844947533885
0.4756670788709113
0.4755492599332508
0.4754310366970529
0.4753124079202582
0.47519337236218306
0.47507392878360066
0.47495407594682426
0.4748338126157899
0.47471313755614175
0.4745920495353165
0.47447054732262955
0.4743486296893623
0.4742262954088502
0.474103543256571
0.47398037201023435
0.47385678044987317
0.4737327673579346
0.4736083315193721
0.473483471721739
0.4733581867552827
0.4732324754130396
0.4731063364909307
0.47297976878785897
0.4728527711058069
0.4727253422499344
0.472597481028679
0.47246918625385625
0.4723404567407605
0.47221129130826683
0.47208168877893497
0.47195164797911204
0.4718211677390383
0.4716902468929516
0.471558884279195
0.4714270787403234
0.47129482912321147
0.471162134279164
0.471028993064024
0.47089540433828464
0.47076136696720056
0.47062687982089996
0.4704919417744982
0.4703565517082119
0.4702207085074729
0.47008441106304577
0.46994765827114204
0.46981044903353975
0.46967278225769965
0.4695346568568852
0.46939607175028203
0.4692570258631179
0.46911751812678437
0.4689775474789586
0.4688371128637261
0.46869621323170424
0.468554847540166
0.4684130147531648
0.4682707138416612
0.46812794378364775
0.4679847035642767
0.4678409921759878
0.46769680861863605
0.46755215189962096
0.46740702103401666
0.4672614150447012
0.4671153329624882
0.46696877382625773
0.46682173668308935
0.4666742205883933
0.46652622460604537
0.4663777478085194
0.4662287892770221
0.46607934810162827
0.4659294233814154
0.4657790142246001
0.46562811974867446
0.4654767390805421
0.4653248713566569
0.465172515723159
0.46501967133601413
0.4648663373611513
0.4647125129746029
0.46455819736264214
0.46440338972192463
0.4642480892596267
0.464092295193586
0.4639360067524432
0.46377922317578124
0.46362194371426707
0.46346416762979303
0.46330589419561813
0.4631471226965098
0.4629878524288854
0.462828082700955
0.4626678128328623
0.46250704215682836
0.4623457700172923
0.46218399577105473
0.4620217187874198
0.46185893844833775
0.46169565414854663
0.4615318652957156
0.4613675713105866
0.4612027716271166
0.4610374656926196
0.46087165296790905
0.4607053329274389
0.460538505059446
0.4603711688660905
0.4602033238635983
0.4600349695824002
0.459866105567274
0.45969673137748357
0.4595268465869201
0.4593564507842398
0.45918554357300495
0.4590141245718208
0.4588421934144749
0.45866974975007446
0.45849679324318354
0.4583233235739596
0.4581493404382897
0.4579748435479257
0.45779983263061924
0.457624307430256
0.45744826770698854
0.4572717132373698
0.4570946438144843
0.45691705924807946
0.45673895936469633
0.4565603440077978
0.4563812130378992
0.45620156633269354
0.4560214037871802
0.45584072531378883
0.4556595308425057
0.4554778203209958
0.4552955937147265
0.455112851007088
0.45492959219951423
0.45474581731160163
0.45456152638122743
0.45437671946466507
0.4541913966367007
0.454005557990747
0.45381920363895495
0.45363233371232603
0.4534449483608217
0.45325704775347164
0.4530686320784807
0.4528797015433347
0.45269025637490345
0.452500296819544
0.45230982314320034
0.4521188356315028
0.45192733458986534
0.4517353203435813
0.4515427932379169
0.45134975363820307
0.45115620192992645
0.4509621385188173
0.4507675638309357
0.45057247831275665
0.4503768824312525
0.45018077667397366
0.44998416154912707
0.449787037585653
0.4495894053332995
0.4493912653626948
0.4491926182654176
0.44899346465406537
0.4487938051623198
0.4485936404450109
0.4483929711781786
0.44819179805913123
0.4479901218065029
0.4477879431603077
0.447585262881992
0.44738208175448413
0.4471784005822409
0.44697422019129374
0.44676954142928993
0.44656436516553266
0.44635869229101843
0.44615252371847147
0.4459458603823764
0.4457387032390064
0.4455310532664515
0.44532291146464165
0.44511427885536886
0.4449051564823051
0.44469554541101924
0.4444854467289894
0.44427486154561346
0.4440637909922174
0.44385223622205927
0.44364019841033125
0.4434276787541593
0.44321467847259777
0.44300119880662475
0.4427872410191307
0.4425728063949063
0.4423578962406273
0.4421425118848352
0.4419266546779159
0.44171032599207616
0.441493527221313
0.44127625978138696
0.44105852510978555
0.4408403246656872
0.4406216599299218
0.440402532404927
0.4401829436147029
0.4399628951047626
0.4397423884420793
0.4395214252150318
0.43930000703334493
0.439078135528029
0.43885581235131405
0.43863303917658186
0.43840981769829507
0.4381861496319228
0.4379620367138631
0.43773748070136165
0.43751248337242926
0.43728704652575334
0.4370611719806085
0.43683486157676293
0.43660811717438225
0.43638094065392885
0.43615333391606
0.4359252988815211
0.43569683749103677
0.4354679517051984
0.4352386435043482
0.4350089148884619
0.434778767877025
0.43454820450890985
0.4343172268422455
0.4340858369542885
0.4338540369412874
0.4336218289183463
0.4333892150192837
0.4331561973964895
0.43292277822077846
0.4326889596812406
0.4324547439850887
0.4322201333575031
0.4319851300414729
0.431749736297634
0.4315139544041062
0.43127778665632405
0.4310412353668685
0.43080430286529214
0.4305669914979444
0.4303293036277925
0.4300912416342392
0.4298528079129398
0.42961400487561385
0.4293748349498556
0.42913530057894167
0.4288954042216354
0.4286551483519897
0.42841453545914565
0.4281735680471298
0.4279322486346484
0.4276905797548797
0.4274485639552618
0.4272062037972814
0.42696350185625676
0.4267204607211199
0.426477082994197
0.4262333712909844
0.4259893282399242
0.4257449564821775
0.4255002586713936
0.42525523747347915
0.4250098955663644
0.42476423563976634
0.42451826039495116
0.4242719725444941
0.42402537481203667
0.42377846993204443
0.42353126064955793
0.42328374971994726
0.4230359399086618
0.42278783399097725
0.4225394347517444
0.4222907449851324
0.42204176749437317
0.42179250509150235
0.42154296059709917
0.42129313684002595
0.4210430366571645
0.42079266289315137
0.4205420184001128
0.42029110603739617
0.4200399286713034
0.41978848917481915
0.4195367904273413
0.41928483531440786
0.4190326267274231
0.418780167563385
0.41852746072460734
0.4182745091184448
0.4180213156570149
0.4177678832569195
0.4175142148389659
0.41726031332788593
0.4170061816520566
0.41675182274321687
0.41649723953618606
0.4162424349685814
0.41598741198053407
0.41573217351440483
0.41547672251450035
0.41522106192678754
0.41496519469860815
0.4147091237783941
0.4144528521153801
0.4141963826593179
0.41393971836018995
0.4136828621679227
0.41342581703209924
0.4131685859016731
0.412911171724681
0.4126535774479555
0.4123958060168389
0.41213786037489625
0.4118797434636281
0.41162145822218443
0.4113630075870792
0.41110439449190245
0.41084562186703655
0.41058669263937003
0.4103276097320123
0.4100683760640101
0.4098089945500627
0.40954946810023846
0.4092897996196926
0.4090299920083835
0.4087700481607929
0.40850997096564257
0.408249763305616
0.4079894280570773
0.40772896808979336
0.40746838626665555
0.40720768544340236
0.40694686846834355
0.4066859381820843
0.4064248974172513
0.40616374899821955
0.40590249574083925
0.4056411404521652
0.4053796859301866
0.40511813496355736
0.4048564903313291
0.40459475480268337
0.4043329311366676
0.404071022081929
0.40380903037645305
0.4035469587473013
0.4032848099103506
0.4030225865700344
0.40276029141908554
0.40249792713827937
0.4022354963961788
0.40197300184888163
0.40171044613976803
0.40144783189925026
0.40118516174452423
0.4009224382793213
0.4006596640936628
0.40039684176361656
0.4001339738510524
0.3998710629034036
0.3996081114534249
0.3993451220189565
0.3990820971026874
0.3988190391919206
0.3985559507583409
0.3982928342577833
0.3980296921300038
0.3977665267984519
0.397503340670045
0.39724013613494324
0.39697691556632786
0.3967136813201804
0.39645043573506356
0.3961871811319047
0.39592391981377945
0.39566065406569917
0.3953973861543987
0.3951341183281261
0.3948708528164355
0.39460759182997984
0.3943443375603062
0.3940810921796539
0.39381785784075285
0.39355463667662416
0.393291430800384
0.39302824230504674
0.39276507326333154
0.39250192572747133
0.3922388017290215
0.3919757032786713
0.39171263236605913
0.39144959095958554
0.3911865810062312
0.3909236044313762
0.39066066313861886
0.39039775900959983
0.3901348939038246
0.3898720696584901
0.389609288088311
0.38934655098535037
0.3890838601188491
0.38882121723505897
0.38855862405707653
0.3882960822846795
0.3880335935941633
0.38777115963818026
0.38750878204558115
0.3872464624212562
0.3869842023459797
0.3867220033762555
0.3864598670441628
0.3861977948572059
0.3859357882981638
0.3856738488249402
0.38541197787041864
0.38515017684231545
0.3848884471230352
0.3846267900695294
0.38436520701315235
0.38410369925952403
0.3838422680883887
0.38358091475347966
0.38331964048238076
0.3830584464763927
0.3827973339103997
0.38253630393273563
0.3822753576650536
0.3820144962021957
0.38175372061206336
0.38149303193549
0.3812324311861136
0.3809719193502512
0.3807114973867741
0.38045116622698366
0.3801909267744884
0.3799307799050822
0.3796707264666239
0.37941076727891554
0.37915090313358446
0.37889113479396397
0.3786314629949758
0.3783718884430127
0.37811241181582345
0.37785303376239554
0.3775937549028411
0.37733457582828256
0.3770754971007385
0.3768165192530112
0.3765576427885726
0.3762988681814535
0.3760401958761319
0.37578162628741985
0.37552315980035494
0.37526479677008795
0.3750065375217735
0.37474838235045976
0.374490331520979
0.37423238526783803
0.37397454379510925
0.3737168072763206
0.3734591758543478
0.37320164964130437
0.37294422871843325
0.37268691313599844
0.372429702913175
0.3721725980379416
0.37191559846696964
0.37165870412551616
0.37140191490731306
0.37114523067445876
0.37088865125730713
0.3706321764543591
0.3703758060321515
0.37011953972514655
0.3698633772356214
0.3696073182335563
0.3693513623565231
0.369095509209573
0.3688397583651245
0.36858410936284836
0.3683285617095567
0.36807311487908534
0.3678177683121816
0.3675625214163868
0.36730737356592097
0.3670523241015653
0.36679737233054444
0.36654251752640793
0.3662877589289108
0.3660330957438931
0.36577852714315884
0.365524052264354
0.36526967021084406
0.36501538005158857
0.3647611808210178
0.3645070715189061
0.3642530511102446
0.3639991185251136
0.3637452726585529
0.3634915123704321
0.36323783648531816
0.3629842437923437
0.3627307330450726
0.3624773029613644
0.36222395222323917
0.36197067947673867
0.36171748333178766
0.3614643623620542
0.3612113151048068
0.3609583400607732
0.36070543569399405
0.36045260043167776
0.360199832664054
0.3599471307442248
0.3596944929880127
0.3594419176738119
0.35918940304243324
0.3589369472969498
0.3586845486025413
0.358432205086336
0.3581799148372519
0.3579276759058356
0.35767548630410023
0.3574233440053612
0.3571712469440711
0.3569191930156522
0.356667180076329
0.3564152059429558
0.3561632683928469
0.35591136516360206
0.35565949395293184
0.355407652418481
0.35515583817764973
0.354904048807415
0.35465228184414743
0.35440053478343003
0.35414880507987223
0.3538970901469249
0.3536453873566918
0.3533936940397406
0.3531420074849124
0.3528903249391294
0.35263864360720104
0.3523869606516281
0.3521352731924079
0.3518835783068339
0.3516318730292982
0.3513801543510893
0.35112841922019045
0.35087666454107613
0.3506248871745071
0.35037308393732425
0.35012125160224156
0.3498693868976373
0.34961748650734514
0.3493655470704423
0.3491135651810387
0.34886153738806425
0.3486094601950549
0.34835733005993813
0.34810514339481735
0.34785289656575635
0.34760058589256193
0.34734820764856605
0.347095758060409
0.34684323330781897
0.3465906295233944
0.34633794279238383
0.34608516915246645
0.34583230459353154
0.34557934505745946
0.3453262864379004
0.3450731245800548
0.34481985528045334
0.3445664742867371
0.34431297729743876
0.34405935996176196
0.34380561787936526
0.34355174660014254
0.3432977416240064
0.34304359840067306
0.34278931232944543
0.3425348787590006
0.34228029298717666
0.34202555026076076
0.34177064577528005
0.3415155746747934
0.34126033205168427
0.3410049129464571
0.3407493123475347
0.34049352519105763
0.3402375463606872
0.33998137068741036
0.3397249929493463
0.3394684078715584
0.3392116101258671
0.3389545943306662
0.3386973550507446
0.3384398867971085
0.33818218402681127
0.3379242411427833
0.33766605249366916
0.3374076123736676
0.3371489150223772
0.33688995462464555
0.33663072531042515
0.33637122115463314
0.3361114361770169
0.335851364342027
0.33559099955869326
0.3353303356805101
0.33506936650532565
0.33480808577523874
0.3345464871765051
0.33428456433944553
0.3340223108383678
0.3337597201914908
0.33349678586088083
0.33323350125239415
0.3329698597156282
0.33270585454388263
0.3324414789741289
0.33217672618698996
0.3319115893067281
0.3316460614012445
0.3313801354820898
0.3311138045044826
0.3308470613673415
0.3305798989133279
0.3303123099288994
0.33004428714437645
0.3297758232340209
0.3295069108161264
0.3292375424531236
0.32896771065169605
0.328697407862913
0.3284266264823732
0.3281553588503642
0.3278835972520371
0.3276113339175956
0.3273385610224997
0.32706527068768665
0.3267914549798072
0.3265171059114785
0.32624221544155313
0.32596677547540653
0.32569077786524125
0.32541421441040835
0.32513707685774973
0.32485935690195566
0.3245810461859431
0.32430213630125365
0.324022618788471
0.323742485137657
0.3234617267888106
0.3231803351323458
0.3228983015095904
0.3226156172133091
0.32233227348824456
0.3220482615316826
0.3217635724940414
0.3214781974794806
0.32119212754653526
0.3209053537087728
0.3206178669354756
0.320329658152344
0.32004071824222813
0.31975103804588084
0.3194606083627388
0.31916941995172643
0.31887746353208735
0.3185847297842409
0.31829120935066546
0.3179968928368067
0.3177017708120164
0.3174058338105126
0.31710907233237284
0.31681147684455063
0.3165130377819212
0.31621374554835596
0.31591359051782336
0.3156125630355193
0.3153106534190257
0.31500785195949627
0.31470414892287424
0.3143995345511346
0.31409399906355945
0.3137875326580396
0.3134801255124069
0.3131717677857948
0.3128624496200284
0.31255216114104484
0.31224089246034104
0.31192863367645246
0.31161537487646096
0.3113011061375301
0.310985817528473
0.31066949911134545
0.31035214094307173
0.3100337330770966
0.30971426556506737
0.3093937284585448
0.30907211181074135
0.30874940567828896
0.3084256001230342
0.3081006852138616
0.30777465102854423
0.3074474876556216
0.3071191851963052
0.3067897337664097
0.30645912349831095
0.30612734454293117
0.30579438707174694
0.30546024127882465
0.30512489738288107
0.3047883456293654
0.30445057629256866
0.30411157967775315
0.3037713461233076
0.3034298660029222
0.3030871297277874
0.30274312774881135
0.3023978505588609
0.3020512886950195
0.301703432740867
0.30135427332877557
0.3010038011422255
0.3006520069181369
0.3002988814492189
0.29994441558633367
0.299588600240875
0.29923142638716327
0.2988728850648512
0.2985129673813436
0.2981516645142288
0.29778896771372004
0.29742486830510817
0.2970593576912227
0.29669242735490087
0.29632406886146534
0.29595427386120676
0.29558303409187314
0.29521034138116276
0.2948361876492219
0.29446056491114425
0.2940834652794724
0.29370488096670044
0.2933248042877761
0.2929432276626009
0.29256014361853
0.2921755447928671
0.29178942393535645
0.2914017739106683
0.2910125877008798
0.2906218584079479
0.290229579256174
0.2898357435946608
0.289440344899756
0.2890433767774888
0.2886448329659915
0.2882447073379095
0.2878429939027962
0.28743968680949417
0.28703478034849866
0.2866282689543068
0.28622014720774586
0.28581040983828554
0.2853990517263285
0.28498606790548175
0.2845714535648058
0.2841552040510415
0.2837373148708141
0.2833177816928133
0.2828966003499466
0.28247376684147035
0.28204927733509033
0.28162312816903845
0.2811953158541187
0.28076583707572583
0.2803346886958334
0.279901867754953
0.2794673714740597
0.2790311972564885
0.2785933426897978
0.2781538055475974
0.27771258379134645
0.27726967557211424
0.27682507923230676
0.2763787933073596
0.2759308165273912
0.27548114781882294
0.2750297863059594
0.27457673131253346
0.2741219823632104
0.2736655391850558
0.2732074017089634
0.27274757007104244
0.2722860446139671
0.2718228258882833
0.2713579146536765
0.2708913118801969
0.2704230187494446
0.2699530366557107
0.2694813672070787
0.2690080122264811
0.26853297375271407
0.26805625404140965
0.2675778555659618
0.26709778101841253
0.26661603331028944
0.26613261557340323
0.26564753116059786
0.2651607836464557
0.26467237682795963
0.26418231472510745
0.2636906015814826
0.26319724186477733
0.2627022402672712
0.2622056017062619
0.2617073313244518
0.2612074344902844
0.2607059167982376
0.26020278406906683
0.2596980423500022
0.25919169791489804
0.2586837572643348
0.2581742271256719
0.25766311445305407
0.25715042642736835
0.25663617045615167
0.2561203541734524
0.2556029854396396
0.2550840723411659
0.25456362319027875
0.25404164652468386
0.2535181511071584
0.25299314592511324
0.252466640190107
0.25193864333730687
0.2514091650249028
0.25087821513346664
0.25034580376526416
0.24981194124351264
0.24927663811159026
0.24873990513219119
0.2482017532864313
0.24766219377290064
0.2471212380066633
0.2465788976182077
0.24603518445234168
0.2454901105670359
0.24494368823221602
0.2443959299285
0.24384684834588372
0.24329645638237357
0.24274476714256493
0.24219179393616794
0.2416375502764807
0.2410820498788078
0.2405253066588257
0.2399673347308954
0.2394081484063203
0.23884776219155132
0.23828619078633914
0.23772344908183038
0.23715955215861334
0.2365945152847091
0.2360283539135081
0.23546108368165605
0.23489272040688386
0.23432328008578776
0.233752778891554
0.23318123317163258
0.23260865944535825
0.23203507440152038
0.23146049489587928
0.23088493794863302
0.2303084207418321
0.22973096061674464
0.22915257507116962
0.2285732817567027
0.2279930984759507
0.2274120431796981
0.22683013396402665
0.2262473890673849
0.22566382686761272
0.22507946587891878
0.22449432474881306
0.22390842225499313
0.2233217773021877
0.2227344089189561
0.2221463362544458
0.2215575785751072
0.22096815526136965
0.22037808580427554
0.21978738980207757
0.21919608695679593
0.2186041970707417
0.21801174004300153
0.21741873586589086
0.21682520462137045
0.21623116647743323
0.21563664168445967
0.21504165057154223
0.2144462135427827
0.21385035107356182
0.21325408370678237
0.21265743204908905
0.21206041676706455
0.2114630585834038
0.21086537827306895
0.2102673966594238
0.20966913461035266
0.20907061303436325
0.2084718528766736
0.20787287511528857
0.20727370075706422
0.20667435083376243
0.20607484639809726
0.20547520851977705
0.20487545828153855
0.20427561677518136
0.20367570509759808
0.2030757443468068
0.20247575561798492
0.2018757599995054
0.20127577856897994
0.20067583238930892
0.20007594250473767
0.1994761299369271
0.19887641568103165
0.19827682070179503
0.19767736592965854
0.19707807225688725
0.1964789605337152
0.1958800515645098
0.1952813661039592
0.19468292485328204
0.19408474845646362
0.1934868574965175
0.19288927249177593
0.19229201389220923
0.19169510207577908
0.1910985573448202
0.1905023999224607
0.18990664994907552
0.18931132747877796
0.1887164524759497
0.1881220448118105
0.18752812426103016
0.1869347104983814
0.18634182309543823
0.1857494815173193
0.1851577051194765
0.18456651314453273
0.18397592471916654
0.18338595885104916
0.18279663442582944
0.1822079702041741
0.18161998481885747
0.18103269677190814
0.1804461244318088
0.17986028603075263
0.17927519966195607
0.17869088327702828
0.17810735468340064
0.17752463154181314
0.1769427313638618
0.17636167150960605
0.17578146918523546
0.1752021414408009
0.1746237051680046
0.1740461770980543
0.1734695737995801
0.1728939116766136
0.17231920696663175
0.1717454757386635
0.17117273389146173
0.17060099715173832
0.17003028107246435
0.1694606010312352
0.16889197222870014
0.16832440968705614
0.16775792824860747
0.16719254257438976
0.1666282671428584
0.16606511624864204
0.16550310400136087
0.16494224432450794
0.16438255095439597
0.16382403743916812
0.1632667171378701
0.1627106032195893
0.16215570866265316
0.16160204625389205
0.16104962858796434
0.1604984680667422
0.1599485768987593
0.15939996709871915
0.15885265048706287
0.1583066386895979
0.15776194313718422
0.15721857506548026
0.15667654551474555
0.1561358653297015
0.15559654515944701
0.15505859545743167
0.15452202648148256
0.1539868482938852
0.15345307076151968
0.15292070355604676
0.15238975615414782
0.1518602378378155
0.15133215769469305
0.1508055246184659
0.1502803473092981
0.14975663427431946
0.14923439382815695
0.148713634093514
0.14819436300179267
0.14767658829376104
0.14716031752026373
0.14664555804297266
0.14613231703518123
0.14562060148263717
0.14511041818441528
0.14460177375382793
0.1440946746193726
0.1435891270257172
0.14308513703471817
0.14258271052647586
0.14208185320042072
0.1415825705764333
0.14108486799599562
0.14058875062337228
0.1400942234468217
0.13960129127983592
0.1391099587624075
0.1386202303623234
0.13813211037648385
0.13764560293224734
0.13716071198879826
0.1366774413385372
0.1361957946084939
0.1357157752617611
0.13523738659894785
0.13476063175965258
0.13428551372395442
0.13381203531392155
0.13334019919513657
0.1328700078782366
0.13240146372046968
0.13193456892726366
0.13146932555380897
0.13100573550665373
0.13054380054530978
0.13008352228386974
0.12962490219263473
0.12916794159974931
0.12871264169284682
0.12825900352070108
0.1278070279948852
0.12735671589143716
0.1269080678525295
0.12646108438814552
0.1260157658777578
0.12557211257201156
0.12513012459440914
0.1246898019429985
0.12425114449206154
0.12381415199380416
0.1233788240800463
0.12294516026391114
0.12251315994151449
0.1220828223936514
0.12165414678748207
0.1212271321782136
0.12080177751078053
0.12037808162151964
0.11995604323984314
0.1195356609899049
0.11911693339226291
0.11869985886553651
0.11828443572805669
0.1178706621995114
0.11745853640258197
0.11704805636457521
0.11663922001904545
0.11623202520741005
0.1158264696805563
0.11542255110043967
0.11502026704167295
0.11461961499310613
0.11422059235939741
0.11382319646257327
0.11342742454357896
0.11303327376381807
0.11264074120668247
0.11224982387906968
0.11186051871289057
0.11147282256656457
0.11108673222650353
0.1107022444085838
0.11031935575960639
0.10993806285874458
0.10955836221897897
0.10918025028852049
0.10880372345222004
0.10842877803296558
0.10805541029306573
0.10768361643562134
0.10731339260588185
0.10694473489259017
0.10657763932931269
0.10621210189575583
0.10584811851907024
0.10548568507513895
0.10512479738985345
0.10476545124037509
0.10440764235638263
0.10405136642130564
0.10369661907354408
0.10334339590767315
0.10299169247563497
0.10264150428791521
0.10229282681470538
0.10194565548705244
0.10159998569799178
0.1012558128036686
0.10091313212444247
0.10057193894598007
0.10023222852033187
0.09989399606699617
0.09955723677396769
0.09922194579877264
0.09888811826949015
0.0985557492857589
0.09822483391977005
0.09789536721724607
0.09756734419840656
0.09724075985891892
0.09691560917083591
0.09659188708351972
0.09626958852455203
0.09594870840063047
0.095629241598452
0.09531118298558182
0.094994527411311
0.09467926970749822
0.09436540468940031
0.09405292715648898
0.0937418318932544
0.09343211366999604
0.09312376724360133
0.09281678735830978
0.09251116874646674
0.0922069061292633
0.09190399421746345
0.09160242771212053
0.09130220130527945
0.09100330968066836
0.09070574751437735
0.09040950947552621
0.09011459022691934
0.08982098442568925
0.08952868672392982
0.08923769176931565
0.08894799420571235
0.08865958867377441
0.08837246981153213
0.08808663225496843
0.08780207063858259
0.08751877959594616
0.08723675376024581
0.08695598776481715
0.086676476243667
0.08639821383198688
0.08612119516665406
0.08584541488672545
0.08557086763391905
0.08529754805308658
0.08502545079267679
0.08475457050518871
0.08448490184761512
0.08421643948187774
0.08394917807525214
0.08368311230078396
0.08341823683769611
0.08315454637178743
0.08289203559582203
0.08263069920991009
0.0823705319218805
0.0821115284476453
0.08185368351155455
0.08159699184674454
0.08134144819547706
0.08108704730947078
0.08083378395022549
0.08058165288933729
0.08033064890880774
0.08008076680134377
0.07983200137065231
0.07958434743172527
0.07933779981111924
0.07909235334722725
0.07884800289054356
0.07860474330392168
0.07836256946282585
0.07812147625557575
0.07788145858358428
0.07764251136158955
0.07740462951788007
0.07716780799451359
0.07693204174753018
0.07669732574715933
0.0764636549780204
0.07623102443931795
0.075999429145031
0.07576886412409642
0.07553932442058733
0.07531080509388538
0.07508330121884824
0.07485680788597096
0.07463132020154341
0.07440683328780102
0.0741833422830718
0.07396084234191783
0.07373932863527201
0.07351879635056999
0.0732992406918774
0.0730806568800125
0.0728630401526644
0.07264638576450669
0.07243068898730692
0.07221594511003131
0.07200214943894599
0.07178929729771343
0.07157738402748533
0.07136640498699118
0.07115635555262298
0.07094723111851632
0.07073902709662751
0.07053173891680725
0.07032536202687033
0.07011989189266184
0.06991532399812073
0.06971165384533827
0.06950887695461502
0.06930698886451359
0.06910598513190747
0.06890586133202838
0.06870661305850947
0.06850823592342557
0.06831072555733037
0.0681140776092915
0.06791828774692177
0.06772335165640805
0.0675292650425378
0.06733602362872193
0.06714362315701641
0.06695205938814008
0.06676132810149035
0.06657142509515715
0.06638234618593343
0.0661940872093237
0.06600664401955081
0.06582001248955954
0.0656341885110189
0.0654491679943214
0.06526494686858121
0.06508152108162935
0.0648988866000073
0.064717039408959
0.06453597551241999
0.06435569093300568
0.0641761817119971
0.06399744390932557
0.06381947360355447
0.06364226689186077
0.0634658198900134
0.0632901287323515
0.06311518957176016
0.06294099857964428
0.062767551945902
0.062594845878896
0.062422876605423464
0.06225164037068476
0.06208113343825046
0.06191135209002736
0.061742292626223265
0.06157395136531044
0.0614063246439871
0.06123940881713941
0.06107320025780027
0.06090769535710883
0.06074289052426757
0.06057878218649903
0.06041536678900142
0.06025264079490276
0.060090600685214685
0.05992924295878495
0.0597685641322491
0.059608560739980936
0.05944922933404298
0.05929056648413499
0.05913256877754256
0.05897523281908393
0.058818555231057605
0.05866253265318756
0.058507161742568786
0.05835243917361167
0.05819836163798592
0.05804492584456379
0.05789212851936241
0.05773996640548613
0.05758843626306762
0.057437534869209037
0.05728725901792189
0.05713760552006709
0.056988571203293995
0.05684015291197923
0.05669234750716526
0.056545151866498014
0.056398562884164116
0.056252577470828305
0.056107192553569996
0.05596240507581921
0.055818211997292685
0.05567461029392949
0.05553159695782604
0.05538916899717143
0.055247323436181134
0.05510605731503247
0.05496536768979786
0.05482525163237877
0.054685706230439626
0.054546728587340686
0.05440831582207136
0.054270465069183316
0.054133173478722985
0.053996438216164136
0.053860256462340356
0.053724625413377275
0.05358954228062475
0.053455004290588796
0.05332100868486342
0.05318755272006242
0.05305463366775113
0.05292224881437807
0.05279039546120623
0.05265907092424465
0.05252827253418003
0.05239799763630798
0.05226824359046399
0.05213900777095528
0.05201028756649198
0.05188208038011824
0.05175438362914336
0.05162719474507371
0.05150051117354337
0.05137433037424602
0.051248649820866035
0.051123467001009844
0.05099877941613773
0.05087458458149484
0.05075088002604339
0.05062766329239397
0.05050493193673716
0.0503826835287758
0.05026091565165641
0.050139625901901554
0.05001881188934178
0.049898471237047895
