0.49402412955016584
0.5205760338249379
0.5204005764107169
0.5210465287293009
0.5210963352333147
0.5199782702838174
0.5190045373496057
0.5187563509086691
0.5188045569907462
0.5189223690745655
0.5190196070173101
0.5188881202430943
0.5185319176078844
0.5181857556549885
0.5179868072977227
0.5179018686717822
0.5178548257802428
0.5177767556314824
0.5176248087464193
0.5174162310227939
0.5172070400203626
0.5170344426892628
0.5168966790387864
0.5167704613432731
0.5166315646466494
0.5164688408227827
0.5162888217485191
0.5161068768722192
0.5159336322109194
0.5157691923558468
0.5156065319370816
0.5154380751957796
0.5152605937569357
0.5150760916088016
0.5148889475704723
0.5147021962463058
0.5145158434898269
0.5143277192097253
0.514135467177935
0.5139380605594862
0.5137360200143588
0.5135305435397584
0.5133224314085949
0.513111591545919
0.5128972802966253
0.5126786957256092
0.5124554317488877
0.5122275378652488
0.5119952584020036
0.5117587162459393
0.511517767241514
0.5112720711049492
0.5110212678166444
0.5107651124506637
0.5105034919763791
0.5102363473078642
0.509963579668389
0.5096850077294744
0.5094003888972841
0.5091094718185392
0.5088120363045491
0.5085078980035718
0.5081968850112857
0.5078788100459819
0.5075534578566437
0.5072205917110172
0.5068799690734568
0.5065313534026576
0.5061745153781663
0.5058092258015486
0.5054352472691153
0.5050523304558121
0.5046602160900237
0.5042586396083872
0.5038473345728853
0.5034260328837781
0.5029944625091493
0.5025523448808435
0.5020993936936273
0.5016353153964719
0.5011598104431333
0.5006725741204079
0.5001732963811469
0.4996616609232862
0.4991373441747256
0.49860001470196946
0.4980493331139229
0.4974849521668882
0.4969065167136953
0.4963136633349472
0.4957060197395255
0.4950832041427118
0.4944448247790602
0.4937904795673428
0.4931197558359663
0.4924322300041122
0.49172746717850047
0.49100502070286217
0.4902644317316095
0.4895052288800311
0.48872692795910677
0.48792903177125047
0.48711102994256067
0.4862723987898001
0.4854126012450052
0.4845310868705571
0.4836272919908238
0.4827006399531104
0.4817505415225112
0.48077639541736206
0.479777589000946
0.4787534991537198
0.4777034933535857
0.47662693098961223
0.4755231649306755
0.47439154336841527
0.47323141195477647
0.4720421162566494
0.4708230045512282
0.4695734309841616
0.46829275910860463
0.46698036581813884
0.4656356456812682
0.46425801567997715
0.4628469203489477
0.461401837304697
0.4599222831447927
0.45840781968674893
0.45685806050478917
0.4552726777109101
0.4536514089147562
0.4519940642847575
0.450300533620868
0.44857079333739525
0.4468049132433861
0.44500306299847014
0.44316551811448385
0.44129266536809403
0.43938500748730736
0.43744316697561364
0.43546788894186983
0.4334600428122494
0.4314206228128179
0.42935074712758214
0.42725165565698886
0.4251247063254515
0.4229713699130554
0.4207932234154303
0.41859194196611177
0.41636928938659
0.414127107459619
0.4118673040501734
0.40959184022462497
0.407302716541278
0.40500195870351996
0.40269160277982347
0.4003736802021947
0.39805020275617486
0.3957231477711369
0.3933944437096453
0.39106595633952296
0.3887394756526611
0.38641670367135306
0.3840992432569454
0.3817885880078815
0.3794861133057341
0.3771930685395596
0.3749105705117127
0.3726395980028855
0.3703809874512086
0.36813542968021384
0.36590346759362685
0.363685494741473
0.3614817546518551
0.35929234081588624
0.3571171972094122
0.35495611923404746
0.352808754961314
0.3506746065669239
0.34855303184706826
0.346443245714564
0.34434432157944506
0.34225519252570435
0.3401746522030219
0.338101355359175
0.3360338179451145
0.3339704167302399
0.3319093883700639
0.3298488278722079
0.32778668640960296
0.3257207684321509
0.3236487280304091
0.32156806450786013
0.3194761171230978
0.3173700589713446
0.3152468899880766
0.31310342907873545
0.31093630541059397
0.30874194894943957
0.3065165803888308
0.30425620070747206
0.3019565807048319
0.29961325100991115
0.29722149323533026
0.2947763331587495
0.2922725370533267
0.289704612551553
0.28706681570048015
0.2843531661328674
0.2815574725129821
0.2786733705850229
0.275694376216527
0.27261395574298447
0.2694256156344944
0.266123012973878
0.26270008742023254
0.2591512142126653
0.2554713763547213
0.25165635245890317
0.24770291491811072
0.24360903125196465
0.2393740598397301
0.23499893001326583
0.23048629585715275
0.2258406532255786
0.2210684105388912
0.21617790586451235
0.21117936549621985
0.2060848024915535
0.20090785709921632
0.19566358436602418
0.19036819713907652
0.1850387749272437
0.17969295051155484
0.17434858675939494
0.16902345585953632
0.16373493227757777
0.15849970929282017
0.1533335471836194
0.14825105913277276
0.14326553886063312
0.13838883197193091
0.13363125111256777
0.12900153334685951
0.12450683673920357
0.12015277199567374
0.1159434642117495
0.11188163928502831
0.1079687293710832
0.10420499185519116
0.10058963663834625
0.09712095704041374
0.09379646025081707
0.09061299395345
0.08756686646852128
0.08465395844869339
0.08186982480863429
0.07920978613429763
0.07666900929851632
0.07424257739849274
0.07192554943056245
0.06971301033490197
0.06760011218735688
0.06558210739853136
0.0636543748133489
0.06181243959864575
0.06005198777215582
0.058368876172292534
0.05675913860176411
0.05521898880514928
0.053744820865625806
0.05233320753239996
0.050980896920352965
0.049684807958482485
