0.5633819753211413
0.5789316982264349
0.5269280447992195
0.5364628138064327
0.5509146978246011
0.5370992646135967
0.5183884373132399
0.5166744577542886
0.5210922729642385
0.5200242036016058
0.5181763803577544
0.5192623904888274
0.5199364887379079
0.5183511465589974
0.5166179153420123
0.5162449630717278
0.5165257023929801
0.5167241600636391
0.5169072195897164
0.5170750296733426
0.516995866114615
0.5166844760725787
0.5163966207030466
0.5162778679971385
0.5162843016523829
0.5163330236387916
0.5163717757111346
0.516362536656727
0.516291923711013
0.5161877244286994
0.5160935013972765
0.5160321860568056
0.5159993710028563
0.5159779790408938
0.5159513567019121
0.5159100305469551
0.5158545682602987
0.5157931805596037
0.515734972129674
0.515684329666703
0.5156400321628553
0.5155978174930458
0.5155535461306077
0.5155052590064468
0.5154535719593241
0.5154006094483997
0.5153483926607789
0.5152977565879282
0.5152482602080786
0.5151988121146277
0.515148439305666
0.5150967575087163
0.5150439914878173
0.514990664047507
0.5149372160323404
0.5148837849966955
0.5148302149611159
0.5147762203052064
0.5147215684786794
0.5146661788949347
0.5146101108348156
0.5145534799949565
0.5144963698007708
0.5144387867954834
0.5143806707330416
0.5143219372915929
0.514262520611436
0.5142023929705268
0.5141415579864475
0.5140800289742224
0.5140178085492886
0.5139548800478269
0.5138912117902361
0.5138267680080996
0.5137615185577316
0.5136954425816985
0.513628525987075
0.5135607559645341
0.5134921163867237
0.5134225862926682
0.51335214134085
0.513280756555694
0.5132084085052557
0.5131350759169361
0.5130607388772651
0.5129853774784165
0.5129089708110415
0.5128314967455156
0.5127529323868567
0.5126732547616697
0.512592441304695
0.5125104699513635
0.5124273189135262
0.5123429663630408
0.5122573902300781
0.5121705681992896
0.5120824778558817
0.5119930968678945
0.5119024031062631
0.5118103746678618
0.5117169898298954
0.5116222269928106
0.5115260646582304
0.51142848145587
0.511329456203117
0.5112289679685631
0.5111269961175655
0.5110235203344276
0.5109185206302176
0.5108119773504061
0.510703871192405
0.5105941832347375
0.5104828949727165
0.5103699883534333
0.5102554458052073
0.5101392502608566
0.5100213851773339
0.5099018345550618
0.509780582958945
0.5096576155409339
0.5095329180625073
0.5094064769151738
0.5092782791378262
0.5091483124308267
0.5090165651673858
0.5088830264028599
0.5087476858821934
0.5086105340452028
0.508471562029097
0.5083307616676186
0.5081881254864192
0.5080436466945387
0.5078973191720039
0.5077491374535557
0.5075990967084094
0.5074471927158327
0.5072934218362803
0.5071377809778554
0.5069802675579363
0.5068208794598896
0.506659614984833
0.5064964727984146
0.506331451872564
0.5061645514221615
0.505995770836579
0.5058251096060759
0.5056525672430697
0.5054781431983357
0.5053018367722126
0.5051236470209072
0.5049435726580017
0.504761611951275
0.50457776261497
0.5043920216976521
0.5042043854658246
0.5040148492834815
0.5038234074877884
0.5036300532610865
0.5034347784994195
0.5032375736777909
0.503038427712343
0.5028373278196748
0.5026342593734868
0.5024292057587532
0.5022221482236034
0.5020130657290922
0.5018019347970074
0.5015887293558716
0.5013734205852532
0.5011559767584984
0.500936363083967
0.5007145415448342
0.5004904707374925
0.5002641057085648
0.5000353977905077
0.49980429443575963
0.49957073904935384
0.49933467081988847
0.49909602454871427
0.49885473047716894
0.49861071411165336
0.49836389604631476
0.4981141917830677
0.49786151154865455
0.49760576010840896
0.49734683657636397
0.49708463422130267
0.4968190402683333
0.4965499356955259
0.4962771950251272
0.49600068610884346
0.495720269906644
0.49543580025852246
0.49514712364861957
0.49485407896109207
0.49455649722708783
0.4942542013621669
0.49394700589348894
0.49363471667607234
0.4933171305974143
0.49299403526975133
0.4926652087092307
0.4923304190012576
0.49198942395128714
0.4916419707203299
0.491287795444455
0.4909266228375887
0.49055816577693223
0.4901821248703604
0.48979818800519903
0.489406029877844
0.48900531150374704
0.4885956797073835
0.48817676659191783
0.4877481889884078
0.4873095478845355
0.4868604278330257
0.48640039634011933
0.48592900323470767
0.4854457800190091
0.4849502392019979
0.48444187361716107
0.4839201557265894
0.4833845369139015
0.4828344467690521
0.48226929236871985
0.48168845755668277
0.48109130222940655
0.4804771616329835
0.4798453456785799
0.4791951382846945
0.4785257967557881
0.4778365512082444
0.47712660405615104
0.4763951295710584
0.47564127353168645
0.47486415298148904
0.4740628561140626
0.47323644230857154
0.4723839423396391
0.4715043587885062
0.47059666668461825
0.46965981440915555
0.46869272489427405
0.467694297153908
0.46666340818381913
0.46559891527001523
0.46449965874562077
0.4633644652365567
0.46219215143586867
0.4609815284450036
0.4597314067176058
0.4584406016372762
0.4571079397550035
0.45573226570444475
0.4543124498037263
0.4528473963408066
0.45133605252559067
0.44977741807588834
0.44817055538599876
0.44651460020634565
0.4448087727404572
0.4430523890420682
0.4412448725708071
0.43938576574051336
0.4374747412705595
0.4355116131286757
0.43349634683474825
0.4314290688801349
0.42931007500737683
0.42713983709198067
0.42491900837222674
0.42264842678557435
0.42032911619171326
0.41796228529284385
0.4155493241010773
0.41309179785019756
0.41059143830318395
0.40805013246613575
0.40546990878147104
0.4028529209360091
0.4002014294802066
0.39751778151067185
0.3948043887166218
0.39206370412987035
0.38929819794540355
0.3865103327943426
0.38370253885238037
0.3808771891546565
0.3780365754630883
0.3751828849956219
0.37231817828043606
0.36944436834382705
0.36656320138067744
0.3636762389933764
0.360784842021172
0.35789015591932544
0.354993097588033
0.35209434349649565
0.3491943188990739
0.3462931878991859
0.3433908440833111
0.3404869014228332
0.33758068512612166
0.33467122211801936
0.33175723082982045
0.3288371100014166
0.3259089262307854
0.3229704000574764
0.3200188904404576
0.31705137759217794
0.3140644442670983
0.3110542557829753
0.3080165392871734
0.3049465630798084
0.301839117182571
0.2986884968076464
0.2954884909426858
0.29223237892549353
0.2889129386234738
0.2855224706254673
0.2820528436362409
0.27849556693683064
0.2748418961904542
0.27108297883578114
0.26721004457302305
0.2632146447451858
0.25908894149824757
0.25482604331233083
0.25042037785992727
0.24586808648686198
0.2411674176212824
0.23631909018040081
0.2313265939403444
0.22619639328441232
0.22093800484617093
0.21556392866913143
0.2100894259050939
0.20453215193754992
0.19891166948787942
0.1932488788769652
0.1875654098636377
0.1818830202422418
0.17622304099071273
0.170605897827752
0.16505072690090355
0.15957509037137496
0.15419478774441675
0.1489237519402773
0.14377401548856994
0.13875573139566522
0.13387723437446036
0.12914513036796577
0.1245644049018301
0.12013854324866155
0.11586965739466551
0.1117586162746618
0.10780517672296858
0.10400811318194429
0.1003653445450627
0.0968740567041662
0.0935308195105318
0.09033169700378979
0.08727234993931213
0.0843481298585233
0.08155416418815759
0.0788854321070763
0.07633683116470892
0.0739032348577592
0.0715795415601988
0.06936071534942037
0.06724181937700263
0.06521804249778002
0.06328471990025344
0.061437348480741026
0.0596715976794852
0.05798331645550536
0.05636853702403141
0.054823475920735124
0.05334453289463904
0.05192828806953953
0.050571497754210895
0.04927108922603759
