2.180137678371231
2.340177458974238
2.090586847046791
2.349903805697834
2.3274647834348694
1.8930971445124323
2.170829963199216
1.9080756939924206
2.3552123852586377
2.1502705739971426
1.9002100314863903
2.131648264638649
1.918406166295346
2.409838037938856
1.7338137770821869
1.6447242612490096
1.6581261474455062
1.3915894736237957
1.490772036391721
1.1416793537628727
1.2534667299608178
1.1775185335609935
1.0405612830655722
0.9371918912415995
0.897755622604196
0.9348533946952964
0.7954871437887666
0.6914412951880429
0.5246829370190851
0.40344395755957996
0.2369601696266742
0.18029617653941463
0.11695487170537455
0.0782168552115374
0.05907699578817978
0.04817008830038906
