0.6112777123335642
0.6155659570358457
0.5313930550019806
0.543250931685946
0.5664859878120024
0.5458066322337848
0.5186872411000013
0.5192786308975795
0.5248542071483857
0.5202560571671565
0.5182095151689308
0.521073677768968
0.5207713288093395
0.5173920239031673
0.5157741433974141
0.5160948642574117
0.5162940416223489
0.5164062403471045
0.5167816207632374
0.5168097157482912
0.5163001137674197
0.5157983799077814
0.5156207698960138
0.5156390263950721
0.5157128922501993
0.5157790968397921
0.5157546059334335
0.5156126094371416
0.5154321724618051
0.5152993934935941
0.5152318942230164
0.5152020457669267
0.5151750091281533
0.5151235753947897
0.5150398298012335
0.5149386209727237
0.5148421528932856
0.5147621290519149
0.5146960714203864
0.5146340963139415
0.5145667272082822
0.5144899896438396
0.5144063963906641
0.514321679238375
0.514240220450809
0.5141627513857379
0.5140870826280766
0.514010297569135
0.5139306677081499
0.5138483313578599
0.5137646719059356
0.5136811084081615
0.5135982208603997
0.513515654600504
0.5134326141656267
0.5133484673411132
0.5132630730482045
0.5131767214382903
0.5130898335117664
0.5130026716020367
0.5129152328323403
0.5128273342435928
0.5127387803717899
0.5126494888682905
0.5125595121919545
0.5124689732838057
0.5123779791348655
0.5122865705271508
0.5121947271224992
0.5121024082049046
0.5120095941185079
0.5119163035647487
0.5118225836792494
0.5117284868886031
0.5116340522268444
0.5115393008445318
0.5114442440824915
0.5113488955114829
0.5112532785702979
0.5111574265497896
0.5110613771732574
0.5109651665447962
0.5108688261776748
0.5107723838761262
0.5106758667316513
0.5105793037666125
0.5104827267055405
0.5103861689139425
0.5102896636119391
0.5101932425644982
0.5100969358084431
0.5100007721984123
0.5099047801386739
0.5098089879501458
0.5097134237036436
0.5096181147169049
0.5095230870537052
0.5094283652637561
0.5093339723929197
0.5092399301301315
0.5091462589219934
0.5090529779604559
0.5089601050566694
0.5088676564819241
0.5087756468569566
0.5086840891238369
0.5085929945818838
0.5085023729430403
0.5084122323699153
0.508322579486518
0.5082334193761716
0.5081447555895997
0.5080565901785861
0.5079689237560925
0.5078817555727998
0.5077950835979131
0.5077089045973118
0.5076232142094347
0.5075380070238037
0.5074532766669855
0.5073690158975416
0.5072852167079097
0.5072018704294039
0.5071189678370667
0.5070364992529508
0.506954454648104
0.5068728237441401
0.5067915961148124
0.5067107612870362
0.5066303088401002
0.5065502285016765
0.5064705102396295
0.5063911443491657
0.5063121215352273
0.5062334329900806
0.5061550704658728
0.5060770263417336
0.5059992936848998
0.5059218663054252
0.5058447388041967
0.5057679066141332
0.5056913660345396
0.5056151142585874
0.505539149393869
0.5054634704759582
0.5053880774749288
0.505312971294846
0.5052381537663081
0.5051636276321808
0.5050893965266954
0.5050154649481016
0.5049418382250802
0.5048685224771383
0.5047955245692394
0.5047228520609562
0.5046505131504669
0.5045785166137432
0.5045068717392965
0.5044355882588676
0.5043646762744539
0.5042941461820885
0.504224008592794
0.5041542742511528
0.5040849539519402
0.5040160584552794
0.5039475984007729
0.5038795842210663
0.5038120260553004
0.5037449336628972
0.5036783163381193
0.503612182825835
0.5035465412389024
0.5034813989775767
0.5034167626513164
0.5033526380033547
0.5032890298383689
0.5032259419535601
0.5031633770734335
0.5031013367885301
0.503039821498344
0.502978830358624
0.5029183612332218
0.5028584106506304
0.5027989737653124
0.5027400443238943
0.5026816146362703
0.5026236755516263
0.5025662164393698
0.5025092251749183
0.5024526881302744
0.5023965901692901
0.5023409146474928
0.502285643416334
0.502230756831685
0.5021762337664005
0.502122051626739
0.5020681863724241
0.5020146125401111
0.5019613032700103
0.5019082303354133
0.5018553641748547
0.5018026739266361
0.5017501274654379
0.5016976914407325
0.5016453313167205
0.5015930114135
0.5015406949491868
0.5014883440827036
0.5014359199569512
0.5013833827420934
0.5013306916786688
0.5012778051202723
0.5012246805755296
0.5011712747491135
0.5011175435815418
0.5010634422875084
0.5010089253925025
0.5009539467674764
0.5008984596613258
0.50084241673095
0.5007857700686635
0.5007284712267319
0.5006704712388059
0.5006117206380263
0.5005521694715762
0.5004917673114433
0.5004304632611641
0.5003682059583011
0.5003049435724075
0.5002406237982118
0.5001751938437525
0.5001086004131641
0.500040789683806
0.4999717072773967
0.4999012982247914
0.49982950692401007
0.49975627709108444
0.4996815517032565
0.4996052729340113
0.4995273820793758
0.4994478194748595
0.4993665244023428
0.49928343498614847
0.49919848807744915
0.4991116191260711
0.4990227620386563
0.49893184902202564
0.4988388104104699
0.498743574475548
0.49864606721682836
0.4985462121318346
0.49844392996327697
0.4983391384214483
0.49823175187944163
0.4981216810386089
0.4980088325614186
0.49789310866858916
0.4977744066970725
0.49765261861514026
0.49752763049047816
0.4973993219068384
0.49726756532441607
0.4971322253787338
0.49699315811242056
0.4968502101338851
0.49670321769650616
0.4965520056916159
0.4963963865482552
0.49623615903245066
0.49607110693864453
0.49590099766591
0.49572558067179456
0.4955445857970684
0.49535772145538853
0.4951646726830281
0.494965099045408
0.4947586323993455
0.4945448745128033
0.4943233945476014
0.49409372641519844
0.49385536602137053
0.4936077684225655
0.49335034492498475
0.4930824601671315
0.49280342923767306
0.4925125148929357
0.49220892495198815
0.4918918099617372
0.4915602612391884
0.49121330941222635
0.49084992359283874
0.4904690113262286
0.4900694194639996
0.4896499361075136
0.4892092937563547
0.48874617377430435
0.4882592122491578
0.48774700727147025
0.48720812759011095
0.48664112251985137
0.4860445328804368
0.48541690264205706
0.48475679084559176
0.4840627832663348
0.4833335032077372
0.4825676207584769
0.48176385983270975
0.4809210023483889
0.4800378889867741
0.479113416117041
0.47814652865620977
0.47713620885302643
0.47608146121620454
0.4749812940305057
0.4738346980960144
0.4726406234669078
0.47139795504190385
0.47010548786300127
0.4687619029142974
0.4673657440888316
0.4659153968251217
0.4644090687266504
0.4628447722880943
0.4612203096808557
0.4595332594126854
0.45778096458217177
0.4559605224034016
0.4540687746792881
0.45210229895016535
0.45005740013110984
0.44793010256970056
0.4457161425980829
0.44341096181242345
0.44100970148328
0.43850719867731985
0.4358979848502709
0.4331762878494505
0.43033603843796064
0.4273708826171007
0.42427420117264075
0.4210391379962481
0.41765863882493753
0.41412550208570076
0.4104324435135611
0.40657217611111884
0.40253750681654976
0.39832145092479787
0.3939173648438555
0.3893190971471556
0.3845211570906403
0.3795188987916195
0.3743087181180047
0.368888258027316
0.3632566166630376
0.35741455103055586
0.3513646676461081
0.34511159033762223
0.33866209457928875
0.33202519759397237
0.3252121941832054
0.3182366300067327
0.3111142068741332
0.3038626184005034
0.2965013187975293
0.28905123214039
0.2815344136059255
0.2739736773806483
0.26639220778995415
0.25881317052496405
0.25125933971162384
0.2437527542629738
0.2363144138986184
0.22896402185862663
0.22171977808126725
0.21459822374229848
0.20761413572456477
0.20078046784066522
0.1941083344264613
0.18760703117409594
0.1812840876845887
0.1751453461071496
0.1691950603291723
0.16343601043950487
0.15786962757253112
0.15249612472224283
0.1473146296656711
0.14232331672516846
0.1375195347004888
0.13289992888771662
0.12846055565018877
0.12419698849955785
0.12010441507238137
0.11617772474444585
0.11241158691203194
0.10880052019097416
0.10533895294763825
0.10202127568910785
0.09884188591149694
0.09579522604355448
0.09287581513498103
0.09007827493148479
0.08739735095690744
0.08482792919106416
0.08236504889374557
0.08000391208329613
0.07773989013442267
0.07556852791592727
0.07348554584607679
0.07148684020212123
0.06956848198161714
0.0677267145770523
0.06595795049199553
0.06425876729667387
0.06262590299349394
0.061056250938470336
0.05954685444267803
0.058094901158516794
0.056697717338596694
0.05535276204020495
0.05405762133541549
0.05281000257574375
0.05160772875065316
0.050448732971008506
0.049331053101580286
