0.5079339343570469
0.5477220905770859
0.5255403251416295
0.5377919220210525
0.5405406640995347
0.5272936547232057
0.5210730682246998
0.5236193393894908
0.5231425428116133
0.5217227194212535
0.5230210755102674
0.5235459851339349
0.5219131752897461
0.5205994400183129
0.5204580954729872
0.5205271148981002
0.5206223830182797
0.5208582431934636
0.5208620187121602
0.5205088992068393
0.520133699263676
0.5199492031454536
0.5199023402680156
0.5199125492400443
0.5199164858916526
0.519844347047713
0.519690461867492
0.5195205093444084
0.5193899426129709
0.5193048676575178
0.5192433049025862
0.5191776807588404
0.5190888492457202
0.5189774160268517
0.5188597840605584
0.5187515333140413
0.5186568372926992
0.518569998212819
0.5184821465328813
0.5183874225123786
0.5182859438682412
0.5181821808930845
0.5180806840686069
0.5179830345463469
0.5178877631594564
0.5177922146823419
0.5176945693572763
0.5175947717937565
0.5174940646147632
0.5173937947575813
0.5172945027018495
0.5171958151520333
0.5170969572680075
0.5169973678273171
0.516896998523547
0.5167961961608345
0.5166953626941037
0.5165946799115602
0.5164940590761194
0.5163932803569156
0.5162921755848238
0.5161907243556866
0.5160890270632805
0.5159872082276697
0.5158853331623167
0.5157833879299766
0.515681316706238
0.5155790754454784
0.5154766625101428
0.5153741133495935
0.5152714732475043
0.5151687721665562
0.5150660172663419
0.5149632026642671
0.514860325045271
0.5147573933502233
0.514654428062424
0.5145514536187205
0.5144484908456193
0.5143455542604969
0.5142426545183946
0.5141398028999717
0.514037014348735
0.5139343075314148
0.513831702755423
0.5137292197028007
0.513626876476295
0.5135246901695044
0.5134226781353093
0.5133208589258351
0.5132192523923318
0.5131178791222103
0.5130167597613478
0.5129159146803991
0.5128153640883235
0.5127151283807557
0.5126152284245545
0.5125156856095288
0.5124165216969958
0.5123177586154288
0.5122194183425124
0.512121522916595
0.5120240945255385
0.5119271555872352
0.511830728766765
0.5117348369315788
0.5116395030847477
0.5115447503180242
0.5114506018011382
0.5113570807955322
0.5112642106683342
0.5111720148889194
0.5110805170061212
0.5109897406163412
0.5108997093348666
0.510810446776331
0.5107219765420145
0.5106343222073298
0.5105475073039658
0.5104615552954244
0.5103764895484746
0.5102923333041286
0.5102091096502528
0.5101268414955803
0.5100455515434232
0.5099652622634705
0.509885995861172
0.509807774245373
0.5097306189953171
0.5096545513278343
0.5095795920648742
0.5095057616010789
0.509433079871022
0.5093615663160359
0.509291239850874
0.509222118830645
0.5091542210183867
0.5090875635534836
0.509022162920965
0.508958034921685
0.5088951946434345
0.5088336564331306
0.5087734338702822
0.5087145397419139
0.508656986019082
0.5086007838350513
0.5085459434651786
0.508492474308544
0.5084403848713882
0.5083896827524185
0.5083403746300421
0.5082924662515582
0.5082459624243112
0.5082008670087963
0.508157182913688
0.5081149120927707
0.5080740555437296
0.5080346133087718
0.5079965844770175
0.5079599671886048
0.5079247586404279
0.5078909550934333
0.5078585518813878
0.5078275434210304
0.5077979232235205
0.507769683907088
0.5077428172107911
0.5077173140092802
0.507693164328475
0.5076703573620513
0.5076488814886463
0.5076287242896855
0.5076098725677395
0.5075923123653235
0.5075760289840507
0.507561007004058
0.5075472303036233
0.5075346820789008
0.5075233448637039
0.5075132005492644
0.5075042304039146
0.5074964150926243
0.5074897346963464
0.5074841687311183
0.5074796961668724
0.5074762954459191
0.507473944501058
0.50747262077329
0.5074723012290937
0.507472962377244
0.5074745802851433
0.5074771305946478
0.5074805885373677
0.5074849289494237
0.5074901262856457
0.5074961546332031
0.5075029877246486
0.5075105989503734
0.507518961370458
0.5075280477259156
0.5075378304493185
0.5075482816747998
0.5075593732474288
0.5075710767319485
0.507583363420876
0.5075962043419531
0.5076095702649499
0.5076234317078072
0.5076377589421182
0.5076525219979402
0.5076676906679302
0.5076832345107966
0.5076991228540597
0.5077153247961133
0.5077318092075765
0.5077485447319277
0.5077654997854081
0.5077826425561867
0.5077999410027704
0.5078173628516496
0.5078348755941632
0.5078524464825704
0.5078700425253102
0.507887630481436
0.5079051768542036
0.5079226478837975
0.5079400095391743
0.5079572275090007
0.5079742671916692
0.5079910936843632
0.508007671771153
0.5080239659100939
0.5080399402193015
0.50805555846198
0.5080707840303704
0.5080855799285933
0.5080999087543551
0.5081137326794838
0.5081270134292643
0.5081397122605391
0.5081517899385359
0.5081632067123903
0.5081739222893233
0.5081838958074338
0.5081930858070699
0.5082014502007323
0.5082089462414727
0.508215530489738
0.5082211587786194
0.5082257861774573
0.508229366953755
0.5082318545333541
0.5082332014588178
0.5082333593459738
0.5082322788385634
0.5082299095609428
0.5082262000687826
0.5082210977977076
0.5082145490098247
0.5082064987380738
0.5081968907283525
0.5081856673793447
0.5081727696800025
0.5081581371446127
0.5081417077453911
0.5081234178425419
0.508103202111716
0.5080809934688114
0.5080567229920468
0.5080303198412492
0.5080017111742883
0.5079708220605986
0.5079375753917226
0.5079018917888112
0.507863689507021
0.5078228843367433
0.5077793895016005
0.5077331155531508
0.5076839702622331
0.5076318585068926
0.5075766821568208
0.5075183399542478
0.5074567273912192
0.5073917365831916
0.5073232561388801
0.5072511710262828
0.5071753624348125
0.5070957076334546
0.5070120798248696
0.5069243479953538
0.5068323767605579
0.5067360262068673
0.5066351517283251
0.5065296038589779
0.5064192281005067
0.5063038647449944
0.506183348692662
0.5060575092643904
0.5059261700088271
0.5057891485038497
0.5056462561521435
0.5054972979706212
0.5053420723733855
0.5051803709479196
0.5050119782241477
0.5048366714359989
0.5046542202750658
0.5044643866359391
0.5042669243527669
0.5040615789265773
0.503848087242885
0.5036261772791003
0.5033955678012589
0.5031559680496027
0.5029070774125645
0.5026485850887557
0.5023801697365973
0.5021014991113213
0.5018122296891591
0.5015120062786511
0.5012004616191658
0.5008772159668825
0.5005418766687114
0.5001940377248537
0.4998332793410001
0.49945916747146824
0.4990712533549502
0.49866907304493757
0.4982521469373414
0.49781997929830873
0.49737205779578236
0.49690785303892615
0.49642681813017625
0.49592838823535024
0.4954119801779757
0.49487699206477714
0.49432280295007475
0.49374877254773214
0.493154241000207
0.4925385287152315
0.49190093628168496
0.4912407444772866
0.4905572143818803
0.4898495876112566
0.4891170866876906
0.48835891556464794
0.487574260324412
0.4867622900687132
0.4859221580237605
0.4850530028823689
0.4841539504071025
0.48322411531946463
0.4822626035011105
0.48126851453374697
0.48024094460475764
0.47917898980552526
0.478081749848818
0.47694833223033956
0.4757778568574626
0.47456946116516097
0.47332230573504164
0.4720355804280547
0.47070851103477274
0.46934036643898003
0.4679304662806183
0.46647818909285355
0.4649829808751821
0.463444364050146
0.46186194673553893
0.46023543224718816
0.45856462872983145
0.4568494587956836
0.45508996903256776
0.4532863392265512
0.4514388911286448
0.449548096582014
0.44761458481618593
0.4456391487087252
0.44362274981358507
0.44156652195956825
0.43947177323263403
0.4373399861725695
0.43517281603801183
0.4329720870238575
0.4307397863513238
0.4284780561926419
0.42618918343846335
0.42387558736525555
0.4215398053105842
0.41918447651445473
0.4168123243328765
0.4144261370735867
0.4120287477416083
0.4096230130123553
0.4072117917710302
0.40479792356812705
0.4023842073414513
0.3999733807451819
0.39756810040658935
0.3951709234019659
0.39278429020646305
0.39041050932940924
0.38805174379917295
0.3857099996116022
0.3833871162054596
0.38108475897886374
0.3788044138141603
0.37654738353624145
0.37431478619215014
0.3721075550085731
0.3699264398589608
0.3677720100535766
0.36564465825361714
0.36354460530422983
0.36147190578019806
0.3594264540415487
0.357407990603563
0.35541610863582246
0.35345026041717975
0.3515097635871446
0.3495938070484391
0.34770145638977445
0.34583165871174804
0.34398324675176695
0.3421549422157459
0.3403453582348647
0.3385530008747943
0.3367762696325369
0.3350134568624984
0.3332627460788409
0.3315222090858547
0.3297898018925163
0.3280633593720782
0.3263405886332418
0.32461906107701877
0.3228962031239554
0.321169285611258
0.3194354118801744
0.31769150460268425
0.31593429143540636
0.31416028964028436
0.31236578987903724
0.31054683947473305
0.30869922554247364
0.306818458525116
0.3048997568316047
0.30293803346594883
0.30092788575296703
0.2988635895080988
0.2967390992533879
0.29454805633427594
0.292283807018152
0.2899394328224629
0.2875077953848549
0.2849815980993778
0.28235346644591486
0.2796160483820644
0.27676213530825694
0.2737848029455366
0.27067757001095866
0.2674345709232834
0.26405073706903603
0.26052197961007556
0.25684536565685684
0.25301927909948385
0.24904355765642655
0.24491959883222034
0.24065042938521422
0.23624073535418702
0.23169685231883358
0.22702671796868046
0.22223979087133822
0.21734694034219698
0.2123603124879272
0.20729317697611893
0.20215975816092543
0.1969750532133839
0.1917546391768195
0.18651447060210183
0.18127066968516015
0.1760393115611917
0.17083620842818292
0.16567669723805017
0.1605754365624016
0.15554621870939297
0.15060180311212623
0.14575377639239293
0.1410124433795546
0.13638675185743407
0.13188425209152443
0.12751109043897732
0.12327203473629102
0.11917052783128114
0.1152087646655865
0.11138778775823786
0.10770759577822148
0.10416726007524098
0.10076504448930429
0.0974985243969654
0.09436470169179575
0.09136011316562495
0.0884809304969495
0.08572305072228933
0.08308217664008535
0.08055388706392454
0.07813369720231807
0.0758171097034629
0.07359965707760217
0.07147693631116925
0.06944463653066557
0.0674985605741203
0.06563464129632796
0.0638489533812526
0.06213772136937069
0.06049732453577101
0.058924299181324365
0.057415338827553106
0.05596729273820683
0.054577163128340336
0.05324210136557867
0.05195940341844793
0.05072650476303242
0.04954097492144796
