0.5015368420749053
0.5124581558852067
0.5137582449128149
0.514572631156356
0.5138119475014846
0.5141851597163101
0.5147292833367172
0.5139522677015772
0.512857500478175
0.5125156123926548
0.5126016690465075
0.5126898469173641
0.5127952131932938
0.5128368586817608
0.5126687212528458
0.5123863153563272
0.512180215505373
0.51209685037689
0.5120790451176059
0.5120734973279834
0.5120406545145859
0.511957397470657
0.5118392438923065
0.5117251520993282
0.5116394983905617
0.5115803956172514
0.5115326979751618
0.51148099226644
0.5114168996848475
0.511342321462996
0.5112661175450943
0.5111964005687546
0.5111355506279461
0.5110807565559696
0.5110273922336953
0.5109721667127041
0.5109146271701884
0.5108566523112414
0.5108006497492584
0.5107479324556561
0.5106982724823845
0.5106505170602711
0.5106035418868456
0.5105568957031713
0.5105108658806964
0.5104660889209136
0.510423066172381
0.5103819053844945
0.5103423740917974
0.5103041357499561
0.5102669744277686
0.5102308814517522
0.5101959946427846
0.5101624693007843
0.5101303773333441
0.510099685559354
0.5100703018821092
0.510042141705056
0.5100151697747621
0.5099894004779132
0.5099648688760722
0.509941598183816
0.509919583780404
0.5098987981158116
0.5098792073513163
0.5098607865158482
0.5098435248168018
0.5098274209841218
0.5098124743582672
0.5097986781924595
0.5097860184038476
0.5097744768650441
0.5097640359641085
0.5097546814110632
0.5097464021957593
0.5097391885828445
0.5097330299008611
0.5097279134729976
0.5097238249697706
0.5097207495558478
0.5097186729322791
0.5097175817061088
0.5097174630789667
0.5097183042423236
0.5097200919198982
0.5097228122800841
0.5097264511603697
0.5097309943828874
0.5097364279538809
0.5097427380690198
0.5097499109818344
0.5097579328541783
0.509766789682186
0.50977646731953
0.509786951557107
0.5097982281979982
0.509810283087583
0.5098231020965057
0.5098366710819887
0.5098509758577624
0.509866002188816
0.5098817358080209
0.5098981624399728
0.5099152678176333
0.5099330376858142
0.5099514577948849
0.5099705138926915
0.5099901917212984
0.5100104770204269
0.5100313555350501
0.5100528130229957
0.5100748352596433
0.5100974080393548
0.5101205171752612
0.5101441484994902
0.5101682878650459
0.5101929211492477
0.5102180342577687
0.5102436131282626
0.5102696437331065
0.5102961120814307
0.5103230042209672
0.51035030624018
0.5103780042708426
0.5104060844909103
0.5104345331274
0.510463336459066
0.5104924808188214
0.510521952596001
0.510551738238608
0.5105818242556311
0.5106121972194305
0.510642843768133
0.5106737506079576
0.5107049045154339
0.5107362923395158
0.5107679010036225
0.5107997175076363
0.5108317289298719
0.5108639224290004
0.5108962852459121
0.5109288047054983
0.5109614682183422
0.5109942632823268
0.5110271774841633
0.5110601985008465
0.5110933141010374
0.5111265121463641
0.5111597805926367
0.5111931074909717
0.5112264809888227
0.511259889330919
0.5112933208601139
0.5113267640181403
0.5113602073462757
0.5113936394859108
0.5114270491790208
0.5114604252685401
0.5114937566986368
0.5115270325148888
0.511560241864361
0.511593373995584
0.511626418258432
0.5116593641039007
0.5116922010837847
0.511724918850252
0.5117575071553189
0.5117899558502231
0.5118222548846952
0.5118543943061288
0.5118863642586491
0.5119181549820815
0.5119497568108167
0.5119811601725753
0.5120123555870703
0.5120433336645699
0.5120740851043573
0.5121046006930897
0.5121348713030563
0.5121648878903348
0.5121946414928455
0.5122241232283058
0.5122533242920799
0.5122822359549297
0.51231084956066
0.5123391565236634
0.5123671483263611
0.5123948165165383
0.5124221527045775
0.5124491485605839
0.5124757958114058
0.5125020862375473
0.5125280116699714
0.512553563986794
0.5125787351098658
0.5126035170012403
0.5126279016595277
0.5126518811161299
0.5126754474313575
0.5126985926904224
0.5127213089993076
0.5127435884805069
0.5127654232686358
0.5127868055059038
0.512807727337453
0.512828180906548
0.5128481583496252
0.512867651791183
0.5128866533385208
0.5129051550763123
0.5129231490610098
0.5129406273150762
0.5129575818210335
0.5129740045153228
0.5129898872819694
0.5130052219460426
0.5130200002669025
0.5130342139312263
0.513047854545802
0.5130609136300811
0.5130733826084786
0.5130852528024095
0.5130965154220497
0.5131071615578093
0.5131171821715026
0.5131265680872031
0.5131353099817694
0.5131433983750233
0.5131508236195665
0.513157575890216
0.5131636451730452
0.513169021254005
0.5131736937071101
0.5131776518821681
0.5131808848920287
0.5131833815993313
0.5131851306027271
0.5131861202225492
0.513186338485907
0.5131857731111751
0.51318441149185
0.5131822406797442
0.5131792473674849
0.5131754178702906
0.5131707381069831
0.5131651935802085
0.5131587693558254
0.513151450041423
0.5131432197639333
0.5131340621462903
0.5131239602831004
0.5131128967152742
0.5131008534035786
0.5130878117010582
0.5130737523242807
0.5130586553233532
0.5130425000506582
0.5130252651282555
0.5130069284138946
0.5129874669655814
0.5129668570046386
0.5129450738772008
0.5129220920140829
0.5128978848889577
0.512872424974779
0.5128456836983816
0.5128176313931948
0.5127882372499971
0.5127574692656451
0.512725294189704
0.512691677468911
0.5126565831893968
0.5126199740165962
0.5125818111327732
0.5125420541720891
0.512500661153144
0.5124575884089173
0.5124127905140428
0.5123662202093454
0.5123178283235779
0.5122675636922935
0.512215373073795
0.5121612010621028
0.5121049899968952
0.5120466798703721
0.5119862082310034
0.5119235100841313
0.5118585177894014
0.511791160955009
0.5117213663287555
0.5116490576859232
0.511574155713988
0.511496577894206
0.5114162383801227
0.5113330478730738
0.5112469134947644
0.5111577386570318
0.5110654229289255
0.510969861901252
0.5108709470487692
0.5107685655902325
0.5106626003465321
0.5105529295971842
0.5104394269354771
0.510321961122604
0.51020039594115
0.5100745900483333
0.5099443968294439
0.5098096642519513
0.5096702347207952
0.5095259449354054
0.5093766257490324
0.5092221020309997
0.5090621925325229
0.5088967097567579
0.5087254598337683
0.5085482424011105
0.5083648504907434
0.5081750704229706
0.5079786817081042
0.5077754569565285
0.5075651617977913
0.5073475548093174
0.5071223874552633
0.506889404035958
0.5066483416482768
0.5063989301571804
0.5061408921785197
0.5058739430730588
0.505597790951501
0.505312136690124
0.5050166739564296
0.5047110892440227
0.5043950619157046
0.504068264253567
0.5037303615146612
0.5033810119906124
0.503019867069372
0.5026465712971485
0.5022607624384289
0.5018620715319326
0.501450122940313
0.5010245343914617
0.5005849170093795
0.5001308753327729
0.4996620073198018
0.49917790433777925
0.4986781511370795
0.49816232580906356
0.49762999972847693
0.4970807374815005
0.4965140967814426
0.4959296283749264
0.4953268759423448
0.4947053759973079
0.49406465779076647
0.4934042432264647
0.49272364679530367
0.4920223755370992
0.49129992903905817
0.4905557994810745
0.48978947173864995
0.48900042355486667
0.4881881257934061
0.4873520427850873
0.48649163278084134
0.48560634852443424
0.48469563795862225
0.48375894507878164
0.48279571094841306
0.48180537489126785
0.480787375875194
0.47974115410310125
0.4786661528266933
0.477561820398735
0.4764276125795628
0.4752629951132018
0.47406744658775135
0.4728404615935043
0.4715815541904728
0.4702902616944846
0.46896614878766596
0.4676088119548478
0.46621788424213967
0.46479304032754815
0.4633340018860804
0.46184054322326473
0.46031249714155587
0.4587497609937782
0.4571523028667992
0.45552016782728333
0.4538534841499432
0.45215246943757187
0.4504174365317035
0.4486487991034753
0.44684707680662117
0.4450128998689977
0.44314701299610193
0.4412502784601119
0.43932367825143864
0.4373683151769153
0.43538541279972137
0.43337631413101096
0.4313424790018582
0.429285480066272
0.427206997411245
0.42510881177744203
0.42299279642347404
0.4208609076968224
0.4187151744044064
0.4165576861044856
0.4143905804679878
0.41221602988049844
0.41003622747509527
0.40785337280026024
0.4056696573356473
0.4034872500712475
0.40130828336232693
0.3991348392636219
0.3969689365320172
0.3948125184679301
0.39266744174264484
0.3905354663328191
0.38841824665528535
0.38631732396614377
0.3842341200589673
0.38216993226866247
0.3801259297609543
0.3781031510632853
0.3761025027716726
0.37412475935008127
0.3721705639243926
0.37024042996206685
0.3683347437210608
0.366453767347223
0.364597642497974
0.3627663943711763
0.3609599360213359
0.35917807285017883
0.35742050716480384
0.3556868427035969
0.3539765890375148
0.3522891657618482
0.35062390640088836
0.34898006195472697
0.34735680402357694
0.3457532274503106
0.34416835242626126
0.3426011260086771
0.34105042300048954
0.33951504614429157
0.3379937255826412
0.33648511753608457
0.33498780214876656
0.3335002804492665
0.3320209703716194
0.3305482017785578
0.32908021042617575
0.32761513080687826
0.3261509878061289
0.32468568710878326
0.3232170042934877
0.32174257255972094
0.3202598690427678
0.3187661996887446
0.3172586826865238
0.3157342304882117
0.3141895304971797
0.3126210245654417
0.3110248875235397
0.3093970050693948
0.307732951471135
0.30602796769562735
0.3042769407614199
0.3024743853324736
0.30061442881538813
0.2986908014920088
0.29669683350050524
0.2946254607538892
0.29246924213032466
0.2902203904507844
0.2878708198344414
0.2854122119418941
0.2828361033294056
0.2801339955962143
0.27729748917737007
0.27431844050690346
0.27118914087751256
0.26790251372649626
0.2644523254060711
0.26083340291522616
0.2570418507700182
0.2530752583532983
0.24893288885241036
0.2446158413223965
0.24012717845629883
0.23547201415301505
0.2306575567219451
0.2256931053065744
0.220589998643535
0.21536151649454002
0.21002273501427765
0.20459033807674104
0.1990823873662101
0.19351805503056177
0.18791732400259753
0.18230066270883155
0.17668868266407192
0.17110178914941473
0.16555983649538708
0.16008180016024545
0.15468547760205065
0.14938722880946725
0.14420176533689735
0.1391419939702075
0.13421891801036254
0.1294415959296588
0.1248171541472543
0.12035084815182118
0.11604616434853907
0.11190495390598003
0.10792758951241706
0.1041131362315973
0.10045952843607468
0.09696374593034243
0.09362198369665292
0.09042981106362949
0.08738231740176673
0.08447424261470185
0.08170009167687356
0.07905423325014649
0.07653098299806342
0.0741246726242756
0.07182970591697638
0.06964060321249467
0.06755203572693196
0.0655588511707164
0.06365609197934458
0.061839007382470376
0.06010306040692872
0.05844393077769012
0.05685751455147303
0.05533992119568367
0.053887468713396
0.05249667731473017
0.05116426204666444
0.0498871247167675
