1.9879705667140224
1.9812084309278182
1.970427424988703
1.9576112839735587
1.9451194036025157
1.9329986684713267
1.9212933421973841
1.9100476877645736
1.8992936002136842
1.8890524019135007
1.8793376815521912
1.8701569754988374
1.8615125703309476
1.853401866790701
1.8458175788469333
1.838747905729607
1.8321767363188122
1.8260839046763166
1.8204454960030394
1.8152341938065983
1.810419656089017
1.805968908069513
1.8018467399036433
1.7980160993352583
1.7944384708714611
1.7910742347313697
1.7878830004035458
1.7848239111159898
1.781855916861202
1.7789380148241076
1.7760294571358934
1.7730899268280504
1.7700796836948913
1.7669596824959144
1.7636916665473175
1.7602382402694106
1.756562924677622
1.7526302001322862
1.7484055408986465
1.743855446214713
1.7389474726204395
1.7336502722655107
1.7279336417807758
1.7217685860642233
1.7151274009879025
1.7079837785669318
1.7003129375335286
1.6920917815146883
1.6832990861090067
1.6739157150853696
1.6639248646772564
1.6533123335217959
1.6420668142031711
1.6301802006304627
1.6176479036534204
1.6044691654609018
1.5906473615057217
1.5761902770731875
1.5611103443011982
1.5454248246310118
1.529155921494472
1.512330808695911
1.4949815615693158
1.4771449806753179
1.4588623015593019
1.440178788826693
1.421143218287468
1.4018072568389592
1.3822247556490717
1.3624509775617526
1.3425417839577718
1.3225528091150838
1.3025386511043833
1.2825521072913002
1.2626434796720543
1.2428599708229866
1.223245185639061
1.2038387478149533
1.1846760337515017
1.1657880207671822
1.147201241568578
1.128937833152734
1.1110156657937469
1.0934485364837085
1.0762464110230714
1.0594156996850705
1.0429595527760889
1.0268781642406177
1.0111690734999432
0.9958274577898889
0.9808464092408782
0.9662171927332526
0.9519294821114246
0.937971573633099
0.9243305765695006
0.9109925816802279
0.8979428088923725
0.8851657359522493
0.872645210123684
0.860364545211233
0.8483066063171234
0.8364538848196844
0.8247885661052209
0.8132925926061974
0.8019477247024352
0.790735602029846
0.779637807709829
0.7686359379537921
0.7577116793999701
0.746846896388604
0.7360237301591527
0.7252247116405094
0.7144328890832039
0.7036319712344293
0.6928064860702057
0.6819419542694114
0.6710250756480874
0.6600439256896883
0.6489881581451435
0.6378492084916412
0.626620491905496
0.6152975884132786
0.6038784071386557
0.5923633211653504
0.5807552645867013
0.569059783886339
0.5572850369356354
0.5454417345995071
0.5335430221569173
0.5216043003543145
0.5096429887563787
0.49767823693737784
0.48573059174711203
0.47382163117092957
0.4619735769957014
0.450208899455932
0.43854992719689256
0.4270184752594731
0.4156355024415194
0.40442080746010256
0.39339277100792275
0.3825681482638935
0.37196191387898314
0.36158715908739797
0.3514550385271863
0.3415747626859173
0.33195363066284794
0.3225970971632261
0.31350886728305616
0.3046910126487025
0.29614410277530906
0.28786734602577935
0.2798587352143672
0.2721151936395506
0.26463271809409267
0.2574065161424386
0.25043113564532593
0.2437005851282349
0.23720844412305325
0.23094796305755533
0.22491215262718295
0.21909386286411348
0.21348585232815548
0.20808084799216142
0.2028715964912755
0.19785090745996214
0.19301168970210433
0.18834698093532284
0.18384997182769852
0.1795140250088401
0.17533268969230673
0.1712997124963687
0.1674090449977524
0.1636548485005043
0.16003149645092976
0.1565335748807846
0.15315588121520496
0.14989342173969306
0.14674140798194565
0.14369525222954088
0.14075056237330014
0.1379031362384186
0.13514895554095083
0.1324841795857129
0.12990513880286036
0.12740832820405443
0.12499040082498422
0.12264816120883307
0.12037855897482727
0.11817868250708889
0.11604575279142734
0.1139771174212862
0.1119702447886612
0.11002271847126252
0.10813223182343103
0.10629658277518088
0.10451366884117302
0.1027814823393207
0.10109810581703602
0.09946170768176721
0.09787053803141903
0.09632292467941443
0.0948172693685482
0.09335204416732727
0.09192578804218855
0.09053710359879605
0.08918465398551845
0.08786715995218006
0.08658339705721968
0.08533219301648945
0.08411242518706438
0.08292301817960003
0.08176294159296574
0.08063120786508984
0.07952687023417439
0.07844902080465802
0.07739678871254536
0.07636933838494767
0.0753658678889119
0.07438560736484644
0.0734278175400716
0.072491788318244
0.07157683744061698
0.07068230921530058
0.06980757331088515
0.06895202361098217
0.0681150771264166
0.06729617296197943
0.06649477133481757
0.06571035264169145
0.06494241657248719
0.06419048126750858
0.06345408251621189
0.0627327729951766
0.06202612154322473
0.06133371247171774
0.06065514490817008
0.05999003217142156
0.059338001176707525
0.05869869186905866
0.05807175668354915
0.057456860030995
0.05685367780778005
0.056261896928561754
0.055681214880678884
0.055111339299144205
0.05455198756117255
0.05400288639924708
0.05346377153178534
0.05293438731051355
0.05241448638371311
0.05190382937453977
0.05140218457366738
0.05090932764554458
0.05042504134759131
0.04994911526169857
