0.49436920151662445
0.5389357785919779
0.5335023676316494
0.5293074669460613
0.5262078490968254
0.5239412497667373
0.5222961343716289
0.5211083629546406
0.5202538207026318
0.519640364468074
0.5192004718117516
0.5188851154281111
0.5186589260419086
0.5184965012438656
0.5183796519013156
0.5182953793207042
0.518234404851776
0.5181901088525823
0.5181577689255379
0.5181340149280704
0.5181164400018616
0.5181033233959369
0.5180934331489465
0.5180858856981801
0.5180800460107802
0.5180754565337758
0.5180717866289256
0.518068796565154
0.5180663118565872
0.5180642049545268
0.5180623821690085
0.5180607743115148
0.5180593299876091
0.5180580107785313
0.5180567877709479
0.5180556390502902
0.5180545478840026
0.5180535013997611
0.518052489619642
0.5180515047509724
0.518050540662863
0.5180495924975407
0.5180486563799512
0.5180477291993174
0.5180468084436612
0.5180458920735267
0.51804497842489
0.5180440661339476
0.5180431540784158
0.5180422413313797
0.5180413271247523
0.5180404108201521
0.5180394918855444
0.518038569876399
0.5180376444204091
0.5180367152050419
0.5180357819673492
0.5180348444855987
0.5180339025723754
0.5180329560688819
0.5180320048402128
0.5180310487714306
0.5180300877643015
0.5180291217345737
0.518028150609707
0.5180271743269742
0.5180261928318752
0.5180252060768079
0.518024214019955
0.5180232166243509
0.5180222138571
0.5180212056887197
0.5180201920925892
0.5180191730444876
0.5180181485222055
0.5180171185052174
0.5180160829744092
0.5180150419118468
0.5180139953005831
0.5180129431244951
0.5180118853681475
0.5180108220166769
0.5180097530556964
0.5180086784712132
0.5180075982495618
0.5180065123773444
0.5180054208413849
0.5180043236286871
0.5180032207264003
0.5180021121217917
0.5180009978022208
0.5179998777551206
0.5179987519679793
0.5179976204283266
0.5179964831237213
0.517995340041741
0.5179941911699739
0.5179930364960115
0.517991876007442
0.5179907096918457
0.5179895375367903
0.5179883595298279
0.5179871756584906
0.5179859859102897
0.5179847902727115
0.5179835887332173
0.5179823812792402
0.5179811678981853
0.5179799485774266
0.5179787233043078
0.5179774920661409
0.5179762548502048
0.5179750116437456
0.5179737624339751
0.5179725072080723
0.5179712459531794
0.5179699786564052
0.5179687053048226
0.5179674258854692
0.5179661403853463
0.5179648487914187
0.5179635510906158
0.5179622472698299
0.5179609373159164
0.517959621215694
0.5179582989559446
0.5179569705234122
0.5179556359048038
0.5179542950867888
0.5179529480559988
0.5179515947990276
0.5179502353024313
0.5179488695527277
0.5179474975363965
0.5179461192398785
0.5179447346495771
0.5179433437518561
0.5179419465330413
0.5179405429794193
0.5179391330772377
0.5179377168127051
0.5179362941719909
0.5179348651412256
0.5179334297064996
0.5179319878538642
0.5179305395693309
0.517929084838871
0.5179276236484165
0.5179261559838592
0.5179246818310504
0.5179232011758015
0.517921714003883
0.5179202203010256
0.5179187200529187
0.5179172132452113
0.5179156998635113
0.5179141798933855
0.5179126533203596
0.5179111201299185
0.5179095803075049
0.5179080338385205
0.5179064807083249
0.5179049209022366
0.5179033544055317
0.5179017812034441
0.5179002012811662
0.5178986146238471
0.5178970212165946
0.5178954210444733
0.517893814092505
0.5178922003456692
0.5178905797889017
0.5178889524070961
0.517887318185102
0.5178856771077265
0.5178840291597321
0.5178823743258387
0.5178807125907219
0.5178790439390137
0.5178773683553022
0.5178756858241307
0.5178739963299986
0.5178722998573613
0.517870596390629
0.5178688859141674
0.5178671684122976
0.5178654438692953
0.5178637122693914
0.5178619735967716
0.5178602278355762
0.5178584749698992
0.51785671498379
0.5178549478612519
0.5178531735862415
0.5178513921426704
0.5178496035144031
0.5178478076852583
0.5178460046390078
0.5178441943593767
0.5178423768300435
0.5178405520346394
0.5178387199567491
0.5178368805799094
0.5178350338876099
0.5178331798632928
0.517831318490352
0.5178294497521347
0.5178275736319389
0.5178256901130152
0.5178237991785655
0.5178219008117432
0.5178199949956533
0.5178180817133522
0.517816160947847
0.5178142326820958
0.5178122968990079
0.5178103535814425
0.5178084027122098
0.5178064442740702
0.5178044782497339
0.5178025046218618
0.5178005233730639
0.5177985344859006
0.517796537942881
0.5177945337264641
0.5177925218190581
0.51779050220302
0.5177884748606558
0.5177864397742202
0.5177843969259165
0.5177823462978962
0.5177802878722595
0.5177782216310538
0.5177761475562755
0.5177740656298678
0.5177719758337217
0.5177698781496762
0.5177677725595167
0.517765659044976
0.5177635375877339
0.5177614081694166
0.5177592707715972
0.5177571253757952
0.517754971963476
0.5177528105160514
0.5177506410148784
0.5177484634412606
0.5177462777764467
0.5177440840016304
0.5177418820979509
0.5177396720464926
0.5177374538282846
0.5177352274243003
0.5177329928154579
0.5177307499826199
0.5177284989065927
0.5177262395681265
0.5177239719479158
0.5177216960265981
0.5177194117847547
0.5177171192029096
0.5177148182615305
0.5177125089410274
0.5177101912217528
0.5177078650840025
0.5177055305080138
0.5177031874739662
0.5177008359619811
0.5176984759521223
0.517696107424394
0.5176937303587426
0.5176913447350551
0.5176889505331601
0.5176865477328262
0.5176841363137631
0.5176817162556206
0.5176792875379888
0.5176768501403978
0.5176744040423173
0.5176719492231572
0.517669485662266
0.517667013338932
0.5176645322323816
0.5176620423217817
0.517659543586236
0.5176570360047877
0.5176545195564178
0.5176519942200455
0.5176494599745275
0.5176469167986584
0.5176443646711698
0.5176418035707312
0.5176392334759483
0.5176366543653639
0.5176340662174576
0.5176314690106449
0.5176288627232776
0.5176262473336437
0.5176236228199667
0.5176209891604056
0.5176183463330545
0.5176156943159433
0.5176130330870359
0.5176103626242317
0.5176076829053636
0.5176049939081996
0.5176022956104414
0.517599587989724
0.517596871023617
0.5175941446896222
0.5175914089651756
0.5175886638276456
0.5175859092543331
0.5175831452224715
0.5175803717092272
0.5175775886916975
0.5175747961469124
0.517571994051833
0.5175691823833517
0.5175663611182924
0.5175635302334096
0.5175606897053885
0.5175578395108446
0.5175549796263237
0.5175521100283019
0.5175492306931845
0.5175463415973064
0.5175434427169316
0.5175405340282542
0.5175376155073955
0.5175346871304064
0.5175317488732659
0.5175288007118806
0.5175258426220857
0.5175228745796432
0.5175198965602431
0.517516908539502
0.5175139104929641
0.5175109023960992
0.5175078842243039
0.5175048559529014
0.5175018175571398
0.5174987690121939
0.517495710293163
0.5174926413750718
0.5174895622328701
0.517486472841432
0.5174833731755561
0.5174802632099653
0.517477142919306
0.5174740122781483
0.5174708712609857
0.5174677198422346
0.5174645579962348
0.517461385697248
0.5174582029194582
0.517455009636972
0.5174518058238173
0.5174485914539435
0.5174453665012216
0.5174421309394435
0.5174388847423212
0.5174356278834878
0.5174323603364966
0.5174290820748204
0.5174257930718518
0.5174224933009026
0.5174191827352039
0.5174158613479058
0.5174125291120764
0.5174091860007024
0.5174058319866881
0.5174024670428563
0.5173990911419464
0.5173957042566153
0.5173923063594367
0.5173888974229007
0.5173854774194142
0.5173820463212995
0.5173786041007948
0.5173751507300541
0.5173716861811459
0.5173682104260541
0.5173647234366768
0.5173612251848265
0.5173577156422298
0.5173541947805267
0.5173506625712707
0.5173471189859288
0.5173435639958799
0.5173399975724162
0.5173364196867416
0.5173328303099725
0.517329229413136
0.5173256169671713
0.5173219929429279
0.5173183573111665
0.5173147100425581
0.5173110511076836
0.5173073804770336
0.5173036981210084
0.5173000040099169
0.5172962981139777
0.517292580403317
0.5172888508479698
0.5172851094178788
0.517281356082894
0.5172775908127731
0.5172738135771803
0.5172700243456866
0.5172662230877694
0.5172624097728118
0.5172585843701025
0.517254746848836
0.517250897178111
0.5172470353269317
0.5172431612642059
0.5172392749587458
0.517235376379267
0.5172314654943886
0.5172275422726328
0.5172236066824238
0.5172196586920894
0.5172156982698579
0.5172117253838603
0.5172077400021284
0.5172037420925952
0.5171997316230941
0.5171957085613588
0.5171916728750231
0.5171876245316203
0.5171835634985827
0.517179489743242
0.5171754032328277
0.5171713039344681
0.5171671918151892
0.517163066841914
0.5171589289814634
0.5171547782005543
0.5171506144658005
0.5171464377437114
0.5171422480006926
0.5171380452030447
0.5171338293169627
0.5171296003085376
0.5171253581437529
0.5171211027884874
0.5171168342085127
0.5171125523694933
0.5171082572369867
0.5171039487764427
0.5170996269532034
0.5170952917325019
0.5170909430794631
0.5170865809591023
0.5170822053363254
0.5170778161759286
0.5170734134425974
0.5170689971009068
0.5170645671153209
0.5170601234501921
0.5170556660697609
0.517051194938156
0.5170467100193926
0.5170422112773737
0.5170376986758888
0.517033172178613
0.5170286317491073
0.5170240773508189
0.5170195089470788
0.5170149265011034
0.5170103299759928
0.5170057193347313
0.5170010945401861
0.5169964555551076
0.5169918023421286
0.5169871348637642
0.5169824530824112
0.5169777569603473
0.5169730464597315
0.5169683215426031
0.5169635821708818
0.516958828306366
0.5169540599107343
0.5169492769455434
0.5169444793722285
0.5169396671521032
0.5169348402463578
0.5169299986160604
0.5169251422221546
0.5169202710254619
0.516915384986678
0.5169104840663749
0.5169055682249987
0.5169006374228705
0.5168956916201853
0.5168907307770115
0.5168857548532908
0.5168807638088373
0.5168757576033377
0.51687073619635
0.5168656995473037
0.5168606476154992
0.5168555803601076
0.5168504977401694
0.516845399714595
0.5168402862421633
0.5168351572815224
0.5168300127911883
0.5168248527295444
0.5168196770548414
0.516814485725197
0.5168092786985947
0.5168040559328837
0.5167988173857793
0.5167935630148602
0.5167882927775712
0.5167830066312193
0.5167777045329763
0.5167723864398757
0.5167670523088139
0.5167617020965494
0.516756335759702
0.5167509532547523
0.5167455545380415
0.5167401395657707
0.5167347082940007
0.5167292606786511
0.5167237966754997
0.5167183162401828
0.5167128193281939
0.5167073058948832
0.5167017758954581
0.5166962292849814
0.5166906660183713
0.516685086050401
0.5166794893356987
0.5166738758287458
0.5166682454838774
0.5166625982552813
0.516656934096998
0.5166512529629195
0.5166455548067893
0.5166398395822016
0.5166341072426012
0.5166283577412818
0.5166225910313873
0.5166168070659098
0.5166110057976893
0.516605187179414
0.5165993511636182
0.5165934977026841
0.5165876267488386
0.5165817382541549
0.5165758321705504
0.5165699084497872
0.5165639670434715
0.5165580079030523
0.5165520309798212
0.5165460362249124
0.516540023589301
0.516533993023804
0.516527944479078
0.5165218779056201
0.5165157932537663
0.5165096904736917
0.516503569515409
0.5164974303287695
0.5164912728634604
0.5164850970690065
0.5164789028947674
0.5164726902899389
0.516466459203551
0.516460209584468
0.5164539413813879
0.5164476545428414
0.5164413490171917
0.5164350247526337
0.5164286816971939
0.5164223197987289
0.5164159390049256
0.5164095392632999
0.5164031205211972
0.5163966827257906
0.5163902258240807
0.5163837497628958
0.5163772544888894
0.5163707399485418
0.516364206088158
0.5163576528538677
0.5163510801916245
0.5163444880472048
0.5163378763662085
0.5163312450940569
0.5163245941759933
0.5163179235570812
0.5163112331822043
0.5163045229960666
0.5162977929431898
0.5162910429679148
0.5162842730144
0.5162774830266204
0.5162706729483675
0.5162638427232484
0.5162569922946856
0.5162501216059155
0.5162432305999887
0.5162363192197682
0.5162293874079305
0.5162224351069625
0.5162154622591635
0.5162084688066425
0.5162014546913186
0.5161944198549197
0.5161873642389823
0.5161802877848504
0.5161731904336759
0.5161660721264163
0.516158932803835
0.5161517724065009
0.5161445908747866
0.5161373881488689
0.5161301641687275
0.5161229188741441
0.5161156522047023
0.516108364099787
0.5161010544985823
0.5160937233400731
0.5160863705630419
0.5160789961060701
0.5160715999075364
0.516064181905616
0.5160567420382802
0.5160492802432958
0.5160417964582238
0.5160342906204194
0.516026762667031
0.5160192125349986
0.5160116401610549
0.5160040454817232
0.515996428433317
0.515988788951939
0.5159811269734815
0.5159734424336238
0.5159657352678335
0.5159580054113639
0.5159502527992549
0.5159424773663308
0.5159346790472006
0.5159268577762569
0.5159190134876749
0.515911146115412
0.5159032555932069
0.5158953418545791
0.5158874048328275
0.5158794444610303
0.5158714606720437
0.5158634533985018
0.515855422572815
0.5158473681271701
0.5158392899935287
0.515831188103627
0.5158230623889748
0.5158149127808547
0.5158067392103214
0.5157985416082007
0.5157903199050895
0.5157820740313536
0.5157738039171278
0.5157655094923155
0.5157571906865874
0.5157488474293798
0.5157404796498959
0.5157320872771027
0.5157236702397323
0.515715228466279
0.5157067618850009
0.5156982704239162
0.5156897540108052
0.515681212573207
0.5156726460384213
0.5156640543335052
0.5156554373852733
0.5156467951202974
0.5156381274649048
0.5156294343451779
0.5156207156869532
0.5156119714158209
0.5156032014571234
0.5155944057359546
0.5155855841771597
0.5155767367053335
0.5155678632448204
0.5155589637197119
0.5155500380538481
0.5155410861708154
0.5155321079939454
0.5155231034463151
0.5155140724507449
0.5155050149297985
0.5154959308057822
0.515486820000743
0.5154776824364685
0.5154685180344865
0.5154593267160624
0.5154501084022004
0.5154408630136411
0.5154315904708613
0.5154222906940731
0.5154129636032223
0.5154036091179885
0.5153942271577839
0.5153848176417518
0.5153753804887665
0.5153659156174317
0.5153564229460805
0.5153469023927735
0.5153373538752979
0.5153277773111681
0.5153181726176226
0.5153085397116246
0.5152988785098609
0.5152891889287403
0.5152794708843933
0.5152697242926707
0.5152599490691429
0.5152501451290996
0.5152403123875474
0.5152304507592101
0.5152205601585275
0.5152106404996539
0.5152006916964579
0.5151907136625209
0.5151807063111367
0.5151706695553095
0.5151606033077547
0.5151505074808955
0.5151403819868647
0.5151302267375016
0.5151200416443517
0.515109826618666
0.5150995815714003
0.515089306413213
0.5150790010544654
0.5150686654052198
0.5150582993752392
0.5150479028739863
0.5150374758106215
0.5150270180940035
0.515016529632687
0.5150060103349223
0.5149954601086537
0.5149848788615201
0.5149742665008518
0.514963622933671
0.5149529480666905
0.5149422418063123
0.5149315040586269
0.5149207347294119
0.5149099337241323
0.5148991009479378
0.5148882363056623
0.5148773397018231
0.5148664110406206
0.5148554502259355
0.5148444571613293
0.5148334317500426
0.5148223738949941
0.5148112834987797
0.5148001604636717
0.514789004691617
0.5147778160842371
0.5147665945428258
0.5147553399683491
0.5147440522614444
0.5147327313224179
0.5147213770512453
0.5147099893475701
0.5146985681107017
0.5146871132396158
0.5146756246329522
0.5146641021890146
0.5146525458057685
0.5146409553808408
0.514629330811519
0.5146176719947491
0.514605978827136
0.514594251204941
0.5145824890240811
0.514570692180129
0.5145588605683099
0.5145469940835026
0.5145350926202369
0.5145231560726932
0.5145111843347011
0.5144991772997387
0.514487134860931
0.514475056911049
0.514462943342509
0.5144507940473699
0.5144386089173348
0.5144263878437478
0.5144141307175929
0.514401837429494
0.5143895078697133
0.5143771419281495
0.5143647394943376
0.5143523004574477
0.5143398247062833
0.5143273121292802
0.5143147626145059
0.5143021760496584
0.5142895523220645
0.514276891318679
0.5142641929260839
0.5142514570304865
0.5142386835177188
0.5142258722732365
0.514213023182117
0.5142001361290592
0.5141872109983819
0.5141742476740226
0.5141612460395366
0.5141482059780951
0.5141351273724852
0.514122010105108
0.5141088540579775
0.5140956591127191
0.5140824251505695
0.5140691520523741
0.5140558396985873
0.51404248796927
0.5140290967440888
0.5140156659023158
0.5140021953228261
0.513988684884097
0.5139751344642072
0.5139615439408352
0.5139479131912581
0.5139342420923508
0.5139205305205845
0.5139067783520256
0.513892985462334
0.5138791517267628
0.5138652770201564
0.5138513612169493
0.5138374041911657
0.5138234058164172
0.5138093659659022
0.5137952845124045
0.513781161328292
0.513766996285516
0.5137527892556093
0.5137385401096851
0.5137242487184365
0.5137099149521336
0.5136955386806246
0.5136811197733328
0.5136666580992557
0.513652153526964
0.5136376059246008
0.5136230151598792
0.5136083811000821
0.5135937036120608
0.5135789825622328
0.5135642178165821
0.5135494092406566
0.5135345566995675
0.5135196600579881
0.5135047191801522
0.513489733929853
0.5134747041704417
0.5134596297648271
0.5134445105754726
0.5134293464643966
0.5134141372931704
0.5133988829229172
0.5133835832143108
0.5133682380275738
0.5133528472224772
0.513337410658339
0.513321928194022
0.5133063996879336
0.5132908249980237
0.5132752039817842
0.5132595364962469
0.5132438223979827
0.5132280615431007
0.5132122537872458
0.5131963989855984
0.5131804969928725
0.5131645476633149
0.5131485508507032
0.5131325064083454
0.5131164141890782
0.513100274045265
0.5130840858287959
0.5130678493910854
0.5130515645830713
0.5130352312552138
0.5130188492574936
0.5130024184394113
0.512985938649985
0.51296940973775
0.5129528315507571
0.5129362039365716
0.5129195267422708
0.5129027998144444
0.5128860229991921
0.5128691961421219
0.5128523190883503
0.5128353916824991
0.5128184137686957
0.5128013851905708
0.512784305791257
0.5127671754133881
0.5127499938990976
0.5127327610900165
0.5127154768272735
0.5126981409514919
0.51268075330279
0.5126633137207786
0.5126458220445593
0.5126282781127248
0.5126106817633558
0.5125930328340207
0.5125753311617738
0.5125575765831542
0.5125397689341841
0.5125219080503676
0.5125039937666894
0.5124860259176136
0.512468004337082
0.5124499288585127
0.5124317993147991
0.5124136155383081
0.5123953773608789
0.5123770846138219
0.5123587371279167
0.5123403347334117
0.5123218772600212
0.5123033645369256
0.512284796392769
0.5122661726556581
0.5122474931531614
0.5122287577123066
0.5122099661595798
0.5121911183209247
0.5121722140217402
0.5121532530868794
0.5121342353406486
0.5121151606068057
0.5120960287085576
0.5120768394685611
0.5120575927089193
0.5120382882511815
0.5120189259163412
0.5119995055248349
0.5119800268965409
0.5119604898507772
0.5119408942063006
0.5119212397813055
0.5119015263934219
0.5118817538597139
0.5118619219966792
0.5118420306202465
0.5118220795457749
0.511802068588052
0.5117819975612927
0.5117618662791376
0.5117416745546518
0.5117214222003235
0.5117011090280617
0.5116807348491955
0.5116602994744732
0.5116398027140593
0.5116192443775347
0.5115986242738936
0.5115779422115435
0.5115571979983029
0.5115363914414002
0.5115155223474719
0.5114945905225613
0.5114735957721169
0.5114525379009914
0.5114314167134397
0.511410232013117
0.5113889836030788
0.511367671285778
0.5113462948630638
0.5113248541361803
0.5113033489057657
0.5112817789718489
0.5112601441338499
0.5112384441905777
0.5112166789402283
0.5111948481803836
0.5111729517080101
0.5111509893194567
0.5111289608104537
0.5111068659761118
0.5110847046109186
0.5110624765087397
0.5110401814628153
0.5110178192657588
0.5109953897095567
0.5109728925855651
0.5109503276845093
0.5109276947964823
0.5109049937109427
0.5108822242167134
0.5108593861019802
0.5108364791542899
0.510813503160549
0.5107904579070217
0.5107673431793291
0.5107441587624468
0.5107209044407038
0.5106975799977809
0.5106741852167086
0.510650719879866
0.5106271837689792
0.5106035766651196
0.5105798983487017
0.5105561485994828
0.51053232719656
0.5105084339183694
0.5104844685426844
0.5104604308466132
0.5104363206065987
0.5104121375984154
0.5103878815971687
0.510363552377293
0.5103391497125493
0.5103146733760251
0.5102901231401307
0.5102654987765997
0.5102408000564854
0.5102160267501603
0.5101911786273143
0.5101662554569524
0.5101412570073934
0.5101161830462683
0.5100910333405182
0.5100658076563931
0.5100405057594495
0.5100151274145495
0.5099896723858582
0.5099641404368428
0.5099385313302699
0.5099128448282046
0.5098870806920083
0.5098612386823369
0.5098353185591394
0.5098093200816557
0.5097832430084148
0.5097570870972336
0.509730852105214
0.5097045377887427
0.5096781439034874
0.5096516702043965
0.5096251164456971
0.5095984823808922
0.5095717677627598
0.5095449723433507
0.5095180958739868
0.5094911381052587
0.5094640987870247
0.5094369776684078
0.509409774497795
0.5093824890228348
0.5093551209904348
0.5093276701467606
0.509300136237234
0.5092725190065299
0.5092448181985753
0.5092170335565472
0.5091891648228705
0.5091612117392162
0.5091331740464994
0.5091050514848766
0.509076843793745
0.5090485507117395
0.5090201719767306
0.5089917073258233
0.5089631564953545
0.5089345192208905
0.5089057952372256
0.5088769842783798
0.508848086077597
0.508819100367342
0.5087900268792996
0.5087608653443717
0.5087316154926754
0.5087022770535409
0.5086728497555092
0.50864333332633
0.5086137274929599
0.5085840319815591
0.5085542465174916
0.5085243708253194
0.5084944046288037
0.5084643476509005
0.5084341996137597
0.5084039602387213
0.5083736292463155
0.5083432063562574
0.5083126912874476
0.508282083757968
0.5082513834850799
0.5082205901852223
0.5081897035740088
0.5081587233662258
0.5081276492758297
0.5080964810159444
0.5080652182988596
0.5080338608360278
0.508002408338062
0.5079708605147335
0.5079392170749687
0.507907477726848
0.5078756421776014
0.507843710133608
0.5078116813003921
0.507779555382621
0.507747332084103
0.5077150111077839
0.507682592155745
0.5076500749292008
0.5076174591284957
0.5075847444531014
0.5075519306016151
0.507519017271756
0.5074860041603626
0.5074528909633909
0.5074196773759102
0.507386363092102
0.5073529478052562
0.5073194312077687
0.5072858129911383
0.5072520928459644
0.5072182704619438
0.507184345527868
0.5071503177316203
0.507116186760173
0.5070819522995843
0.5070476140349958
0.5070131716506292
0.506978624829783
0.5069439732548309
0.5069092166072171
0.5068743545674544
0.5068393868151211
0.5068043130288572
0.5067691328863622
0.5067338460643914
0.5066984522387534
0.5066629510843061
0.5066273422749548
0.5065916254836477
0.5065558003823732
0.5065198666421574
0.5064838239330598
0.5064476719241704
0.5064114102836069
0.5063750386785107
0.506338556775044
0.5063019642383866
0.5062652607327316
0.5062284459212835
0.5061915194662532
0.5061544810288561
0.5061173302693074
0.5060800668468193
0.5060426904195972
0.5060052006448362
0.505967597178718
0.5059298796764066
0.5058920477920451
0.5058541011787521
0.5058160394886182
0.5057778623727018
0.5057395694810256
0.5057011604625736
0.5056626349652864
0.5056239926360575
0.5055852331207304
0.5055463560640939
0.5055073611098788
0.5054682479007532
0.5054290160783197
0.5053896652831109
0.5053501951545852
0.5053106053311237
0.5052708954500255
0.5052310651475034
0.5051911140586809
0.5051510418175872
0.5051108480571536
0.5050705324092088
0.505030094504476
0.5049895339725671
0.5049488504419792
0.5049080435400916
0.5048671128931587
0.5048260581263088
0.5047848788635377
0.5047435747277051
0.5047021453405306
0.5046605903225883
0.5046189092933036
0.5045771018709474
0.5045351676726331
0.504493106314311
0.504450917410764
0.5044086005756034
0.504366155421264
0.5043235815589995
0.504280878598878
0.5042380461497776
0.5041950838193808
0.5041519912141705
0.5041087679394255
0.5040654135992149
0.5040219277963938
0.5039783101325983
0.5039345602082411
0.5038906776225061
0.5038466619733432
0.5038025128574641
0.503758229870337
0.5037138126061818
0.5036692606579642
0.5036245736173922
0.5035797510749094
0.5035347926196908
0.5034896978396377
0.5034444663213722
0.5033990976502319
0.5033535914102653
0.5033079471842258
0.5032621645535664
0.5032162430984359
0.5031701823976714
0.5031239820287944
0.5030776415680045
0.5030311605901754
0.5029845386688473
0.5029377753762238
0.5028908702831643
0.5028438229591802
0.502796632972428
0.5027492998897047
0.5027018232764418
0.5026542026966991
0.5026064377131604
0.5025585278871265
0.5025104727785106
0.5024622719458312
0.5024139249462077
0.5023654313353543
0.5023167906675734
0.5022680024957503
0.5022190663713482
0.5021699818444006
0.5021207484635066
0.5020713657758251
0.5020218333270674
0.5019721506614934
0.5019223173219033
0.5018723328496336
0.50182219678455
0.501771908665041
0.5017214680280128
0.5016708744088826
0.5016201273415724
0.5015692263585032
0.5015181709905884
0.5014669607672281
0.5014155952163024
0.5013640738641656
0.5013123962356394
0.5012605618540069
0.5012085702410071
0.5011564209168271
0.5011041134000963
0.5010516472078813
0.5009990218556776
0.500946236857404
0.5008932917253969
0.5008401859704028
0.5007869191015728
0.5007334906264553
0.5006799000509901
0.5006261468795016
0.5005722306146926
0.5005181507576376
0.5004639068077766
0.5004094982629078
0.5003549246191819
0.5003001853710951
0.5002452800114825
0.5001902080315122
0.5001349689206775
0.5000795621667915
0.5000239872559797
0.4999682436726739
0.499912330899605
0.4998562484177971
0.4997999957065603
0.49974357224348437
0.4996869775044318
0.4996302109635318
0.49957327209317276
0.4995161603639961
0.4994588752448898
0.49940141620298145
0.49934378270363167
0.4992859742104273
0.499227990185175
0.4991698300878944
0.4991114933768117
0.4990529795083528
0.49899428793713685
0.49893541811596914
0.49887636949583514
0.4988171415258933
0.498757733653469
0.49869814532404744
0.49863837598126726
0.49857842506691397
0.498518292020913
0.49845797628132404
0.49839747728433353
0.4983367944642486
0.49827592725349024
0.49821487508258755
0.4981536373801698
0.4980922135729622
0.4980306030857764
0.49796880534150684
0.49790681976112344
0.4978446457636644
0.4977822827662307
0.4977197301839796
0.497656987430118
0.49759405391589684
0.4975309290506037
0.4974676122415579
0.4974041028941034
0.4973404004116029
0.4972765041954317
0.49721241364497115
0.4971481281576037
0.4970836471287058
0.49701896995164235
0.49695409601776075
0.4968890247163845
0.4968237554348084
0.49675828755829143
0.4966926204700518
0.49662675355126107
0.4965606861810384
0.49649441773644454
0.4964279475924771
0.4963612751220639
0.4962943996960585
0.49622732068323405
0.49616003745027853
0.49609254936178854
0.496024855780265
0.49595695606610735
0.49588884957760854
0.49582053567095014
0.495752013700197
0.4956832830172927
0.4956143429720542
0.49554519291216736
0.49547583218318236
0.4954062601285085
0.4953364760894103
0.49526647940500224
0.4951962694122452
0.49512584544594096
0.49505520683872933
0.4949843529210827
0.49491328302130283
0.49484199646551663
0.4947704925776717
0.49469877067953333
0.49462683009068015
0.4945546701285011
0.49448229010819106
0.4944096893427484
0.4943368671429707
0.4942638228174525
0.49419055567258074
0.4941170650125336
0.4940433501392767
0.49396941035255926
0.49389524494991344
0.4938208532266504
0.49374623447585814
0.4936713879883995
0.4935963130529099
0.49352100895579454
0.49344547498122787
0.4933697104111501
0.49329371452526705
0.4932174866010478
0.49314102591372305
0.49306433173628506
0.49298740333948465
0.49291023999183214
0.4928328409595954
0.4927552055067992
0.4926773328952253
0.4925992223844111
0.49252087323165117
0.4924422846919944
0.49236345601824727
0.4922843864609715
0.49220507526848634
0.4921255216868678
0.4920457249599506
0.4919656843293283
0.4918853990343546
0.491804868312145
0.4917240913975778
0.49164306752329623
0.4915617959197103
0.4914802758149982
0.4913985064351099
0.49131648700376773
0.49123421674247086
0.49115169487049726
0.4910689206049068
0.4909858931605445
0.4909026117500445
0.49081907558383325
0.49073528387013354
0.490651235814969
0.4905669306221679
0.4904823674933681
0.4903975456280222
0.4903124642234019
0.49022712247460376
0.49014151957455465
0.49005565471401763
0.4899695270815976
0.4898831358637484
0.4897964802447784
0.48970955940685773
0.48962237253002583
0.4895349187921978
0.4894471973691725
0.48935920743464084
0.48927094816019295
0.48918241871532764
0.48909361826746
0.4890045459819312
0.4889152010220178
0.48882558254894043
0.48873568972187476
0.4886455216979607
0.48855507763231354
0.48846435667803434
0.48837335798622106
0.4882820807059801
0.4881905239844376
0.48809868696675196
0.48800656879612603
0.48791416861381925
0.48782148555916177
0.48772851876956663
0.4876352673805439
0.4875417305257148
0.4874479073368263
0.48735379694376535
0.4872593984745735
0.48716471105546394
0.48706973381083574
0.4869744658632904
0.48687890633364894
0.48678305434096825
0.4866869090025583
0.48659046943400047
0.48649373474916435
0.4863967040602279
0.4862993764776945
0.48620175111041347
0.48610382706559896
0.48600560344885047
0.485907079364173
0.4858082539139976
0.4857091261992035
0.4856096953191392
0.4855099603716443
0.48540992045307296
0.48530957465831603
0.48520892208082456
0.4851079618126347
0.48500669294439025
0.48490511456536894
0.48480322576350676
0.4847010256254244
0.4845985132364522
0.48449568768065776
0.4843925480408732
0.4842890933987215
0.4841853228346453
0.48408123542793563
0.4839768302567604
0.4838721063981941
0.4837670629282477
0.48366169892189925
0.48355601345312466
0.48345000559492923
0.4833436744193799
0.48323701899763755
0.4831300383999899
0.48302273169588494
0.48291509795396625
0.48280713624210525
0.48269884562743887
0.4825902251764031
0.4824812739547714
0.48237199102768913
0.48226237545971273
0.4821524263148465
0.4820421426565815
0.48193152354793456
0.4818205680514876
0.48170927522942814
0.4815976441435893
0.48148567385549224
0.4813733634263867
0.4812607119172946
0.48114771838905235
0.48103438190235437
0.4809207015177982
0.4808066762959283
0.48069230529728235
0.4805775875824366
0.48046252221205277
0.48034710824692517
0.48023134474802925
0.480115230776569
0.47999876539402664
0.47988194766221265
0.47976477664331557
0.47964725139995273
0.47952937099522336
0.47941113449275896
0.4792925409567777
0.47917358945213673
0.47905427904438763
0.4789346087998302
0.4788145777855684
0.4786941850695667
0.47857342972070643
0.47845231080884354
0.4783308274048663
0.4782089785807552
0.47808676340964074
0.4779641809658648
0.47784123032504083
0.47771791056411594
0.4775942207614323
0.4774701599967901
0.4773457273515114
0.47722092190850374
0.47709574275232586
0.4769701889692522
0.47684425964733923
0.4767179538764936
0.4765912707485379
0.47646420935728
0.4763367687985821
0.47620894817042947
0.4760807465730014
0.47595216310874255
0.475823196882434
0.47569384700126527
0.47556411257490894
0.4754339927155924
0.4753034865381741
0.4751725931602174
0.4750413117020675
0.47490964128692625
0.47477758104093176
0.47464513009323417
0.4745122875760751
0.4743790526248672
0.47424542437827355
0.4741114019782883
0.4739769845703187
0.47384217130326584
0.47370696132960866
0.4735713538054863
0.4734353478907827
0.47329894274921097
0.4731621375483991
0.47302493145997515
0.4728873236596553
0.47274931332733
0.4726108996471526
0.4724720818076277
0.47233285900170086
0.47219323042684824
0.4720531952851671
0.4719127527834677
0.4717719021333644
0.4716306425513688
0.4714889732589823
0.4713468934827907
0.47120440245455775
0.4710614994113209
0.47091818359548593
0.4707744542549244
0.4706303106430698
0.47048575201901466
0.4703407776476091
0.4701953867995595
0.4700495787515271
0.4699033527862275
0.46975670819253246
0.46960964426556906
0.46946216030682153
0.46931425562423373
0.4691659295323113
0.4690171813522237
0.46886801041190923
0.4687184160461781
0.468568397596817
0.4684179544126943
0.468267085849865
0.4681157912716772
0.4679640700488783
0.4678119215597213
0.46765934519007313
0.4675063403335214
0.4673529063914833
0.4671990427733123
0.46704474889641007
0.46689002418633324
0.46673486807690406
0.46657928001032034
0.46642325943726587
0.4662668058170213
0.46610991861757484
0.4659525973157335
0.4657948413972357
0.4656366503568619
0.46547802369854796
0.4653189609354972
0.46515946159029276
0.46499952519501114
0.4648391512913354
0.46467833943066805
0.4645170891742449
0.46435540009324916
0.46419327176892466
0.46403070379269046
0.46386769576625486
0.46370424730172977
0.46354035802174487
0.4633760275595623
0.46321125555919096
0.4630460416755019
0.4628803855743415
0.4627142869326474
0.46254774543856203
0.46238076079154816
0.4622133327025034
0.4620454608938731
0.46187714509976674
0.4617083850660717
0.4615391805505663
0.46136953132303526
0.4611994371653827
0.46102889787174645
0.4608579132486106
0.4606864831149203
0.4605146073021928
0.4603422856546326
0.4601695180292417
0.4599963042959336
0.4598226443376436
0.4596485380504419
0.45947398534364337
0.45929898613991965
0.4591235403754079
0.45894764799982324
0.4587713089765652
0.45859452328282935
0.4584172909097143
0.45823961186233
0.4580614861599057
0.4578829138358965
0.4577038949380897
0.4575244295287101
0.45734451768452583
0.45716415949695227
0.4569833550721558
0.4568021045311566
0.45662040800993176
0.45643826565951573
0.45625567764610153
0.45607264415114085
0.45588916537144275
0.45570524151927255
0.45552087282244846
0.4553360595244386
0.4551508018844561
0.454965100177554
0.4547789546947186
0.4545923657429627
0.45440533364541597
0.454217858741417
0.4540299413866016
0.45384158195299124
0.45365278082908106
0.4534635384199249
0.45327385514722124
0.45308373144939584
0.45289316778168487
0.452702164616216
0.45251072244208845
0.452318841765451
0.4521265231095799
0.4519337670149546
0.4517405740393324
0.45154694475782126
0.4513528797629522
0.4511583796647488
0.450963445090797
0.4507680766863105
0.4505722751141994
0.4503760410551314
0.45017937520759677
0.4499822782879682
0.44978475103056065
0.44958679418768865
0.44938840852972345
0.44918959484514576
0.4489903539406006
0.44879068664094635
0.4485905937893046
0.4483900762471086
0.448189134894147
0.4479877706286091
0.44778598436712647
0.44758377704481206
0.44738114961530007
0.4471781030507803
0.44697463834203444
0.44677075649846654
0.4465664585481349
0.4463617455377793
0.4461566185328484
0.44595107861752326
0.4457451268947399
0.4455387644862097
0.445331992532437
0.44512481219273575
0.4449172246452433
0.44470923108693083
0.444500832733615
0.4442920308199639
0.44408282659950227
0.44387322134461527
0.4436632163465485
0.44345281291540667
0.4432420123801504
0.4430308160885888
0.44281922540737273
0.44260724172198307
0.44239486643671866
0.44218210097467997
0.44196894677775256
0.4417554053065863
0.44154147804057375
0.44132716647782494
0.4411124721351407
0.44089739654798277
0.44068194127044236
0.4404661078752057
0.4402498979535177
0.44003331311514216
0.43981635498832083
0.43959902521972893
0.4393813254744295
0.43916325743582385
0.43894482280560043
0.4387260233036808
0.43850686066816474
0.43828733665526926
0.438067453039269
0.43784721161243273
0.4376266141849562
0.4374056625848942
0.4371843586580896
0.4369627042680993
0.43674070129611825
0.436518351640902
0.4362956572186844
0.43607261996309465
0.4358492418250721
0.4356255247727765
0.4354014707914986
0.4351770818835658
0.43495236006824795
0.4347273073816569
0.4345019258766485
0.4342762176227174
0.43405018470589285
0.4338238292286313
0.4335971533097046
0.4333701590840886
0.4331428487028486
0.4329152243330201
0.43268728815749136
0.4324590423748794
0.4322304891994072
0.43200163086077553
0.43177246960403537
0.43154300768945597
0.4313132473923906
0.43108319100314185
0.4308528408268233
0.43062219918321853
0.4303912684066397
0.43016005084578196
0.42992854886357723
0.42969676483704455
0.42946470115713964
0.4292323602286012
0.4289997444697957
0.4287668563125603
0.4285336982020429
0.4283002725965408
0.42806658196733743
0.42783262879853723
0.4275984155868974
0.42736394484165907
0.4271292190843763
0.4268942408487426
0.4266590126804162
0.42642353713684356
0.42618781678708
0.42595185421160997
0.42571565200216555
0.4254792127615412
0.42524253910340964
0.4250056336521342
0.42476849904258007
0.42453113791992414
0.42429355293946325
0.42405574676642066
0.4238177220757504
0.42357948155194247
0.4233410278888239
0.4231023637893596
0.4228634919654526
0.4226244151377409
0.4223851360353953
0.42214565739591525
0.4219059819649213
0.4216661124959501
0.4214260517502459
0.4211858024965507
0.4209453675108946
0.4207047495763843
0.42046395148299104
0.4202229760273362
0.4199818260124788
0.41974050424769893
0.41949901354828184
0.4192573567353015
0.41901553663540336
0.4187735560805841
0.41853141790797455
0.4182891249596187
0.4180466800822535
0.41780408612708714
0.41756134594957856
0.4173184624092141
0.4170754383692853
0.4168322766966661
0.4165889802615882
0.41634555193741785
0.4161019946004319
0.41585831112959204
0.41561450440632086
0.415370577314276
0.41512653273912603
0.41488237356832364
0.4146381026908812
0.41439372299714405
0.4141492373785658
0.413904648727482
0.413659959936885
0.413415173900198
0.4131702935110503
0.4129253216630506
0.41268026124956375
0.4124351151634848
0.4121898862970142
0.41194457754143443
0.41169919178688497
0.4114537319221402
0.4112082008343844
0.410962601408991
0.4107169365292983
0.41047120907638995
0.41022542192887185
0.40997957796265316
0.4097336800507252
0.4094877310629429
0.409241733865806
0.40899569132224145
0.408749606291386
0.40850348162836986
0.4082573201841021
0.40801112480505475
0.40776489833305074
0.40751864360504964
0.40727236345293616
0.40702606070331093
0.4067797381772785
0.40653339869023997
0.40628704505168517
0.4060406800649858
0.4057943065271903
0.40554792722881966
0.4053015449536646
0.40505516247858314
0.4048087825733008
0.40456240800021115
0.40431604151417805
0.40406968586233805
0.40382334378390683
0.4035770180099843
0.4033307112633623
0.40308442625833407
0.4028381657005039
0.4025919322866001
0.40234572870428775
0.40209955763198413
0.4018534217386751
0.40160732368373353
0.4013612661167381
0.4011152516772964
0.4008692829948659
0.40062336268858056
0.4003774933670753
0.4001316776283154
0.3998859180594263
0.39964021723652327
0.39939457772454706
0.399149002077097
0.39890349283626925
0.39865805253249365
0.39841268368437577
0.3981673887985382
0.3979221703694643
0.3976770308793451
0.3974319727979262
0.39718699858235734
0.39694211067704466
0.3966973115135034
0.3964526035102136
0.3962079890724767
0.395963470592276
0.39571905044813616
0.3954747310049875
0.39523051461403014
0.3949864036126017
0.3947424003240454
0.394498507057582
0.3942547261081815
0.3940110597564389
0.39376751026845064
0.3935240798956937
0.3932807708749062
0.3930375854279702
0.39279452576179713
0.3925515940682139
0.39230879252385203
0.39206612329003904
0.3918235885126903
0.391581190322205
0.39133893083336246
0.3910968121452213
0.39085483634102014
0.39061300548808076
0.3903713216377125
0.39012978682512034
0.38988840306931316
0.3896471723730139
0.38940609672257387
0.3891651780878875
0.3889244184223078
0.3886838196625671
0.388443383728697
0.3882031125239509
0.3879630079347298
0.3877230718305078
0.3874833060637618
0.387243712469902
0.3870042928672034
0.3867650490567419
0.3865259828223294
0.3862870959304528
0.38604839013021397
0.3858098671532719
0.3855715287137862
0.3853333765083639
0.3850954122160062
0.38485763749805824
0.38462005399816074
0.38438266334220283
0.3841454671382774
0.38390846697663716
0.3836716644296539
0.3834350610517786
0.3831986583795032
0.38296245793132505
0.3827264612077116
0.38249066969106826
0.38225508484570725
0.38201970811781816
0.38178454093544023
0.3815495847084364
0.38131484082846845
0.3810803106689752
0.3808459955851503
0.38061189691392305
0.38037801597394066
0.38014435406555114
0.3799109124707892
0.37967769245336197
0.37944469525863767
0.3792119221136354
0.3789793742270152
0.37874705278907206
0.37851495897172827
0.3782830939285301
0.37805145879464386
0.3778200546868542
0.3775888827035636
0.3773579439247934
0.37712723941218596
0.3768967702090076
0.3766665373401541
0.3764365418121566
0.3762067846131882
0.3759772667130736
0.37574798906329765
0.37551895259701723
0.3752901582290729
0.3750616068560019
0.3748332993560528
0.3746052365892014
0.3743774193971663
0.37414984860342765
0.37392252501324486
0.3736954494136768
0.37346862257360247
0.37324204524374305
0.37301571815668383
0.37278964202689846
0.3725638175507737
0.37233824540663396
0.3721129262547692
0.37188786073746
0.3716630494790083
0.3714384930857641
0.3712141921461562
0.3709901472307229
0.37076635889214254
0.3705428276652664
0.3703195540671507
0.3700965385970908
0.3698737817366549
0.3696512839497189
0.369429045682502
0.36920706736360265
0.36898534940403593
0.3687638921972701
0.3685426961192646
0.3683217615285083
0.36810108876605974
0.367880678155585
0.36766053000339827
0.36744064459850223
0.36722102221262953
0.3670016631002829
0.36678256749877824
0.3665637356282855
0.36634516769187164
0.36612686387554416
0.3659088243482929
0.3656910492621349
0.36547353875215716
0.365256292936561
0.36503931191670713
0.36482259577715886
0.36460614458572815
0.36438995839351984
0.36417403723497704
0.36395838112792633
0.3637429900736236
0.3635278640567995
0.36331300304570513
0.3630984069921579
0.36288407583158744
0.36267000948308137
0.3624562078494318
0.36224267081718103
0.36202939825666736
0.3618163900220719
0.3616036459514637
0.3613911658668464
0.36117894957420327
0.36096699686354405
0.3607553075089507
0.36054388126862136
0.3603327178849183
0.36012181708441127
0.35991117857792343
0.3597008020605771
0.35949068721183713
0.35928083369555647
0.35907124116002065
0.3588619092379916
0.35865283754675137
0.3584440256881463
0.35823547324863
0.358027179799307
0.3578191448959741
0.3576113680791649
0.3574038488741897
0.3571965867911788
0.35698958132512343
0.356782831955916
0.3565763381483918
0.3563700993523683
0.3561641150026857
0.35595838451924455
0.35575290730704706
0.35554768275623355
0.35534271024212116
0.3551379891252403
0.35493351875137313
0.35472929845158857
0.35452532754227867
0.3543216053251941
0.354118131087478
0.353914904101701
0.353711923625895
0.3535091889035845
0.3533066991638213
0.35310445362121434
0.35290245147596205
0.3527006919138816
0.35249917410644
0.35229789721078225
0.35209686036976096
0.35189606271196233
0.3516955033517353
0.3514951813892161
0.3512950959103554
0.3510952459869423
0.3508956306766287
0.35069624902295243
0.3504971000553613
0.3502981827892328
0.35009949622589676
0.34990103935265554
0.34970281114280277
0.34950481055564286
0.3493070365365081
0.3491094880167763
0.34891216391388696
0.3487150631313557
0.34851818455879013
0.34832152707190234
0.3481250895325224
0.34792887078860957
0.34773286967426353
0.3475370850097339
0.34734151560143117
0.3471461602419319
0.3469510177099888
0.34675608677053565
0.34656136617469246
0.3463668546597712
0.34617255094927746
0.3459784537529146
0.3457845617665847
0.3455908736723882
0.34539738813862486
0.3452041038197918
0.34501101935657996
0.34481813337587275
0.34462544449073895
0.3444329513004305
0.3442406523903717
0.34404854633215576
0.3438566316835335
0.34366490698840413
0.343473370776806
0.34328202156490256
0.34309085785497073
0.3428998781353867
0.34270908088061103
0.3425184645511723
0.3423280275936499
0.3421377684406556
0.34194768551081434
0.34175777720874356
0.3415680419250317
0.341378478036215
0.3411890839047542
0.34099985787900927
0.34081079829321287
0.34062190346744337
0.3404331717075972
0.3402446013053571
0.3400561905381642
0.33986793766918444
0.33967984094727544
0.33949189860695334
0.33930410886835655
0.3391164699372097
0.3389289800047861
0.33874163724786843
0.3385544398287092
0.33836738589498916
0.33818047357977576
0.33799370100147835
0.33780706626380436
0.33762056745571384
0.3374342026513711
0.3372479699100976
0.3370618672763216
0.3368758927795288
0.33669004443420913
0.3365043202398046
0.3363187181806554
0.33613323622594327
0.33594787232963713
0.3357626244304324
0.3355774904516952
0.33539246830139974
0.33520755587206885
0.33502275104071033
0.3348380516687542
0.33465345560198734
0.33446896067048715
0.3342845646885557
0.33410026545465044
0.33391606075131414
0.33373194834510594
0.33354792598652827
0.3333639914099536
0.3331801423335518
0.3329963764592132
0.3328126914724736
0.33262908504243516
0.33244555482168914
0.33226209844623583
0.3320787135354024
0.3318953976917624
0.33171214850105135
0.33152896353208344
0.33134584033666525
0.33116277644951
0.33097976938814966
0.3307968166528463
0.3306139157265021
0.33043106407456946
0.33024825914495826
0.3300654983679434
0.3298827791560714
0.3297000989040641
0.3295174549887244
0.32933484476883873
0.3291522655850781
0.3289697147599012
0.32878718959745246
0.3286046873834636
0.3284222053851498
0.3282397408511081
0.3280572910112135
0.3278748530765151
0.32769242423913036
0.32751000167213834
0.3273275825294739
0.32714516394581894
0.3269627430364938
0.32678031689734854
0.3265978826046514
0.32641543721497923
0.32623297776510474
0.3260505012718842
0.32586800473214456
0.32568548512257
0.3255029393995858
0.3253203644992453
0.3251377573371126
0.32495511480814737
0.3247724337865867
0.32458971112582913
0.324406943658315
0.32422412819540936
0.32404126152728296
0.32385834042279193
0.32367536162935895
0.3234923218728532
0.32330921785746847
0.32312604626560437
0.32294280375774365
0.32275948697233164
0.3225760925256543
0.3223926170117167
0.32220905700212055
0.32202540904594296
0.3218416696696138
0.3216578353767929
0.32147390264824854
0.321289867941736
0.3211057276918727
0.32092147831001866
0.3207371161841538
0.32055263767875575
0.3203680391346784
0.3201833168690302
0.3199984671750544
0.3198134863220065
0.3196283705550356
0.319443116095063
0.31925771913866396
0.3190721758579482
0.31888648240044165
0.31870063488896827
0.31851462942153363
0.31832846207120813
0.3181421288860115
0.3179556258887981
0.31776894907714237
0.3175820944232262
0.31739505787372724
0.31720783534970765
0.3170204227465032
0.3168328159336157
0.3166450107546048
0.3164570030269819
0.31626878854210444
0.31608036306507276
0.3158917223346276
0.3157028620630493
0.3155137779360587
0.31532446561271976
0.31513492072534244
0.31494513887939035
0.3147551156533868
0.31456484659882494
0.31437432724007897
0.31418355307431817
0.3139925195714213
0.31380122217389544
0.3136096562967953
0.3134178173276453
0.3132257006263639
0.3130333015251917
0.3128406153286195
0.31264763731332085
0.31245436272808724
0.31226078679376484
0.3120669047031951
0.3118727116211576
0.31167820268431623
0.3114833730011687
0.3112882176519978
0.3110927316888278
0.3108969101353823
0.31070074798704683
0.3105042402108338
0.31030738174535205
0.3101101675007788
0.30991259235883606
0.3097146511727714
0.30951633876733986
0.30931764993879396
0.3091185794548738
0.30891912205480376
0.30871927244929226
0.30851902532053566
0.3083183753222281
0.30811731707957263
0.3079158451893007
0.30771395421969316
0.3075116387106076
0.30730889317350996
0.3071057120915109
0.30690208991940715
0.30669802108372834
0.3064934999827886
0.306288520986743
0.30608307843764987
0.30587716664953873
0.30567077990848246
0.3054639124726766
0.30525655857252293
0.3050487124107198
0.3048403681623579
0.30463151997502136
0.30442216196889577
0.3042122882368824
0.304001892844717
0.3037909698310962
0.3035795132078115
0.30336751695988534
0.30315497504571864
0.30294188139724254
0.3027282299200761
0.30251401449369264
0.30229922897159106
0.30208386718147673
0.30186792292544506
0.30165138998017726
0.3014342620971388
0.3012165330027893
0.30099819639879516
0.3007792459622531
0.300559675345921
0.30033947817845336
0.3001186480646483
0.29989717858569903
0.2996750632994556
0.29945229574069254
0.2992288694213857
0.2990047778309973
0.2987800144367672
0.29855457268401525
0.2983284459964488
0.29810162777648136
0.2978741114055572
0.29764589024448657
0.2974169576337873
0.2971873068940372
0.29695693132623313
0.2967258242121606
0.29649397881476963
0.2962613883785631
0.2960280461299909
0.29579394527785424
0.2955590790137192
0.29532344051233894
0.29508702293208566
0.2948498194153911
0.29461182308919676
0.29437302706541363
0.2941334244413908
0.29389300830039405
0.2936517717120938
0.2934097077330621
0.2931668094072811
0.29292306976665855
0.2926784818315547
0.29243303861131953
0.292186733104838
0.2919395583010874
0.29169150717970205
0.29144257271155094
0.29119274785932303
0.2909420255781243
0.2906903988160836
0.29043786051497045
0.29018440361082115
0.2899300210345766
0.28967470571272996
0.28941845056798493
0.2891612485199242
0.2889030924856887
0.2886439753806675
0.28838389011919785
0.28812282961527635
0.28786078678327964
0.28759775453869907
0.2873337257988814
0.28706869348378444
0.2868026505167408
0.2865355898252348
0.2862675043416883
0.2859983870042595
0.2857282307576504
0.28545702855392846
0.28518477335335585
0.28491145812523233
0.2846370758487499
0.28436161951385563
0.2840850821221284
0.2838074566876665
0.283528736237986
0.28324891381493117
0.28296798247559546
0.28268593529325464
0.28240276535831216
0.28211846577925376
0.2818330296836166
0.281546450218968
0.2812587205538964
0.28096983387901325
0.280679783407969
0.28038856237847776
0.2800961640533559
0.27980258172157113
0.27950780869930464
0.2792118383310243
0.27891466399056897
0.2786162790822466
0.2783166770419427
0.27801585133824125
0.27771379547355723
0.27741050298528136
0.2771059674469375
0.27680018246935006
0.2764931417018248
0.2761848388333415
0.27587526759375824
0.27556442175502727
0.2752522951324239
0.2749388815857854
0.2746241750207634
0.2743081693900886
0.2739908586948446
0.2736722369857554
0.2733522983644856
0.2730310369849502
0.2727084470546366
0.272384522835939
0.27205925864750274
0.2717326488655832
0.27140468792541106
0.2710753703225739
0.27074469061440554
0.2704126434213882
0.27007922342856516
0.26974442538696364
0.2694082441150296
0.26907067450007205
0.2687317114997192
0.2683913501433822
0.2680495855337338
0.2677064128481911
0.26736182734041375
0.2670158243418069
0.26666839926303754
0.26631954759555765
0.2659692649131376
0.26561754687340783
0.2652643892194088
0.26490978778114965
0.26455373847717556
0.2641962373161413
0.26383728039839416
0.26347686391756164
0.2631149841621494
0.26275163751714165
0.26238682046561174
0.262020529590336
0.2616527615754137
0.26128351320789256
0.26091278137939905
0.26054056308777207
0.26016685543870144
0.25979165564737045
0.25941496104009865
0.25903676905599116
0.2586570772485868
0.2582758832875096
0.25789318496012015
0.257508980173169
0.25712326695444887
0.256736043454447
0.25634730794799565
0.2559570588359212
0.25556529464669214
0.25517201403806244
0.2547772157987122
0.25438089884988413
0.2539830622470149
0.25358370518136186
0.2531828269816218
0.25278042711554527
0.25237650519154076
0.2519710609602729
0.2515640943162488
0.25115560529939795
0.25074559409663877
0.2503340610434342
0.249921006625337
0.24950643147951923
0.24909033639628972
0.248672722320597
0.24825359035351563
0.2478329417537164
0.24741077793892025
0.2469871004873325
0.24656191113905968
0.24613521179750508
0.24570700453074462
0.24527729157287975
0.24484607532536917
0.24441335835833544
0.24397914341184745
0.24354343339717963
0.24310623139803986
0.2426675406717756
0.2422273646505474
0.24178570694247498
0.24134257133275394
0.24089796178473755
0.24045188244099192
0.2400043376243124
0.23955533183871003
0.23910486977035983
0.23865295628851507
0.2381995964463848
0.23774479548197003
0.2372885588188658
0.2368308920670193
0.23637180102344935
0.2359112916729233
0.23544937018859197
0.23498604293258
0.2345213164565318
0.23405519750211343
0.23358769300146626
0.2331188100776145
0.23264855604482543
0.2321769384089192
0.23170396486752945
0.23122964331031448
0.23075398181911588
0.23027698866806545
0.2297986723236397
0.22931904144466028
0.2288381048822407
0.22835587167967755
0.2278723510722868
0.2273875524871825
0.22690148554300157
0.22641416004956694
0.22592558600749635
0.22543577360775077
0.2249447332311249
0.22445247544767624
0.2239590110160975
0.22346435088302444
0.22296850618228722
0.2224714882340974
0.22197330854417613
0.22147397880281833
0.22097351088389655
0.2204719168438029
0.21996920892032695
0.21946539953147381
0.21896050127421735
0.21845452692319237
0.2179474894293239
0.21743940191839314
0.21693027768954282
0.2164201302137181
0.21590897313204677
0.21539682025415624
0.21488368555643025
0.21436958318020313
0.2138545274298917
0.21333853277106896
0.21282161382847525
0.21230378538397027
0.21178506237442474
0.21126545988955447
0.21074499316969403
0.21022367760351446
0.20970152872568248
0.20917856221446324
0.20865479388926905
0.20813023970814887
0.2076049157652288
0.20707883828809576
0.2065520236351294
0.20602448829278247
0.2054962488728111
0.2049673221094549
0.20443772485656855
0.2039074740847059
0.20337658687815857
0.20284508043194713
0.2023129720487709
0.20178027913591312
0.20124701920210464
0.20071320985434904
0.20017886879470576
0.1996440138170387
0.19910866280372627
0.19857283372233758
0.1980365446222751
0.19749981363138563
0.19696265895253898
0.1964250988601809
0.19588715169685478
0.19534883586970003
0.19481016984692606
0.19427117215426026
0.1937318613713793
0.1931922561283179
0.19265237510185967
0.1921122370119127
0.1915718606178704
0.19103126471495857
0.19049046813057113
0.1899494897205969
0.18940834836573753
0.18886706296782024
0.18832565244610447
0.18778413573358713
0.18724253177330477
0.18670085951463838
0.18615913790961902
0.1856173859092373
0.185075622459758
0.18453386649904407
0.18399213695288638
0.18345045273134647
0.1829088327251095
0.1823672958018532
0.18182586080263008
0.181284546538268
0.18074337178578864
0.18020235528484704
0.17966151573419115
0.1791208717881473
0.1785804420531273
0.17804024508416455
0.17750029938147652
0.17696062338705587
0.17642123548129407
0.17588215397963475
0.17534339712926245
0.17480498310582412
0.17426693001018861
0.17372925586524113
0.17319197861271882
0.17265511611008338
0.1721186861274371
0.1715827063444786
0.17104719434750376
0.17051216762644894
0.16997764357198206
0.16944363947263621
0.1689101725119958
0.16837725976592366
0.1678449181998458
0.16731316466607815
0.16678201590120983
0.166251488523535
0.16572159903053707
0.16519236379642818
0.1646637990697391
0.16413592097096644
0.16360874549027243
0.16308228848524192
0.1625565656786942
0.16203159265655157
0.1615073848657647
0.16098395761229545
0.16046132605915805
0.15993950522451558
0.15941850997983806
0.15889835504811659
0.15837905500213723
0.15786062426281325
0.15734307709757692
0.15682642761882903
0.15631068978244997
0.15579587738636635
0.15528200406918097
0.15476908330885777
0.1542571284214692
0.15374615255999943
0.1532361687132091
0.15272718970455648
0.15221922819117817
0.15171229666292702
0.15120640744146857
0.15070157267943465
0.15019780435963398
0.1496951142943201
0.14919351412451493
0.1486930153193894
0.14819362917569795
0.14769536681727016
0.14719823919455555
0.1467022570842224
0.14620743108881148
0.14571377163644056
0.14522128898056327
0.1447299931997791
0.14423989419769354
0.14375100170283023
0.14326332526859265
0.14277687427327335
0.14229165792011444
0.14180768523741266
0.14132496507867442
0.14084350612281507
0.14036331687440487
0.1398844056639586
0.13940678064827045
0.13893044981079083
0.1384554209620475
0.137981701740105
0.13750929961106878
0.13703822186962572
0.1365684756396266
0.13610006787470502
0.13563300535893424
0.135167294707521
0.13470294236753466
0.13423995461867094
0.13377833757405133
0.1333180971810522
0.1328592392221702
0.13240176931591702
0.13194569291774372
0.13149101532099738
0.1310377416579045
0.13058587690058304
0.13013542586208196
0.1296863931974464
0.12923878340480807
0.12879260082650196
0.12834784965020415
0.12790453391009413
0.1274626574880398
0.12702222411480102
0.12658323737125687
0.12614570068964984
0.12570961735485003
0.1252749905056379
0.12484182313600148
0.12441011809645408
0.12397987809536405
0.12355110570030035
0.12312380333939402
0.12269797330270989
0.12227361774363357
0.12185073868026837
0.12142933799684458
0.12100941744513843
0.1205909786459014
0.1201740230902974
0.11975855214135003
0.11934456703539575
0.11893206888354467
0.11852105867314863
0.11811153726927343
0.11770350541617718
0.11729696373879275
0.11689191274421469
0.11648835282318795
0.11608628425160103
0.11568570719198049
0.1152866216949868
0.11488902770091154
0.11449292504117536
0.11409831343982547
0.11370519251503257
0.11331356178058771
0.11292342064739617
0.11253476842497076
0.11214760432292178
0.11176192745244443
0.11137773682780344
0.11099503136781273
0.1106138098973121
0.11023407114863885
0.10985581376309522
0.10947903629240852
0.1091037372001884
0.10872991486337563
0.10835756757368639
0.10798669353904883
0.10761729088503189
0.10724935765626915
0.10688289181787304
0.10651789125684136
0.10615435378345667
0.10579227713267597
0.10543165896551258
0.10507249687040854
0.10471478836459848
0.10435853089546249
0.10400372184187176
0.10365035851552187
0.10329843816225817
0.10294795796338888
0.10259891503698987
0.10225130643919726
0.10190512916548963
0.10156038015196008
0.10121705627657598
0.10087515436042875
0.1005346711689713
0.10019560341324465
0.09985794775109295
0.0995217007883666
0.09918685908011349
0.09885341913175859
0.09852137740027204
0.09819073029532432
0.09786147418042958
0.09753360537407776
0.09720712015085295
0.09688201474254074
0.09655828533922238
0.09623592809035755
0.09591493910585372
0.09559531445712383
0.09527705017813096
0.09496014226642115
0.09464458668414372
0.09433037935905789
0.09401751618552905
0.0937059930255109
0.09339580570951528
0.09308695003757084
0.09277942178016761
0.09247321667918999
0.09216833044883796
0.09186475877653427
0.09156249732382078
0.09126154172724263
0.0909618875992185
0.09066353052890044
0.09036646608302072
0.09007068980672646
0.08977619722440291
0.08948298384048416
0.08919104514025163
0.08890037659062179
0.08861097364092083
0.0883228317236487
0.08803594625523037
0.08775031263675658
0.08746592625471229
0.08718278248169406
0.08690087667711577
0.08662020418790349
0.08634076034917909
0.08606254048493177
0.0857855399086802
0.0855097539241224
0.08523517782577511
0.08496180689960288
0.08468963642363571
0.08441866166857664
0.08414887789839873
0.08388028037093148
0.08361286433843719
0.08334662504817696
0.08308155774296641
0.08281765766172217
0.08255492003999715
0.08229334011050705
0.08203291310364728
0.08177363424799915
0.08151549877082737
0.0812585018985686
0.08100263885730928
0.08074790487325557
0.08049429517319369
0.0802418049849409
0.0799904295377884
0.07974016406293478
0.07949100379391091
0.07924294396699642
0.0789959798216274
0.07875010660079641
0.07850531955144316
0.07826161392483766
0.0780189849769556
0.07777742796884464
0.07753693816698458
0.07729751084363738
0.07705914127719203
0.07682182475250021
0.07658555656120461
0.07635033200206104
0.07611614638125161
0.07588299501269201
0.07565087321833144
0.07541977632844499
0.07518969968191982
0.07496063862653454
0.07473258851923112
0.07450554472638121
0.07427950262404552
0.07405445759822665
0.07383040504511591
0.07360734037133404
0.07338525899416479
0.07316415634178434
0.0729440278534828
0.07272486897988152
0.07250667518314341
0.07228944193717816
0.07207316472784223
0.07185783905313226
0.07164346042337445
0.07143002436140738
0.07121752640276058
0.07100596209582706
0.07079532700203182
0.07058561669599425
0.07037682676568623
0.07016895281258614
0.06996199045182586
0.06975593531233616
0.06955078303698486
0.06934652928271201
0.0691431697206601
0.06894070003630012
0.06873911592955302
0.06853841311490726
0.06833858732153264
0.06813963429338864
0.0679415497893304
0.06774432958321007
0.0675479694639741
0.06735246523575712
0.06715781271797228
0.06696400774539694
0.06677104616825627
0.06657892385230221
0.06638763667888938
0.06619718054504779
0.06600755136355178
0.06581874506298604
0.06563075758780862
0.06544358489841004
0.06525722297117038
0.06507166779851245
0.06488691538895233
0.06470296176714752
0.0645198029739413
0.06433743506640513
0.0641558541178776
0.06397505621800166
0.06379503747275776
0.06361579400449659
0.06343732195196682
0.06325961747034231
0.06308267673124607
0.06290649592277181
0.06273107124950353
0.06255639893253248
0.062382475209472175
0.06220929633447123
0.062036858578224024
0.061865158227978896
0.06169419158754491
0.06152395497729639
0.06135444473417575
0.06118565721169354
0.06101758877992785
0.06085023582552084
0.060683594751674313
0.06051766197814289
0.06035243394122629
0.06018790709375879
0.060024077905098144
0.05986094286111232
0.059698498464165105
0.05953674123309935
0.05937566770322032
0.059215274426275694
0.05905555797043559
0.058896514920270704
0.05873814187672894
0.05858043545711111
0.0584233922950449
0.05826700904045842
0.058111282359551486
0.05795620893476637
0.057801785464757505
0.05764800866435946
0.057494875264554726
0.05734238201243925
0.05719052567118822
0.057039303020019715
0.0568887108541587
0.05673874598479815
0.056589405239061336
0.05644068545996185
0.05629258350636309
0.056145096252936934
0.05599822059012227
0.05585195342408101
0.05570629167665519
0.05556123228532217
0.055416772203149736
0.0552729083987499
0.055129637856232525
0.05498695757515804
0.05484486457048959
0.054703355872544435
0.05456242852694493
0.054422079594568976
0.05428230615149934
0.05414310528897352
0.054004474113331764
0.053866409745965585
0.05372890932326544
0.05359196999656797
0.05345558893210266
0.05331976331093807
0.05318449032892799
0.053049767196656855
0.052915591139384814
0.05278195939699226
0.05264886922392478
0.05251631788913659
0.05238430267603461
0.052252820882421794
0.05212186982044015
0.05199144681651367
0.05186154921129076
0.05173217435958673
0.05160331963032552
0.05147498240648188
0.05134716008502277
0.051219850076848567
0.05109304980673479
0.050966756713272485
0.05084096824880956
0.050715681879391156
0.050590895084700285
0.050466605357998205
0.05034281020606481
0.05021950714913849
0.05009669372085638
0.04997436746819432
