0.5115243341877826
0.5583803502878455
0.5483891587219881
0.5405358665750948
0.5345670995936949
0.5301187361595958
0.52685342626748
0.5244837053784286
0.5227781656698096
0.5215577752900518
0.5206878492982687
0.5200690562794801
0.5196291641969206
0.5193161717568415
0.51909290939686
0.5189329451069059
0.5188175521803151
0.518733498965778
0.5186714553188758
0.5186248523852097
0.5185890710936799
0.5185608667768109
0.5185379623151466
0.5185187610122204
0.5185021442608734
0.5184873291193726
0.5184737681463811
0.5184610790073348
0.5184489950350415
0.5184373305276819
0.5184259564054701
0.5184147831443371
0.5184037488192307
0.5183928107334306
0.5183819395633278
0.5183711152667644
0.5183603242270438
0.5183495572621531
0.5183388082393297
0.5183280731127715
0.518317349256817
0.5183066350051782
0.5182959293336568
0.5182852316425941
0.5182745416084915
0.5182638590834779
0.518253184027775
0.5182425164648192
0.5182318564518751
0.5182212040611696
0.5182105593681184
0.518199922444289
0.5181892933534803
0.5181786721498226
0.518168058877153
0.5181574535691655
0.5181468562500096
0.5181362669351183
0.5181256856321317
0.5181151123418264
0.518104547059006
0.5180939897733214
0.5180834404700112
0.5180728991305549
0.518062365733248
0.5180518402536971
0.5180413226652469
0.5180308129393445
0.5180203110458494
0.518009816953297
0.5179993306291191
0.5179888520398314
0.5179783811511899
0.5179679179283235
0.5179574623358429
0.5179470143379339
0.5179365738984331
0.5179261409808934
0.5179157155486367
0.5179052975647985
0.5178948869923654
0.5178844837942055
0.5178740879330935
0.5178636993717334
0.5178533180727746
0.5178429439988269
0.517832577112473
0.5178222173762781
0.5178118647527971
0.5178015192045835
0.5177911806941932
0.5177808491841888
0.5177705246371448
0.5177602070156495
0.5177498962823073
0.517739592399741
0.5177292953305934
0.517719005037528
0.5177087214832305
0.5176984446304088
0.5176881744417945
0.5176779108801418
0.5176676539082292
0.5176574034888581
0.5176471595848546
0.5176369221590675
0.5176266911743694
0.5176164665936565
0.5176062483798474
0.5175960364958843
0.5175858309047312
0.5175756315693748
0.5175654384528233
0.517555251518107
0.5175450707282763
0.5175348960464035
0.5175247274355805
0.5175145648589197
0.5175044082795528
0.5174942576606308
0.5174841129653239
0.5174739741568198
0.517463841198325
0.5174537140530633
0.5174435926842753
0.5174334770552191
0.5174233671291683
0.517413262869413
0.5174031642392588
0.5173930712020259
0.5173829837210493
0.517372901759679
0.5173628252812777
0.5173527542492223
0.5173426886269024
0.5173326283777202
0.5173225734650899
0.5173125238524379
0.5173024795032017
0.5172924403808297
0.5172824064487809
0.5172723776705241
0.5172623540095381
0.5172523354293113
0.5172423218933401
0.5172323133651302
0.517222309808195
0.517212311186055
0.5172023174622392
0.5171923286002823
0.5171823445637259
0.5171723653161177
0.5171623908210106
0.5171524210419629
0.5171424559425382
0.5171324954863034
0.5171225396368304
0.5171125883576944
0.517102641612473
0.5170926993647481
0.5170827615781026
0.5170728282161221
0.5170628992423932
0.5170529746205048
0.5170430543140451
0.5170331382866036
0.5170232265017694
0.5170133189231317
0.517003415514278
0.5169935162387956
0.5169836210602693
0.5169737299422823
0.5169638428484153
0.5169539597422464
0.51694408058735
0.5169342053472973
0.5169243339856555
0.516914466465987
0.5169046027518505
0.5168947428067977
0.5168848865943766
0.5168750340781281
0.516865185221587
0.5168553399882814
0.5168454983417325
0.5168356602454536
0.5168258256629499
0.5168159945577192
0.5168061668932495
0.5167963426330207
0.5167865217405023
0.5167767041791543
0.5167668899124267
0.5167570789037588
0.5167472711165784
0.5167374665143021
0.516727665060335
0.5167178667180699
0.5167080714508865
0.5166982792221522
0.5166884899952207
0.5166787037334317
0.5166689204001115
0.5166591399585713
0.5166493623721073
0.5166395876040012
0.5166298156175181
0.5166200463759072
0.516610279842402
0.5166005159802186
0.5165907547525558
0.516580996122595
0.5165712400534999
0.5165614865084149
0.516551735450467
0.516541986842763
0.5165322406483904
0.5165224968304177
0.5165127553518917
0.5165030161758397
0.5164932792652677
0.5164835445831595
0.5164738120924786
0.5164640817561648
0.5164543535371361
0.5164446273982878
0.5164349033024913
0.516425181212595
0.5164154610914223
0.516405742901773
0.5163960266064215
0.5163863121681174
0.5163765995495844
0.5163668887135204
0.5163571796225969
0.5163474722394588
0.5163377665267233
0.5163280624469812
0.5163183599627944
0.5163086590366971
0.5162989596311947
0.5162892617087638
0.5162795652318513
0.5162698701628744
0.5162601764642207
0.5162504840982465
0.5162407930272778
0.5162311032136089
0.5162214146195028
0.5162117272071904
0.5162020409388702
0.5161923557767079
0.5161826716828357
0.5161729886193529
0.5161633065483243
0.5161536254317811
0.5161439452317191
0.5161342659100997
0.5161245874288484
0.516114909749855
0.5161052328349733
0.5160955566460206
0.516085881144777
0.5160762062929857
0.5160665320523515
0.516056858384542
0.5160471852511858
0.516037512613873
0.5160278404341542
0.516018168673541
0.5160084972935043
0.5159988262554751
0.5159891555208438
0.5159794850509596
0.5159698148071303
0.5159601447506219
0.5159504748426578
0.5159408050444193
0.5159311353170446
0.5159214656216287
0.5159117959192226
0.5159021261708334
0.5158924563374236
0.515882786379911
0.515873116259168
0.5158634459360217
0.515853775371253
0.5158441045255964
0.5158344333597398
0.5158247618343237
0.5158150899099418
0.5158054175471393
0.5157957447064131
0.5157860713482119
0.515776397432935
0.5157667229209327
0.5157570477725053
0.5157473719479029
0.5157376954073254
0.5157280181109214
0.5157183400187884
0.515708661090972
0.5156989812874666
0.515689300568213
0.5156796188931
0.5156699362219629
0.5156602525145837
0.5156505677306902
0.5156408818299559
0.5156311947719996
0.5156215065163852
0.5156118170226209
0.5156021262501592
0.5155924341583966
0.5155827407066721
0.5155730458542687
0.5155633495604117
0.5155536517842684
0.5155439524849481
0.5155342516215018
0.5155245491529212
0.515514845038139
0.5155051392360283
0.5154954317054017
0.5154857224050116
0.5154760112935496
0.5154662983296464
0.5154565834718706
0.5154468666787289
0.5154371479086657
0.5154274271200627
0.5154177042712389
0.5154079793204484
0.515398252225883
0.5153885229456694
0.5153787914378695
0.5153690576604801
0.5153593215714334
0.5153495831285948
0.5153398422897637
0.515330099012673
0.5153203532549887
0.5153106049743088
0.5153008541281645
0.5152911006740177
0.5152813445692628
0.5152715857712242
0.5152618242371579
0.5152520599242495
0.5152422927896148
0.5152325227902987
0.5152227498832757
0.5152129740254485
0.5152031951736487
0.5151934132846349
0.5151836283150939
0.5151738402216395
0.5151640489608122
0.5151542544890788
0.5151444567628318
0.5151346557383898
0.5151248513719959
0.5151150436198184
0.5151052324379498
0.5150954177824061
0.5150855996091281
0.5150757778739784
0.5150659525327431
0.5150561235411304
0.5150462908547706
0.5150364544292155
0.5150266142199382
0.5150167701823323
0.515006922271712
0.5149970704433113
0.514987214652284
0.5149773548537029
0.5149674910025593
0.5149576230537636
0.5149477509621433
0.514937874682444
0.5149279941693283
0.5149181093773756
0.5149082202610816
0.5148983267748579
0.5148884288730317
0.5148785265098453
0.5148686196394557
0.5148587082159344
0.5148487921932663
0.5148388715253504
0.5148289461659984
0.5148190160689352
0.5148090811877973
0.5147991414761335
0.5147891968874039
0.5147792473749795
0.5147692928921426
0.5147593333920846
0.514749368827908
0.5147393991526239
0.5147294243191523
0.5147194442803222
0.5147094589888708
0.5146994683974426
0.5146894724585898
0.5146794711247714
0.5146694643483529
0.5146594520816059
0.5146494342767078
0.5146394108857412
0.5146293818606931
0.5146193471534555
0.5146093067158244
0.5145992604994989
0.5145892084560818
0.5145791505370783
0.5145690866938957
0.514559016877844
0.5145489410401339
0.5145388591318776
0.5145287711040876
0.514518676907677
0.5145085764934582
0.5144984698121435
0.5144883568143439
0.514478237450569
0.5144681116712259
0.5144579794266202
0.5144478406669544
0.5144376953423275
0.5144275434027356
0.5144173847980699
0.5144072194781175
0.514397047392561
0.514386868490977
0.5143766827228364
0.5143664900375047
0.5143562903842394
0.5143460837121924
0.5143358699704066
0.5143256491078183
0.5143154210732547
0.5143051858154343
0.5142949432829664
0.5142846934243508
0.5142744361879767
0.5142641715221233
0.5142538993749585
0.5142436196945386
0.5142333324288088
0.5142230375256008
0.5142127349326348
0.5142024245975165
0.514192106467739
0.5141817804906812
0.5141714466136069
0.5141611047836655
0.5141507549478906
0.5141403970532002
0.5141300310463962
0.514119656874163
0.5141092744830684
0.5140988838195625
0.5140884848299772
0.5140780774605261
0.5140676616573034
0.514057237366284
0.5140468045333231
0.5140363631041555
0.5140259130243949
0.5140154542395344
0.5140049866949447
0.5139945103358746
0.5139840251074506
0.5139735309546757
0.5139630278224293
0.5139525156554675
0.5139419943984216
0.5139314639957975
0.5139209243919762
0.5139103755312135
0.5138998173576376
0.5138892498152511
0.5138786728479288
0.5138680863994181
0.5138574904133382
0.5138468848331798
0.5138362696023043
0.5138256446639439
0.5138150099612006
0.5138043654370461
0.5137937110343213
0.5137830466957354
0.5137723723638659
0.5137616879811581
0.5137509934899243
0.5137402888323439
0.5137295739504621
0.5137188487861901
0.5137081132813047
0.5136973673774471
0.5136866110161233
0.5136758441387028
0.5136650666864192
0.5136542786003679
0.5136434798215082
0.5136326702906602
0.5136218499485061
0.5136110187355891
0.5136001765923129
0.5135893234589414
0.5135784592755979
0.5135675839822649
0.5135566975187835
0.5135457998248532
0.513534890840031
0.5135239705037309
0.5135130387552237
0.5135020955336369
0.513491140777953
0.5134801744270099
0.5134691964195005
0.5134582066939721
0.5134472051888255
0.5134361918423147
0.5134251665925464
0.5134141293774801
0.5134030801349267
0.5133920188025486
0.5133809453178587
0.5133698596182207
0.5133587616408476
0.5133476513228024
0.5133365286009961
0.5133253934121884
0.5133142456929876
0.5133030853798477
0.5132919124090711
0.5132807267168056
0.5132695282390454
0.5132583169116293
0.5132470926702415
0.5132358554504105
0.5132246051875082
0.5132133418167506
0.5132020652731955
0.5131907754917435
0.5131794724071371
0.5131681559539599
0.5131568260666364
0.5131454826794308
0.513134125726448
0.5131227551416314
0.5131113708587631
0.5130999728114639
0.5130885609331919
0.5130771351572424
0.5130656954167475
0.5130542416446753
0.5130427737738298
0.5130312917368494
0.5130197954662081
0.513008284894213
0.5129967599530053
0.512985220574559
0.5129736666906808
0.5129620982330091
0.5129505151330138
0.5129389173219959
0.5129273047310867
0.5129156772912474
0.5129040349332682
0.5128923775877687
0.5128807051851962
0.5128690176558265
0.5128573149297615
0.5128455969369308
0.5128338636070897
0.5128221148698191
0.5128103506545253
0.5127985708904388
0.5127867755066142
0.5127749644319297
0.5127631375950864
0.5127512949246076
0.5127394363488387
0.5127275617959465
0.5127156711939181
0.5127037644705614
0.5126918415535038
0.5126799023701916
0.51266794684789
0.512655974913682
0.5126439864944685
0.5126319815169671
0.5126199599077117
0.5126079215930525
0.5125958664991545
0.5125837945519978
0.5125717056773764
0.5125595998008987
0.5125474768479853
0.5125353367438699
0.512523179413598
0.5125110047820265
0.5124988127738236
0.5124866033134672
0.5124743763252453
0.5124621317332553
0.5124498694614027
0.512437589433402
0.512425291572774
0.5124129758028477
0.5124006420467573
0.5123882902274439
0.5123759202676533
0.512363532089936
0.5123511256166468
0.5123387007699441
0.5123262574717892
0.5123137956439454
0.5123013152079788
0.5122888160852561
0.5122762981969449
0.5122637614640124
0.5122512058072264
0.5122386311471527
0.5122260374041562
0.5122134244983991
0.5122007923498412
0.5121881408782387
0.5121754700031441
0.5121627796439052
0.5121500697196648
0.5121373401493603
0.5121245908517222
0.5121118217452749
0.5120990327483347
0.5120862237790103
0.5120733947552019
0.5120605455945999
0.5120476762146855
0.5120347865327294
0.5120218764657911
0.5120089459307189
0.5119959948441483
0.5119830231225028
0.511970030681992
0.511957017438612
0.5119439833081438
0.5119309282061537
0.5119178520479919
0.5119047547487926
0.5118916362234726
0.5118784963867314
0.5118653351530507
0.5118521524366926
0.5118389481517003
0.5118257222118969
0.5118124745308851
0.511799205022046
0.5117859135985391
0.5117726001733014
0.511759264659047
0.511745906968266
0.5117325270132245
0.5117191247059634
0.5117056999582984
0.5116922526818186
0.511678782787887
0.5116652901876385
0.5116517747919803
0.5116382365115913
0.5116246752569202
0.511611090938187
0.5115974834653803
0.5115838527482572
0.5115701986963443
0.5115565212189351
0.5115428202250896
0.5115290956236347
0.5115153473231627
0.5115015752320314
0.5114877792583623
0.5114739593100412
0.5114601152947167
0.5114462471198
0.5114323546924642
0.5114184379196433
0.5114044967080325
0.511390530964086
0.5113765405940178
0.5113625255038008
0.5113484855991648
0.5113344207855979
0.5113203309683445
0.5113062160524048
0.5112920759425345
0.511277910543244
0.5112637197587977
0.511249503493213
0.5112352616502607
0.5112209941334628
0.5112067008460933
0.5111923816911765
0.511178036571487
0.5111636653895486
0.5111492680476336
0.5111348444477626
0.5111203944917034
0.5111059180809705
0.5110914151168244
0.5110768855002705
0.5110623291320598
0.5110477459126863
0.5110331357423873
0.5110184985211433
0.5110038341486762
0.510989142524449
0.5109744235476656
0.51095967711727
0.5109449031319439
0.5109301014901089
0.5109152720899239
0.5109004148292844
0.5108855296058228
0.5108706163169067
0.5108556748596391
0.5108407051308566
0.5108257070271297
0.5108106804447617
0.5107956252797882
0.5107805414279755
0.5107654287848212
0.5107502872455526
0.5107351167051264
0.5107199170582273
0.5107046881992687
0.5106894300223901
0.510674142421458
0.5106588252900642
0.5106434785215258
0.5106281020088833
0.5106126956449013
0.5105972593220669
0.5105817929325889
0.5105662963683978
0.510550769521144
0.510535212282198
0.5105196245426491
0.5105040061933052
0.5104883571246909
0.5104726772270485
0.5104569663903353
0.5104412245042249
0.5104254514581044
0.510409647141075
0.5103938114419507
0.5103779442492579
0.5103620454512341
0.5103461149358279
0.510330152590697
0.510314158303209
0.5102981319604394
0.5102820734491709
0.5102659826558936
0.5102498594668031
0.5102337037678005
0.5102175154444909
0.5102012943821834
0.5101850404658893
0.5101687535803225
0.5101524336098978
0.5101360804387304
0.5101196939506352
0.5101032740291256
0.5100868205574134
0.5100703334184071
0.5100538124947119
0.5100372576686282
0.5100206688221511
0.5100040458369699
0.5099873885944668
0.5099706969757158
0.5099539708614829
0.5099372101322243
0.5099204146680856
0.5099035843489017
0.5098867190541956
0.5098698186631769
0.5098528830547419
0.5098359121074724
0.5098189056996344
0.5098018637091779
0.5097847860137356
0.5097676724906225
0.5097505230168342
0.5097333374690471
0.5097161157236166
0.5096988576565763
0.5096815631436382
0.5096642320601902
0.5096468642812964
0.5096294596816957
0.509612018135801
0.5095945395176983
0.5095770237011458
0.509559470559573
0.5095418799660796
0.509524251793435
0.5095065859140768
0.5094888822001107
0.5094711405233084
0.5094533607551077
0.5094355427666112
0.509417686428585
0.5093997916114587
0.5093818581853231
0.5093638860199303
0.5093458749846929
0.5093278249486817
0.5093097357806261
0.5092916073489125
0.5092734395215832
0.509255232166336
0.5092369851505227
0.5092186983411481
0.5092003716048695
0.5091820048079954
0.5091635978164837
0.5091451504959423
0.5091266627116269
0.5091081343284403
0.5090895652109311
0.5090709552232939
0.5090523042293662
0.5090336120926289
0.509014878676205
0.5089961038428582
0.508977287454992
0.5089584293746489
0.5089395294635084
0.5089205875828877
0.5089016035937386
0.5088825773566477
0.5088635087318348
0.5088443975791525
0.5088252437580838
0.508806047127742
0.50878680754687
0.5087675248738375
0.5087481989666417
0.5087288296829047
0.5087094168798736
0.5086899604144185
0.5086704601430316
0.5086509159218264
0.5086313276065358
0.5086116950525118
0.5085920181147232
0.5085722966477559
0.5085525305058104
0.508532719542701
0.508512863611855
0.5084929625663115
0.5084730162587192
0.5084530245413362
0.5084329872660285
0.5084129042842684
0.5083927754471341
0.5083726006053075
0.5083523796090732
0.5083321123083178
0.5083117985525276
0.5082914381907888
0.5082710310717846
0.5082505770437953
0.5082300759546953
0.5082095276519536
0.5081889319826318
0.5081682887933825
0.508147597930448
0.5081268592396592
0.5081060725664336
0.508085237755776
0.5080643546522737
0.5080434231000989
0.508022442943004
0.5080014140243222
0.5079803361869658
0.5079592092734241
0.5079380331257629
0.507916807585622
0.507895532494215
0.507874207692327
0.5078528330203131
0.5078314083180975
0.5078099334251717
0.5077884081805925
0.5077668324229817
0.5077452059905238
0.5077235287209644
0.507701800451609
0.5076800210193215
0.507658190260522
0.5076363080111865
0.5076143741068443
0.5075923883825764
0.5075703506730147
0.5075482608123394
0.5075261186342788
0.507503923972106
0.5074816766586382
0.5074593765262354
0.5074370234067981
0.5074146171317657
0.5073921575321153
0.507369644438359
0.5073470776805435
0.5073244570882479
0.5073017824905814
0.5072790537161825
0.5072562705932162
0.5072334329493732
0.507210540611868
0.5071875934074367
0.5071645911623353
0.5071415337023382
0.507118420852736
0.5070952524383342
0.5070720282834504
0.5070487482119143
0.507025412047063
0.507002019611742
0.5069785707283013
0.506955065218595
0.506931502903978
0.5069078836053049
0.5068842071429276
0.506860473336694
0.5068366820059456
0.5068128329695151
0.5067889260457251
0.5067649610523859
0.5067409378067934
0.5067168561257268
0.5066927158254471
0.5066685167216944
0.5066442586296863
0.5066199413641157
0.5065955647391485
0.5065711285684217
0.5065466326650409
0.5065220768415785
0.5064974609100713
0.5064727846820188
0.5064480479683802
0.5064232505795724
0.5063983923254685
0.5063734730153943
0.5063484924581274
0.5063234504618936
0.5062983468343657
0.5062731813826601
0.5062479539133353
0.5062226642323897
0.5061973121452582
0.5061718974568106
0.5061464199713491
0.5061208794926058
0.5060952758237398
0.506069608767336
0.5060438781254012
0.5060180836993624
0.5059922252900638
0.5059663026977651
0.505940315722138
0.505914264162264
0.5058881478166322
0.505861966483136
0.505835719959071
0.5058094080411321
0.505783030525411
0.5057565872073931
0.505730077881956
0.5057035023433647
0.5056768603852709
0.5056501518007092
0.5056233763820944
0.505596533921219
0.5055696242092498
0.5055426470367261
0.5055156021935558
0.5054884894690129
0.5054613086517344
0.5054340595297185
0.5054067418903192
0.5053793555202466
0.5053519002055609
0.505324375731671
0.5052967818833314
0.5052691184446386
0.5052413851990286
0.5052135819292733
0.5051857084174775
0.5051577644450761
0.5051297497928304
0.5051016642408255
0.5050735075684666
0.5050452795544759
0.5050169799768895
0.5049886086130541
0.5049601652396234
0.5049316496325551
0.5049030615671075
0.5048744008178357
0.5048456671585895
0.5048168603625075
0.5047879802020169
0.504759026448827
0.5047299988739276
0.5047008972475848
0.504671721339338
0.5046424709179951
0.5046131457516303
0.5045837456075792
0.5045542702524368
0.5045247194520521
0.5044950929715256
0.5044653905752046
0.5044356120266806
0.5044057570887847
0.5043758255235836
0.5043458170923767
0.5043157315556918
0.5042855686732803
0.5042553282041153
0.5042250099063857
0.5041946135374932
0.5041641388540485
0.5041335856118665
0.5041029535659626
0.504072242470549
0.5040414520790307
0.5040105821440001
0.5039796324172342
0.5039486026496901
0.5039174925915003
0.5038863019919689
0.5038550305995673
0.5038236781619296
0.5037922444258487
0.5037607291372717
0.5037291320412953
0.5036974528821622
0.5036656914032552
0.5036338473470943
0.5036019204553313
0.5035699104687451
0.5035378171272384
0.5035056401698312
0.5034733793346577
0.5034410343589608
0.5034086049790882
0.5033760909304866
0.503343491947698
0.5033108077643543
0.5032780381131728
0.503245182725951
0.5032122413335622
0.5031792136659499
0.5031460994521236
0.5031128984201538
0.5030796102971662
0.5030462348093375
0.5030127716818901
0.5029792206390866
0.5029455814042252
0.5029118536996344
0.5028780372466677
0.5028441317656982
0.5028101369761139
0.5027760525963119
0.5027418783436929
0.5027076139346568
0.5026732590845965
0.5026388135078922
0.5026042769179068
0.5025696490269798
0.5025349295464221
0.5025001181865103
0.5024652146564809
0.5024302186645253
0.5023951299177831
0.5023599481223378
0.5023246729832094
0.50228930420435
0.5022538414886377
0.5022182845378701
0.502182633052759
0.5021468867329248
0.5021110452768899
0.5020751083820726
0.5020390757447819
0.5020029470602112
0.5019667220224314
0.501930400324386
0.5018939816578839
0.501857465713594
0.5018208521810389
0.5017841407485877
0.5017473311034507
0.5017104229316729
0.5016734159181278
0.5016363097465096
0.5015991040993294
0.5015617986579055
0.5015243931023602
0.5014868871116104
0.5014492803633629
0.5014115725341067
0.5013737632991073
0.501335852332399
0.501297839306779
0.5012597238937996
0.501221505763763
0.501183184585713
0.5011447600274288
0.5011062317554179
0.5010675994349091
0.5010288627298458
0.5009900213028791
0.5009510748153597
0.500912022927332
0.5008728652975265
0.5008336015833527
0.5007942314408915
0.5007547545248888
0.5007151704887473
0.5006754789845197
0.5006356796629015
0.5005957721732229
0.5005557561634425
0.5005156312801383
0.500475397168502
0.50043505347233
0.500394599834016
0.5003540358945449
0.5003133612934826
0.500272575668971
0.5002316786577181
0.5001906698949918
0.5001495490146108
0.5001083156489379
0.5000669694288715
0.5000255099838379
0.4999839369417832
0.49994224992916564
0.49990044857094734
0.49985853249058587
0.49981650131002753
0.499774354649697
0.49973209212849173
0.49968971336377177
0.4996472179713526
0.4996046055654962
0.49956187575890354
0.4995190281627051
0.4994760623864541
0.4994329780381163
0.49938977472406315
0.49934645204906214
0.49930300961626906
0.4992594470272188
0.4992157638818172
0.49917195977833284
0.49912803431338715
0.4990839870819473
0.49903981767731564
0.49899552569112304
0.4989511107133182
0.49890657233216007
0.49886191013420833
0.49881712370431497
0.4987722126256151
0.4987271764795179
0.498682014845698
0.498636727302086
0.49859131342485985
0.4985457727884355
0.4985001049654575
0.49845430952679115
0.49840838604151105
0.49836233407689445
0.49831615319840983
0.49826984296970916
0.4982234029526178
0.49817683270712515
0.49813013179137566
0.4980832997616591
0.49803633617240184
0.49798924057615623
0.4979420125235918
0.4978946515634861
0.4978471572427141
0.49779952910623987
0.49775176669710586
0.4977038695564242
0.4976558372233662
0.4976076692351536
0.49755936512704746
0.4975109244323406
0.49746234668234507
0.4974136314063852
0.4973647781317855
0.4973157863838622
0.4972666556859128
0.4972173855592062
0.4971679755229728
0.4971184250943953
0.49706873378859745
0.497018901118635
0.4969689265954854
0.4969188097280377
0.49686855002308294
0.49681814698530335
0.4967676001172626
0.4967169089193963
0.4966660728900006
0.4966150915252234
0.4965639643190534
0.4965126907633095
0.49646127034763193
0.4964097025594709
0.49635798688407673
0.49630612280448966
0.49625410980152945
0.496201947353785
0.4961496349376048
0.49609717202708514
0.4960445580940616
0.4959917926080971
0.49593887503647255
0.4958858048441761
0.49583258149389303
0.4957792044459948
0.4957256731585296
0.49567198708721055
0.49561814568540696
0.4955641484041328
0.4955099946920366
0.4954556839953906
0.49540121575808105
0.49534658942159754
0.4952918044250222
0.4952368602050193
0.49518175619582544
0.49512649182923807
0.4950710665346062
0.49501547973881876
0.4949597308662951
0.49490381933897404
0.49484774457630365
0.49479150599523036
0.4947351030101892
0.49467853503309284
0.49462180147332135
0.49456490173771156
0.4945078352305473
0.49445060135354785
0.4943931995058587
0.49433562908404044
0.49427788948205864
0.4942199800912733
0.4941619003004288
0.494103649495643
0.4940452270603977
0.493986632375528
0.493927864819211
0.4938689237669576
0.49380980859160034
0.49375051866328395
0.49369105334945534
0.49363141201485294
0.4935715940214967
0.493511598728678
0.4934514254929496
0.49339107366811535
0.4933305426052203
0.4932698316525401
0.49320894015557226
0.493147867457025
0.49308661289680744
0.4930251758120204
0.4929635555369457
0.4929017514030368
0.4928397627389094
0.49277758887033035
0.4927152291202096
0.49265268280858915
0.4925899492526344
0.4925270277666236
0.4924639176619397
0.4924006182470593
0.49233712882754416
0.492273448706032
0.49220957718222624
0.4921455135528876
0.49208125711182454
0.4920168071498837
0.491952162954942
0.49188732381189615
0.49182228900265434
0.49175705780612766
0.4916916294982207
0.49162600335182294
0.49156017863680035
0.49149415461998586
0.4914279305651721
0.4913615057331018
0.4912948793814599
0.491228050764865
0.4911610191348613
0.4910937837399105
0.49102634382538296
0.4909586986335512
0.4908908474035799
0.4908227893715204
0.49075452377030093
0.4906860498297204
0.4906173667764401
0.49054847383397593
0.49047937022269267
0.4904100551597948
0.4903405278593207
0.49027078753213466
0.4902008333859211
0.4901306646251762
0.4900602804512029
0.4899896800621035
0.4899188626527725
0.48984782741489186
0.4897765735369236
0.4897051002041039
0.4896334065984373
0.4895614918986909
0.4894893552803887
0.4894169959158059
0.4893444129739635
0.48927160562062294
0.4891985730182812
0.4891253143261656
0.489051828700229
0.4889781152931454
0.4889041732543045
0.48883000172980884
0.48875559986246786
0.4886809667917952
0.488606101654004
0.48853100358200346
0.4884556717053954
0.488380105150471
0.48830430304020656
0.48822826449426227
0.4881519886289776
0.4880754745573696
0.48799872138913036
0.48792172823062485
0.48784449418488807
0.48776701835162417
0.48768929982720405
0.4876113377046643
0.4875331310737059
0.48745467902069267
0.4873759806286514
0.4872970349772703
0.487217841142899
0.4871383981985484
0.4870587052138908
0.48697876125525985
0.4868985653856516
0.4868181166647244
0.48673741414880134
0.48665645689087
0.4865752439405848
0.48649377434426855
0.48641204714491465
0.486330061382189
0.48624781609243284
0.48616531030866544
0.48608254306058746
0.48599951337458397
0.48591622027372816
0.48583266277778514
0.4857488399032171
0.48566475066318626
0.48558039406756087
0.4854957691229204
0.48541087483255957
0.48532571019649623
0.4852402742114749
0.4851545658709758
0.4850685841652188
0.48498232808117336
0.48489579660256305
0.4848089887098752
0.4847219033803679
0.48463453958807884
0.484546896303834
0.4844589724952562
0.4843707671267757
0.48428227915963823
0.4841935075519167
0.484104451258521
0.48401510923120883
0.4839254804185975
0.4838355637661751
0.48374535821631304
0.4836548627082776
0.48356407617824404
0.4834729975593084
0.48338162578150295
0.4832899597718085
0.4831979984541697
0.4831057407495103
0.48301318557574796
0.4829203318478104
0.48282717847765094
0.4827337243742661
0.48263996844371204
0.48254590958912275
0.4824515467107271
0.4823568787058683
0.48226190446902273
0.48216662289181844
0.4820710328630562
0.48197513326872965
0.4818789229920458
0.4817824009134465
0.48168556591063066
0.48158841685857656
0.4814909526295645
0.4813931720931998
0.48129507411643846
0.48119665756360963
0.48109792129644174
0.4809988641740876
0.48089948505315094
0.4807997827877124
0.48069975622935723
0.48059940422720304
0.4804987256279277
0.48039771927579844
0.48029638401270125
0.48019471867817126
0.4800927221094227
0.47999039314138114
0.47988773060671375
0.479784733335863
0.4796814001570796
0.4795777298964556
0.4794737213779584
0.4793693734234666
0.4792646848528047
0.4791596544837795
0.4790542811322171
0.4789485636119998
0.47884250073510426
0.4787360913116412
0.47862933414989284
0.4785222280563552
0.47841477183577685
0.4783069642912018
0.47819880422401034
0.4780902904339629
0.47798142171924274
0.47787219687650034
0.47776261470089837
0.4776526739861571
0.4775423735246005
0.47743171210720414
0.47732068852364123
0.4772093015623325
0.47709755001049503
0.47698543265419147
0.47687294827838184
0.47676009566697364
0.47664687360287494
0.47653328086804697
0.4764193162435574
0.4763049785096357
0.47619026644572704
0.47607517883054923
0.47595971444214885
0.4758438720579593
0.4757276504548587
0.4756110484092289
0.47549406469701583
0.47537669809378924
0.4752589473748054
0.4751408113150683
0.47502228868939345
0.47490337827247114
0.4747840788389317
0.4746643891634107
0.4745443080206153
0.4744238341853916
0.4743029664327923
0.4741817035381459
0.4740600442771262
0.47393798742582255
0.4738155317608114
0.4736926760592286
0.4735694190988421
0.47344575965812585
0.4733216965163349
0.4731972284535803
0.4730723542509061
0.4729470726903661
0.4728213825551026
0.4726952826294242
0.4725687716988871
0.47244184855037463
0.4723145119721796
0.4721867607540858
0.47205859368745196
0.47193000956529574
0.47180100718237883
0.47167158533529174
0.4715417428225424
0.47141147844464226
0.47128079100419495
0.47114967930598584
0.4710181421570721
0.47088617836687396
0.470753786747266
0.47062096611267035
0.47048771528014977
0.4703540330695033
0.47021991830335963
0.4700853698072748
0.4699503864098285
0.4698149669427222
0.4696791102408774
0.46954281514253554
0.4694060804893584
0.46926890512652886
0.46913128790285324
0.46899322767086354
0.46885472328692235
0.46871577361132627
0.468576377508411
0.4684365338466589
0.46829624149880367
0.4681554993419402
0.4680143062576318
0.4678726611320198
0.4677305628559335
0.4675880103250016
0.4674450024397626
0.46730153810577807
0.4671576162337459
0.4670132357396132
0.46686839554469195
0.46672309457577377
0.46657733176524563
0.4664311060512075
0.466284416377589
0.46613726169426833
0.4659896409571903
0.4658415531284861
0.4656929971765939
0.4655439720763793
0.4653944768092571
0.4652445103633127
0.46509407173342576
0.46494315992139357
0.4647917739360536
0.4646399127934099
0.4644875755167571
0.4643347611368063
0.4641814686918112
0.46402769722769555
0.46387344579817924
0.46371871346490723
0.4635634992975775
0.46340780237406887
0.46325162178057194
0.4630949566117174
0.46293780597070683
0.4627801689694427
0.4626220447286599
0.4624634323780563
0.46230433105642565
0.46214473991178806
0.46198465810152334
0.46182408479250375
0.461663019161226
0.46150146039394563
0.46133940768681
0.4611768602459916
0.4610138172878228
0.46085027803892953
0.46068624173636524
0.4605217076277463
0.46035667497138605
0.4601911430364291
0.46002511110298705
0.45985857846227296
0.45969154441673593
0.4595240082801966
0.4593559693779818
0.45918742704705917
0.4590183806361733
0.4588488295059786
0.45867877302917615
0.4585082105906462
0.4583371415875847
0.45816556542963544
0.4579934815390261
0.4578208893507008
0.4576477883124547
0.45747417788506606
0.4573000575424309
0.4571254267716942
0.4569502850733835
0.4567746319615401
0.456598466963851
0.4564217896217796
0.4562445994906972
0.45606689614001233
0.45588867915330117
0.45570994812843546
0.4555307026777128
0.4553509424279827
0.45517066702077524
0.454989876112427
0.454808569374207
0.4546267464924419
0.45444440716864065
0.45426155111961775
0.454078178077616
0.45389428779042873
0.45370988002152096
0.4535249545501486
0.4533395111714787
0.4531535496967066
0.4529670699531748
0.45278007178448687
0.452592555050624
0.4524045196280579
0.45221596540986503
0.45202689230583637
0.45183730024258933
0.4516471891636762
0.4514565590296919
0.4512654098183809
0.4510737415247422
0.4508815541611331
0.45068884775737195
0.45049562236083895
0.45030187803657545
0.45010761486738227
0.4499128329539159
0.44971753241478374
0.4495217133866366
0.4493253760242615
0.44912852050067054
0.4489311470071897
0.44873325575354533
0.44853484696794826
0.44833592089717783
0.44813647780666205
0.4479365179805569
0.44773604172182413
0.44753504935230637
0.4473335412128001
0.44713151766312753
0.44692897908220597
0.4467259258681148
0.4465223584381608
0.4463182772289412
0.44611368269640445
0.44590857531590944
0.4457029555822811
0.4454968240098653
0.4452901811325807
0.4450830275039678
0.44487536369723735
0.44466719030531426
0.44445850794088
0.4442493172364137
0.44403961884422893
0.443829413436509
0.44361870170533946
0.4434074843627387
0.44319576214068457
0.4429835357911401
0.44277080608607533
0.442557573817487
0.44234383979741543
0.4421296048579593
0.4419148698512861
0.44169963564964204
0.4414839031453571
0.4412676732508489
0.44105094689862295
0.44083372504127005
0.44061600865146117
0.44039779872193874
0.4401790962655062
0.4399599023150137
0.4397402179233408
0.4395200441633774
0.4392993821279999
0.4390782329300458
0.4388565977022843
0.4386344775973853
0.4384118737878835
0.43818878746614015
0.43796521984430314
0.4377411721542615
0.4375166456475982
0.4372916415955406
0.4370661612889059
0.43684020603804474
0.4366137771727812
0.43638687604234994
0.4361595040153299
0.4359316624795746
0.43570335284214
0.435474576529208
0.4352453349860083
0.4350156296767358
0.4347854620844648
0.43455483371106074
0.4343237460770881
0.43409220072171584
0.43386019920261853
0.4336277430958745
0.43339483399586176
0.4331614735151497
0.4329276632843878
0.43269340495219116
0.43245870018502264
0.4322235506670721
0.4319879581001323
0.4317519242034713
0.43151545071370234
0.4312785393846493
0.43104119198721047
0.43080341030921804
0.4305651961552943
0.4303265513467067
0.4300874777212159
0.4298479771329249
0.4296080514521219
0.4293677025651219
0.4291269323741037
0.42888574279694563
0.4286441357670562
0.4284021132332032
0.42815967715933895
0.42791682952442267
0.42767357232224035
0.42742990756122046
0.42718583726424797
0.42694136346847444
0.42669648822512574
0.42645121359930693
0.4262055416698033
0.4259594745288793
0.42571301428207514
0.42546616304799945
0.42521892295811975
0.4249712961565495
0.4247232847998335
0.42447489105673003
0.4242261171079892
0.4239769651461309
0.4237274373752182
0.4234775360106282
0.4232272632788221
0.42297662141711045
0.422725612673417
0.42247423930604044
0.42222250358341273
0.42197040778385525
0.421717954195333
0.42146514511520655
0.42121198284998
0.4209584697150496
0.42070460803444626
0.4204504001405802
0.42019584837397966
0.4199409550830292
0.419685722623706
0.41943015335931333
0.41917424966021244
0.4189180139035522
0.41866144847299713
0.41840455575845314
0.41814733815579097
0.4178897980665691
0.4176319378977533
0.41737376006143556
0.4171152669745506
0.41685646105859026
0.4165973447393184
0.41633792044648094
0.41607819061351675
0.41581815767726615
0.4155578240776785
0.4152971922575164
0.41503626466206145
0.4147750437388157
0.41451353193720447
0.414251731708275
0.41398964550439654
0.413727275778957
0.4134646249860606
0.4132016955802223
0.41293849001606225
0.41267501074799895
0.4124112602299416
0.41214724091498145
0.41188295525508123
0.41161840570076574
0.4113535947008091
0.4110885247019231
0.4108231981484445
0.41055761748202024
0.41029178514129394
0.41002570356158974
0.4097593751745971
0.4094928024080552
0.40922598768543383
0.40895893342561834
0.40869164204259034
0.40842411594511013
0.4081563575363979
0.40788836921381444
0.4076201533685416
0.40735171238526374
0.40708304864184663
0.40681416450901864
0.406545062350049
0.4062757445204285
0.40600621336754966
0.40573647123038425
0.40546652043916476
0.40519636331506254
0.4049260021698674
0.40465543930566816
0.40438467701453107
0.4041137175781803
0.40384256326767753
0.40357121634310245
0.4032996790532324
0.40302795363522387
0.4027560423142921
0.4024839473033937
0.40221167080290676
0.4019392150003137
0.4016665820698827
0.40139377417235095
0.4011207934546067
0.40084764204937406
0.40057432207489563
0.4003008356346181
0.4000271848168759
0.3997533716945778
0.3994793983248927
0.3992052667489358
0.39893097899145563
0.3986565370605233
0.3983819429472188
0.39810719862532185
0.39783230605100056
0.39755726716250267
0.39728208387984554
0.3970067581045089
0.39673129171912713
0.3964556865871823
0.39617994455269734
0.39590406743993284
0.39562805705308035
0.3953519151759593
0.39507564357171465
0.39479924398251376
0.39452271812924494
0.394246067711217
0.3939692944058596
0.39369239986842386
0.39341538573168333
0.3931382536056376
0.39286100507721544
0.39258364170997767
0.39230616504382304
0.39202857659469387
0.39175087785428186
0.3914730702897362
0.39119515534337007
0.3909171344323715
0.390639008948511
0.3903607802578528
0.39008244970046624
0.38980401859013636
0.3895254882140779
0.3892468598326474
0.3889681346790581
0.3886893139590941
0.38841039885082623
0.38813139050432793
0.3878522900413913
0.38757309855524663
0.3872938171102778
0.3870144467417431
0.38673498845549326
0.3864554432276928
0.38617581200453877
0.3858960957019827
0.3856162952054528
0.38533641136957486
0.3850564450178954
0.38477639694260557
0.38449626790426317
0.38421605863151753
0.383935769820834
0.38365540213621857
0.3833749562089424
0.38309443263726883
0.38281383198617736
0.3825331547870908
0.382252401537602
0.38197157270119875
0.38169066870699264
0.38140968994944463
0.3811286367880928
0.38084750954727886
0.3805663085158769
0.38028503394701907
0.3800036860578241
0.37972226502912476
0.37944077100519485
0.3791592040934767
0.378877564364308
0.37859585185065014
0.37831406654781397
0.37803220841318685
0.37775027736596023
0.3774682732868543
0.3771861960178458
0.37690404536189215
0.3766218210826582
0.37633952290424016
0.3760571505108912
0.37577470354674486
0.3754921816155391
0.37520958428033907
0.3749269110632602
0.37464416144518964
0.37436133486550893
0.37407843072181285
0.3737954483696314
0.3735123871221482
0.3732292462499188
0.37294602498059004
0.37266272249861515
0.3723793379449721
0.37209587041687725
0.3718123189675008
0.3715286826056797
0.37124496029563114
0.3709611509566632
0.3706772534628866
0.3703932666429227
0.37010918927961395
0.36982502010972956
0.36954075782367257
0.36925640106518565
0.3689719484310542
0.3686873984708092
0.3684027496864292
0.368118000532041
0.36783314941361783
0.3675481946886785
0.36726313466598276
0.3669779676052279
0.36669269171674124
0.36640730516117426
0.3661218060491934
0.3658361924411694
0.3655504623468671
0.3652646137251321
0.3649786444835765
0.3646925524782644
0.36440633551339385
0.36411999134097983
0.3638335176605336
0.363546912118743
0.3632601723091494
0.36297329577182436
0.3626862799930446
0.3623991224049658
0.36211182038529544
0.36182437125696365
0.3615367722877928
0.36124902069016684
0.3609611136206985
0.3606730481798953
0.36038482141182504
0.36009643030377986
0.3598078717859392
0.3595191427310313
0.35923023995399495
0.3589411602116382
0.3586519002022992
0.35836245656550325
0.3580728258816208
0.3577830046715244
0.3574929893962439
0.3572027764566242
0.35691236219297806
0.35662174288474313
0.35633091475013384
0.35603987394579845
0.35574861656647067
0.3554571386446252
0.3551654361501318
0.3548735049899089
0.354581341007578
0.35428893998312094
0.3539962976325321
0.3537034096074775
0.35341027149494997
0.3531168788169289
0.3528232270300372
0.3525293115252038
0.35223512762732395
0.35194067059492307
0.35164593561982244
0.3513509178268051
0.3510556122732858
0.35076001394898276
0.35046411777559006
0.35016791860645685
0.34987141122626486
0.34957459035071214
0.34927745062619914
0.3489799866295185
0.3486821928675491
0.3483840637769525
0.3480855937238775
0.34778677700366434
0.3474876078405586
0.3471880803874267
0.34688818872547944
0.3465879268639992
0.34628728874007564
0.34598626821834527
0.34568485909073915
0.3453830550762391
0.3450808498206379
0.34477823689630976
0.3444752098019893
0.34417176196255744
0.3438678867288363
0.3435635773773953
0.34325882711036515
0.3429536290552627
0.342647976264825
0.342341861716858
0.34203527831409125
0.3417282188840498
0.34142067617893435
0.3411126428755166
0.34080411157504714
0.34049507480317664
0.3401855250098921
0.339875454569467
0.3395648557804279
0.3392537208655353
0.3389420419717826
0.3386298111704101
0.3383170204569382
0.338003661751217
0.3376897268974959
0.3373752076645113
0.3370600957455944
0.3367443827587996
0.33642806024705363
0.3361111196783261
0.33579355244582243
0.33547534986819894
0.3351565031898034
0.33483700358093704
0.33451684213814237
0.33419600988451825
0.33387449777005734
0.3335522966720128
0.33322939739529334
0.3329057906728826
0.33258146716629156
0.3322564174660371
0.3319306320921534
0.3316041014947314
0.33127681605449233
0.33094876608339235
0.3306199418252598
0.33029033345646674
0.32995993108663435
0.3296287247593745
0.32929670445306536
0.32896386008166423
0.3286301814955591
0.3282956584824545
0.32796028076829975
0.3276240380182532
0.32728691983768887
0.32694891577324187
0.32661001531389644
0.3262702078921144
0.3259294828850081
0.32558782961555377
0.32524523735385125
0.32490169531842794
0.32455719267758454
0.32421171855079156
0.32386526201012716
0.3235178120817654
0.3231693577475084
0.32281988794636995
0.32246939157620397
0.3221178574953834
0.3217652745245296
0.32141163144828766
0.32105691701715594
0.3207011199493625
0.32034422893279607
0.3199862326269838
0.31962711966512386
0.31926687865616843
0.31890549818695835
0.31854296682441097
0.3181792731177589
0.3178144056008423
0.31744835279445316
0.3170811032087327
0.31671264534562055
0.31634296770135734
0.3159720587690398
0.31559990704122765
0.31522650101260363
0.31485182918268473
0.31447588005858607
0.3140986421578368
0.3137201040112458
0.31334025416581923
0.31295908118772914
0.3125765736653306
0.3121927202122301
0.3118075094704013
0.3114209301133497
0.3110329708493258
0.3106436204245826
0.3102528676266827
0.3098607012878478
0.3094671102883538
0.30907208355996885
0.3086756100894347
0.30827767892198743
0.30787827916492067
0.30747739999118695
0.30707503064303543
0.30667116043568876
0.30626577876105326
0.30585887509146314
0.30545043898345725
0.30504046008158725
0.30462892812225445
0.30421583293757315
0.30380116445926286
0.30338491272256085
0.3029670678701621
0.30254762015617515
0.3021265599500994
0.30170387774081886
0.3012795641406114
0.300853609889169
0.30042600585763124
0.2999967430526268
0.29956581262032095
0.29913320585046804
0.29869891418046757
0.2982629291994179
0.2978252426521699
0.2973858464433766
0.29694473264153304
0.2965018934830109
0.29605732137607865
0.2956110089049101
0.29516294883357536
0.2947131341100132
0.2942615578699839
0.29380821344099656
0.2933530943462117
0.2928961943083157
0.2924375072533629
0.29197702731458713
0.29151474883617434
0.2910506663769991
0.2905847747143208
0.29011706884743554
0.28964754400128306
0.2891761956300062
0.28870301942046034
0.2882280112956703
0.28775116741823153
0.2872724841936558
0.2867919582736564
0.2863095865593723
0.28582536620452875
0.28533929461853075
0.2848513694694916
0.2843615886871871
0.2838699504659423
0.28337645326744026
0.28288109582345844
0.2823838771385245
0.28188479649249387
0.2813838534430469
0.2808810478281009
0.2803763797681397
0.2798698496684558
0.2793614582213051
0.278851206407973
0.2783390955007493
0.2778251270648122
0.2773093029600189
0.2767916253426009
0.27627209666676705
0.27575071968620624
0.2752274974554966
0.274702433331414
0.2741755309741424
0.2736467943483854
0.2731162277243754
0.2725838356787835
0.27204962309552727
0.2715135951664765
0.2709757573920555
0.27043611558174485
0.26989467585447835
0.2693514446389375
0.2688064286737419
0.2682596350075378
0.2677110709989814
0.26716074431662046
0.26660866293867047
0.2660548351526917
0.26549926955515796
0.26494197505092937
0.2643829608526167
0.2638222364798487
0.2632598117584354
0.2626956968194332
0.2621299020981069
0.2615624383327945
0.2609933165636729
0.26042254813142446
0.25985014467580625
0.2592761181341248
0.2587004807396127
0.2581232450197113
0.2575444237942599
0.25696403017359115
0.25638207755653625
0.25579857962833585
0.2552135503584655
0.25462700399836785
0.25403895507910107
0.25344941840889734
0.25285840907063895
0.25226594241924766
0.251672034078993
0.2510766999407171
0.25047995615898083
0.24988181914912905
0.24928230558427866
0.24868143239223017
0.24807921675230338
0.2474756760920994
0.24687082808418986
0.24626469064273565
0.24565728192003364
0.24504862030299684
0.24443872440956765
0.24382761308506323
0.24321530539845854
0.24260182063860591
0.24198717831039293
0.24137139813084035
0.24075450002514248
0.24013650412264853
0.23951743075279092
0.23889730044095697
0.23827613390431024
0.23765395204755846
0.23703077595867453
0.23640662690456735
0.23578152632670685
0.2351554958367043
0.23452855721184895
0.23390073239060202
0.2332720434680525
0.23264251269133154
0.2320121624549911
0.2313810152963472
0.2307490938907883
0.23011642104705252
0.22948301970247179
0.22884891291819043
0.22821412387435205
0.22757867586526406
0.22694259229453567
0.22630589667019474
0.2256686125997827
0.2250307637854306
0.2243923740189181
0.22375346717671526
0.22311406721501173
0.22247419816473307
0.22183388412654437
0.2211931492658482
0.22055201780777228
0.2199105140321536
0.2192686622685175
0.21862648689105457
0.2179840123135987
0.21734126298460424
0.21669826338212891
0.21605503800881903
0.21541161138690326
0.21476800805319432
0.21412425255410072
0.21348036944065013
0.21283638326352733
0.212192318568127
0.21154819988962398
0.2109040517480622
0.2102598986434656
0.20961576505096885
0.20897167541597633
0.20832765414934254
0.20768372562258366
0.20703991416311696
0.20639624404953144
0.20575273950689127
0.20510942470207405
0.20446632373914417
0.20382346065476498
0.2031808594136501
0.20253854390405474
0.20189653793331064
0.20125486522340438
0.20061354940660195
0.19997261402112002
0.19933208250684564
0.19869197820110684
0.19805232433449377
0.1974131440267338
0.19677446028261958
0.19613629598799515
0.19549867390579556
0.19486161667214885
0.19422514679253364
0.19358928663800026
0.1929540584414532
0.19231948429399573
0.19168558614133974
0.19105238578027942
0.19041990485523433
0.18978816485485586
0.18915718710870488
0.18852699278399648
0.18789760288241725
0.18726903823701088
0.18664131950913637
0.18601446718549977
0.1853885015752566
0.18476344280719056
0.1841393108269648
0.18351612539444917
0.18289390608112188
0.18227267226754787
0.1816524431409338
0.18103323769275803
0.18041507471648036
0.17979797280532672
0.17918195035015191
0.1785670255373817
0.17795321634703065
0.17734054055079918
0.17672901571024974
0.17611865917505784
0.17550948808134517
0.17490151935008802
0.17429476968560448
0.17368925557411885
0.17308499328240554
0.1724819988565074
0.17188028812053321
0.17127987667553102
0.17068077989843836
0.1700830129411074
0.16948659072940683
0.1688915279623978
0.168297839111585
0.1677055384202419
0.16711463990280725
0.1665251573443579
0.1659371043001511
0.1653504940952381
0.16476533982415015
0.16418165435065318
0.163599450307572
0.1630187400966826
0.16243953588867205
0.16186184962316524
0.16128569300881743
0.16071107752347105
0.16013801441437694
0.1595665146984787
0.15899658916275755
0.15842824836464117
0.15786150263246834
0.15729636206601666
0.15673283653708497
0.15617093569013446
0.15561066894298398
0.15505204548756146
0.15449507429070758
0.15393976409503243
0.15338612341982366
0.15283416056200358
0.1522838835971363
0.15173530038048208
0.1511884185480986
0.1506432455179874
0.15009978849128444
0.14955805445349463
0.14901805017576653
0.1484797822162101
0.14794325692125124
0.14740848042702748
0.14687545866081825
0.14634419734251325
0.14581470198611404
0.14528697790127043
0.1447610301948482
0.1442368637725288
0.14371448334043951
0.1431938934068117
0.14267509828366676
0.14215810208853047
0.1416429087461702
0.1411295219903591
0.1406179453656621
0.140108182229244
0.13960023575270014
0.13909410892390509
0.13858980454888195
0.13808732525368803
0.1375866734863199
0.13708785151863095
0.136590861448266
0.13609570520060926
0.13560238453074494
0.13511090102542933
0.1346212561050746
0.13413345102574165
0.13364748688114242
0.13316336460465056
0.1326810849713183
0.13220064859990097
0.13172205595488548
0.13124530734852474
0.1307704029428747
0.1302973427518358
0.12982612664319393
0.12935675434066618
0.12888922542594414
0.1284235393407397
0.12795969538882668
0.1274976927380842
0.12703753042253618
0.12657920734438768
0.12612272227605778
0.12566807386220843
0.12521526062176902
0.12476428094995345
0.12431513312027354
0.12386781528654361
0.12342232548487937
0.12297866163568849
0.12253682154565225
0.12209680290969963
0.12165860331297085
0.1212222202327719
0.12078765104051886
0.12035489300367075
0.11992394328765194
0.11949479895776369
0.11906745698108184
0.11864191422834397
0.11821816747582338
0.1177962134071893
0.11737604861535528
0.1169576696043124
0.11654107279094934
0.11612625450685776
0.11571321100012372
0.11530193843710375
0.11489243290418556
0.11448469040953445
0.1140787068848237
0.11367447818694819
0.11327200009972424
0.11287126833557115
0.1124722785371778
0.11207502627915222
0.11167950706965461
0.11128571635201354
0.11089364950632548
0.11050330185103713
0.1101146686445102
0.10972774508657006
0.10934252632003591
0.10895900743223388
0.10857718345649334
0.10819704937362454
0.10781860011337954
0.10744183055589507
0.10706673553311778
0.106693309830212
0.10632154818694965
0.10595144529908233
0.10558299581969569
0.10521619436054609
0.10485103549338015
0.10448751375123531
0.10412562362972394
0.10376535958829923
0.1034067160515034
0.10304968741019914
0.10269426802278198
0.1023404522163773
0.10198823428801784
0.10163760850580553
0.10128856911005521
0.10094111031442146
0.10059522630700768
0.10025091125145998
0.09990815928804173
0.09956696453469296
0.09922732108807267
0.09888922302458392
0.09855266440138369
0.0982176392573746
0.09788414161418169
0.09755216547711283
0.09722170483610229
0.09689275366663899
0.09656530593067945
0.09623935557754351
0.09591489654479617
0.09559192275911278
0.09527042813712937
0.09495040658627868
0.09463185200560859
0.09431475828658943
0.093999119313903
0.09368492896621934
0.09337218111695775
0.09306086963503413
0.09275098838559387
0.092442531230731
0.0921354920301932
0.09182986464207304
0.09152564292348579
0.091222820731234
0.09092139192245831
0.09062135035527566
0.0903226898894044
0.09002540438677561
0.08972948771213399
0.08943493373362361
0.08914173632336346
0.08884988935800917
0.08855938671930405
0.08827022229461678
0.08798238997746925
0.08769588366805028
0.08741069727372058
0.0871268247095044
0.08684425989857093
0.08656299677270493
0.08628302927276539
0.08600435134913471
0.0857269569621571
0.08545084008256576
0.08517599469190099
0.08490241478291727
0.08463009435998056
0.08435902743945642
0.08408920805008771
0.08382063023336322
0.08355328804387673
0.08328717554967638
0.0830222868326061
0.08275861598863726
0.08249615712819133
0.08223490437645445
0.08197485187368293
0.08171599377550096
0.08145832425318929
0.08120183749396628
0.08094652770126086
0.08069238909497745
0.08043941591175348
0.08018760240520856
0.07993694284618695
0.07968743152299236
0.07943906274161563
0.07919183082595442
0.07894573011802747
0.07870075497818058
0.07845689978528682
0.07821415893693899
0.0779725268496369
0.0777319979589674
0.07749256671977765
0.07725422760634379
0.07701697511253183
0.07678080375195376
0.07654570805811714
0.07631168258456898
0.07607872190503492
0.07584682061355119
0.07561597332459269
0.075386174673195
0.07515741931507139
0.07492970192672413
0.074703017205552
0.07447735986995146
0.07425272465941417
0.07402910633461868
0.07380649967751857
0.07358489949142533
0.07336430060108672
0.07314469785276126
0.07292608611428814
0.07270846027515285
0.07249181524654874
0.07227614596143458
0.07206144737458868
0.07184771446265802
0.07163494222420438
0.07142312567974718
0.07121225987180135
0.0710023398649128
0.07079336074569059
0.07058531762283406
0.07037820562715875
0.07017201991161763
0.06996675565131961
0.06976240804354503
0.06955897230775808
0.0693564436856159
0.06915481744097549
0.06895408885989679
0.06875425325064422
0.06855530594368453
0.06835724229168169
0.06816005766949138
0.06796374747414963
0.06776830712486223
0.06757373206298918
0.06738001775202875
0.06718715967759784
0.06699515334741081
0.06680399429125633
0.06661367806097125
0.0664242002304132
0.06623555639543068
0.06604774217383194
0.06586075320535052
0.0656745851516108
0.06548923369608978
0.06530469454407865
0.06512096342264202
0.06493803608057497
0.06475590828835974
0.06457457583811924
0.06439403454357064
0.06421428023997608
0.06403530878409289
0.06385711605412175
0.06367969794965381
0.06350305039161654
0.06332716932221781
0.06315205070488969
0.0629776905242295
0.06280408478594104
0.06263122951677452
0.06245912076446425
0.062287754597666486
0.062117127105896064
0.06194723439946108
0.06177807260939783
0.06160963788740371
0.06144192640577026
0.06127493435731461
0.06110865795530977
0.06094309343341539
0.060778237045606275
0.0606140850661009
0.06045063378928932
0.06028787952965981
0.06012581862172517
0.05996444741994833
0.05980376229866748
0.05964375965202016
0.05948443589386716
0.05932578745771559
0.05916781079664178
0.059010502383213335
0.0588538587094109
0.05869787628654903
0.05854255164519734
0.05838788133510074
0.058233861925099314
0.05808049000304774
0.057927762175734865
0.057775675068802296
0.05762422532666285
0.05747340961241903
0.05732322460778064
0.05717366701298281
0.057024733546703094
0.05687642094597903
0.056728725966124514
0.05658164538064722
0.056435175981164744
0.05628931457732099
0.056144057996702815
0.05599940308475576
0.05585534670470027
0.05571188573744709
0.05556901708151395
0.0554267376529403
0.055285044385203555
0.05514393422913433
0.0550034041528321
0.054863451141580755
0.054724072197763936
0.05458526434078036
0.05444702460695959
0.054309350049477345
0.05417223773827097
0.05403568475995479
0.05389968821773611
0.05376424523133057
0.05362935293687772
0.05349500848685716
0.05336120905000366
0.05322795181122425
0.05309523397151292
0.052963052747867854
0.05283140537320741
0.052700289096285734
0.05256970118161028
0.05243963890935831
0.0523100995752932
0.05218108049068186
0.05205257898221148
0.05192459239190744
0.051797118077050064
0.05167015341009288
0.051543695778579895
0.051417742585064395
0.051292291247026285
0.05116733919679141
0.05104288388144944
0.050918922762773405
0.05079545331713842
0.05067247303544099
0.050549979423018865
0.050427969999570596
0.050306442299075646
0.05018539386971473
0.05006482227379022
0.04994472508764727
