2.2965974169755454
2.347747651822388
2.29766885772836
2.2614034857432084
2.2340106317444746
2.2101324175803727
2.187761656391433
2.166236158767057
2.1453278399062823
2.1249447250950015
2.1050416254133357
2.0855938652557144
2.066589266810299
2.0480252580112173
2.0299073296790198
2.012247782912266
1.9950644885962938
1.9783796040419495
1.9622182558399672
1.946607216949971
1.931573611570239
1.9171436818945509
1.9033416486115868
1.8901886926279416
1.8777020795019936
1.865894441054864
1.8547732212419095
1.8443402862770883
1.834591692758255
1.8255176025393396
1.8171023295422926
1.809324501620215
1.802157319840783
1.7955688979139666
1.789522665639622
1.7839778218870834
1.778889824456532
1.774210905980421
1.7698906066399644
1.765876315803479
1.7621138157104963
1.7585478210487917
1.75512250875754
1.751782032714772
1.7484710182130239
1.7451350313687428
1.7417210189093708
1.738177714178152
1.7344560057108531
1.7305092653710166
1.72629363376531
1.7217682614701024
1.7168955054501138
1.7116410809033287
1.7059741695888282
1.6998674864562358
1.6932973070741697
1.686243458934583
1.6786892801810143
1.6706215496676466
1.6620303925027768
1.6529091653670314
1.6432543259264856
1.6330652905868135
1.6223442846593108
1.6110961887354773
1.5993283846969857
1.5870506043268149
1.5742747829429629
1.5610149198601921
1.5472869468146204
1.5331086047831148
1.5184993289218416
1.5034801406681608
1.4880735454318237
1.4723034337806093
1.4561949836351642
1.4397745607562902
1.423069614755901
1.4061085680010181
1.3889206951074036
1.3715359912219733
1.3539850279447836
1.336298796504674
1.3185085386312652
1.3006455664079974
1.2827410731925633
1.2648259384011655
1.2469305295267306
1.2290845051636292
1.2113166230202077
1.1936545569071235
1.1761247264995731
1.1587521433035934
1.1415602757398635
1.1245709356297444
1.1078041876690152
1.0912782827469123
1.0750096152515831
1.059012703832755
1.0433001944965763
1.027882884406457
1.012769764369689
0.9979680777072173
0.9834833930310041
0.9693196883823388
0.955479444203502
0.9419637427100654
0.9287723713862412
0.9159039285253974
0.9033559289672659
0.8911249084290288
0.8792065250778348
0.8675956572379714
0.8562864963593922
0.8452726345904169
0.8345471464924871
0.8241026646069888
0.8139314487326903
0.8040254488975478
0.7943763621117527
0.784975683071478
0.77581474904687
0.766884779235636
0.7581769088972763
0.749682218604827
0.7413917589630308
0.7332965711460028
0.7253877036055408
0.7176562252947779
0.7100932357422636
0.7026898723000256
0.6954373148767163
0.688326788454488
0.6813495636765494
0.6744969557820231
0.6677603221563603
0.6611310587596212
0.654600595691757
0.6481603921540492
0.6418019310692495
0.6355167136300544
0.6292962540563821
0.6231320748566723
0.6170157029070499
0.6109386666845413
0.6048924950163547
0.5988687177360256
0.5928588686682986
0.5868544913968302
0.5808471483008537
0.5748284333768666
0.5687899893867413
0.562723529891463
0.5566208667360845
0.550473943542098
0.54427487573299
0.5380159975613823
0.5316899165155056
0.5252895753521208
0.5188083218258722
0.5122399859557282
0.5055789643834132
0.4988203110349101
0.4919598328963249
0.4849941892667685
0.4779209923668585
0.47073890668286084
0.463447743942331
0.45604855018422297
0.4485436810485589
0.44093686121570286
0.4332332239210812
0.42543932670051965
0.4175631400149771
0.4096140061736185
0.4016025670086997
0.3935406600142709
0.38544118407444383
0.3773179373822885
0.3691854315769042
0.36105868738824104
0.3529530180694134
0.34488380752871584
0.33686629029503673
0.3289153402466554
0.32104527443054975
0.313269677359288
0.30560124998425103
0.29805168621144384
0.2906315784562246
0.28335035242382217
0.2762162301337635
0.2692362192356777
0.2624161259239086
0.2557605882581872
0.24927312642678928
0.242956206421792
0.23681131369861508
0.23083903362488822
0.22503913584766766
0.21941066008691557
0.21395200126578479
0.20866099228950644
0.20353498316570018
0.19857091550679018
0.1937653917621031
0.18911473878961668
0.184615065594921
0.18026231523981096
0.17605231105866428
0.17198079742185757
0.16804347535683542
0.16423603338392123
0.16055417395017693
0.1569936358547907
0.15355021305728034
0.15021977024843625
0.14699825554603368
0.14388171065507882
0.1408662788074833
0.1379482107698724
0.13512386918183628
0.13238973146099015
0.12974239148635885
0.1271785602480952
0.12469506562971334
0.12228885146887802
0.11995697602446749
0.11769660996102918
0.11550503394685405
0.11337963594860133
0.11131790829359532
0.10931744456050388
0.10737593634992425
0.10549116997839059
0.1036610231323035
0.10188346151220426
0.1001565354925389
0.09847837681751977
0.09684719534977036
0.09526127588509545
0.09371897504385338
0.09221871824697628
0.09075899678261734
0.08933836496767014
0.08795543740694137
0.086608886351544
0.08529743915706219
0.08401987584121301
0.08277502674004465
0.08156177026116661
0.08037903073206877
0.07922577634123973
0.07810101716953732
0.07700380330906417
0.0759332230666634
0.07488840124905911
0.07386849752661111
0.07287270487263722
0.0719002480752615
0.07095038231877428
0.07002239183154034
0.06911558859754674
0.0682293111287587
0.06736292329552554
0.0665158132123688
0.06568739217657486
0.0648770936571025
0.06408437233141644
0.06330870316794927
0.06254958055199147
0.06180651745289876
0.06107904463060574
0.060366709879517186
0.05966907730794236
0.05898572665132035
0.058316252617569744
0.057660264262971495
0.0570173843970763
0.05638724901519894
0.055769506757131534
0.05516381839078004
0.05456985631948953
0.05398730411188572
0.053415856053125106
0.052855216716492966
0.05230510055435221
0.05176523150749047
0.05123534263196225
0.05071517574257489
0.050204481072202
0.04970301694615676
