0.5546038987555386
0.6025567274131268
0.5857197112286768
0.5715541188236688
0.5601501461598158
0.5512765750824122
0.5445637505678746
0.5395969150261293
0.5359824457636426
0.5333827463849627
0.5315269723928426
0.5302075045169321
0.5292701150652926
0.5286027047323021
0.5281250116718953
0.5277801605452903
0.5275281308037304
0.5273408938948347
0.5271988793838497
0.5270884475052378
0.5270001007465697
0.5269272274494141
0.526865223424705
0.5268108798213043
0.5267619574290515
0.5267168910104293
0.5266745840817485
0.5266342665043274
0.5265953956461455
0.5265575877504862
0.5265205702426032
0.526484148551085
0.52644818299478
0.5264125726541464
0.5263772440931528
0.526342143453493
0.5263072308965943
0.5262724766828838
0.5262378583951133
0.5262033589630246
0.526168965250881
0.5261346670416687
0.526100456301907
0.5260663266458359
0.526032272941971
0.5259982910218883
0.5259643774628742
0.5259305294243104
0.5258967445234436
0.5258630207402435
0.5258293563439302
0.5257957498357753
0.5257621999042337
0.525728705389503
0.5256952652553434
0.5256618785665412
0.5256285444707929
0.5255952621840717
0.5255620309787621
0.5255288501740022
0.5254957191278002
0.5254626372305824
0.5254296038998983
0.5253966185760702
0.5253636807186096
0.5253307898032631
0.5252979453195727
0.52526514676886
0.5252323936625574
0.5251996855208256
0.52516702187141
0.525134402248689
0.525101826192885
0.5250692932494095
0.5250368029683169
0.5250043549038504
0.5249719486140635
0.5249395836605035
0.524907259607948
0.5248749760241822
0.5248427324798148
0.5248105285481209
0.5247783638049108
0.5247462378284179
0.5247141501992054
0.5246821005000847
0.5246500883160469
0.5246181132342043
0.5245861748437376
0.5245542727358523
0.5245224065037403
0.524490575742544
0.5244587800493261
0.5244270190230431
0.5243952922645192
0.5243635993764247
0.5243319399632549
0.5243003136313107
0.5242687199886813
0.5242371586452271
0.5242056292125638
0.5241741313040477
0.5241426645347608
0.5241112285214973
0.52407982288275
0.5240484472386976
0.5240171012111923
0.5239857844237461
0.5239544965015211
0.5239232370713156
0.5238920057615537
0.5238608022022733
0.5238296260251152
0.5237984768633118
0.5237673543516768
0.5237362581265929
0.5237051878260031
0.5236741430893982
0.5236431235578076
0.5236121288737883
0.5235811586814152
0.5235502126262699
0.5235192903554314
0.5234883915174664
0.523457515762418
0.523426662741797
0.5233958321085719
0.5233650235171585
0.5233342366234114
0.5233034710846136
0.5232727265594673
0.5232420027080841
0.5232112991919764
0.5231806156740473
0.5231499518185821
0.5231193072912388
0.5230886817590384
0.5230580748903575
0.5230274863549179
0.5229969158237782
0.522966362969325
0.522935827465264
0.5229053089866118
0.5228748072096867
0.5228443218121003
0.5228138524727494
0.5227833988718069
0.5227529606907135
0.5227225376121704
0.5226921293201297
0.5226617354997866
0.5226313558375719
0.5226009900211437
0.522570637739378
0.5225402986823628
0.5225099725413893
0.5224796590089433
0.5224493577786989
0.5224190685455095
0.5223887910054006
0.5223585248555623
0.5223282697943418
0.5222980255212352
0.5222677917368808
0.5222375681430517
0.5222073544426475
0.5221771503396881
0.5221469555393059
0.5221167697477387
0.5220865926723225
0.5220564240214844
0.5220262635047359
0.5219961108326654
0.5219659657169313
0.5219358278702556
0.5219056970064165
0.521875572840242
0.5218454550876028
0.5218153434654064
0.5217852376915887
0.5217551374851095
0.5217250425659448
0.5216949526550801
0.5216648674745047
0.5216347867472046
0.5216047101971572
0.5215746375493228
0.5215445685296407
0.5215145028650221
0.5214844402833435
0.5214543805134405
0.5214243232851028
0.5213942683290669
0.5213642153770108
0.5213341641615478
0.5213041144162205
0.521274065875495
0.5212440182747553
0.521213971350297
0.521183924839322
0.5211538784799327
0.5211238320111259
0.5210937851727877
0.5210637377056876
0.5210336893514731
0.5210036398526642
0.5209735889526479
0.5209435363956727
0.5209134819268428
0.520883425292114
0.5208533662382866
0.520823304513002
0.520793239864736
0.5207631720427941
0.5207331007973067
0.5207030258792237
0.5206729470403089
0.5206428640331356
0.5206127766110817
0.5205826845283241
0.520552587539834
0.5205224854013724
0.5204923778694844
0.5204622647014954
0.5204321456555057
0.5204020204903851
0.5203718889657696
0.5203417508420556
0.520311605880396
0.5202814538426946
0.5202512944916027
0.5202211275905131
0.5201909529035573
0.5201607701955995
0.5201305792322328
0.5201003797797751
0.520070171605264
0.5200399544764529
0.5200097281618061
0.5199794924304956
0.5199492470523955
0.5199189917980793
0.5198887264388139
0.5198584507465567
0.5198281644939515
0.5197978674543235
0.5197675594016761
0.5197372401106858
0.5197069093566996
0.5196765669157306
0.5196462125644523
0.5196158460801975
0.5195854672409523
0.5195550758253531
0.5195246716126823
0.5194942543828653
0.519463823916466
0.5194333799946831
0.5194029223993463
0.5193724509129133
0.5193419653184655
0.5193114653997045
0.5192809509409485
0.5192504217271285
0.5192198775437854
0.5191893181770656
0.5191587434137181
0.5191281530410913
0.5190975468471282
0.5190669246203644
0.5190362861499244
0.5190056312255176
0.5189749596374359
0.5189442711765492
0.5189135656343035
0.5188828428027162
0.5188521024743742
0.5188213444424299
0.5187905685005976
0.5187597744431518
0.518728962064923
0.5186981311612939
0.5186672815281984
0.5186364129621168
0.518605525260073
0.5185746182196322
0.5185436916388972
0.5185127453165062
0.5184817790516287
0.5184507926439639
0.5184197858937367
0.5183887586016955
0.5183577105691095
0.5183266415977651
0.5182955514899635
0.5182644400485185
0.5182333070767524
0.5182021523784948
0.5181709757580791
0.5181397770203398
0.5181085559706096
0.5180773124147176
0.518046046158986
0.5180147570102278
0.517983444775744
0.5179521092633212
0.5179207502812292
0.5178893676382178
0.5178579611435157
0.5178265306068267
0.5177950758383278
0.5177635966486668
0.5177320928489598
0.5177005642507889
0.5176690106662
0.5176374319076997
0.5176058277882545
0.5175741981212864
0.5175425427206728
0.5175108614007429
0.5174791539762758
0.517447420262498
0.5174156600750821
0.5173838732301435
0.5173520595442391
0.5173202188343651
0.5172883509179539
0.5172564556128736
0.5172245327374244
0.5171925821103376
0.5171606035507731
0.5171285968783176
0.5170965619129824
0.5170644984752016
0.5170324063858298
0.5170002854661411
0.5169681355378254
0.5169359564229885
0.5169037479441495
0.516871509924238
0.5168392421865932
0.5168069445549627
0.5167746168534989
0.5167422589067586
0.5167098705397011
0.5166774515776857
0.516645001846471
0.5166125211722123
0.5165800093814605
0.5165474663011593
0.5165148917586462
0.5164822855816469
0.5164496475982776
0.516416977637041
0.5163842755268249
0.5163515410969015
0.5163187741769257
0.5162859745969328
0.5162531421873374
0.5162202767789325
0.516187378202887
0.5161544462907446
0.5161214808744229
0.5160884817862111
0.5160554488587693
0.5160223819251264
0.5159892808186793
0.5159561453731913
0.515922975422791
0.5158897708019701
0.5158565313455832
0.5158232568888461
0.515789947267334
0.515756602316981
0.5157232218740779
0.5156898057752723
0.5156563538575663
0.5156228659583152
0.5155893419152273
0.5155557815663621
0.5155221847501286
0.5154885513052849
0.5154548810709375
0.5154211738865389
0.5153874295918878
0.5153536480271261
0.5153198290327409
0.5152859724495602
0.5152520781187542
0.5152181458818328
0.5151841755806458
0.5151501670573807
0.5151161201545622
0.5150820347150522
0.5150479105820475
0.515013747599079
0.5149795456100115
0.5149453044590426
0.5149110239907011
0.5148767040498472
0.514842344481671
0.5148079451316909
0.5147735058457552
0.5147390264700382
0.5147045068510415
0.5146699468355925
0.5146353462708441
0.5146007050042725
0.5145660228836787
0.5145312997571856
0.5144965354732387
0.5144617298806049
0.5144268828283716
0.5143919941659465
0.5143570637430561
0.5143220914097464
0.5142870770163809
0.5142520204136406
0.5142169214525236
0.5141817799843437
0.5141465958607306
0.5141113689336295
0.514076099055299
0.5140407860783127
0.514005429855557
0.513970030240231
0.5139345870858467
0.5138991002462275
0.5138635695755085
0.5138279949281356
0.5137923761588646
0.5137567131227618
0.5137210056752033
0.5136852536718737
0.5136494569687662
0.513613615422183
0.5135777288887335
0.5135417972253353
0.5135058202892127
0.5134697979378966
0.5134337300292252
0.513397616421342
0.5133614569726965
0.5133252515420442
0.5132889999884455
0.5132527021712654
0.5132163579501743
0.5131799671851465
0.5131435297364606
0.513107045464699
0.5130705142307483
0.513033935895798
0.5129973103213415
0.5129606373691746
0.5129239169013967
0.5128871487804094
0.5128503328689175
0.5128134690299276
0.5127765571267491
0.5127395970229935
0.5127025885825744
0.5126655316697073
0.5126284261489097
0.5125912718850008
0.5125540687431014
0.5125168165886342
0.5124795152873239
0.512442164705196
0.512404764708578
0.5123673151640991
0.5123298159386898
0.5122922668995817
0.5122546679143094
0.512217018850707
0.512179319576912
0.5121415699613625
0.5121037698727988
0.5120659191802626
0.5120280177530979
0.5119900654609499
0.5119520621737667
0.5119140077617974
0.5118759020955943
0.5118377450460115
0.5117995364842058
0.5117612762816364
0.5117229643100648
0.5116846004415566
0.5116461845484791
0.5116077165035038
0.511569196179605
0.5115306234500607
0.5114919981884533
0.511453320268668
0.5114145895648952
0.5113758059516297
0.5113369693036706
0.5112980794961217
0.5112591364043927
0.511220139904198
0.5111810898715582
0.5111419861827996
0.5111028287145548
0.5110636173437629
0.51102435194767
0.5109850324038294
0.5109456585901014
0.5109062303846543
0.5108667476659648
0.5108272103128177
0.5107876182043067
0.510747971219835
0.5107082692391144
0.5106685121421675
0.5106286998093265
0.5105888321212347
0.5105489089588463
0.5105089302034268
0.5104688957365532
0.5104288054401155
0.5103886591963154
0.5103484568876684
0.5103081983970035
0.5102678836074629
0.5102275124025037
0.5101870846658981
0.5101466002817325
0.5101060591344102
0.5100654611086501
0.510024806089488
0.5099840939622764
0.509943324612686
0.5099024979267053
0.5098616137906412
0.5098206720911201
0.5097796727150882
0.5097386155498113
0.5096975004828761
0.5096563274021902
0.5096150961959837
0.5095738067528077
0.5095324589615373
0.5094910527113701
0.509449587891828
0.5094080643927572
0.5093664821043286
0.5093248409170388
0.5092831407217109
0.5092413814094938
0.5091995628718645
0.5091576850006279
0.509115747687916
0.509073750826191
0.5090316943082446
0.5089895780271984
0.5089474018765044
0.5089051657499468
0.5088628695416414
0.5088205131460364
0.5087780964579129
0.5087356193723871
0.5086930817849084
0.5086504835912615
0.5086078246875672
0.5085651049702822
0.5085223243362003
0.5084794826824527
0.5084365799065093
0.5083936159061782
0.5083505905796071
0.5083075038252843
0.5082643555420383
0.5082211456290395
0.5081778739858
0.5081345405121743
0.5080911451083611
0.5080476876749026
0.5080041681126856
0.5079605863229423
0.5079169422072506
0.5078732356675357
0.5078294666060698
0.5077856349254726
0.5077417405287127
0.5076977833191081
0.5076537632003266
0.5076096800763867
0.507565533851658
0.5075213244308617
0.5074770517190721
0.5074327156217168
0.5073883160445765
0.5073438528937871
0.5072993260758398
0.5072547354975813
0.5072100810662148
0.5071653626893009
0.507120580274758
0.5070757337308629
0.5070308229662518
0.5069858478899202
0.5069408084112246
0.5068957044398823
0.5068505358859723
0.5068053026599362
0.5067600046725788
0.5067146418350682
0.506669214058937
0.5066237212560826
0.5065781633387685
0.5065325402196238
0.506486851811645
0.5064410980281955
0.5063952787830075
0.5063493939901816
0.5063034435641877
0.5062574274198657
0.5062113454724263
0.506165197637451
0.5061189838308934
0.5060727039690793
0.506026357968708
0.5059799457468513
0.5059334672209566
0.5058869223088448
0.5058403109287124
0.5057936329991326
0.5057468884390538
0.5057000771678027
0.5056531991050826
0.5056062541709755
0.5055592422859416
0.5055121633708208
0.5054650173468328
0.5054178041355769
0.5053705236590337
0.5053231758395653
0.5052757605999152
0.5052282778632095
0.5051807275529571
0.50513310959305
0.5050854239077643
0.5050376704217601
0.5049898490600825
0.5049419597481614
0.5048940024118131
0.5048459769772393
0.504797883371028
0.5047497215201552
0.5047014913519834
0.5046531927942631
0.5046048257751332
0.5045563902231209
0.5045078860671427
0.5044593132365038
0.5044106716609
0.5043619612704165
0.5043131819955292
0.5042643337671044
0.5042154165164001
0.5041664301750649
0.5041173746751398
0.5040682499490575
0.5040190559296429
0.5039697925501133
0.5039204597440796
0.5038710574455446
0.5038215855889053
0.5037720441089518
0.5037224329408683
0.5036727520202324
0.5036230012830165
0.5035731806655871
0.5035232901047048
0.5034733295375252
0.503423298901599
0.5033731981348711
0.5033230271756822
0.5032727859627678
0.5032224744352584
0.5031720925326804
0.503121640194955
0.5030711173623993
0.5030205239757254
0.5029698599760415
0.5029191253048507
0.502868319904052
0.5028174437159398
0.5027664966832037
0.502715478748929
0.502664389856596
0.5026132299500804
0.502561998973653
0.5025106968719797
0.5024593235901212
0.5024078790735327
0.5023563632680647
0.502304776119961
0.5022531175758604
0.5022013875827959
0.5021495860881932
0.502097713039872
0.502045768386046
0.5019937520753208
0.501941664056695
0.5018895042795595
0.5018372726936973
0.501784969249283
0.5017325938968823
0.5016801465874517
0.5016276272723389
0.5015750359032805
0.501522372432403
0.5014696368122229
0.5014168289956438
0.5013639489359587
0.5013109965868473
0.5012579719023766
0.5012048748370003
0.5011517053455574
0.5010984633832728
0.501045148905755
0.5009917618689977
0.5009383022293769
0.5008847699436515
0.5008311649689623
0.5007774872628308
0.5007237367831596
0.5006699134882302
0.5006160173367032
0.5005620482876169
0.5005080063003867
0.5004538913348044
0.5003997033510367
0.5003454423096252
0.5002911081714845
0.5002367008979015
0.5001822204505351
0.5001276667914144
0.5000730398829376
0.5000183396878718
0.4999635661693507
0.4999087192908746
0.4998537990163089
0.4997988053098821
0.4997437381361861
0.49968859746017386
0.4996333832471586
0.4995780954628124
0.49952273407316494
0.49946729904460224
0.49941179034386535
0.4993562079380488
0.49930055179459937
0.4992448218813146
0.4991890181663412
0.49913314061817404
0.499077189205654
0.4990211638979669
0.4989650646646419
0.49890889147554973
0.49885264430090104
0.4987963231112449
0.4987399278774673
0.49868345857078933
0.4986269151627652
0.4985702976252805
0.49851360593055083
0.4984568400511199
0.4983999999598572
0.4983430856299565
0.4982860970349343
0.49822903414862707
0.49817189694519004
0.4981146853990947
0.4980573994851272
0.49800003917838576
0.4979426044542795
0.4978850952885252
0.4978275116571461
0.4977698535364691
0.49771212090312306
0.49765431373403635
0.49759643200643405
0.4975384756978372
0.49748044478605846
0.4974223392492014
0.49736415906565723
0.4973059042141026
0.4972475746734974
0.49718917042308175
0.4971306914423743
0.49707213771116865
0.4970135092095319
0.49695480591780133
0.49689602781658154
0.49683717488674256
0.4967782471094167
0.4967192444659957
0.4966601669381283
0.49660101450771743
0.4965417871569168
0.4964824848681289
0.4964231076240015
0.4963636554074249
0.49630412820152886
0.49624452598968016
0.4961848487554787
0.49612509648275493
0.4960652691555669
0.49600536675819706
0.49594538927514853
0.4958853366911428
0.4958252089911159
0.4957650061602153
0.49570472818379685
0.49564437504742104
0.49558394673684986
0.49552344323804365
0.4954628645371568
0.49540221062053624
0.495341481474715
0.49528067708641155
0.49521979744252437
0.4951588425301294
0.4950978123364759
0.49503670684898265
0.4949755260552351
0.49491426994298054
0.49485293850012496
0.4947915317147298
0.4947300495750062
0.494668492069314
0.49460685918615516
0.4945451509141715
0.4944833672421399
0.4944215081589691
0.4943595736536944
0.49429756371547506
0.49423547833358966
0.49417331749743104
0.4941110811965037
0.49404876942041853
0.4939863821588892
0.49392391940172703
0.49386138113883804
0.4937987673602173
0.4937360780559456
0.49367331321618396
0.49361047283117065
0.4935475568912152
0.4934845653866953
0.49342149830805115
0.49335835564578157
0.4932951373904392
0.49323184353262595
0.4931684740629882
0.4931050289722126
0.49304150825102033
0.49297791189016343
0.49291423988041944
0.4928504922125871
0.4927866688774806
0.492722769865926
0.4926587951687548
0.4925947447768
0.4925306186808912
0.4924664168718494
0.49240213934048116
0.4923377860775754
0.4922733570738962
0.4922088523201791
0.4921442718071257
0.4920796155253981
0.4920148834656135
0.49195007561834003
0.49188519197409075
0.49182023252331775
0.49175519725640826
0.491690086163678
0.49162489923536656
0.4915596364616316
0.49149429783254356
0.4914288833380803
0.4913633929681218
0.4912978267124433
0.4912321845607119
0.4911664665024791
0.49110067252717626
0.49103480262410854
0.49096885678244967
0.4909028349912353
0.4908367372393583
0.49077056351556303
0.49070431380843854
0.4906379881064137
0.49057158639775134
0.49050510867054176
0.4904385549126979
0.49037192511194816
0.4903052192558318
0.4902384373316919
0.49017157932667055
0.4901046452277013
0.49003763502150477
0.4899705486945819
0.48990338623320745
0.4898361476234251
0.48976883285103984
0.48970144190161347
0.48963397476045706
0.48956643141262585
0.48949881184291233
0.48943111603584044
0.4893633439756595
0.48929549564633745
0.489227571031555
0.48915957011469924
0.48909149287885717
0.4890233393068099
0.48895510938102593
0.48888680308365473
0.4888184203965206
0.48874996130111636
0.4886814257785966
0.48861281380977156
0.4885441253751007
0.4884753604546863
0.4884065190282668
0.48833760107521024
0.4882686065745085
0.4881995355047698
0.4881303878442126
0.4880611635706601
0.48799186266153155
0.48792248509383773
0.48785303084417325
0.48778349988871034
0.4877138922031926
0.4876442077629277
0.48757444654278126
0.48750460851717015
0.487434693660056
0.48736470194493825
0.48729463334484774
0.4872244878323402
0.48715426537948947
0.48708396595788067
0.4870135895386038
0.4869431360922467
0.4868726055888894
0.4868019979980958
0.4867313132889084
0.4866605514298413
0.48658971238887294
0.48651879613344
0.4864478026304302
0.48637673184617675
0.48630558374644994
0.4862343582964517
0.48616305546080874
0.4860916752035651
0.4860202174881767
0.4859486822775035
0.48587706953380344
0.48580537921872546
0.4857336112933032
0.48566176571794784
0.48558984245244147
0.4855178414559308
0.48544576268692047
0.4853736061032656
0.4853013716621662
0.4852290593201596
0.48515666903311455
0.4850842007562241
0.48501165444399913
0.4849390300502617
0.48486632752813835
0.4847935468300537
0.48472068790772366
0.4846477507121486
0.48457473519360766
0.4845016413016511
0.48442846898509456
0.48435521819201177
0.484281888869729
0.4842084809648176
0.4841349944230876
0.4840614291895825
0.4839877852085708
0.4839140624235405
0.4838402607771938
0.48376638021143836
0.48369242066738266
0.4836183820853289
0.48354426440476694
0.48347006756436756
0.4833957915019763
0.4833214361546072
0.4832470014584367
0.4831724873487971
0.4830978937601701
0.48302322062618097
0.4829484678795921
0.482873635452297
0.48279872327531403
0.48272373127878015
0.482648659391945
0.4825735075431648
0.482498275659896
0.48242296366868964
0.48234757149518526
0.48227209906410423
0.48219654629924497
0.4821209131234762
0.4820451994587314
0.4819694052260025
0.48189353034533455
0.48181757473581965
0.4817415383155911
0.481665421001818
0.4815892227106991
0.4815129433574575
0.4814365828563346
0.4813601411205848
0.4812836180624699
0.48120701359325313
0.4811303276231946
0.4810535600615446
0.4809767108165387
0.4808997797953931
0.48082276690429787
0.48074567204841273
0.48066849513186083
0.48059123605772464
0.4805138947280395
0.4804364710437895
0.4803589649049018
0.48028137621024114
0.48020370485760605
0.4801259507437222
0.4800481137642391
0.4799701938137238
0.47989219078565687
0.47981410457242707
0.47973593506532675
0.4796576821545472
0.4795793457291738
0.4795009256771813
0.47942242188542933
0.4793438342396581
0.4792651626244828
0.4791864069233909
0.4791075670187357
0.47902864279173396
0.47894963412246
0.478870540889842
0.478791362971658
0.4787121002445315
0.4786327525839271
0.4785533198641466
0.47847380195832556
0.47839419873842826
0.47831451007524434
0.47823473583838527
0.47815487589627953
0.47807493011617025
0.47799489836411013
0.4779147805049584
0.47783457640237764
0.4777542859188293
0.4776739089155708
0.4775934452526521
0.4775128947889127
0.4774322573819766
0.47735153288825155
0.4772707211629239
0.47718982205995597
0.4771088354320839
0.4770277611308131
0.4769465990064161
0.47686534890792986
0.4767840106831525
0.47670258417864037
0.4766210692397058
0.47653946571041433
0.47645777343358164
0.4763759922507711
0.4762941220022926
0.4762121625271979
0.47613011366327984
0.47604797524706965
0.47596574711383455
0.47588342909757597
0.4758010210310267
0.47571852274564985
0.47563593407163607
0.47555325483790184
0.4754704848720881
0.47538762400055756
0.4753046720483936
0.4752216288393991
0.4751384941960934
0.4750552679397122
0.4749719498902056
0.47488853986623614
0.4748050376851784
0.4747214431631178
0.47463775611484793
0.4745539763538716
0.47447010369239795
0.47438613794134266
0.4743020789103263
0.47421792640767396
0.47413368024041436
0.47404934021427914
0.473964906133702
0.47388037780181846
0.47379575502046556
0.47371103759018074
0.47362622531020226
0.47354131797846816
0.47345631539161703
0.47337121734498677
0.47328602363261535
0.4732007340472407
0.47311534838030045
0.47302986642193223
0.47294428796097443
0.4728586127849652
0.4727728406801446
0.4726869714314535
0.47260100482253486
0.4725149406357341
0.4724287786521001
0.47234251865138555
0.47225616041204754
0.4721697037112498
0.4720831483248614
0.4719964940274601
0.4719097405923316
0.4718228877914724
0.47173593539558967
0.47164888317410314
0.4715617308951466
0.47147447832556966
0.4713871252309381
0.4712996713755372
0.47121211652237205
0.4711244604331701
0.47103670286838295
0.4709488435871879
0.4708608823474903
0.47077281890592554
0.4706846530178612
0.4705963844373997
0.4705080129173795
0.4704195382093789
0.47033096006371766
0.4702422782294597
0.4701534924544153
0.4700646024851453
0.46997560806696215
0.46988650894393336
0.4697973048588847
0.4697079955534032
0.4696185807678398
0.46952906024131313
0.4694394337117118
0.46934970091569894
0.46925986158871436
0.4691699154649792
0.4690798622774984
0.4689897017580652
0.46889943363726405
0.46880905764447517
0.4687185735078777
0.4686279809544542
0.46853727970999437
0.46844646949909907
0.46835555004518464
0.4682645210704869
0.4681733822960659
0.46808213344181004
0.4679907742264406
0.4678993043675158
0.4678077235814365
0.46771603158345
0.46762422808765486
0.4675323128070065
0.46744028545332117
0.4673481457372817
0.4672558933684421
0.4671635280552331
0.467071049504967
0.4669784574238436
0.46688575151695455
0.4667929314882902
0.46669999704074394
0.4666069478761185
0.4665137836951313
0.46642050419742065
0.46632710908155095
0.4662335980450196
0.46613997078426167
0.46604622699465736
0.4659523663705374
0.4658583886051891
0.46576429339086345
0.4656700804187809
0.46557574937913776
0.4654812999611133
0.4653867318528757
0.4652920447415895
0.46519723831342147
0.4651023122535484
0.4650072662461632
0.46491209997448246
0.46481681312075307
0.4647214053662601
0.46462587639133324
0.4645302258753543
0.464434453496765
0.46433855893307396
0.46424254186086444
0.4641464019558014
0.4640501388926408
0.46395375234523517
0.46385724198654277
0.4637606074886354
0.4636638485227061
0.4635669647590771
0.4634699558672084
0.46337282151570536
0.46327556137232756
0.4631781751039968
0.4630806623768058
0.4629830228560261
0.46288525620611737
0.4627873620907355
0.46268934017274177
0.46259119011421135
0.4624929115764418
0.4623945042199631
0.4622959677045453
0.4621973016892087
0.4620985058322322
0.4619995797911635
0.4619005232228273
0.46180133578333504
0.46170201712809505
0.4616025669118209
0.46150298478854196
0.4614032704116123
0.46130342343372105
0.461203443506902
0.4611033302825431
0.46100308341139706
0.46090270254359045
0.46080218732863515
0.46070153741543673
0.4606007524523066
0.46049983208697065
0.4603987759665807
0.4602975837377244
0.46019625504643574
0.46009478953820604
0.45999318685799395
0.45989144665023723
0.45978956855886205
0.45968755222729496
0.4595853972984737
0.4594831034148573
0.45938067021843876
0.4592780973507545
0.45917538445289635
0.45907253116552305
0.4589695371288709
0.45886640198276574
0.458763125366634
0.45865970691951485
0.4585561462800709
0.4584524430866004
0.458348596977049
0.45824460758902147
0.4581404745597938
0.45803619752632374
0.4579317761252655
0.457827209992979
0.4577224987655438
0.45761764207877054
0.4575126395682135
0.45740749086918214
0.45730219561675506
0.4571967534457908
0.4570911639909414
0.4569854268866642
0.4568795417672355
0.456773508266762
0.4566673260191946
0.4565609946583406
0.4564545138178767
0.4563478831313627
0.4562411022322531
0.45613417075391116
0.4560270883296218
0.455919854592605
0.45581246917602847
0.4557049317130213
0.4555972418366878
0.4554893991801199
0.45538140337641153
0.4552732540586718
0.4551649508600386
0.45505649341369225
0.4549478813528693
0.45483911431087665
0.45473019192110403
0.45462111381703996
0.45451187963228423
0.4544024890005618
0.45429294155573846
0.4541832369318325
0.45407337476303106
0.4539633546837033
0.4538531763284149
0.45374283933194226
0.4536323433292872
0.45352168795569103
0.45341087284664916
0.453299897637926
0.4531887619655689
0.45307746546592337
0.45296600777564766
0.45285438853172666
0.45274260737148864
0.452630663932618
0.45251855785317135
0.4524062887715923
0.45229385632672614
0.4521812601578352
0.4520684999046138
0.4519555752072034
0.4518424857062079
0.45172923104270857
0.45161581085827973
0.4515022247950038
0.4513884724954866
0.4512745536028733
0.4511604677608628
0.45104621461372474
0.45093179380631354
0.45081720498408495
0.45070244779311164
0.450587521880098
0.45047242689239664
0.45035716247802443
0.45024172828567693
0.4501261239647464
0.45001034916533467
0.44989440353827215
0.44977828673513165
0.4496619984082453
0.4495455382107202
0.44942890579645445
0.4493121008201535
0.4491951229373461
0.4490779718044009
0.44896064707854105
0.44884314841786277
0.4487254754813497
0.44860762792889014
0.448489605421293
0.44837140762030425
0.44825303418862295
0.44813448478991824
0.4480157590888454
0.4478968567510624
0.44777777744324604
0.4476585208331088
0.4475390865894156
0.4474194743819997
0.44729968388177965
0.4471797147607756
0.44705956669212693
0.446939239350107
0.44681873241014136
0.44669804554882386
0.44657717844393385
0.4464561307744517
0.4463349022205768
0.44621349246374337
0.446091901186638
0.4459701280732157
0.44584817280871675
0.44572603507968456
0.4456037145739805
0.44548121098080307
0.44535852399070225
0.4452356532955988
0.4451125985887986
0.44498935956501184
0.4448659359203682
0.4447423273524344
0.44461853356023096
0.44449455424424905
0.44437038910646737
0.4442460378503687
0.44412150018095775
0.4439967758047763
0.443871864429922
0.44374676576606403
0.44362147952445985
0.4434960054179727
0.44337034316108803
0.4432444924699307
0.4431184530622815
0.4429922246575937
0.44286580697701045
0.4427391997433811
0.44261240268127855
0.44248541551701526
0.44235823797866036
0.44223086979605664
0.4421033107008368
0.4419755604264404
0.44184761870813055
0.4417194852830106
0.4415911598900404
0.4414626422700533
0.44133393216577277
0.44120502932182887
0.44107593348477403
0.44094664440310116
0.44081716182725866
0.4406874855096677
0.4405576152047379
0.4404275506688845
0.4402972916605441
0.4401668379401913
0.44003618927035526
0.43990534541563475
0.43977430614271584
0.4396430712203868
0.43951164041955487
0.43938001351326256
0.43924819027670275
0.4391161704872355
0.4389839539244036
0.43885154036994845
0.43871892960782577
0.4385861214242219
0.438453115607569
0.43831991194856035
0.43818651024016736
0.4380529102776535
0.43791911185859056
0.43778511478287396
0.4376509188527383
0.4375165238727725
0.43738192964993466
0.4372471359935679
0.437112142715415
0.43697694962963357
0.4368415565528108
0.43670596330397843
0.43657016970462825
0.4364341755787254
0.4362979807527242
0.43616158505558217
0.4360249883187747
0.43588819037630955
0.4357511910647408
0.4356139902231836
0.43547658769332787
0.4353389833194524
0.4352011769484392
0.4350631684297869
0.43492495761562444
0.43478654436072595
0.43464792852252254
0.434509109961117
0.43437008853929665
0.4342308641225474
0.43409143657906585
0.43395180577977294
0.4338119715983269
0.433671933911136
0.4335316925973717
0.4333912475389803
0.4332505986206966
0.43310974573005573
0.43296868875740524
0.4328274275959175
0.43268596214160226
0.4325442922933178
0.43240241795278295
0.4322603390245885
0.43211805541620996
0.43197556703801715
0.4318328738032869
0.4316899756282139
0.4315468724319209
0.43140356413647074
0.43126005066687617
0.43111633195111143
0.43097240792012104
0.4308282785078324
0.4306839436511641
0.4305394032900366
0.43039465736738225
0.4302497058291544
0.43010454862433795
0.42995918570495817
0.4298136170260894
0.4296678425458655
0.42952186222548727
0.42937567602923254
0.42922928392446424
0.4290826858816383
0.4289358818743127
0.4287888718791556
0.42864165587595243
0.428494233847615
0.4283466057801874
0.42819877166285514
0.4280507314879511
0.42790248525096286
0.4277540329505405
0.42760537458850184
0.4274565101698399
0.4273074397027291
0.4271581631985314
0.4270086806718014
0.4268589921402933
0.42670909762496634
0.4265589971499889
0.4264086907427449
0.4262581784338387
0.42610746025709856
0.425956536249583
0.4258054064515842
0.4256540709066319
0.4255025296614978
0.42535078276619903
0.4251988302740022
0.42504667224142584
0.42489430872824363
0.4247417397974885
0.4245889655154532
0.4244359859516945
0.4242828011790344
0.4241294112735629
0.42397581631463843
0.4238220163848907
0.42366801157022166
0.4235138019598058
0.42335938764609216
0.42320476872480384
0.423049945294939
0.42289491745877095
0.4227396853218473
0.42258424899299096
0.4224286085842983
0.42227276421113846
0.4221167159921533
0.42196046404925425
0.4218040085076222
0.42164734949570537
0.421490487145217
0.4213334215911321
0.4211761529716869
0.4210186814283742
0.4208610071059405
0.4207031301523837
0.4205450507189478
0.4203867689601203
0.42022828503362775
0.4200695991004303
0.41991071132471847
0.41975162187390724
0.41959233091863063
0.41943283863273684
0.4192731451932816
0.4191132507805229
0.41895315557791435
0.418792859772098
0.4186323635528978
0.41847166711331263
0.4183107706495084
0.41814967436080985
0.4179883784496943
0.41782688312178023
0.4176651885858218
0.4175032950536977
0.4173412027404026
0.4171789118640379
0.4170164226458011
0.41685373530997666
0.4166908500839248
0.4165277671980711
0.41636448688589534
0.41620100938391996
0.41603733493169903
0.41587346377180495
0.4157093961498183
0.4155451323143129
0.41538067251684485
0.41521601701193817
0.4150511660570717
0.4148861199126648
0.4147208788420646
0.41455544311152936
0.4143898129902156
0.414223988750162
0.41405797066627403
0.4138917590163086
0.4137253540808578
0.4135587561433321
0.4133919654899445
0.41322498240969263
0.4130578071943415
0.4128904401384061
0.4127228815391336
0.4125551316964837
0.4123871909131116
0.4122190594943474
0.41205073774817824
0.41188222598522706
0.41171352451873355
0.4115446336645332
0.41137555374103674
0.41120628506920975
0.4110368279725493
0.41086718277706424
0.41069734981125183
0.41052732940607606
0.410357121894944
0.4101867276136826
0.4100161469005166
0.40984538009604266
0.4096744275432064
0.40950328958727694
0.4093319665758233
0.40916045885868757
0.40898876678796015
0.4088168907179527
0.4086448310051737
0.4084725880082991
0.408300162088147
0.40812755360765046
0.40795476293182764
0.4077817904277551
0.4076086364645393
0.40743530141328627
0.40726178564707444
0.40708808954092185
0.40691421347175954
0.40674015781839834
0.4065659229614991
0.40639150928354156
0.4062169171687921
0.40604214700327274
0.4058671991747279
0.40569207407259156
0.40551677208795467
0.4053412936135314
0.40516563904362507
0.40498980877409385
0.4048138032023159
0.40463762272715453
0.4044612677489229
0.40428473866934705
0.4041080358915306
0.40393115981991784
0.40375411086025625
0.4035768894195595
0.4033994959060687
0.4032219307292151
0.4030441942995803
0.4028662870288579
0.40268820932981364
0.4025099616162451
0.4023315443029416
0.4021529578056434
0.4019742025410002
0.40179527892653
0.401616187380576
0.40143692832226535
0.40125750217146483
0.40107790934873877
0.4008981502753038
0.4007182253729862
0.4005381350641756
0.4003578797717814
0.4001774599191858
0.39999687593019834
0.3998161282290097
0.39963521724014384
0.3994541433884125
0.3992729070988644
0.39909150879674027
0.3989099489074213
0.3987282278563812
0.3985463460691372
0.3983643039711977
0.39818210198801407
0.39799974054492776
0.3978172200671195
0.39763454097955725
0.39745170370694305
0.39726870867366115
0.3970855563037225
0.3969022470207127
0.39671878124773624
0.3965351594073617
0.39635138192156727
0.3961674492116822
0.3959833616983326
0.3957991198013836
0.39561472393988106
0.39543017453199436
0.39524547199495685
0.39506061674500775
0.3948756091973308
0.3946904497659949
0.39450513886389427
0.3943196769026848
0.3941340642927237
0.3939483014430065
0.3937623887611039
0.39357632665309794
0.3933901155235181
0.39320375577527633
0.39301724780960123
0.3928305920259731
0.3926437888220551
0.39245683859362923
0.3922697417345253
0.39208249863655453
0.39189510968943964
0.39170757528074546
0.3915198957958076
0.39133207161766276
0.3911441031269765
0.3909559907019706
0.3907677347183504
0.39057933554923085
0.3903907935650626
0.3902021091335568
0.39001328261960894
0.3898243143852224
0.3896352047894325
0.3894459541882268
0.3892565629344679
0.38906703137781323
0.3888773598646352
0.38868754873794115
0.38849759833728986
0.38830750899871114
0.38811728105462157
0.38792691483374
0.38773641066100445
0.3875457688574851
0.38735498974029786
0.38716407362251803
0.38697302081309143
0.38678183161674573
0.3865905063339005
0.3863990452605765
0.38620744868830387
0.38601571690402964
0.3858238501900251
0.3856318488237901
0.38543971307795843
0.3852474432202019
0.38505503951313175
0.3848625022142024
0.38466983157561047
0.384477027844195
0.3842840912613368
0.3840910220628554
0.38389782047890636
0.3837044867338759
0.38351102104627616
0.3833174236286383
0.38312369468740437
0.3829298344228191
0.38273584302881947
0.3825417206929232
0.38234746759611676
0.382153083912742
0.38195856981038007
0.3817639254497369
0.38156915098452454
0.3813742465613434
0.38117921231956176
0.3809840483911944
0.38078875490078085
0.38059333196526
0.380397779693846
0.38020209818790074
0.3800062875408056
0.3798103478378324
0.3796142791560113
0.37941808156399903
0.3792217551219436
0.37902529988135014
0.3788287158849417
0.37863200316652174
0.3784351617508328
0.3782381916534146
0.37804109288045984
0.37784386542866877
0.37764650928510224
0.3774490244270316
0.37725141082178776
0.3770536684266101
0.37685579718848944
0.37665779704401336
0.37645966791920715
0.37626140972937244
0.37606302237892664
0.3758645057612367
0.37566585975845423
0.37546708424134567
0.3752681790691217
0.3750691440892654
0.37486997913735604
0.37467068403689197
0.3744712585991119
0.3742717026228113
0.3740720158941602
0.37387219818651435
0.37367224926022813
0.37347216886246126
0.37327195672698577
0.37307161257398846
0.3728711361098727
0.3726705270270553
0.3724697850037624
0.3722689097038218
0.3720679007764534
0.3718667578560547
0.3716654805619862
0.3714640684983519
0.37126252125377684
0.3710608384011834
0.3708590194975615
0.37065706408373833
0.37045497168414443
0.37025274180657414
0.3700503739419459
0.3698478675640572
0.3696452221293368
0.36944243707659286
0.36923951182675824
0.3690364457826315
0.3688332383286145
0.36862988883044645
0.36842639663493376
0.36822276106967594
0.3680189814427875
0.36781505704261663
0.3676109871374583
0.36740677097526425
0.3672024077833488
0.3669978967680894
0.366793237114624
0.3665884279865422
0.3663834685255733
0.3661783578512702
0.36597309506068526
0.3657676792280465
0.3655621094044237
0.36535638461739306
0.3651505038706949
0.3649444661438878
0.3647382703919953
0.36453191554514913
0.3643254005082258
0.36411872416047875
0.3639118853551636
0.3637048829191586
0.3634977156525782
0.36329038232838257
0.36308288169197855
0.36287521246081594
0.36266737332397775
0.36245936294176295
0.3622511799452636
0.362042822935935
0.3618342904851591
0.3616255811338008
0.3614166933917576
0.36120762573750326
0.3609983766176212
0.3607889444463338
0.3605793276050223
0.36036952444173975
0.360159533270716
0.35994935237185455
0.3597389799902232
0.3595284143355326
0.35931765358161183
0.3591066958658695
0.3588955392887528
0.35868418191319196
0.35847262176403916
0.3582608568274976
0.3580488850505415
0.35783670434032616
0.3576243125635891
0.3574117075460417
0.35719888707175
0.3569858488825068
0.3567725906771925
0.3565591101111262
0.3563454047954064
0.3561314722962401
0.3559173101342623
0.3557029157838434
0.35548828667238613
0.3552734201796104
0.35505831363682666
0.354842964326199
0.35462736947999274
0.3544115262798135
0.3541954318558324
0.3539790832859981
0.3537624775952368
0.35354561175463955
0.35332848268063477
0.3531110872341501
0.35289342221975756
0.3526754843848074
0.35245727041854624
0.3522387769512221
0.35202000055317395
0.3518009377339074
0.3515815849411553
0.35136193855992204
0.3511419949115152
0.35092175025255806
0.35070120077398936
0.3504803426000455
0.35025917178722615
0.3500376843232446
0.34981587612596043
0.349593743042295
0.34937128084713054
0.3491484852421918
0.34892535185490864
0.34870187623726245
0.34847805386461256
0.34825388013450675
0.3480293503654702
0.3478044597957778
0.34757920358220595
0.34735357679876616
0.34712757443541775
0.3469011913967624
0.3466744225007164
0.3464472624771652
0.3462197059665952
0.34599174751870604
0.3457633815910018
0.3455346025473604
0.3453054046565824
0.34507578209091805
0.34484572892457144
0.34461523913218434
0.34438430658729685
0.34415292506078593
0.34392108821927997
0.34368878962355315
0.3434560227268956
0.34322278087345914
0.3429890572965824
0.3427548451170899
0.3425201373415698
0.3422849268606263
0.3420492064471097
0.341812968754321
0.34157620631419366
0.3413389115354521
0.34110107670174333
0.3408626939697469
0.3406237553672604
0.3403842527912596
0.34014417800593477
0.3399035226407047
0.3396622781882027
0.3394204360022428
0.3391779872957597
0.3389349231387245
0.338691234456038
0.33844691202539984
0.33820194647515495
0.3379563282821153
0.33771004776936064
0.3374630951040151
0.337215460295003
0.33696713319078164
0.3367181034770533
0.33646836067445435
0.3362178941362278
0.33596669304587146
0.33571474641476795
0.33546204307979804
0.33520857170093177
0.33495432075880566
0.33469927855228077
0.33444343319598685
0.33418677261784885
0.3339292845566013
0.33367095655928936
0.3334117759787571
0.3331517299711246
0.33289080549325717
0.33262898930022455
0.3323662679427523
0.33210262776467087
0.33183805490035617
0.33157253527217095
0.3313060545879048
0.33103859833821414
0.33077015179406594
0.3305007000041857
0.3302302277925139
0.3299587197556688
0.32968616026042497
0.3294125334412009
0.3291378231975671
0.32886201319177133
0.32858508684628557
0.3283070273413797
0.32802781761272
0.32774744034900266
0.3274658779896178
0.3271831127223538
0.326899126481143
0.3266139009438509
0.32632741753011685
0.32603965739924623
0.32575060144816204
0.3254602303094157
0.325168524349267
0.32487546366583475
0.3245810280873222
0.32428519717032533
0.323987950198228
0.32368926617968885
0.3233891238472243
0.32308750165589917
0.3227843777821236
0.3224797301225685
0.322173536293201
0.3218657736284526
0.3215564191805212
0.32124544971881536
0.32093284172955333
0.32061857141551553
0.32030261469596544
0.3199849472067442
0.31966554430054606
0.319344381047384
0.3190214322352555
0.31869667237101496
0.3183700756814611
0.3180416161146527
0.3177112673414572
0.31737900275734454
0.317044795484434
0.31670861837380626
0.3163704440080892
0.31603024470432634
0.3156879925171413
0.31534365924220653
0.31499721642002687
0.31464863534005044
0.3142978870451153
0.31394494233624376
0.31358977177779684
0.31323234570299546
0.312872634219826
0.31251060721733326
0.31214623437232036
0.31177948515645776
0.31141032884382047
0.3110387345188575
0.3106646710848091
0.31028810727258016
0.3099090116500791
0.30952735263203485
0.30914309849030075
0.3087562173646542
0.3083666772741026
0.307974446128704
0.30757949174191046
0.30718178184344463
0.30678128409271377
0.30637796609277024
0.30597179540482716
0.3055627395633301
0.3051507660915949
0.30473584251801417
0.30431793639283655
0.3038970153055215
0.30347304690267307
0.303045998906553
0.30261583913417256
0.3021825355169656
0.3017460561210374
0.30130636916799003
0.3008634430563156
0.30041724638335876
0.2999677479678352
0.2995149168729039
0.29905872242977904
0.29859913426187645
0.29813612230947756
0.29766965685490077
0.2971997085481631
0.29672624843311696
0.2962492479740439
0.2957686790826837
0.2952845141456795
0.2947967260524144
0.29430528822321533
0.29381017463789677
0.29331135986461754
0.29280881908901957
0.29230252814361507
0.29179246353739374
0.29127860248560833
0.290760922939708
0.2902394036173753
0.2897140240326308
0.2891847645259613
0.28865160629443
0.2881145314217226
0.28757352290808325
0.287028564700095
0.28647964172025203
0.2859267398962783
0.28536984619013994
0.2848089486266968
0.2842440363219449
0.2836750995107949
0.2831021295743286
0.2825251190664879
0.28194406174012915
0.28135895257240034
0.28076978778937717
0.28017656488990633
0.2795792826686021
0.27897794123794095
0.27837254204940015
0.2777630879135888
0.2771495830193186
0.27653203295156475
0.27591044470826614
0.27528482671591736
0.27465518884390916
0.2740215424175683
0.2733839002298582
0.2727422765516987
0.27209668714086915
0.2714471492494559
0.2707936816298156
0.27013630453902315
0.26947503974177667
0.26880991051173675
0.26814094163128077
0.26746815938965174
0.2667915915794918
0.2661112674917482
0.26542721790894364
0.26473947509681295
0.2640480727943003
0.263353046201926
0.26265443196853056
0.26195226817640394
0.26124659432482206
0.26053745131200273
0.2598248814155106
0.259108928271133
0.2583896368502575
0.2576670534357881
0.25694122559663285
0.2562122021608036
0.25548003318717627
0.25474476993594947
0.25400646483785855
0.2532651714621925
0.25252094448366924
0.25177383964822664
0.25102391373778765
0.2502712245340604
0.2495158307814369
0.24875779214905297
0.2479971691920777
0.24723402331229635
0.24646841671805655
0.24570041238364565
0.24493007400816852
0.24415746597399524
0.243382653304847
0.24260570162359202
0.24182667710981837
0.24104564645725157
0.2402626768310899
0.2394778358253161
0.2386911914200599
0.2379028119390689
0.2371127660073553
0.2363211225090798
0.23552795054572945
0.2347333193946501
0.2339372984679915
0.2331399572721124
0.23234136536750458
0.2315415923292805
0.23074070770827473
0.22993878099280018
0.22913588157110645
0.2283320786945737
0.22752744144168474
0.226722038682806
0.22591593904580975
0.22510921088256935
0.2243019222363489
0.22349414081011681
0.2226859339358009
0.2218773685445031
0.22106851113769446
0.22025942775939808
0.21945018396937693
0.21864084481733015
0.2178314748181097
0.21702213792795613
0.21621289752176104
0.2154038163713514
0.2145949566247984
0.2137863797867428
0.21297814669973486
0.2121703175265776
0.21136295173366898
0.21055610807532754
0.2097498445790937
0.20894421853199138
0.20813928646773416
0.20733510415486317
0.2065317265857979
0.20572920796678162
0.20492760170870533
0.20412696041878672
0.20332733589308905
0.2025287791098527
0.20173134022362604
0.2009350685601642
0.20014001261208314
0.19934622003523922
0.19855373764581494
0.19776261141808743
0.1969728864828551
0.19618460712650207
0.19539781679067436
0.19461255807254627
0.1938288727256539
0.19304680166127233
0.19226638495031498
0.19148766182573068
0.19071067068537886
0.18993544909535942
0.18916203379377547
0.18839046069490967
0.18762076489379204
0.186852980671138
0.1860871414986402
0.18532328004459014
0.18456142817981516
0.1838016169839085
0.1830438767517375
0.1822882370002104
0.1815347264752858
0.18078337315920856
0.1800342042779544
0.1792872463088713
0.17854252498849854
0.17780006532055265
0.177059891584065
0.17632202734165575
0.17558649544793586
0.17485331805802043
0.1741225166361441
0.17339411196436544
0.17266812415135133
0.17194457264122992
0.17122347622250095
0.17050485303699697
0.16978872058888356
0.16907509575369079
0.16836399478736913
0.1676554333353588
0.1669494264416692
0.16624598855795725
0.165545133552602
0.16484687471976442
0.16415122478843178
0.16345819593143668
0.1627677997744477
0.162080047404925
0.16139494938103793
0.16071251574054018
0.1600327560095947
0.1593556792115505
0.15868129387566246
0.1580096080457536
0.1573406292888155
0.15667436470354418
0.1560108209288097
0.1553500041520543
0.15469192011762067
0.1540365741350037
0.15338397108702867
0.15273411543794854
0.15208701124146445
0.15144266214866325
0.1508010714158735
0.15016224191243757
0.14952617612839872
0.14889287618210328
0.14826234382771594
0.1476345804626477
0.1470095871348959
0.1463873645502965
0.1457679130796869
0.14515123276598005
0.1445373233311493
0.14392618418312303
0.14331781442259045
0.14271221284971738
0.142109377970772
0.14150930800466155
0.14091200088937966
0.14031745428836367
0.13972566559676458
0.13913663194762618
0.13855035021797785
0.13796681703483826
0.13738602878113168
0.1368079816015184
0.1362326714081361
0.13566009388625844
0.13509024449986543
0.13452311849713033
0.13395871091582184
0.13339701658862246
0.13283803014836437
0.13228174603318238
0.13172815849158534
0.1311772615874468
0.13062904920491536
0.1300835150532452
0.12954065267154785
0.12900045543346625
0.12846291655177117
0.12792802908288137
0.1273957859313075
0.12686617985402163
0.12633920346475247
0.12581484923820685
0.12529310951421868
0.12477397650182656
0.12425744228327974
0.12374349881797461
0.12323213794632089
0.12272335139354024
0.12221713077339647
0.12171346759185875
0.12121235325069894
0.12071377905102365
0.12021773619674125
0.11972421579796598
0.11923320887435795
0.11874470635840223
0.11825869909862555
0.11777517786275316
0.1172941333408059
0.11681555614813761
0.11633943682841498
0.11586576585653996
0.11539453364151545
0.11492573052925453
0.11445934680533566
0.11399537269770263
0.11353379837931185
0.11307461397072499
0.11261780954265228
0.112163375118442
0.11171130067652009
0.11126157615278082
0.11081419144292722
0.11036913640476312
0.10992640086043769
0.10948597459864381
0.10904784737676786
0.10861200892299674
0.10817844893837711
0.1077471570988328
0.10731812305713723
0.10689133644484249
0.10646678687416845
0.10604446393984682
0.10562435722092765
0.1052064562825436
0.10479075067763417
0.10437722994863291
0.10396588362911384
0.10355670124540187
0.10314967231814542
0.10274478636385137
0.10234203289638628
0.10194140142844003
0.10154288147295627
0.10114646254452715
0.10075213416075607
0.1003598858435853
0.09996970712059326
0.09958158752625822
0.09919551660319101
0.09881148390333717
0.09842947898914808
0.09804949143472294
0.09767151082692085
0.09729552676644468
0.09692152886889571
0.09654950676580171
0.0961794501056164
0.0958113485546935
0.09544519179823242
0.09508096954120084
0.0947186715092294
0.09435828744948255
0.09399980713150513
0.09364322034804459
0.09328851691584944
0.09293568667644478
0.09258471949688536
0.09223560527048591
0.09188833391753023
0.09154289538595772
0.09119927965202997
0.09085747672097694
0.09051747662762105
0.09017926943698368
0.08984284524487053
0.08950819417843937
0.08917530639674771
0.08884417209128262
0.08851478148647315
0.08818712484018434
0.08786119244419491
0.08753697462465615
0.08721446174253741
0.08689364419405178
0.08657451241106831
0.08625705686150836
0.08594126804972527
0.08562713651687115
0.08531465284124726
0.08500380763864124
0.08469459156264986
0.08438699530498785
0.0840810095957839
0.08377662520386318
0.08347383293701674
0.08317262364225864
0.08287298820607161
0.08257491755463847
0.08227840265406433
0.0819834345105853
0.08169000417076763
0.08139810272169375
0.08110772129114033
0.08081885104774283
0.08053148320115215
0.08024560900218036
0.07996121974293609
0.07967830675695121
0.0793968614192978
0.07911687514669612
0.07883833939761305
0.07856124567235319
0.07828558551313956
0.07801135050418799
0.07773853227177187
0.07746712248427955
0.07719711285226456
0.07692849512848743
0.07666126110795062
0.07639540262792623
0.07613091156797697
0.07586777984997008
0.07560599943808428
0.07534556233881116
0.0750864606009497
0.07482868631559444
0.07457223161611815
0.07431708867814885
0.07406324971954048
0.07381070700033847
0.07355945282274036
0.07330947953105009
0.07306077951162858
0.07281334519283855
0.07256716904498449
0.07232224358024833
0.07207856135262058
0.07183611495782717
0.07159489703325109
0.07135490025785113
0.07111611735207629
0.07087854107777553
0.07064216423810446
0.07040697967742837
0.07017298028122125
0.0699401589759616
0.06970850872902513
0.06947802254857345
0.06924869348344087
0.06902051462301657
0.06879347909712583
0.068567580075906
0.06834281076968193
0.06811916442883761
0.06789663434368498
0.06767521384433144
0.06745489630054377
0.0672356751216105
0.0670175437562014
0.0668004956922259
0.06658452445668793
0.06636962361554044
0.06615578677353644
0.0659430075740794
0.06573127969907146
0.06552059686875951
0.06531095284158062
0.06510234141400478
0.06489475642037701
0.06468819173275797
0.06448264126076267
0.06427809895139826
0.06407455878890059
0.06387201479456978
0.06367046102660401
0.06346989157993276
0.06327030058604904
0.06307168221284094
0.06287403066442086
0.06267734018095614
0.06248160503849687
0.062286819548803954
0.06209297805917639
0.061900074952277735
0.061708104645961784
0.06151706159309816
0.06132694028139682
0.06113773523323272
0.06094944100546924
0.06076205218928192
0.06057556340998159
0.06038996932683682
0.060205264632896605
0.060021444054812606
0.05983850235266107
0.059656434319764556
0.059475234782513806
0.05929489860018902
0.05911542066478155
0.0589367959008152
0.05875901926516748
0.058582085746891
0.058405990367035227
0.05823072817846728
0.05805629426569414
0.05788268374468375
0.05770989176268721
0.05753791349806057
0.05736674416008675
0.0571963789887983
0.05702681325479979
0.056858042259090205
0.05669006133288693
0.05652286583744842
0.056356451163898064
0.05619081273304839
0.0560259459952253
0.055861846430093016
0.05569850954647881
0.05553593088219913
0.05537410600388527
0.05521303050680977
0.05505270001471328
0.05489311017963204
0.05473425668172565
0.05457613522910537
0.054418741557662895
0.05426207143089978
0.05410612063975742
0.053950885002447456
0.05379636036428252
0.053642542597508336
0.05348942760113534
0.053337011300771925
0.05318528964845733
0.05303425862249613
0.05288391422729246
0.05273425249318538
0.052585269476284745
0.05243696125830788
0.05228932394641658
0.05214235367305501
0.05199604659578823
0.051850398897141645
0.051705406784440515
0.05156106648965081
0.05141737426922065
0.051274326403921655
0.05113191919869259
0.050990148982482095
0.05084901210809305
0.05070850495202768
0.050568623914332846
0.05042936541844646
0.05029072591104469
0.050152701861890095
0.05001528976367917
0.04987848613189314
