2.162044493445878
2.22173887392136
2.1885861533035094
2.155032156706967
2.1245265760683214
2.0961020056754722
2.069450157755334
2.0444872462564816
2.021178754379936
1.999497186397611
1.9794133016679154
1.9608947630599611
1.94390613469839
1.9284089606097463
1.9143617596641447
1.9017199882472513
1.8904360323592768
1.8804592632630248
1.8717361653272393
1.8642105286919262
1.857823691936134
1.8525148184255629
1.8482211919239364
1.844878520439669
1.842421240881071
1.8407828201959429
1.8398960509628983
1.8396933408297382
1.8401069958544634
1.8410694978645732
1.8425137755990892
1.8443734688166984
1.8465831838997862
1.8490787388830947
1.8517973953778744
1.8546780746043101
1.8576615547126367
1.860690646766407
1.863710347159065
1.8666679648016413
1.8695132221103044
1.872198329588912
1.8746780345950844
1.876909645653593
1.8788530343988141
1.8804706178564121
1.8817273242889114
1.882590546213465
1.8830300844433427
1.8830180871039643
1.8825289875317888
1.8815394447863554
1.8800282902020036
1.877976482988434
1.875367077372342
1.8721852031708217
1.8684180610171772
1.8640549327376421
1.8590872066205975
1.8535084165462814
1.8473142931737812
1.8405028246338808
1.8330743234729072
1.8250314959577978
1.8163795093108384
1.8071260520196917
1.7972813820900346
1.7868583579987154
1.7758724471864575
1.7643417072177003
1.7522867352415097
1.7397305821133346
1.7266986284739194
1.7132184212084458
1.6993194699928125
1.6850330050295685
1.6703916985269873
1.6554293539160596
1.6401805681617785
1.624680373736163
1.6089638678146874
1.5930658369781034
1.5770203861053251
1.5608605802051552
1.5446181076505057
1.528322972664807
1.512003224002508
1.495684725616903
1.479390973784195
1.4631429637249362
1.44695910730579
1.4308552019841116
1.414844449833121
1.3989375243004316
1.3831426813348868
1.3674659106765903
1.3519111224373475
1.3364803635854154
1.3211740585626817
1.3059912679743888
1.290929959073599
1.2759872815955473
1.2611598423739818
1.246443972101946
1.2318359776094678
1.217332373161797
1.2029300845861943
1.1886266205674387
1.1744202062592786
1.1603098754690717
1.1462955190842306
1.1323778890823755
1.1185585593221505
1.104839846230988
1.0912246943456596
1.0777165332672025
1.064319113820307
1.0510363319463623
1.0378720490449056
1.0248299171040713
1.011913216079203
0.9991247096927294
0.9864665242750252
0.9739400535974458
0.9615458910120972
0.9492837887331077
0.9371526428626494
0.9251505018342076
0.913274595330555
0.9015213804172227
0.8898866015730936
0.8783653614432866
0.8669521994256344
0.8556411755731432
0.8444259577002879
0.8332999099805964
0.8222561816876857
0.8112877950433167
0.8003877313851642
0.7895490150522542
0.7787647945113155
0.7680284203201598
0.7573335195543472
0.746674066321362
0.7360444479629664
0.7254395265113844
0.7148546949276215
0.7042859276185589
0.6937298247101339
0.6831836495522677
0.6726453589511373
0.6621136256683784
0.6515878527958224
0.6410681797080049
0.6305554794109494
0.620051347241508
0.6095580810222135
0.5990786529368088
0.5886166735550349
0.5781763485952154
0.5677624291628892
0.5573801563367765
0.5470352010838887
0.5367336005689075
0.5264816919756199
0.5162860449782936
0.5061533939881382
0.4960905712557299
0.486104441837264
0.4762018413348461
0.46638951720368615
0.45667407428772755
0.4470619251057853
0.43755924526845547
0.42817193426729605
0.418905581746723
0.40976543924952397
0.40075639732172363
0.39188296777356135
0.383149270821392
0.37455902678041403
0.3661155519394798
0.3578217582255092
0.34968015625448357
0.34169286136661386
0.3338616022530055
0.3261877317978943
0.3186722397824023
0.31131576712100917
0.30411862132910655
0.29708079294785616
0.29020197268016584
0.2834815690182318
0.27691872616825736
0.27051234210140185
0.26426108658151815
0.2581634190398477
0.252217606184565
0.24642173924902588
0.2407737507969253
0.23527143101547024
0.22991244343926845
0.2246943400580887
0.21961457577109017
0.21467052215867516
0.20985948055085835
0.20517869437808772
0.2006253607968256
0.19619664158797176
0.19188967333139384
0.1877015768645099
0.18362946603699043
0.17967045577729587
0.17582166948994327
0.1720802458050824
0.1684433447042571
0.16490815304805234
0.16147188953281133
0.15813180910467325
0.15488520685994034
0.1517294214612051
0.14866183809881497
0.14567989102713114
0.14278106570470298
0.13996290056693111
0.13722298845908
0.13455897775664755
0.13196857319911953
0.12944953646207097
0.12699968649143314
0.12461689962255273
0.12229910950544318
0.12004430685638286
0.11785053905477028
0.11571590960290674
0.11363857746515833
0.11161675630176461
0.10964871361140353
0.10773276979550897
0.105867297156283
0.104050718839315
0.10228150773076553
0.10055818531816076
0.09887932052298641
0.09724352851246133
0.0956494694971344
0.09409584752023625
0.09258140924407994
0.09110494273820095
0.08966527627337985
0.08826127712517845
0.08689185039016141
0.08555593781754697
0.08425251665864547
0.08298059853609237
0.08173922833456443
0.08052748311437927
0.07934447104912085
0.07818933038820015
0.07706122844505157
0.07595936061147963
0.07488294939850795
0.0738312435039312
0.07280351690664669
0.07179906798772745
0.0708172186780956
0.06985731363257548
0.06891871943002725
0.06800082379919742
0.06710303486987293
0.06622478044887414
0.06536550732038891
0.06452468057011726
0.06370178293266957
0.06289631416164579
0.062107790421803796
0.061335743702720005
0.060579721253334426
0.05983928503677234
0.05911401120483287
0.05840348959153674
0.05770732322513363
0.05702512785796954
0.05635653151362919
0.0557011740507736
0.055058706743104355
0.05442879187489875
0.053811102351573
0.05320532132473659
0.052611141831227795
0.052028266445617324
0.05145640694569656
0.05089528399046904
0.050344626810186394
0.049804172907978124
