0.6067948824909126
0.6551675733927337
0.6343983675033185
0.6145574038441668
0.5961837861087396
0.5797575145911964
0.5655825586373078
0.5537570039986852
0.5441906643774717
0.5366566947137184
0.5308547631123248
0.5264664905178471
0.5231935706135797
0.5207779654415724
0.5190084162248063
0.5177185631952399
0.5167810003030135
0.5161000880197022
0.5156050606591299
0.5152440982944013
0.51497953720953
0.5147841494321022
0.5146383268772547
0.5145279875418858
0.5144430375987352
0.5143762515011738
0.5143224614494208
0.5142779733090814
0.5142401470233784
0.5142070958646271
0.5141774712094006
0.5141503086906827
0.5141249183098521
0.514100805988577
0.5140776175832134
0.5140550989359891
0.514033067369636
0.5140113913450766
0.5139899759410336
0.5139687524855506
0.5139476711485603
0.5139266956464729
0.513905799453562
0.5138849630887083
0.5138641721699446
0.5138434160175211
0.5138226866491191
0.5138019780556603
0.5137812856781145
0.5137606060284665
0.5137399364142394
0.5137192747375391
0.5136986193478453
0.5136779689336592
0.5136573224423274
0.5136366790203666
0.5136160379687622
0.5135953987092491
0.5135747607586945
0.513554123709481
0.5135334872143695
0.5135128509747237
0.5134922147312738
0.5134715782568208
0.5134509413504238
0.513430303832739
0.5134096655422562
0.51338902633224
0.5133683860682328
0.5133477446259982
0.5133271018898314
0.5133064577511544
0.5132858121073485
0.5132651648607831
0.5132445159180005
0.5132238651890338
0.5132032125868358
0.5131825580267948
0.5131619014263298
0.5131412427045475
0.5131205817819533
0.5130999185802062
0.5130792530219113
0.513058585030446
0.5130379145298101
0.5130172414445003
0.5129965656994037
0.512975887219706
0.5129552059308156
0.5129345217582968
0.5129138346278153
0.5128931444650888
0.5128724511958485
0.512851754745803
0.5128310550406094
0.5128103520058482
0.5127896455669998
0.5127689356494284
0.5127482221783637
0.5127275050788886
0.512706784275926
0.5126860596942292
0.5126653312583717
0.5126445988927404
0.5126238625215275
0.5126031220687253
0.5125823774581197
0.5125616286132857
0.5125408754575824
0.5125201179141503
0.5124993559059058
0.5124785893555395
0.5124578181855111
0.5124370423180483
0.5124162616751436
0.5123954761785509
0.5123746857497833
0.512353890310112
0.5123330897805625
0.5123122840819127
0.5122914731346914
0.5122706568591759
0.5122498351753904
0.5122290080031028
0.5122081752618244
0.5121873368708066
0.5121664927490406
0.5121456428152535
0.5121247869879085
0.5121039251852019
0.512083057325061
0.5120621833251443
0.5120413031028367
0.5120204165752511
0.5119995236592227
0.5119786242713116
0.5119577183277981
0.5119368057446813
0.5119158864376784
0.5118949603222223
0.5118740273134597
0.5118530873262502
0.5118321402751633
0.5118111860744782
0.5117902246381807
0.511769255879962
0.5117482797132176
0.5117272960510449
0.5117063048062409
0.5116853058913023
0.511664299218422
0.5116432846994885
0.5116222622460833
0.51160123176948
0.5115801931806425
0.5115591463902228
0.5115380913085595
0.5115170278456765
0.5114959559112808
0.5114748754147609
0.5114537862651852
0.5114326883713005
0.5114115816415298
0.511390465983971
0.5113693413063951
0.5113482075162445
0.5113270645206314
0.5113059122263356
0.5112847505398037
0.5112635793671465
0.511242398614138
0.5112212081862133
0.5112000079884669
0.5111787979256514
0.5111575779021752
0.5111363478221014
0.5111151075891459
0.5110938571066754
0.5110725962777058
0.5110513250049015
0.511030043190572
0.5110087507366712
0.510987447544796
0.510966133516184
0.5109448085517119
0.5109234725518936
0.5109021254168797
0.5108807670464541
0.5108593973400333
0.5108380161966646
0.5108166235150244
0.5107952191934163
0.5107738031297697
0.5107523752216377
0.5107309353661958
0.5107094834602399
0.510688019400185
0.5106665430820629
0.5106450544015213
0.5106235532538209
0.5106020395338354
0.5105805131360481
0.5105589739545512
0.5105374218830439
0.5105158568148304
0.5104942786428187
0.5104726872595187
0.5104510825570399
0.5104294644270907
0.5104078327609761
0.5103861874495961
0.5103645283834435
0.5103428554526037
0.510321168546751
0.510299467555148
0.5102777523666445
0.5102560228696739
0.5102342789522536
0.5102125205019816
0.5101907474060359
0.5101689595511717
0.5101471568237212
0.5101253391095906
0.5101035062942585
0.5100816582627749
0.5100597948997587
0.5100379160893964
0.5100160217154406
0.5099941116612072
0.5099721858095749
0.5099502440429831
0.5099282862434297
0.5099063122924699
0.5098843220712139
0.509862315460326
0.5098402923400219
0.5098182525900679
0.5097961960897786
0.5097741227180145
0.5097520323531819
0.5097299248732297
0.5097078001556484
0.5096856580774681
0.5096634985152568
0.5096413213451183
0.5096191264426908
0.5095969136831455
0.5095746829411842
0.5095524340910372
0.5095301670064627
0.5095078815607444
0.5094855776266893
0.5094632550766267
0.5094409137824059
0.5094185536153943
0.5093961744464767
0.509373776146052
0.5093513585840321
0.5093289216298407
0.5093064651524106
0.5092839890201822
0.5092614931011018
0.5092389772626196
0.5092164413716884
0.5091938852947614
0.5091713088977898
0.5091487120462225
0.5091260946050028
0.5091034564385677
0.5090807974108447
0.509058117385252
0.5090354162246945
0.5090126937915638
0.5089899499477353
0.5089671845545662
0.5089443974728949
0.5089215885630378
0.5088987576847881
0.5088759046974141
0.5088530294596572
0.5088301318297295
0.5088072116653132
0.5087842688235575
0.5087613031610771
0.5087383145339512
0.5087153027977199
0.5086922678073843
0.5086692094174031
0.5086461274816916
0.5086230218536192
0.5085998923860084
0.508576738931132
0.5085535613407116
0.5085303594659158
0.5085071331573585
0.5084838822650963
0.5084606066386272
0.5084373061268885
0.5084139805782553
0.5083906298405375
0.5083672537609794
0.5083438521862567
0.5083204249624746
0.5082969719351671
0.508273492949293
0.5082499878492361
0.5082264564788017
0.5082028986812159
0.5081793142991224
0.5081557031745818
0.5081320651490687
0.5081084000634706
0.508084707758085
0.5080609880726181
0.5080372408461832
0.5080134659172977
0.5079896631238817
0.5079658323032565
0.507941973292142
0.5079180859266546
0.5078941700423061
0.5078702254740007
0.5078462520560337
0.5078222496220894
0.5077982180052389
0.5077741570379386
0.5077500665520273
0.5077259463787255
0.507701796348632
0.507677616291723
0.50765340603735
0.5076291654142367
0.5076048942504787
0.5075805923735396
0.5075562596102512
0.5075318957868092
0.5075075007287727
0.5074830742610618
0.5074586162079553
0.5074341263930893
0.5074096046394544
0.5073850507693939
0.5073604646046025
0.5073358459661231
0.5073111946743458
0.5072865105490049
0.5072617934091778
0.5072370430732821
0.5072122593590744
0.5071874420836475
0.5071625910634288
0.5071377061141777
0.507112787050985
0.5070878336882685
0.507062845839773
0.5070378233185673
0.5070127659370421
0.5069876735069084
0.5069625458391951
0.5069373827442467
0.5069121840317219
0.5068869495105907
0.5068616789891333
0.5068363722749367
0.5068110291748941
0.5067856494952019
0.5067602330413573
0.5067347796181576
0.5067092890296964
0.5066837610793627
0.5066581955698388
0.5066325923030971
0.5066069510803992
0.5065812717022933
0.5065555539686121
0.5065297976784706
0.5065040026302644
0.5064781686216675
0.5064522954496293
0.506426382910374
0.5064004307993972
0.5063744389114648
0.5063484070406098
0.5063223349801312
0.5062962225225917
0.5062700694598146
0.5062438755828831
0.5062176406821374
0.5061913645471727
0.5061650469668371
0.5061386877292294
0.5061122866216974
0.506085843430835
0.5060593579424811
0.5060328299417166
0.5060062592128627
0.5059796455394787
0.5059529887043599
0.5059262884895355
0.5058995446762665
0.5058727570450439
0.5058459253755853
0.5058190494468349
0.5057921290369592
0.5057651639233469
0.5057381538826051
0.505711098690558
0.505683998122245
0.5056568519519178
0.5056296599530395
0.5056024218982811
0.5055751375595205
0.5055478067078399
0.5055204291135238
0.5054930045460567
0.5054655327741214
0.5054380135655968
0.5054104466875555
0.5053828319062619
0.5053551689871706
0.5053274576949234
0.5052996977933477
0.5052718890454548
0.5052440312134374
0.5052161240586672
0.5051881673416936
0.5051601608222409
0.5051321042592068
0.5051039974106604
0.5050758400338392
0.5050476318851487
0.5050193727201584
0.5049910622936015
0.5049627003593717
0.5049342866705218
0.5049058209792614
0.5048773030369551
0.5048487325941201
0.5048201094004244
0.504791433204685
0.5047627037548659
0.5047339207980752
0.5047050840805649
0.5046761933477268
0.5046472483440924
0.5046182488133293
0.5045891944982408
0.5045600851407629
0.5045309204819622
0.5045017002620351
0.5044724242203048
0.5044430920952196
0.5044137036243513
0.504384258544393
0.5043547565911571
0.5043251974995738
0.504295581003689
0.5042659068366623
0.5042361747307649
0.5042063844173785
0.504176535626993
0.5041466280892042
0.504116661532713
0.5040866356853222
0.5040565502739359
0.5040264050245576
0.5039961996622873
0.5039659339113206
0.5039356074949471
0.5039052201355482
0.5038747715545949
0.5038442614726474
0.5038136896093517
0.5037830556834393
0.5037523594127242
0.5037216005141031
0.503690778703551
0.503659893696122
0.5036289452059463
0.5035979329462287
0.5035668566292475
0.5035357159663519
0.5035045106679619
0.5034732404435651
0.5034419050017156
0.5034105040500331
0.5033790372952004
0.5033475044429628
0.5033159051981255
0.503284239264553
0.5032525063451669
0.5032207061419448
0.503188838355919
0.5031569026871745
0.503124898834848
0.5030928264971259
0.503060685371244
0.5030284751534849
0.5029961955391768
0.5029638462226933
0.5029314268974504
0.5028989372559065
0.50286637698956
0.5028337457889492
0.50280104334365
0.5027682693422748
0.5027354234724718
0.5027025054209238
0.5026695148733457
0.5026364515144849
0.5026033150281195
0.5025701050970568
0.502536821403133
0.5025034636272112
0.5024700314491807
0.5024365245479565
0.502402942601477
0.5023692852867041
0.502335552279622
0.5023017432552355
0.5022678578875698
0.5022338958496692
0.5021998568135964
0.5021657404504314
0.5021315464302711
0.5020972744222275
0.5020629240944278
0.5020284951140129
0.5019939871471377
0.5019593998589689
0.5019247329136851
0.5018899859744763
0.5018551587035426
0.501820250762094
0.5017852618103498
0.501750191507537
0.5017150395118912
0.5016798054806557
0.5016444890700795
0.501609089935419
0.5015736077309358
0.5015380421098972
0.5015023927245752
0.5014666592262467
0.5014308412651923
0.5013949384906973
0.5013589505510496
0.5013228770935412
0.5012867177644664
0.5012504722091223
0.5012141400718092
0.501177720995829
0.5011412146234865
0.501104620596088
0.5010679385539424
0.5010311681363602
0.5009943089816539
0.500957360727138
0.5009203230091291
0.5008831954629458
0.5008459777229085
0.5008086694223403
0.5007712701935665
0.500733779667915
0.5006961974757165
0.5006585232463049
0.5006207566080172
0.5005828971881945
0.5005449446131812
0.5005068985083267
0.5004687584979852
0.5004305242055154
0.5003921952532824
0.5003537712626572
0.5003152518540178
0.5002766366467494
0.5002379252592446
0.5001991173089053
0.5001602124121424
0.5001212101843764
0.500082110240039
0.5000429121925729
0.5000036156544333
0.4999642202370884
0.49992472555102035
0.4998851312057263
0.4998454368097192
0.49980564197052824
0.49976574629470155
0.4997257493878048
0.49968565085442485
0.4996454502981686
0.499605147321666
0.4995647415265697
0.49952423251355704
0.499483619882332
0.49944290323162466
0.4994020821591941
0.4993611562618295
0.49932012513535085
0.49927898837461093
0.49923774557349676
0.49919639632493096
0.4991549402208732
0.4991133768523223
0.4990717058093166
0.49902992668093754
0.4989880390553096
0.4989460425196025
0.4989039366600334
0.49886172106186866
0.4988193953094247
0.49877695898607105
0.4987344116742313
0.49869175295538604
0.49864898241007355
0.4986060996178927
0.4985631041575047
0.49851999560663585
0.4984767735420775
0.4984334375396911
0.49838998717440797
0.4983464220202329
0.4983027416502456
0.49825894563660345
0.49821503355054353
0.49817100496238514
0.498126859441532
0.49808259655647424
0.4980382158747921
0.4979937169631564
0.49794909938733356
0.49790436271218547
0.49785950650167393
0.4978145303188627
0.49776943372591964
0.4977242162841199
0.49767887755384826
0.4976334170946022
0.49758783446499444
0.4975421292227555
0.49749630092473657
0.49745034912691233
0.49740427338438453
0.4973580732513836
0.4973117482812724
0.4972652980265487
0.4972187220388484
0.4971720198689487
0.49712519106677044
0.49707823518138206
0.4970311517610015
0.4969839403530004
0.4969366005039065
0.49688913175940685
0.4968415336643516
0.4967938057627559
0.4967459475978042
0.49669795871185324
0.49664983864643497
0.49660158694226003
0.4965532031392207
0.4965046867763948
0.4964560373920484
0.49640725452363943
0.49635833770782106
0.496309286480445
0.49626010037656426
0.4962107789304383
0.49616132167553395
0.49611172814453103
0.4960619978693243
0.49601213038102787
0.49596212520997784
0.4959119818857367
0.49586169993709545
0.49581127889207854
0.4957607182779467
0.49571001762120015
0.49565917644758195
0.4956081942820829
0.49555707064894355
0.4955058050716581
0.4954543970729784
0.49540284617491653
0.49535115189874956
0.4952993137650222
0.4952473312935501
0.4951952040034245
0.4951429314130142
0.4950905130399707
0.4950379484012305
0.4949852370130189
0.4949323783908536
0.4948793720495481
0.49482621750321576
0.49477291426527203
0.49471946184843885
0.4946658597647482
0.49461210752554463
0.4945582046414894
0.4945041506225638
0.4944499449780724
0.4943955872166461
0.4943410768462464
0.4942864133741675
0.49423159630704083
0.49417662515083693
0.4941214994108704
0.49406621859180133
0.4940107821976403
0.49395518973175
0.49389944069684943
0.4938435345950165
0.4937874709276909
0.4937312491956781
0.49367486889915174
0.49361832953765616
0.4935616306101101
0.49350477161480955
0.49344775204943025
0.4933905714110309
0.4933332291960556
0.49327572490033683
0.4932180580190982
0.4931602280469568
0.4931022344779264
0.49304407680541934
0.49298575452224946
0.49292726712063467
0.49286861409219895
0.4928097949279751
0.49275080911840663
0.49269165615335064
0.49263233552207963
0.49257284671328294
0.4925131892150707
0.49245336251497385
0.49239336609994727
0.4923331994563711
0.492272862070053
0.49221235342622965
0.49215167300956836
0.49209082030416895
0.4920297947935649
0.4919685959607255
0.4919072232880565
0.49184567625740183
0.49178395435004435
0.4917220570467083
0.4916599838275584
0.49159773417220304
0.49153530755969355
0.49147270346852545
0.49140992137663975
0.49134696076142304
0.49128382109970825
0.4912205018677751
0.4911570025413503
0.491093322595609
0.49102946150517307
0.4909654187441125
0.49090119378594554
0.49083678610363796
0.490772195169603
0.49070742045570115
0.4906424614332407
0.4905773175729756
0.490511988345106
0.49044647321927726
0.49038077166457905
0.49031488314954463
0.49024880714215036
0.4901825431098128
0.49011609051938954
0.4900494488371771
0.4899826175289088
0.48991559605975443
0.4898483838943173
0.48978098049663354
0.4897133853301695
0.48964559785781986
0.48957761754190565
0.4895094438441717
0.4894410762257848
0.4893725141473304
0.4893037570688107
0.48923480444964135
0.4891656557486489
0.48909631042406765
0.4890267679335365
0.48895702773409583
0.4888870892821841
0.4888169520336342
0.4887466154436696
0.48867607896690124
0.48860534205732303
0.488534404168308
0.4884632647526043
0.48839192326233083
0.48832037914897247
0.4882486318633758
0.48817668085574495
0.48810452557563566
0.4880321654719513
0.48795959999293714
0.4878868285861757
0.48781385069858085
0.48774066577639247
0.4876672732651714
0.4875936726097926
0.4875198632544405
0.4874458446426019
0.4873716162170604
0.4872971774198904
0.48722252769244956
0.48714766647537344
0.4870725932085684
0.48699730733120433
0.4869218082817085
0.4868460954977579
0.48677016841627246
0.486694026473407
0.48661766910454457
0.48654109574428844
0.48646430582645445
0.4863872987840631
0.486310074049332
0.48623263105366643
0.4861549692276535
0.48607708800105104
0.48599898680278125
0.4859206650609209
0.48584212220269335
0.4857633576544589
0.4856843708417068
0.4856051611890456
0.48552572812019384
0.4854460710579709
0.4853661894242881
0.4852860826401383
0.4852057501255867
0.4851251912997613
0.4850444055808426
0.4849633923860541
0.4848821511316518
0.4848006812329144
0.48471898210413306
0.4846370531586003
0.4845548938086009
0.48447250346540016
0.4843898815392339
0.4843070274392973
0.4842239405737351
0.48414062034962885
0.48405706617298827
0.4839732774487381
0.48388925358070844
0.483804993971623
0.4837204980230877
0.48363576513557965
0.4835507947084354
0.4834655861398401
0.4833801388268153
0.48329445216520783
0.4832085255496784
0.4831223583736888
0.48303595002949157
0.4829492999081176
0.4828624073993645
0.4827752718917841
0.482687892772672
0.4826002694280543
0.4825124012426766
0.4824242875999914
0.48233592788214663
0.48224732146997346
0.4821584677429747
0.4820693660793122
0.4819800158557955
0.4818904164478691
0.4818005672296015
0.4817104675736722
0.4816201168513609
0.4815295144325344
0.48143865968563554
0.4813475519776707
0.4812561906741988
0.4811645751393187
0.4810727047356579
0.4809805788243605
0.4808881967650759
0.4807955579159473
0.48070266163359954
0.4806095072731279
0.48051609418808705
0.4804224217304795
0.4803284892507445
0.48023429609774604
0.4801398416187633
0.4800451251594781
0.4799501460639655
0.47985490367468175
0.47975939733245443
0.479663626376472
0.47956759014427236
0.4794712879717343
0.47937471919306557
0.47927788314079434
0.47918077914575796
0.47908340653709475
0.4789857646422333
0.47888785278688367
0.4787896702950278
0.47869121648891094
0.47859249068903253
0.47849349221413695
0.47839422038120655
0.47829467450545154
0.47819485390030353
0.4780947578774065
0.4779943857466098
0.4778937368159604
0.47779281039169585
0.47769160577823744
0.4775901222781829
0.4774883591923009
0.4773863158195237
0.47728399145694217
0.47718138539979943
0.47707849694148563
0.4769753253735332
0.47687186998561126
0.4767681300655214
0.47666410489919386
0.47655979377068247
0.47645519596216207
0.4763503107539248
0.47624513742437685
0.47613967525003575
0.47603392350552864
0.4759278814635894
0.4758215483950577
0.475714923568877
0.4756080062520943
0.4755007957098594
0.4753932912054239
0.47528549200014264
0.4751773973534734
0.475069006522978
0.4749603187643239
0.47485133333128543
0.4747420494757468
0.47463246644770374
0.47452258349526744
0.474412399864667
0.4743019148002543
0.4741911275445076
0.4740800373380365
0.4739686434195877
0.4738569450260499
0.4737449413924602
0.4736326317520111
0.4735200153360573
0.4734070913741232
0.4732938590939114
0.473180317721311
0.4730664664804065
0.4729523045934882
0.47283783128106116
0.47272304576185725
0.4726079472528448
0.4724925349692417
0.4723768081245266
0.47226076593045263
0.4721444075970599
0.4720277323326898
0.47191073934399974
0.4717934278359777
0.4716757970119581
0.4715578460736378
0.4714395742210936
0.47132098065279815
0.4712020645656397
0.47108282515493893
0.4709632616144695
0.4708433731364772
0.4707231589116999
0.4706026181293897
0.47048174997733383
0.4703605536418765
0.470239028307943
0.470117173159062
0.4699949873773907
0.46987247014373856
0.4697496206375947
0.4696264380371511
0.4695029215193325
0.46937907025982173
0.46925488343308885
0.46913036021241944
0.46900549976994405
0.46888030127666935
0.4687547639025075
0.46862888681630843
0.46850266918589245
0.46837611017808245
0.4682492089587377
0.4681219646927881
0.4679943765442697
0.46786644367635977
0.46773816525141376
0.46760954043100184
0.46748056837594715
0.46735124824636454
0.4672215792016993
0.46709156040076766
0.4669611910017976
0.4668304701624693
0.4666993970399591
0.4665679707909805
0.4664361905718294
0.4663040555384271
0.46617156484636696
0.4660387176509586
0.46590551310727596
0.46577195037020347
0.46563802859448444
0.4655037469347709
0.4653691045456712
0.46523410058180187
0.4650987341978383
0.464963004548566
0.46482691078893346
0.46469045207410536
0.46455362755951696
0.4644164364009278
0.4642788777544783
0.4641409507767453
0.46400265462479917
0.46386398845626137
0.4637249514293632
0.4635855427030048
0.46344576143681476
0.46330560679121086
0.4631650779274622
0.46302417400775
0.46288289419523093
0.46274123765410136
0.4625992035496604
0.4624567910483759
0.46231399931794903
0.46217082752738187
0.4620272748470442
0.4618833404487406
0.46173902350577956
0.4615943231930425
0.4614492386870545
0.4613037691660535
0.4611579138100625
0.4610116718009616
0.46086504232256
0.4607180245606701
0.4605706177031811
0.46042282094013337
0.4602746334637948
0.46012605446873567
0.4599770831519057
0.4598277187127117
0.45967796035309466
0.45952780727760933
0.45937725869350216
0.4592263138107924
0.4590749718423514
0.45892323200398405
0.4587710935145108
0.4586185555958491
0.45846561747309617
0.45831227837461297
0.45815853753210795
0.45800439418072086
0.4578498475591085
0.4576948969095299
0.45753954147793235
0.4573837805140384
0.45722761327143263
0.4570710390076489
0.4569140569842596
0.4567566664669631
0.4565988667256734
0.45644065703460934
0.4562820366723851
0.4561230049221
0.45596356107142977
0.45580370441271784
0.45564343424306675
0.4554827498644304
0.45532165058370677
0.45516013571283076
0.4549982045688662
0.4548358564741015
0.45467309075614193
0.45450990674800446
0.45434630378821184
0.4541822812208889
0.45401783839585536
0.4538529746687233
0.45368768940099136
0.45352198196014193
0.45335585171973597
0.45318929805951036
0.45302232036547413
0.45285491803000455
0.4526870904519458
0.4525188370367035
0.45235015719634425
0.4521810503496916
0.45201151592242383
0.45184155334717185
0.451671162063616
0.45150034151858454
0.4513290911661513
0.4511574104677325
0.45098529889218575
0.45081275591590686
0.4506397810229283
0.45046637370501597
0.45029253346176823
0.45011825980071185
0.4499435522374007
0.4497684102955126
0.44959283350694634
0.4494168214119193
0.4492403735590639
0.44906348950552455
0.4488861688170544
0.4487084110681112
0.4485302158419532
0.44835158273073583
0.4481725113356061
0.4479930012667991
0.4478130521437317
0.4476326635950975
0.44745183525896126
0.4472705667828529
0.44708885782386
0.446906708048722
0.4467241171339217
0.44654108476577775
0.44635761064053703
0.4461736944644643
0.44598933595393375
0.4458045348355193
0.44561929084608287
0.44543360373286417
0.44524747325356967
0.44506089917645836
0.4448738812804306
0.44468641935511316
0.4444985132009456
0.44431016262926487
0.4441213674623899
0.44393212753370437
0.44374244268774
0.4435523127802581
0.44336173767833026
0.44317071726041946
0.4429792514164585
0.4427873400479291
0.44259498306793865
0.44240218040129775
0.4422089319845948
0.4420152377662716
0.4418210977066965
0.4416265117782371
0.44143147996533216
0.44123600226456167
0.4410400786847167
0.44084370924686744
0.4406468939844309
0.4404496329432363
0.44025192618159087
0.4400537737703425
0.4398551757929434
0.4396561323455106
0.43945664353688557
0.4392567094886947
0.4390563303354049
0.4388555062243805
0.4386542373159384
0.4384525237834006
0.4382503658131472
0.43804776360466635
0.43784471737060393
0.4376412273368112
0.4374372937423913
0.43723291683974336
0.4370280968946074
0.43682283418610446
0.4366171290067782
0.43641098166263265
0.4362043924731704
0.43599736177142756
0.43578988990400774
0.43558197723111447
0.4353736241265822
0.4351648309779047
0.43495559818626345
0.43474592616655183
0.4345358153474003
0.4343252661711985
0.43411427909411426
0.4339028545861146
0.4336909931309805
0.4334786952263231
0.43326596138359713
0.4330527921281115
0.43283918799903964
0.43262514954942694
0.43241067734619676
0.4321957719701539
0.43198043401598796
0.43176466409227177
0.4315484628214611
0.43133183083988974
0.43111476879776495
0.4308972773591595
0.4306793572020015
0.4304610090180629
0.43024223351294705
0.43002303140607157
0.4298034034306515
0.42958335033368017
0.429362872875906
0.42914197183180997
0.42892064798957935
0.42869890215108025
0.4284767351318269
0.4282541477609503
0.42803114088116345
0.42780771534872597
0.4275838720334052
0.42735961181843557
0.42713493560047655
0.4269098442895673
0.4266843388090806
0.4264584200956736
0.42623208909923654
0.42600534678283974
0.42577819412267776
0.42555063210801297
0.42532266174111466
0.4250942840371975
0.4248655000243588
0.4246363107435105
0.4244067172483119
0.4241767206050994
0.4239463218928131
0.4237155222029232
0.4234843226393517
0.42325272431839456
0.4230207283686398
0.4227883359308844
0.4225555481580485
0.4223223662150884
0.42208879127890553
0.42185482453825635
0.42162046719365637
0.4213857204572852
0.4211505855528874
0.4209150637156738
0.42067915619221574
0.42044286424034377
0.42020618912903895
0.41996913213832443
0.4197316945591547
0.41949387769330254
0.41925568285324344
0.41901711136203956
0.41877816455321965
0.41853884377065803
0.41829915036845117
0.41805908571079275
0.41781865117184647
0.4175778481356164
0.41733667799581564
0.4170951421557338
0.4168532420281007
0.41661097903495026
0.4163683546074805
0.4161253701859135
0.4158820272193513
0.4156383271656322
0.41539427149118346
0.41514986167087264
0.41490509918785745
0.41465998553343336
0.41441452220687947
0.4141687107153026
0.41392255257348015
0.41367604930369944
0.4134292024355976
0.4131820135059983
0.4129344840587469
0.41268661564454395
0.41243840982077784
0.4121898681513543
0.4119409922065247
0.4116917835627146
0.41144224380234756
0.41119237451366963
0.41094217729057136
0.41069165373240807
0.41044080544382006
0.4101896340345491
0.4099381411192553
0.4096863283173303
0.4094341972527132
0.40918174955369924
0.4089289868527522
0.40867591078631205
0.40842252299460374
0.4081688251214423
0.40791481881403824
0.40766050572280116
0.40740588750114204
0.40715096580527366
0.4068957422940119
0.4066402186285719
0.4063843964723679
0.4061282774908081
0.40587186335108955
0.4056151557219931
0.40535815627367444
0.4051008666774585
0.40484328860562674
0.40458542373120976
0.4043272737277738
0.40406884026920964
0.4038101250295183
0.403551129682597
0.4032918559020241
0.4030323053608422
0.40277247973134267
0.402512380684845
0.4022520098914806
0.40199136901997135
0.40173045973741056
0.40146928370904045
0.40120784259803105
0.40094613806525714
0.40068417176907534
0.4004219453650988
0.40015946050597334
0.39989671884115185
0.39963372201666836
0.3993704716749104
0.399106969454393
0.39884321698952946
0.3985792159104043
0.3983149678425434
0.3980504744066843
0.39778573721854743
0.3975207578886042
0.397255538021847
0.39699007921755763
0.3967243830690761
0.3964584511635667
0.3961922850817875
0.39592588639785653
0.3956592566790184
0.39539239748541066
0.39512531036983045
0.39485799687749973
0.39459045854583125
0.3943226969041928
0.39405471347367377
0.3937865097668486
0.3935180872875415
0.3932494475305919
0.392980591981617
0.3927115221167762
0.392442239402536
0.39217274529543206
0.39190304124183395
0.39163312867770717
0.3913630090283783
0.3910926837082962
0.39082215412079635
0.39055142165786344
0.39028048769989415
0.3900093536154602
0.3897380207610715
0.389466490480938
0.3891947641067332
0.3889228429573569
0.3886507283386974
0.3883784215433948
0.38810592385060255
0.3878332365257524
0.3875603608203142
0.38728729797156153
0.3870140492023323
0.3867406157207927
0.38646699872019996
0.3861931993786646
0.38591921885891445
0.38564505830805645
0.38537071885734103
0.38509620162192343
0.3848215077006288
0.3845466381757144
0.3842715941126328
0.3839963765597956
0.3837209865483371
0.3834454250918766
0.3831696931862835
0.38289379180943994
0.3826177219210049
0.38234148446217764
0.3820650803554616
0.38178851050442836
0.3815117757934815
0.38123487708762094
0.38095781523220595
0.3806805910527204
0.380403205354536
0.3801256589226768
0.37984795252158376
0.3795700868948779
0.37929206276512556
0.3790138808336018
0.37873554178005564
0.3784570462624731
0.37817839491684235
0.3778995883569176
0.37762062717398287
0.3773415119366173
0.3770622431904577
0.37678282145796393
0.3765032472381827
0.37622352100651
0.37594364321445783
0.37566361428941497
0.3753834346344125
0.37510310462788704
0.3748226246234434
0.37454199494961865
0.37426121590964556
0.3739802877812143
0.37369921081623686
0.37341798524060754
0.37313661125396846
0.37285508902946846
0.37257341871352717
0.3722916004255966
0.372009634257922
0.37172752027530354
0.37144525851485666
0.37116284898577384
0.3708802916690842
0.37059758651741304
0.37031473345474303
0.37003173237617243
0.3697485831476741
0.369465285605855
0.3691818395577128
0.36889824478039573
0.36861450102095816
0.3683306079961186
0.3680465653920153
0.36776237286396374
0.3674780300362103
0.36719353650168907
0.36690889182177455
0.36662409552603736
0.36633914711199655
0.3660540460448728
0.3657687917573411
0.3654833836492819
0.3651978210875328
0.3649121034056383
0.3646262299036004
0.3643401998476284
0.3640540124698852
0.36376766696823876
0.3634811625060057
0.36319449821170124
0.3629076731787823
0.3626206864653944
0.3623335370941163
0.36204622405170217
0.36175874628882604
0.3614711027198242
0.3611832922224359
0.36089531363754435
0.3606071657689168
0.3603188473829448
0.36003035720838084
0.35974169393607786
0.359452856218725
0.35916384267058477
0.35887465186722756
0.3585852823452669
0.35829573260209263
0.3580060010956051
0.3577160862439465
0.3574259864252327
0.3571356999772839
0.35684522519735523
0.3565545603418647
0.356263703626124
0.35597265322406385
0.3556814072679624
0.35538996384817156
0.35509832101284244
0.3548064767676506
0.35451442907551983
0.354222175856347
0.353929714986724
0.3536370442996612
0.3533441615843084
0.3530510645856777
0.35275775100436324
0.35246421849626214
0.352170464672294
0.35187648709812147
0.3515822832938686
0.3512878507338403
0.3509931868462402
0.35069828901289
0.350403154568947
0.3501077808026223
0.34981216495489825
0.34951630421924745
0.34922019574134927
0.3489238366188087
0.3486272239008746
0.3483303545881572
0.34803322563234695
0.3477358339359345
0.3474381763519282
0.3471402496835755
0.34684205068408247
0.346543576056336
0.346244822452624
0.3459457864743595
0.3456464646718038
0.34534685354379124
0.3450469495374554
0.3447467490479554
0.34444624841820526
0.34414544393860325
0.343844331846764
0.34354290832725143
0.3432411695113143
0.34293911147662337
0.34263673024701
0.34233402179220906
0.3420309820276017
0.34172760681396286
0.34142389195721
0.34111983320815603
0.34081542626226363
0.340510666759405
0.34020555028362254
0.33990007236289566
0.3395942284689089
0.3392880140168269
0.33898142436506984
0.338674454815097
0.33836710061119263
0.33805935694025707
0.3377512189316033
0.33744268165675906
0.3371337401292729
0.33682438930452796
0.33651462407956045
0.3362044392928846
0.3358938297243246
0.3355827900948525
0.3352713150664343
0.3349593992418821
0.3346470371647145
0.3343342233190246
0.33402095212935795
0.3337072179605951
0.33339301511784725
0.33307833784635804
0.3327631803314167
0.3324475366982796
0.33213140101210303
0.3318147672778854
0.3314976294404216
0.3311799813842668
0.33086181693371414
0.3305431298527819
0.33022391384521466
0.3299041625544966
0.32958386956387775
0.32926302839641486
0.32894163251502356
0.32861967532254815
0.32829715016184396
0.3279740503158749
0.32765036900782873
0.32732609940124535
0.32700123460016384
0.32667576764928535
0.3263496915341545
0.32602299918135696
0.3256956834587369
0.3253677371756329
0.3250391530831323
0.32470992387434666
0.3243800421847066
0.32404950059227755
0.3237182916180971
0.32338640772653426
0.3230538413256697
0.32272058476770077
0.32238663034936815
0.32205197031240784
0.32171659684402587
0.32138050207739915
0.3210436780922017
0.3207061169151553
0.3203678105206088
0.320028750831143
0.3196889297182035
0.31934833900276133
0.319006970456002
0.3186648158000456
0.31832186670869267
0.31797811480820476
0.317633551678112
0.3172881688520537
0.31694195781865075
0.31659491002240947
0.31624701686465867
0.31589826970452006
0.31554865985991176
0.31519817860858745
0.3148468171892084
0.31449456680245214
0.31414141861215605
0.31378736374649785
0.31343239329921163
0.3130764983308417
0.31271966987003313
0.3123618989148614
0.3120031764341985
0.31164349336912
0.3112828406343481
0.3109212091197374
0.3105585896917973
0.3101949731952565
0.309830350454667
0.30946471227604905
0.3090980494485764
0.30873035274630256
0.30836161292993003
0.30799182074861836
0.3076209669418366
0.3072490422412554
0.30687603737268304
0.30650194305804146
0.3061267500173858
0.3057504489709665
0.3053730306413317
0.30499448575547405
0.3046148050470173
0.3042339792584475
0.3038519991433842
0.3034688554688934
0.3030845390178438
0.3026990405913025
0.3023123510109732
0.3019244611216743
0.30153536179385776
0.3011450439261682
0.3007534984480421
0.3003607163223458
0.29996668854805164
0.29957140616295425
0.29917486024642237
0.29877704192218935
0.29837794236117954
0.2979775527843701
0.297575864465688
0.2971728687349418
0.2967685569807862
0.296362920653719
0.2959559512691096
0.2955476404102597
0.2951379797314917
0.29472696096126505
0.29431457590532367
0.29390081644986565
0.29348567456474134
0.2930691423066723
0.29265121182249604
0.29223187535242917
0.29181112523335323
0.2913889539021167
0.29096535389885575
0.29054031787033013
0.29011383857327266
0.28968590887775203
0.28925652177054595
0.2888256703585245
0.2883933478720387
0.28795954766831877
0.28752426323487273
0.28708748819288954
0.286649216300642
0.28620944145688865
0.28576815770427155
0.2853253592327101
0.2848810403827871
0.28443519564912567
0.283987819683755
0.2835389072994636
0.2830884534731372
0.28263645334907883
0.282182902242311
0.28172779564185507
0.2812711292139888
0.28081289880547666
0.2803531004467738
0.2798917303552004
0.2794287849380829
0.2789642607958627
0.2784981547251672
0.2780304637218446
0.2775611849839569
0.2770903159147302
0.2766178541254627
0.2761437974383825
0.27566814388946076
0.2751908917311708
0.27471203943519634
0.2742315856950841
0.2737495294288409
0.27326586978146955
0.2727806061274478
0.27229373807314067
0.27180526545915173
0.2713151883626064
0.27082350709936787
0.27033022222618325
0.2698353345427574
0.26933884509375583
0.26884075517073003
0.26834106631396853
0.26783978031427
0.2673368992146357
0.2668324253118829
0.2663263611581754
0.26581870956247067
0.2653094735918831
0.26479865657296
0.26428626209287287
0.2637722940005188
0.2632567564075338
0.2627396536892169
0.262220990485362
0.2617007717009988
0.26117900250704273
0.2606556883408497
0.260130834906679
0.25960444817606204
0.25907653438807554
0.25854710004952053
0.25801615193500615
0.25748369708693764
0.25694974281540905
0.2564142966980001
0.2558773665794759
0.2553389605713937
0.2547990870516107
0.2542577546636982
0.2537149723162605
0.25317074918215693
0.25262509469763145
0.25207801856134654
0.25152953073332296
0.25097964143378737
0.250428361141927
0.24987570059455097
0.2493216707846617
0.24876628295993608
0.24820954862111483
0.24765147952030608
0.2470920876591975
0.2465313852871847
0.24596938489941209
0.2454060992347301
0.2448415412735658
0.24427572423571656
0.24370866157805599
0.24314036699216596
0.242570854401885
0.2420001379607826
0.24142823204955627
0.24085515127335447
0.24028091045902594
0.23970552465229816
0.23912900911488588
0.23855137932152876
0.23797265095696635
0.2373928399128438
0.23681196228455476
0.23623003436802426
0.23564707265642787
0.23506309383685453
0.23447811478691022
0.23389215257126922
0.23330522443816726
0.23271734781584746
0.2321285403089518
0.23153881969486745
0.23094820392002363
0.23035671109614572
0.2297643594964645
0.2291711675518848
0.22857715384711438
0.22798233711675486
0.2273867362413556
0.22679037024343454
0.22619325828346737
0.22559541965584162
0.22499687378478656
0.22439764022027342
0.2237977386338901
0.22319718881469242
0.22259601066503373
0.2219942241963731
0.22139184952506621
0.22078890686813857
0.22018541653904342
0.21958139894340664
0.21897687457476
0.2183718640102634
0.21776638790641936
0.21716046699478092
0.21655412207765332
0.21594737402379308
0.21534024376410446
0.2147327522873363
0.21412492063577865
0.21351676990096377
0.212908321219371
0.21229959576813529
0.21169061476076723
0.2110813994428779
0.21047197108791596
0.20986235099291606
0.20925256047426097
0.20864262086345675
0.20803255350292643
0.20742237974181782
0.20681212093183304
0.20620179842307695
0.205591433559926
0.20498104767692138
0.20437066209468593
0.20376029811586466
0.20314997702109472
0.20253972006499932
0.20192954847221495
0.20131948343344463
0.20070954610154537
0.20009975758764675
0.1994901389573027
0.1988807112266791
0.19827149535877653
0.19766251225968906
0.19705378277490282
0.19644532768563028
0.19583716770518794
0.19522932347541205
0.19462181556311714
0.19401466445659715
0.1934078905621699
0.1928015142007653
0.19219555560456075
0.19159003491366042
0.19098497217282218
0.1903803873282329
0.18977630022432995
0.18917273060067516
0.18856969808887503
0.1879672222095537
0.18736532236937625
0.1867640178581231
0.18616332784581838
0.1855632713799091
0.18496386738249926
0.18436513464763732
0.18376709183865816
0.18316975748557962
0.1825731499825546
0.18197728758537912
0.18138218840905634
0.18078787042541672
0.1801943514607949
0.17960164919376428
0.17900978115292926
0.1784187647147728
0.1778286171015654
0.17723935537932886
0.17665099645585994
0.17606355707881266
0.17547705383383755
0.17489150314278065
0.17430692126194094
0.17372332428038656
0.17314072811832848
0.17255914852555526
0.1719786010799232
0.1713991011859085
0.17082066407321547
0.17024330479544364
0.16966703822881352
0.1690918790709507
0.16851784183972612
0.16794494087215694
0.16737319032336104
0.16680260416557288
0.16623319618721238
0.16566497999201335
0.1650979689982064
0.16453217643775886
0.1639676153556689
0.16340429860931718
0.16284223886787044
0.16228144861174174
0.16172194013210292
0.16116372553045222
0.16060681671823285
0.16005122541650607
0.1594969631556743
0.1589440412752575
0.15839247092371855
0.15784226305834026
0.15729342844515132
0.15674597765890225
0.15619992108308867
0.1556552689100229
0.15511203114095368
0.15457021758623074
0.15402983786551702
0.1534909014080445
0.15295341745291607
0.15241739504945015
0.15188284305756866
0.15134977014822823
0.15081818480389225
0.15028809531904325
0.14975950980073788
0.1492324361691983
0.1487068821584447
0.14818285531696446
0.14766036300841925
0.14713941241238748
0.14662001052514384
0.14610216416047236
0.14558587995051425
0.1450711643466488
0.14455802362040687
0.14404646386441539
0.14353649099337457
0.14302811074506247
0.14252132868137188
0.14201615018937253
0.14151258048240403
0.14101062460119393
0.14051028741500188
0.14001157362279004
0.13951448775441766
0.13901903417185862
0.13852521707044327
0.1380330404801215
0.13754250826674752
0.13705362413338557
0.1365663916216342
0.13608081411297188
0.13559689483011933
0.13511463683841926
0.1346340430472342
0.1341551162113597
0.1336778589324522
0.1332022736604737
0.13272836269514762
0.13225612818742993
0.1317855721409921
0.1313166964137158
0.13084950271919843
0.13038399262826963
0.1299201675705179
0.12945802883582486
0.12899757757590935
0.12853881480587925
0.12808174140578954
0.12762635812220757
0.1271726655697843
0.1267206642328309
0.1262703544668994
0.12582173650036835
0.12537481043603121
0.12492957625268915
0.12448603380674376
0.1240441828337949
0.12360402295023647
0.12316555365485636
0.12272877433043353
0.12229368424533776
0.12186028255512661
0.12142856830414193
0.12099854042710498
0.12057019775070946
0.12014353899521137
0.11971856277601599
0.11929526760526235
0.11887365189340249
0.11845371395077779
0.11803545198918922
0.11761886412346371
0.11720394837301487
0.11679070266339724
0.11637912482785503
0.11596921260886425
0.11556096365966795
0.11515437554580424
0.11474944574662652
0.1143461716568171
0.1139445505878911
0.1135445797696934
0.1131462563518857
0.1127495774054258
0.11235453992403732
0.1119611408256694
0.11156937695394743
0.11117924507961412
0.11079074190195957
0.11040386405024166
0.1100186080850955
0.10963497049993301
0.10925294772233075
0.10887253611540658
0.10849373197918617
0.1081165315519563
0.10774093101160928
0.10736692647697224
0.106994514009128
0.10662368961272133
0.10625444923725486
0.10588678877837122
0.10552070407912534
0.10515619093124107
0.10479324507635794
0.10443186220726444
0.10407203796911833
0.10371376796065448
0.10335704773538038
0.10300187280275765
0.1026482386293719
0.10229614064008899
0.10194557421919832
0.10159653471154306
0.1012490174236376
0.10090301762477155
0.10055853054810107
0.10021555139172644
0.09987407531975752
0.09953409746336486
0.09919561292181854
0.09885861676351368
0.09852310402698283
0.09818906972189498
0.09785650883004214
0.09752541630631212
0.09719578707964885
0.09686761605399959
0.0965408981092488
0.09621562810213968
0.09589180086718216
0.09556941121754944
0.0952484539459592
0.09492892382554498
0.09461081561071301
0.09429412403798682
0.09397884382684003
0.09366496968051524
0.09335249628683216
0.09304141831898212
0.09273173043631065
0.09242342728508823
0.09211650349926867
0.09181095370123493
0.09150677250253411
0.09120395450459926
0.09090249429946068
0.09060238647044422
0.0903036255928589
0.09000620623467262
0.08971012295717674
0.08941537031563848
0.08912194285994315
0.08882983513522459
0.08853904168248454
0.08824955703920118
0.08796137573992686
0.08767449231687507
0.08738890130049624
0.08710459722004418
0.08682157460413042
0.0865398279812695
0.08625935188041362
0.08598014083147658
0.08570218936584886
0.08542549201690139
0.08515004332048068
0.08487583781539323
0.08460287004388115
0.0843311345520878
0.08406062589051377
0.08379133861446446
0.08352326728448767
0.08325640646680196
0.08299075073371731
0.08272629466404491
0.08246303284350034
0.08220095986509623
0.08194007032952762
0.08168035884554833
0.0814218200303392
0.08116444850986762
0.08090823891923966
0.08065318590304403
0.08039928411568756
0.08014652822172322
0.07989491289617082
0.07964443282482933
0.07939508270458259
0.07914685724369688
0.07889975116211148
0.07865375919172232
0.07840887607665799
0.07816509657354911
0.07792241545179103
0.07768082749379931
0.07744032749525838
0.0772009102653646
0.07696257062706163
0.07672530341727009
0.07648910348711072
0.07625396570212169
0.07601988494246908
0.0757868561031522
0.07555487409420225
0.07532393384087563
0.07509403028384146
0.0748651583793633
0.07463731309947533
0.07441048943215312
0.07418468238147949
0.07395988696780399
0.0737360982278982
0.07351331121510578
0.07329152099948655
0.07307072266795729
0.0728509113244262
0.07263208208992296
0.07241423010272478
0.07219735051847706
0.07198143851030978
0.07176648926894948
0.07155249800282706
0.0713394599381807
0.07112737031915509
0.07091622440789647
0.07070601748464318
0.07049674484781296
0.07028840181408531
0.07008098371848115
0.06987448591443783
0.06966890377388071
0.06946423268729122
0.06926046806377113
0.06905760533110365
0.06885563993581073
0.06865456734320707
0.06845438303745124
0.06825508252159265
0.06805666131761655
0.06785911496648493
0.06766243902817481
0.06746662908171325
0.06727168072521014
0.06707758957588711
0.06688435127010424
0.06669196146338408
0.0665004158304327
0.06630971006515829
0.06611983988068694
0.06593080100937596
0.06574258920282505
0.06555520023188455
0.0653686298866619
0.06518287397652488
0.06499792833010357
0.0648137887952897
0.06463045123923336
0.06444791154833827
0.06426616562825485
0.06408520940387075
0.06390503881930013
0.06372564983787035
0.06354703844210734
0.06336920063371845
0.06319213243357429
0.06301582988168809
0.06284028903719391
0.06266550597832249
0.062491476802376524
0.0623181976257029
0.06214566458366484
0.06197387383061147
0.06180282153984633
0.06163250390359462
0.06146291713296842
0.0612940574579311
0.061125921127260424
0.060958504408509855
0.06079180358796891
0.06062581497062239
0.060460534880108135
0.06029595965867368
0.06013208566713201
0.05996890928481606
0.05980642690953179
0.05964463495751088
0.059483529863361875
0.05932310808002063
0.059163366078699486
0.0590043003488363
0.058845907398041075
0.058688183752043696
0.058531125954638906
0.05837473056763194
0.058218994170782246
0.05806391336174744
0.05790948475602549
0.05775570498689732
0.0576025707053676
0.0574500785801054
0.0572982252973845
0.057147007561022305
0.056996422092319116
0.056846465629995666
0.05669713493013124
0.05654842676610024
0.05640033792850917
0.056252865225132294
0.05610600548084743
0.05595975553757083
0.055814112254192
0.05566907250650768
0.05552463318715609
0.055380791205549604
0.055237543487808446
0.05509488697669329
0.05495281863153725
0.05481133542817806
0.05467043435889015
0.05453011243231539
0.054390366673395016
0.054251194123299845
0.05411259183936138
0.05397455689500188
0.05383708637966488
0.053700177398745136
0.05356382707351819
0.05342803254107023
0.053292790954227384
0.053158099481485144
0.05302395530693777
0.052890355630206866
0.0527572976663707
0.05262477864589287
0.05249279581455103
0.05236134643336571
0.05223042777852873
0.052100037141331976
0.05197017182809546
0.05184082916009619
0.05171200647349658
0.05158370111927241
0.051455910463141706
0.05132863188549288
0.051201862781313175
0.05107560056011712
0.05094984264587492
0.05082458647694073
0.05069982950598185
0.05057556919990639
0.05045180303979235
0.05032852852081675
0.05020574315218327
0.05008344445705208
0.04996162997246843
