2.3782715461674324
2.5501696688045903
2.1481657386968047
2.385388678845366
2.3315066426414393
1.8992701998306971
2.2114664999909937
1.9375971964988827
2.340630885711046
2.3393100481107236
2.033056389939854
2.509548211110191
2.103355789508989
2.5597071826837916
2.5556450064326874
2.0968379243759165
2.3457024573148297
2.238293870201654
2.1276713870653916
2.3923400763102367
2.178184622782064
2.049737784442827
2.184744489950716
2.02009818196539
2.2848146437864725
2.2070192542455502
2.014903748391508
2.167659458979929
2.02023225410127
2.298570474942482
2.2209167112278294
2.01853048896018
2.1683366707538507
2.0133420340488444
2.2924801986891317
2.1844014937119605
1.9840267928928053
2.123192439915674
1.9763396255306587
2.2941862907971178
2.08169146496693
1.941791578043696
2.0159191174454634
1.9630029700940534
2.2703557373082925
1.7776160467903839
1.8544212302987826
1.7048568260738006
1.8587752292434445
1.706617201234243
1.331534762015623
1.4826779294621784
1.252687578726323
1.2513304171040953
1.085883735859973
1.1138008803075272
1.140912039772762
1.0137971158959878
0.9512214724607903
0.8852327632717403
0.9197406992145436
0.78170530947867
0.7033123237190801
0.5426781390845395
0.4232609534437132
0.26150713306104356
0.19786599759570644
0.1298666602473534
0.08911045224754312
0.06851533081394082
0.055624280260708675
0.04576633557512952
