2.3448977294868576
2.3476423693873927
2.3306759762256672
2.303237013087455
2.27629172273263
2.250578333468267
2.2260007835293196
2.202452966089127
2.179863918150342
2.1581875258862144
2.137394516723392
2.1174678207161346
2.098399557956241
2.080188765875831
2.0628395038246987
2.0463591915527615
2.030757126140038
2.0160431579914544
2.002226521299776
1.9893148195615185
1.9773131671650086
1.9662234861047256
1.9560439538533458
1.946768595199317
1.9383870079885241
1.9308842105208663
1.9242405969883207
1.9184319867958182
1.9134297537708007
1.9092010219698816
1.9057089158364948
1.902912853665451
1.9007688745339875
1.8992299899536367
1.8982465524204217
1.8977666337745185
1.8977364068427574
1.8981005242717919
1.8988024888237804
1.8997850097607807
1.9009903403443116
1.9023605919670106
1.903838021043767
1.9053652855344827
1.9068856688495326
1.9083432698902352
1.9096831590796526
1.910851501418447
1.911795648828801
1.9124642052994094
1.912807069590182
1.9127754614710573
1.9123219386284147
1.9114004124427473
1.9099661717803975
1.9079759246917911
1.905387868387759
1.9021617979651777
1.8982592639326112
1.8936437874752012
1.888281140403096
1.882139693654374
1.8751908339073264
1.8674094422130025
1.8587744216445194
1.8492692530461374
1.838882549605071
1.8276085730366083
1.8154476678525473
1.8024065668744915
1.7884985222816252
1.7737432232082027
1.7581664737846339
1.7417996241767846
1.7246787701275506
1.7068437611553298
1.6883370805433784
1.6692026779722426
1.649484845008813
1.629227222744054
1.608472019359649
1.5872594947033596
1.5656277418837625
1.543612766114308
1.5212488323380233
1.4985690288405484
1.4756059764650193
1.4523926034102248
1.4289629040809018
1.4053526063487038
1.381599683549053
1.3577446639094708
1.3338307090723829
1.3099034531577434
1.2860106127640532
1.2622013950092272
1.238525744036927
1.2150334755831318
1.1917733538303739
1.1687921649029298
1.1461338373957277
1.12383865303248
1.1019425808954515
1.080476757750717
1.0594671258812434
1.0389342294772792
1.0188931617466668
0.9993536479654532
0.9803202448967271
0.9617926343334525
0.9437659877568146
0.9262313799123449
0.9091762311001894
0.8925847607560331
0.8764384381018941
0.860716418966311
0.8453959610760917
0.8304528130412969
0.8158615747888617
0.8015960292967294
0.7876294471266632
0.7739348664628858
0.7604853521636121
0.7472542377584648
0.734215354412879
0.7213432506651185
0.7086134062534482
0.6960024426193032
0.6834883317262176
0.6710506037068907
0.6586705525828813
0.6463314379454916
0.6340186791092592
0.6217200369337372
0.6094257773518063
0.5971288097504159
0.5848247928312766
0.5725122005343258
0.5601923411131274
0.5478693235496026
0.5355499671775821
0.5232436525854033
0.5109621144627805
0.49871917986924474
0.48653045821504204
0.4744129918284196
0.4623848781133026
0.4504648757922072
0.4386720084537443
0.4270251785292965
0.41554280393584697
0.40424248804153756
0.39314073149601647
0.38225269201446055
0.37159199562028766
0.3611706003339476
0.35099871101083
0.34108474210455275
0.33143532363870687
0.3220553446392404
0.31294802769842117
0.30411502816518493
0.2955565516199276
0.2872714837178508
0.27925752709559376
0.27151134075792444
0.26402867813138503
0.2568045207388341
0.24983320517455881
0.24310854171801877
0.23662392350001163
0.23037242562158122
0.2243468940234989
0.21854002421755786
0.21294443022822537
0.20755270426401795
0.20235746775256613
0.1973514144417395
0.192527346300826
0.1878782029589347
0.1833970853998185
0.17907727459927614
0.174912245748155
0.170895678654789
0.16702146486848818
0.16328371201285008
0.15967674576584528
0.15619510987408308
0.15283356454212157
0.14958708349466868
0.14645084997020982
0.14342025186908863
0.14049087624723222
0.13765850331844315
0.13491910010319794
0.13226881383999842
0.12970396525620292
0.1272210417786868
0.12481669075035041
0.12248771270618486
0.12023105475206962
0.11804380408050048
0.11592318164983031
0.11386653604719808
0.11187133754990969
0.10993517239554658
0.10805573726732666
0.10623083399816606
0.1044583644943577
0.10273632587774661
0.10106280584362276
0.09943597823026508
0.09785409879504767
0.09631550119125205
0.09481859313915485
0.09336185278456473
0.09194382523771079
0.09056311928524223
0.089218404268041
0.08790840711756814
0.08663190954354279
0.085387745365887
0.084174797984026
0.08299199797683497
0.08183832082673294
0.08071278476165696
0.07961444870888704
0.07854241035493889
0.07749580430599042
0.07647380034355285
0.07547560177034335
0.07450044384155706
0.07354759227697193
0.07261634184954636
0.07170601504639318
0.07081596079822464
0.06994555327357008
0.06909419073426308
0.0682612944488822
0.06744630766101231
0.06664869460936057
0.06586793959692476
0.06510354610656827
0.06435503596050089
0.06362194852130329
0.06290383993226568
0.062200282394934955
0.06151086348188415
0.06083518548282726
0.0601728647823068
0.0595235312672859
0.05888682776306478
0.05826240949603098
0.057649943581840536
0.05704910853769828
0.05645959381748805
0.05588109936856479
0.05531333520909534
0.05475602102488708
0.05420888578471153
0.05367166737317762
0.053144112240266037
0.05262597506668169
0.05211701844422997
0.051617012570464055
0.05112573495689255
0.050642970150074476
0.050168509464966295
0.04970215072991706
