0.48551776007816255
0.5239467939911011
0.522245242173208
0.5209159213156211
0.5199985270823697
0.51936771127265
0.5189344337571841
0.5186367011531343
0.5184316886329773
0.5182899700913391
0.5181913993508814
0.5181222175426754
0.5180730435402987
0.5180374880055448
0.5180112022239631
0.5179912275123859
0.5179755512284354
0.5179628042419402
0.5179520550116258
0.5179426695157234
0.5179342160188787
0.5179264003401889
0.517919021858891
0.5179119436144142
0.5179050719835758
0.5178983428647561
0.5178917122829994
0.5178851499989349
0.5178786351589237
0.5178721533325988
0.5178656944936746
0.5178592516423146
0.5178528198640748
0.5178463956861075
0.5178399766359344
0.5178335609383876
0.5178271473069048
0.517820734799352
0.5178143227180512
0.5178079105401575
0.5178014978689238
0.517795084399385
0.5177886698940363
0.5177822541654613
0.5177758370638239
0.5177694184677785
0.5177629982778007
0.5177565764112457
0.517750152798646
0.5177437273809118
0.5177373001071898
0.5177308709332091
0.517724439819995
0.5177180067328545
0.517711571640575
0.5177051345147838
0.5176986953294346
0.5176922540603917
0.5176858106850936
0.5176793651822799
0.517672917531766
0.5176664677142596
0.5176600157112112
0.5176535615046889
0.5176471050772754
0.517640646411985
0.5176341854921934
0.5176277223015785
0.5176212568240743
0.5176147890438304
0.5176083189451787
0.5176018465126075
0.5175953717307368
0.5175888945843016
0.5175824150581344
0.5175759331371533
0.5175694488063513
0.5175629620507861
0.5175564728555743
0.5175499812058829
0.5175434870869262
0.5175369904839606
0.5175304913822804
0.5175239897672151
0.5175174856241275
0.5175109789384101
0.5175044696954846
0.5174979578807993
0.5174914434798286
0.5174849264780709
0.5174784068610487
0.5174718846143068
0.517465359723412
0.5174588321739526
0.5174523019515368
0.5174457690417938
0.5174392334303719
0.5174326951029389
0.5174261540451812
0.5174196102428039
0.51741306368153
0.5174065143471004
0.5173999622252732
0.5173934073018241
0.5173868495625455
0.5173802889932464
0.5173737255797524
0.5173671593079043
0.5173605901635605
0.5173540181325931
0.517347443200891
0.517340865354357
0.5173342845789102
0.5173277008604831
0.5173211141850229
0.5173145245384917
0.5173079319068647
0.5173013362761314
0.517294737632294
0.5172881359613689
0.5172815312493855
0.5172749234823848
0.5172683126464216
0.5172616987275626
0.5172550817118866
0.5172484615854847
0.517241838334459
0.5172352119449235
0.5172285824030034
0.5172219496948345
0.517215313806564
0.5172086747243494
0.5172020324343584
0.5171953869227683
0.5171887381757674
0.5171820861795527
0.5171754309203312
0.5171687723843191
0.5171621105577411
0.5171554454268308
0.5171487769778305
0.5171421051969908
0.5171354300705705
0.5171287515848355
0.5171220697260607
0.517115384480527
0.5171086958345236
0.5171020037743457
0.5170953082862961
0.5170886093566838
0.5170819069718235
0.5170752011180373
0.5170684917816518
0.5170617789490001
0.5170550626064204
0.5170483427402561
0.5170416193368554
0.517034892382572
0.5170281618637633
0.517021427766791
0.5170146900780217
0.517007948783825
0.5170012038705747
0.5169944553246476
0.5169877031324243
0.5169809472802879
0.5169741877546243
0.5169674245418222
0.5169606576282726
0.5169538870003685
0.5169471126445047
0.5169403345470778
0.5169335526944863
0.5169267670731289
0.5169199776694064
0.5169131844697199
0.5169063874604714
0.5168995866280628
0.5168927819588965
0.5168859734393749
0.5168791610558998
0.5168723447948731
0.5168655246426955
0.5168587005857669
0.5168518726104864
0.5168450407032513
0.5168382048504576
0.5168313650384998
0.5168245212537698
0.5168176734826577
0.5168108217115515
0.5168039659268358
0.5167971061148934
0.516790242262103
0.5167833743548412
0.5167765023794801
0.5167696263223888
0.5167627461699323
0.5167558619084716
0.5167489735243632
0.5167420810039596
0.516735184333608
0.5167282834996513
0.5167213784884268
0.5167144692862667
0.5167075558794978
0.5167006382544407
0.5166937163974107
0.5166867902947166
0.5166798599326612
0.5166729252975398
0.5166659863756424
0.5166590431532506
0.51665209561664
0.5166451437520785
0.5166381875458259
0.516631226984135
0.5166242620532503
0.5166172927394079
0.5166103190288365
0.5166033409077548
0.516596358362374
0.5165893713788959
0.5165823799435132
0.5165753840424088
0.5165683836617572
0.5165613787877217
0.5165543694064568
0.5165473555041067
0.516540337066805
0.5165333140806746
0.5165262865318285
0.5165192544063681
0.516512217690384
0.5165051763699554
0.5164981304311504
0.516491079860025
0.5164840246426237
0.5164769647649784
0.5164699002131099
0.5164628309730255
0.5164557570307206
0.5164486783721774
0.5164415949833656
0.5164345068502412
0.5164274139587475
0.5164203162948137
0.5164132138443559
0.5164061065932758
0.5163989945274619
0.5163918776327869
0.5163847558951109
0.5163776293002784
0.5163704978341194
0.5163633614824489
0.5163562202310668
0.5163490740657577
0.5163419229722909
0.51633476693642
0.5163276059438827
0.5163204399804007
0.5163132690316796
0.5163060930834091
0.5162989121212617
0.5162917261308937
0.5162845350979441
0.5162773390080359
0.5162701378467739
0.5162629315997462
0.5162557202525231
0.5162485037906575
0.5162412821996841
0.5162340554651204
0.5162268235724645
0.5162195865071975
0.5162123442547812
0.5162050968006595
0.5161978441302568
0.5161905862289791
0.5161833230822128
0.5161760546753257
0.5161687809936658
0.5161615020225616
0.5161542177473218
0.5161469281532358
0.5161396332255722
0.5161323329495803
0.5161250273104883
0.5161177162935043
0.5161103998838164
0.5161030780665908
0.516095750826974
0.5160884181500904
0.5160810800210442
0.5160737364249176
0.5160663873467719
0.5160590327716461
0.5160516726845585
0.5160443070705046
0.5160369359144585
0.5160295592013718
0.5160221769161741
0.5160147890437725
0.5160073955690517
0.5159999964768733
0.5159925917520769
0.5159851813794787
0.5159777653438715
0.5159703436300256
0.515962916222688
0.5159554831065816
0.5159480442664065
0.515940599686839
0.515933149352531
0.5159256932481111
0.515918231358184
0.5159107636673301
0.515903290160105
0.515895810821041
0.5158883256346449
0.5158808345853996
0.515873337657763
0.5158658348361682
0.5158583261050234
0.5158508114487117
0.5158432908515913
0.5158357642979953
0.5158282317722308
0.51582069325858
0.5158131487412994
0.5158055982046197
0.5157980416327463
0.5157904790098583
0.5157829103201089
0.5157753355476258
0.5157677546765098
0.515760167690836
0.5157525745746531
0.5157449753119832
0.5157373698868222
0.515729758283139
0.5157221404848766
0.5157145164759503
0.5157068862402496
0.5156992497616357
0.5156916070239445
0.5156839580109833
0.5156763027065333
0.5156686410943481
0.5156609731581535
0.5156532988816489
0.5156456182485055
0.5156379312423675
0.5156302378468509
0.5156225380455446
0.5156148318220094
0.5156071191597786
0.5155994000423574
0.5155916744532231
0.5155839423758254
0.5155762037935854
0.5155684586898963
0.5155607070481234
0.5155529488516035
0.5155451840836451
0.5155374127275288
0.5155296347665063
0.5155218501838008
0.5155140589626079
0.5155062610860937
0.5154984565373963
0.5154906452996249
0.5154828273558602
0.515475002689154
0.5154671712825301
0.5154593331189821
0.5154514881814762
0.5154436364529493
0.5154357779163088
0.5154279125544342
0.5154200403501754
0.5154121612863531
0.5154042753457599
0.5153963825111587
0.5153884827652832
0.5153805760908384
0.5153726624705002
0.5153647418869154
0.5153568143227012
0.515348879760446
0.5153409381827092
0.5153329895720207
0.5153250339108814
0.5153170711817625
0.5153091013671066
0.5153011244493267
0.515293140410807
0.5152851492339015
0.5152771509009361
0.5152691453942064
0.5152611326959798
0.5152531127884934
0.5152450856539557
0.5152370512745458
0.5152290096324136
0.5152209607096793
0.5152129044884348
0.5152048409507418
0.5151967700786335
0.5151886918541131
0.515180606259156
0.5151725132757068
0.515164412885682
0.5151563050709688
0.5151481898134249
0.5151400670948794
0.5151319368971321
0.5151237992019537
0.515115653991086
0.5151075012462416
0.5150993409491048
0.5150911730813299
0.5150829976245433
0.5150748145603421
0.5150666238702946
0.5150584255359403
0.5150502195387899
0.5150420058603259
0.5150337844820015
0.5150255553852414
0.5150173185514421
0.5150090739619714
0.5150008215981683
0.5149925614413438
0.5149842934727801
0.5149760176737318
0.5149677340254246
0.514959442509056
0.5149511431057959
0.5149428357967855
0.5149345205631383
0.5149261973859396
0.514917866246247
0.5149095271250903
0.5149011800034715
0.5148928248623648
0.5148844616827166
0.5148760904454461
0.514867711131445
0.5148593237215774
0.51485092819668
0.5148425245375624
0.5148341127250071
0.5148256927397694
0.5148172645625775
0.5148088281741328
0.5148003835551098
0.5147919306861561
0.5147834695478933
0.5147750001209155
0.5147665223857909
0.514758036323061
0.5147495419132413
0.514741039136821
0.5147325279742628
0.5147240084060041
0.5147154804124559
0.5147069439740036
0.5146983990710068
0.5146898456837993
0.5146812837926902
0.5146727133779622
0.5146641344198732
0.5146555468986564
0.5146469507945192
0.5146383460876441
0.5146297327581896
0.5146211107862885
0.5146124801520496
0.5146038408355571
0.5145951928168708
0.5145865360760266
0.5145778705930357
0.5145691963478856
0.5145605133205402
0.5145518214909396
0.5145431208389997
0.514534411344614
0.5145256929876516
0.5145169657479594
0.5145082296053604
0.5144994845396549
0.5144907305306208
0.5144819675580129
0.5144731956015637
0.5144644146409834
0.5144556246559595
0.5144468256261582
0.5144380175312229
0.5144292003507761
0.5144203740644177
0.5144115386517267
0.5144026940922608
0.5143938403655564
0.5143849774511282
0.5143761053284713
0.514367223977059
0.5143583333763442
0.5143494335057599
0.5143405243447182
0.5143316058726115
0.5143226780688119
0.5143137409126721
0.514304794383525
0.514295838460684
0.5142868731234431
0.5142778983510776
0.5142689141228433
0.5142599204179774
0.5142509172156987
0.5142419044952072
0.5142328822356851
0.5142238504162958
0.5142148090161853
0.5142057580144818
0.5141966973902956
0.5141876271227198
0.5141785471908302
0.5141694575736857
0.5141603582503285
0.5141512491997831
0.5141421304010587
0.5141330018331476
0.5141238634750259
0.514114715305654
0.5141055573039764
0.5140963894489219
0.5140872117194041
0.514078024094321
0.514068826552556
0.5140596190729776
0.5140504016344394
0.5140411742157807
0.5140319367958264
0.5140226893533876
0.5140134318672612
0.5140041643162307
0.5139948866790658
0.5139855989345232
0.5139763010613463
0.5139669930382655
0.5139576748439987
0.5139483464572514
0.5139390078567165
0.5139296590210747
0.5139202999289951
0.5139109305591352
0.5139015508901401
0.5138921609006448
0.5138827605692725
0.5138733498746354
0.5138639287953353
0.5138544973099634
0.5138450553971003
0.5138356030353174
0.5138261402031751
0.5138166668792247
0.513807183042008
0.5137976886700575
0.5137881837418965
0.5137786682360395
0.5137691421309925
0.5137596054052527
0.5137500580373096
0.5137405000056441
0.5137309312887297
0.5137213518650317
0.513711761713009
0.5137021608111123
0.5136925491377858
0.513682926671467
0.5136732933905865
0.5136636492735687
0.5136539942988319
0.5136443284447884
0.5136346516898447
0.513624964012402
0.5136152653908559
0.513605555803597
0.5135958352290112
0.5135861036454793
0.5135763610313783
0.5135666073650802
0.5135568426249533
0.513547066789362
0.5135372798366671
0.513527481745226
0.5135176724933925
0.5135078520595183
0.513498020421951
0.5134881775590372
0.5134783234491193
0.5134684580705391
0.5134585814016355
0.5134486934207461
0.5134387941062065
0.5134288834363513
0.5134189613895139
0.513409027944027
0.5133990830782218
0.5133891267704296
0.5133791589989816
0.5133691797422079
0.5133591889784398
0.5133491866860083
0.5133391728432447
0.5133291474284816
0.5133191104200521
0.51330906179629
0.5132990015355312
0.5132889296161128
0.5132788460163735
0.5132687507146534
0.5132586436892957
0.5132485249186451
0.513238394381049
0.5132282520548574
0.5132180979184235
0.5132079319501033
0.5131977541282557
0.5131875644312436
0.5131773628374331
0.5131671493251946
0.5131569238729019
0.5131466864589336
0.513136437061672
0.5131261756595046
0.5131159022308234
0.5131056167540252
0.5130953192075118
0.5130850095696908
0.5130746878189748
0.5130643539337824
0.5130540078925374
0.5130436496736706
0.5130332792556178
0.513022896616822
0.5130125017357323
0.513002094590805
0.5129916751605026
0.5129812434232948
0.5129707993576587
0.5129603429420788
0.5129498741550467
0.5129393929750621
0.5129288993806322
0.5129183933502727
0.5129078748625067
0.5128973438958662
0.5128868004288911
0.5128762444401311
0.5128656759081431
0.5128550948114939
0.512844501128759
0.5128338948385235
0.5128232759193811
0.5128126443499358
0.5128020001088006
0.5127913431745985
0.5127806735259626
0.5127699911415358
0.5127592959999709
0.5127485880799316
0.5127378673600915
0.512727133819135
0.5127163874357572
0.5127056281886637
0.5126948560565713
0.5126840710182078
0.5126732730523118
0.5126624621376336
0.5126516382529347
0.5126408013769879
0.5126299514885777
0.5126190885665005
0.5126082125895641
0.5125973235365883
0.5125864213864049
0.5125755061178581
0.5125645777098036
0.5125536361411097
0.5125426813906572
0.5125317134373393
0.5125207322600609
0.512509737837741
0.5124987301493098
0.5124877091737108
0.5124766748899006
0.5124656272768483
0.5124545663135359
0.5124434919789589
0.5124324042521247
0.5124213031120552
0.5124101885377847
0.5123990605083609
0.5123879190028446
0.5123767640003103
0.5123655954798454
0.512354413420551
0.5123432178015414
0.5123320086019445
0.512320785800902
0.5123095493775686
0.5122982993111127
0.5122870355807163
0.5122757581655755
0.512264467044899
0.5122531621979098
0.5122418436038446
0.5122305112419533
0.5122191650914996
0.5122078051317611
0.5121964313420286
0.5121850437016069
0.512173642189814
0.5121622267859819
0.5121507974694558
0.5121393542195949
0.5121278970157715
0.5121164258373716
0.5121049406637947
0.5120934414744537
0.5120819282487745
0.5120704009661974
0.5120588596061746
0.5120473041481729
0.5120357345716714
0.5120241508561623
0.5120125529811517
0.5120009409261578
0.5119893146707124
0.5119776741943599
0.5119660194766573
0.511954350497175
0.511942667235495
0.5119309696712128
0.5119192577839358
0.511907531553284
0.5118957909588894
0.5118840359803964
0.5118722665974614
0.5118604827897529
0.5118486845369506
0.5118368718187465
0.5118250446148439
0.5118132029049578
0.511801346668814
0.5117894758861499
0.5117775905367139
0.511765690600265
0.5117537760565734
0.5117418468854195
0.511729903066594
0.5117179445798982
0.5117059714051433
0.5116939835221507
0.5116819809107511
0.5116699635507849
0.5116579314221023
0.5116458845045622
0.5116338227780324
0.51162174622239
0.5116096548175203
0.5115975485433172
0.5115854273796825
0.5115732913065264
0.5115611403037663
0.5115489743513277
0.5115367934291426
0.5115245975171508
0.5115123865952986
0.5115001606435388
0.5114879196418305
0.5114756635701392
0.5114633924084355
0.5114511061366962
0.511438804734903
0.5114264881830429
0.5114141564611072
0.511401809549092
0.5113894474269974
0.511377070074827
0.5113646774725887
0.511352269600293
0.5113398464379537
0.5113274079655871
0.5113149541632116
0.5113024850108482
0.5112900004885186
0.5112775005762469
0.5112649852540575
0.5112524545019754
0.5112399083000266
0.5112273466282364
0.5112147694666296
0.5112021767952307
0.5111895685940628
0.5111769448431476
0.5111643055225046
0.5111516506121515
0.5111389800921031
0.5111262939423711
0.5111135921429635
0.511100874673885
0.5110881415151358
0.511075392646711
0.5110626280486009
0.5110498477007908
0.5110370515832591
0.5110242396759781
0.5110114119589136
0.510998568412024
0.5109857090152594
0.5109728337485626
0.5109599425918668
0.5109470355250968
0.5109341125281675
0.5109211735809837
0.5109082186634395
0.5108952477554183
0.5108822608367914
0.5108692578874188
0.5108562388871473
0.5108432038158106
0.5108301526532294
0.5108170853792096
0.5108040019735429
0.5107909024160056
0.5107777866863586
0.510764654764346
0.5107515066296954
0.5107383422621171
0.5107251616413033
0.5107119647469279
0.5106987515586456
0.5106855220560912
0.5106722762188796
0.510659014026605
0.51064573545884
0.5106324404951348
0.5106191291150175
0.5106058012979928
0.510592457023542
0.5105790962711205
0.5105657190201605
0.510552325250067
0.5105389149402192
0.5105254880699694
0.5105120446186422
0.5104985845655333
0.5104851078899102
0.5104716145710102
0.5104581045880408
0.5104445779201778
0.5104310345465657
0.5104174744463168
0.5104038975985099
0.5103903039821903
0.510376693576369
0.5103630663600212
0.5103494223120866
0.5103357614114683
0.510322083637032
0.5103083889676052
0.5102946773819768
0.5102809488588955
0.5102672033770702
0.5102534409151687
0.510239661451817
0.5102258649655981
0.5102120514350517
0.5101982208386737
0.5101843731549146
0.5101705083621796
0.5101566264388268
0.5101427273631671
0.5101288111134639
0.5101148776679306
0.5101009270047318
0.5100869591019805
0.5100729739377392
0.5100589714900176
0.5100449517367722
0.510030914655906
0.5100168602252669
0.5100027884226468
0.5099886992257819
0.5099745926123505
0.5099604685599725
0.5099463270462088
0.5099321680485605
0.5099179915444672
0.5099037975113074
0.5098895859263967
0.5098753567669864
0.5098611100102641
0.5098468456333516
0.5098325636133045
0.5098182639271109
0.5098039465516909
0.509789611463895
0.509775258640504
0.5097608880582275
0.5097464996937031
0.5097320935234954
0.5097176695240953
0.5097032276719181
0.5096887679433044
0.5096742903145167
0.5096597947617403
0.5096452812610816
0.5096307497885672
0.5096162003201429
0.509601632831672
0.5095870472989359
0.5095724436976319
0.5095578220033717
0.5095431821916822
0.5095285242380024
0.5095138481176834
0.509499153805988
0.5094844412780886
0.5094697105090658
0.5094549614739086
0.5094401941475131
0.5094254085046804
0.5094106045201163
0.5093957821684308
0.5093809414241354
0.5093660822616437
0.5093512046552692
0.5093363085792244
0.5093213940076207
0.5093064609144654
0.5092915092736624
0.5092765390590099
0.5092615502442002
0.5092465428028176
0.5092315167083378
0.5092164719341269
0.5092014084534403
0.5091863262394211
0.5091712252650987
0.509156105503389
0.509140966927092
0.5091258095088906
0.5091106332213506
0.5090954380369183
0.5090802239279196
0.5090649908665597
0.5090497388249204
0.5090344677749605
0.509019177688513
0.5090038685372856
0.5089885402928581
0.5089731929266818
0.5089578264100783
0.5089424407142379
0.5089270358102191
0.508911611668947
0.5088961682612113
0.5088807055576663
0.5088652235288293
0.5088497221450787
0.5088342013766535
0.5088186611936519
0.5088031015660299
0.5087875224635996
0.5087719238560291
0.5087563057128401
0.5087406680034072
0.5087250106969565
0.5087093337625644
0.5086936371691559
0.508677920885504
0.508662184880228
0.5086464291217919
0.5086306535785038
0.508614858218514
0.5085990430098143
0.5085832079202357
0.5085673529174486
0.5085514779689596
0.5085355830421117
0.5085196681040824
0.5085037331218826
0.5084877780623543
0.508471802892171
0.5084558075778345
0.5084397920856749
0.5084237563818491
0.5084077004323386
0.5083916242029487
0.5083755276593074
0.5083594107668635
0.5083432734908856
0.5083271157964607
0.5083109376484926
0.5082947390117007
0.5082785198506186
0.5082622801295926
0.5082460198127806
0.5082297388641501
0.5082134372474783
0.5081971149263479
0.5081807718641489
0.5081644080240751
0.5081480233691231
0.5081316178620919
0.5081151914655799
0.5080987441419843
0.5080822758535004
0.5080657865621184
0.5080492762296239
0.508032744817595
0.5080161922874014
0.5079996186002036
0.5079830237169504
0.5079664075983776
0.5079497702050076
0.5079331114971468
0.5079164314348846
0.5078997299780922
0.5078830070864203
0.5078662627192989
0.5078494968359344
0.5078327093953099
0.5078159003561814
0.507799069677079
0.507782217316303
0.507765343231924
0.5077484473817808
0.5077315297234793
0.5077145902143904
0.507697628811649
0.5076806454721523
0.5076636401525585
0.5076466128092854
0.5076295633985082
0.507612491876159
0.5075953981979243
0.5075782823192447
0.507561144195312
0.5075439837810685
0.5075268010312057
0.5075095959001625
0.5074923683421231
0.5074751183110165
0.5074578457605143
0.5074405506440296
0.507423232914715
0.5074058925254614
0.5073885294288966
0.5073711435773832
0.5073537349230179
0.507336303417629
0.5073188490127758
0.5073013716597464
0.5072838713095564
0.5072663479129474
0.5072488014203853
0.507231231782059
0.5072136389478783
0.5071960228674733
0.507178383490192
0.5071607207650988
0.5071430346409734
0.5071253250663095
0.5071075919893115
0.5070898353578955
0.5070720551196856
0.5070542512220132
0.5070364236119159
0.5070185722361347
0.5070006970411136
0.5069827979729974
0.5069648749776303
0.5069469280005542
0.5069289569870072
0.5069109618819224
0.5068929426299255
0.5068748991753332
0.5068568314621532
0.506838739434081
0.506820623034498
0.5068024822064718
0.5067843168927533
0.5067661270357744
0.5067479125776483
0.5067296734601661
0.5067114096247965
0.5066931210126838
0.5066748075646456
0.5066564692211718
0.5066381059224235
0.5066197176082303
0.5066013042180896
0.5065828656911643
0.5065644019662815
0.5065459129819311
0.5065273986762636
0.5065088589870892
0.5064902938518756
0.5064717032077466
0.5064530869914801
0.5064344451395074
0.5064157775879108
0.5063970842724219
0.5063783651284204
0.5063596200909322
0.5063408490946278
0.506322052073821
0.5063032289624665
0.5062843796941591
0.5062655042021313
0.5062466024192525
0.5062276742780266
0.5062087197105904
0.5061897386487128
0.5061707310237916
0.5061516967668538
0.506132635808552
0.5061135480791644
0.5060944335085918
0.5060752920263569
0.5060561235616021
0.5060369280430883
0.5060177053991923
0.5059984555579065
0.5059791784468357
0.5059598739931971
0.505940542123817
0.5059211827651305
0.5059017958431788
0.5058823812836081
0.5058629390116673
0.5058434689522073
0.5058239710296788
0.5058044451681302
0.5057848912912062
0.505765309322147
0.505745699183785
0.505726060798544
0.505706394088438
0.5056866989750682
0.5056669753796228
0.5056472232228737
0.5056274424251762
0.5056076329064665
0.5055877945862604
0.5055679273836513
0.5055480312173083
0.5055281060054752
0.5055081516659679
0.505488168116174
0.505468155273049
0.5054481130531169
0.5054280413724668
0.5054079401467518
0.5053878092911874
0.5053676487205495
0.5053474583491728
0.5053272380909488
0.5053069878593246
0.5052867075673005
0.5052663971274292
0.5052460564518128
0.505225685452102
0.5052052840394943
0.5051848521247315
0.505164389618099
0.5051438964294227
0.5051233724680694
0.5051028176429421
0.5050822318624811
0.5050616150346603
0.5050409670669862
0.505020287866496
0.5049995773397559
0.5049788353928593
0.5049580619314247
0.504937256860595
0.5049164200850337
0.5048955515089251
0.5048746510359716
0.5048537185693922
0.5048327540119203
0.504811757265802
0.5047907282327948
0.5047696668141654
0.5047485729106875
0.504727446422641
0.5047062872498093
0.5046850952914774
0.5046638704464312
0.5046426126129545
0.5046213216888275
0.5045999975713251
0.5045786401572155
0.5045572493427574
0.5045358250236988
0.5045143670952749
0.5044928754522067
0.5044713499886981
0.5044497905984358
0.5044281971745851
0.5044065696097904
0.5043849077961715
0.5043632116253235
0.5043414809883126
0.5043197157756762
0.5042979158774206
0.5042760811830183
0.5042542115814068
0.504232306960987
0.5042103672096201
0.5041883922146271
0.5041663818627858
0.5041443360403298
0.5041222546329457
0.5041001375257715
0.5040779846033958
0.5040557957498533
0.5040335708486254
0.504011309782637
0.5039890124342546
0.5039666786852852
0.5039443084169731
0.5039219015099987
0.5038994578444765
0.5038769772999526
0.5038544597554039
0.5038319050892347
0.5038093131792755
0.5037866839027811
0.5037640171364285
0.503741312756314
0.503718570637953
0.5036957906562762
0.5036729726856286
0.5036501165997674
0.5036272222718596
0.5036042895744802
0.5035813183796101
0.5035583085586341
0.5035352599823387
0.5035121725209103
0.5034890460439331
0.5034658804203864
0.5034426755186439
0.5034194312064699
0.5033961473510187
0.5033728238188313
0.5033494604758346
0.5033260571873379
0.5033026138180318
0.5032791302319854
0.503255606292645
0.503232041862831
0.5032084368047365
0.5031847909799245
0.5031611042493265
0.5031373764732401
0.5031136075113257
0.5030897972226065
0.5030659454654643
0.5030420520976384
0.503018116976223
0.5029941399576652
0.5029701208977624
0.5029460596516611
0.5029219560738527
0.5028978100181736
0.5028736213378012
0.5028493898852526
0.5028251155123817
0.5028007980703777
0.5027764374097616
0.5027520333803857
0.502727585831429
0.5027030946113972
0.5026785595681188
0.5026539805487438
0.5026293573997401
0.5026046899668927
0.5025799780952999
0.5025552216293723
0.5025304204128294
0.5025055742886972
0.502480683099307
0.5024557466862918
0.502430764890584
0.5024057375524136
0.5023806645113051
0.5023555456060759
0.5023303806748328
0.5023051695549706
0.5022799120831685
0.5022546080953889
0.5022292574268737
0.502203859912143
0.5021784153849912
0.5021529236784855
0.5021273846249634
0.5021017980560294
0.5020761638025534
0.5020504816946672
0.5020247515617623
0.5019989732324878
0.5019731465347472
0.501947271295696
0.5019213473417388
0.5018953744985273
0.5018693525909571
0.5018432814431651
0.5018171608785271
0.5017909907196552
0.5017647707883944
0.5017385009058208
0.5017121808922383
0.5016858105671762
0.501659389749386
0.5016329182568391
0.5016063959067242
0.5015798225154439
0.5015531978986119
0.5015265218710512
0.5014997942467901
0.5014730148390605
0.5014461834602933
0.501419299922118
0.5013923640353575
0.5013653756100266
0.5013383344553288
0.5013112403796531
0.5012840931905714
0.5012568926948356
0.5012296386983743
0.50120233100629
0.5011749694228559
0.5011475537515139
0.5011200837948699
0.5010925593546929
0.5010649802319093
0.5010373462266025
0.5010096571380078
0.5009819127645109
0.5009541129036434
0.500926257352081
0.5008983459056389
0.5008703783592703
0.5008423545070616
0.5008142741422308
0.5007861370571225
0.500757943043207
0.5007296918910749
0.5007013833904345
0.5006730173301095
0.5006445934980348
0.5006161116812531
0.5005875716659123
0.5005589732372612
0.5005303161796474
0.5005016002765129
0.5004728253103911
0.5004439910629032
0.5004150973147553
0.5003861438457347
0.500357130434706
0.5003280568596081
0.5002989228974514
0.5002697283243123
0.5002404729153316
0.5002111564447105
0.5001817786857066
0.5001523394106301
0.5001228383908413
0.5000932753967462
0.5000636501977926
0.5000339625624675
0.5000042122582924
0.49997439905181973
0.49994452270863016
0.49991458299332736
0.4998845796695359
0.4998545124998954
0.49982438124605905
0.4997941856686881
0.49976392552744875
0.4997336005810083
0.499703210587031
0.4996727553021745
0.49964223448208556
0.49961164788139645
0.4995809952537209
0.4995502763516501
0.4995194909267488
0.4994886387295508
0.4994577195095558
0.4994267330152248
0.49939567899397586
0.49936455719218037
0.49933336735515893
0.4993021092271768
0.4992707825514405
0.4992393870700923
0.4992079225242077
0.4991763886537898
0.4991447851977659
0.4991131118939829
0.49908136847920276
0.4990495546890983
0.49901767025824983
0.498985714920139
0.4989536884071459
0.49892159045054396
0.4988894207804955
0.49885717912604777
0.4988248652151276
0.4987924787745379
0.4987600195299525
0.49872748720591165
0.4986948815258173
0.4986622022119293
0.49862944898535977
0.4985966215660687
0.49856371967285984
0.4985307430233756
0.49849769133409194
0.4984645643203141
0.49843136169617214
0.49839808317461515
0.4983647284674072
0.4983312972851226
0.49829778933714
0.49826420433163876
0.4982305419755934
0.4981968019747682
0.49816298403371334
0.49812908785575893
0.49809511314301036
0.49806105959634295
0.4980269269153974
0.4979927147985744
0.4979584229430294
0.49792405104466725
0.49788959879813754
0.49785506589682904
0.4978204520328645
0.4977857568970957
0.49775098017909714
0.497716121567162
0.49768118074829615
0.4976461574082126
0.49761105123132643
0.4975758619007492
0.49754058909828364
0.49750523250441764
0.4974697917983197
0.49743426665783225
0.497398656759467
0.49736296177839856
0.49732718138845966
0.49729131526213477
0.4972553630705546
0.4972193244834905
0.4971831991693488
0.4971469867951645
0.4971106870265962
0.4970742995279199
0.4970378239620227
0.4970012599903979
0.49696460727313835
0.4969278654689305
0.4968910342350485
0.49685411322734874
0.49681710210026275
0.4967800005067921
0.4967428080985021
0.49670552452551475
0.4966681494365041
0.4966306824786889
0.4965931232978266
0.49655547153820767
0.4965177268426483
0.4964798888524854
0.49644195720756906
0.49640393154625667
0.4963658115054067
0.49632759672037213
0.4962892868249936
0.4962508814515935
0.49621238023096903
0.496173782792386
0.4961350887635718
0.49609629777070946
0.4960574094384298
0.49601842338980645
0.4959793392463474
0.4959401566279897
0.4959008751530918
0.4958614944384266
0.49582201409917565
0.4957824337489214
0.49574275299964043
0.49570297146169695
0.49566308874383513
0.495623104453173
0.49558301819519446
0.4955428295737429
0.4955025381910141
0.4954621436475488
0.49542164554222545
0.49538104347225376
0.4953403370331667
0.4952995258188135
0.4952586094213525
0.49521758743124394
0.49517645943724226
0.4951352250263893
0.4950938837840059
0.4950524352936857
0.4950108791372867
0.4949692148949244
0.4949274421449642
0.494885560464013
0.49484356942691293
0.4948014686067329
0.4947592575747609
0.4947169359004972
0.49467450315164524
0.49463195889410505
0.49458930269196494
0.49454653410749405
0.49450365270113394
0.49446065803149153
0.49441754965533025
0.49437432712756274
0.494330990001243
0.494287537827558
0.4942439701558199
0.49420028653345766
0.4941564865060094
0.49411256961711414
0.4940685354085037
0.49402438341999394
0.49398011318947777
0.49393572425291554
0.49389121614432807
0.4938465883957871
0.49380184053740817
0.49375697209734126
0.4937119826017632
0.49366687157486855
0.4936216385388618
0.49357628301394857
0.4935308045183268
0.4934852025681793
0.49343947667766375
0.49339362635890527
0.49334765112198703
0.4933015504749423
0.4932553239237454
0.49320897097230276
0.4931624911224447
0.49311588387391647
0.4930691487243694
0.4930222851693519
0.49297529270230134
0.4929281708145347
0.4928809189952392
0.49283353673146424
0.49278602350811207
0.49273837880792903
0.49269060211149623
0.4926426928972207
0.49259465064132635
0.49254647481784525
0.49249816489860776
0.49244972035323387
0.4924011406491244
0.49235242525145145
0.49230357362314897
0.49225458522490406
0.4922054595151474
0.49215619595004423
0.4921067939834848
0.49205725306707554
0.49200757265012907
0.4919577521796556
0.4919077911003528
0.49185768885459724
0.4918074448824342
0.49175705862156877
0.49170652950735616
0.4916558569727926
0.4916050404485051
0.4915540793627432
0.49150297314136804
0.4914517212078436
0.49140032298322717
0.49134877788615994
0.4912970853328565
0.4912452447370967
0.49119325551021437
0.4911411170610891
0.4910888287961358
0.49103639011929556
0.49098380043202544
0.4909310591332894
0.49087816561954756
0.4908251192847482
0.4907719195203165
0.4907185657151453
0.49066505725558573
0.4906113935254368
0.49055757390593663
0.49050359777575164
0.49044946451096716
0.4903951734850779
0.49034072406897805
0.4902861156309514
0.4902313475366617
0.4901764191491422
0.490121329828787
0.49006607893334064
0.4900106658178879
0.4899550898348446
0.48989935033394766
0.48984344666224505
0.48978737816408646
0.4897311441811129
0.4896747440522472
0.4896181771136844
0.48956144269888163
0.4895045401385485
0.4894474687606371
0.4893902278903325
0.48933281685004315
0.48927523495939007
0.4892174815351986
0.4891595558914875
0.48910145733945976
0.4890431851874929
0.48898473874112863
0.488926117303064
0.4888673201731413
0.4888083466483383
0.48874919602275874
0.4886898675876232
0.4886303606312581
0.4885706744390876
0.48851080829362326
0.48845076147445465
0.4883905332582399
0.488330122918696
0.48826952972658955
0.488208752949727
0.4881477918529459
0.48808664569810445
0.4880253137440726
0.48796379524672384
0.4879020894589239
0.48784019563052305
0.4877781130083459
0.48771584083618275
0.48765337835478045
0.4875907248018329
0.4875278794119724
0.48746484141676016
0.4874016100446774
0.4873381845211172
0.4872745640683743
0.48721074790563745
0.4871467352489792
0.4870825253113489
0.4870181173025626
0.4869535104292951
0.4868887038950708
0.486823696900256
0.48675848864204957
0.48669307831447506
0.48662746510837196
0.4865616482113879
0.4864956268079701
0.48642940007935676
0.4863629672035704
0.48629632735540806
0.4862294797064345
0.48616242342497407
0.4860951576761027
0.4860276816216401
0.4859599944201431
0.4858920952268966
0.48582398319390707
0.485755657469895
0.48568711720028745
0.48561836152721083
0.48554938958948357
0.4854802005226102
0.4854107934587724
0.4853411675268243
0.4852713218522845
0.4852012555573294
0.48513096776078724
0.48506045757813154
0.48498972412147434
0.48491876649956056
0.48484758381776166
0.48477617517806965
0.4847045396790909
0.4846326764160416
0.48456058448074024
0.4844882629616044
0.4844157109436432
0.4843429275084534
0.4842699117342142
0.48419666269568185
0.4841231794641847
0.4840494611076195
0.48397550669044587
0.4839013152736824
0.48382688591490197
0.4837522176682283
0.48367730958433164
0.48360216071042456
0.48352677009025985
0.48345113676412477
0.4833752597688405
0.4832991381377557
0.4832227709007473
0.4831461570842144
0.4830692957110782
0.4829921858007777
0.482914826369269
0.48283721642902194
0.48275935498901956
0.4826812410547551
0.48260287362823173
0.48252425170796065
0.4824453742889601
0.48236624036275455
0.48228684891737456
0.4822071989373553
0.4821272894037376
0.4820471192940671
0.48196668758239464
0.48188599323927706
0.48180503523177765
0.4817238125234673
0.48164232407442537
0.4815605688412414
0.4814785457770166
0.48139625383136603
0.48131369195042056
0.4812308590768292
0.4811477541497622
0.4810643761049141
0.4809807238745059
0.48089679638728966
0.48081259256855247
0.4807281113401192
0.48064335162035826
0.4805583123241856
0.48047299236306984
0.480387390645037
0.4803015060746769
0.4802153375531486
0.480128883978186
0.48004214424410563
0.4799551172418122
0.4798678018588068
0.479780196979193
0.4796923014836861
0.4796041142496207
0.47951563415095855
0.4794268600582984
0.4793377908388847
0.47924842535661716
0.47915876247206046
0.47906880104245475
0.47897853992172656
0.4788879779604989
0.47879711400610425
0.4787059469025946
0.4786144754907546
0.47852269860811397
0.4784306150889605
0.478338223764353
0.4782455234621362
0.4781525130069537
0.47805919122026314
0.4779655569203517
0.47787160892235037
0.4777773460382513
0.47768276707692353
0.4775878708441295
0.47749265614254266
0.4773971217717655
0.4773012665283469
0.47720508920580196
0.47710858859462996
0.47701176348233476
0.47691461265344476
0.47681713488953303
0.4767193289692393
0.47662119366829075
0.4765227277595244
0.4764239300129099
0.47632479919557247
0.47622533407181633
0.47612553340314956
0.4760253959483083
0.4759249204632823
0.4758241057013403
0.47572295041305696
0.4756214533463395
0.4755196132464553
0.47541742885605986
0.47531489891522544
0.4752120221614706
0.4751087973297899
0.47500522315268356
0.4749012983601899
0.47479702167991544
0.4746923918370687
0.47458740755449125
0.47448206755269307
0.4743763705498853
0.47427031526201524
0.47416390040280254
0.474057124683774
0.47394998681430084
0.47384248550163666
0.4737346194509541
0.47362638736538504
0.47351778794605837
0.47340881989214145
0.47329948190087984
0.47318977266763923
0.47307969088594765
0.4729692352475376
0.47285840444239025
0.47274719715878005
0.4726356120833181
0.472523647901
0.4724113032952506
0.4722985769479718
0.472185467539591
0.47207197374910853
0.4719580942541486
0.4718438277310083
0.47172917285470883
0.47161412829904825
0.47149869273665207
0.4713828648390289
0.47126664327662227
0.47115002671886747
0.47103301383424556
0.47091560329034154
0.4707977937539003
0.4706795838908857
0.47056097236653865
0.47044195784543796
0.47032253899155974
0.47020271446834017
0.47008248293873667
0.4699618430652918
0.46984079351019686
0.4697193329353566
0.4695974600024559
0.4694751733730251
0.46935247170850797
0.46922935367033053
0.46910581791996936
0.46898186311902224
0.46885748792927917
0.4687326910127942
0.46860747103195755
0.4684818266495702
0.4683557565289177
0.46822925933384674
0.4681023337288399
0.46797497837909413
0.46784719195059865
0.467718973110214
0.4675903205257521
0.46746123286605734
0.4673317088010882
0.4672017470020007
0.4670713461412309
0.4669405048925811
0.4668092219313047
0.46667749593419205
0.4665453255796601
0.4664127095478382
0.46627964652065956
0.4661461351819505
0.4660121742175222
0.4658777623152627
0.4657428981652299
0.4656075804597467
0.4654718078934943
0.46533557916361024
0.4651988929697839
0.46506174801435485
0.464924143002412
0.46478607664189353
0.46464754764368715
0.4645085547217318
0.46436909659312087
0.4642291719782057
0.46408877960070016
0.4639479181877852
0.4638065864702171
0.4636647831824332
0.4635225070626615
0.4633797568530288
0.46323653129967196
0.4630928291528479
0.46294864916704664
0.4628039901011043
0.46265885071831575
0.46251322978655085
0.4623671260783697
0.4622205383711386
0.4620734654471485
0.46192590609373285
0.4617778591033874
0.4616293232738902
0.4614802974084221
0.4613307803156896
0.4611807708100466
0.4610302677116201
0.4608792698464317
0.46072777604652587
0.46057578515009456
0.4604232960016042
0.46027030745192477
0.46011681835845686
0.4599628275852625
0.45980833400319504
0.4596533364900295
0.45949783393059584
0.4593418252169095
0.4591853092483076
0.45902828493157993
0.45887075118110643
0.4587127069189909
0.45855415107519804
0.4583950825876909
0.4582355004025678
0.4580754034742006
0.4579147907653741
0.45775366124742567
0.4575920139003854
0.45742984771311695
0.45726716168345893
0.4571039548183675
0.4569402261340584
0.45677597465615016
0.456611199419809
0.4564458994698913
0.45628007386108976
0.4561137216580783
0.45594684193565777
0.455779433778902
0.45561149628330516
0.4554430285549276
0.4552740297105443
0.4551044988777929
0.45493443519532084
0.4547638378129354
0.454592705891751
0.45442103860433947
0.45424883513487957
0.4540760946793058
0.45390281644545927
0.45372899965323765
0.4535546435347456
0.45337974733444447
0.45320431030930447
0.4530283317289545
0.45285181087583304
0.4526747470453398
0.4524971395459861
0.45231898769954637
0.4521402908412089
0.451961048319727
0.4517812594975701
0.4516009237510746
0.4514200404705946
0.45123860906065216
0.45105662894008924
0.45087409954221624
0.4506910203149632
0.4505073907210294
0.4503232102380329
0.4501384783586594
0.4499531945908125
0.4497673584577606
0.44958096949828663
0.44939402726683464
0.4492065313336575
0.4490184812849647
0.44882987672306707
0.44864071726652377
0.44845100255028647
0.4482607322258454
0.44806990596137186
0.4478785234418623
0.4476865843692809
0.4474940884627007
0.44730103545844585
0.447107425110231
0.4469132571893003
0.4467185314845675
0.4465232478027522
0.44632740596851717
0.44613100582460385
0.4459340472319671
0.44573653006990904
0.4455384542362115
0.44533981964726765
0.44514062623821193
0.4449408739630497
0.4447405627947847
0.4445396927255465
0.4443382637667146
0.4441362759490437
0.4439337293227858
0.44373062395781165
0.44352695994373037
0.44332273739000855
0.443117956426086
0.442912617201492
0.4427067198859589
0.44250026466953385
0.44229325176269024
0.44208568139643506
0.44187755382241745
0.4416688693130334
0.4414596281615294
0.4412498306821032
0.4410394772100063
0.4408285681016389
0.4406171037346474
0.44040508450801885
0.44019251084217215
0.4399793831790482
0.43976570198219844
0.43955146773687026
0.4393366809500906
0.4391213421507476
0.43890545188967
0.4386890107397043
0.4384720192957893
0.4382544781750286
0.43803638801676115
0.43781774948262814
0.4375985632566398
0.4373788300452367
0.43715855057735126
0.4369377256044656
0.4367163559006662
0.43649444226269773
0.4362719855100131
0.43604898648482004
0.4358254460521279
0.4356013650997882
0.43537674453853537
0.43515158530202325
0.4349258883468587
0.4346996546526338
0.4344728852219536
0.434245581080462
0.4340177432768643
0.43378937288294794
0.43356047099359785
0.43333103872681167
0.43310107722371044
0.4328705876485468
0.43263957118870966
0.4324080290547257
0.43217596248026013
0.4319433727221107
0.4317102610602009
0.43147662879757
0.4312424772603595
0.4310078077977963
0.4307726217821725
0.4305369206088236
0.4303007056961007
0.43006397848534234
0.42982674044084135
0.4295889930498095
0.42935073782233696
0.42911197629135145
0.42887271001257243
0.4286329405644606
0.4283926695481675
0.4281518985874785
0.4279106293287557
0.4276688634408727
0.42742660261515264
0.4271838485652971
0.426940603027314
0.4266968677594428
0.4264526445420754
0.42620793517767336
0.42596274149068303
0.425717065327446
0.4254709085561079
0.4252242730665206
0.4249771607701459
0.4247295735999512
0.4244815135103047
0.42423298247686636
0.42398398249647556
0.4237345155870349
0.4234845837873923
0.42323418915721767
0.42298333377687813
0.4227320197473089
0.4224802491898809
0.42222802424626593
0.4219753470782973
0.4217222198678287
0.4214686448165887
0.42121462414603267
0.4209601600971906
0.4207052549305138
0.42044991092571543
0.4201941303816112
0.4199379156159536
0.4196812689652661
0.41942419278467213
0.41916668944772223
0.41890876134621763
0.41865041089002974
0.41839164050692007
0.4181324526423534
0.41787284975930916
0.41761283433809215
0.4173524088761368
0.417091575887811
0.4168303379042164
0.4165686974729861
0.4163066571580797
0.41604421953957416
0.4157813872134547
0.41551816279140064
0.4152545489005698
0.4149905481833802
0.41472616329728834
0.4144613969145662
0.41419625172207536
0.41393073042103795
0.41366483572680646
0.41339857036862954
0.4131319370894173
0.41286493864550317
0.4125975778064036
0.41232985735457583
0.41206178008517347
0.4117933488057998
0.41152456633625945
0.4112554355083068
0.4109859591653942
0.4107161401624171
0.41044598136545607
0.410175485651521
0.4099046559082889
0.40963349503384217
0.40936200593640476
0.4090901915340781
0.40881805475457167
0.4085455985349366
0.40827282582129415
0.4079997395685645
0.40772634274019365
0.4074526383078789
0.4071786292512932
0.40690431855780707
0.406629709222212
0.4063548042464391
0.4060796066392792
0.4058041194161016
0.4055283455985697
0.4052522882143587
0.40497595029686956
0.40469933488494425
0.4044224450225786
0.4041452837586355
0.4038678541465559
0.4035901592440708
0.4033122021129113
0.40303398581851957
0.40275551342975663
0.4024767880186127
0.4021978126599143
0.40191859043103395
0.40163912441159655
0.4013594176831876
0.40107947332905924
0.40079929443383827
0.400518884083233
0.4002382453637388
0.39995738136234615
0.39967629516624575
0.3993949898625365
0.3991134685379314
0.3988317342784645
0.3985497901691985
0.39826763929393083
0.39798528473490274
0.39770272957250546
0.39741997688498976
0.3971370297481735
0.3968538912351512
0.39657056441600363
0.3962870523575076
0.3960033581228462
0.3957194847713208
0.3954354353580627
0.39515121293374494
0.394866820544297
0.3945822612306179
0.39429753802829093
0.39401265396729995
0.3937276120717462
0.3934424153595658
0.3931570668422473
0.3928715695245523
0.3925859264042363
0.39230014047176875
0.3920142147100575
0.3917281520941722
0.39144195559106865
0.3911556281593158
0.3908691727488231
0.3905825923005694
0.3902958897463325
0.3900090680084207
0.3897221299994062
0.389435078621858
0.3891479167680787
0.38886064731984027
0.38857327314812307
0.3882857971128556
0.3879982220626556
0.3877105508345732
0.3874227862538355
0.3871349311335921
0.38684698827466235
0.3865589604652858
0.3862708504808714
0.38598266108375145
0.38569439502293396
0.38540605503386005
0.38511764383816016
0.3848291641434134
0.384540618642909
0.384252010015408
0.3839633409249077
0.3836746140204081
0.383385831935679
0.38309699728903013
0.3828081126830818
0.3825191807045383
0.38223020392396234
0.381941184895552
0.381652126156919
0.38136303022886864
0.38107389961518184
0.380784736802399
0.38049554425960486
0.3802063244382166
0.3799170797717729
0.3796278126757233
0.379338525547223
0.37904922076492586
0.3787599006887804
0.3784705676598285
0.3781812240000052
0.37789187201193836
0.37760251397875416
0.3773131521638803
0.3770237888108534
0.37673442614312636
0.37644506636387953
0.37615571165583156
0.3758663641810524
0.37557702608077936
0.37528769947523233
0.3749983864634328
0.37470908912302325
0.3744198095100888
0.37413054965897946
0.37384131158213557
0.37355209726991245
0.37326290869040857
0.37297374778929465
0.372684616489643
0.37239551669176
0.3721064502730191
0.371817419087695
0.37152842496680005
0.37123946971792043
0.3709505551250549
0.37066168294845536
0.37037285492446614
0.370084072765367
0.36979533815921584
0.36950665276969374
0.3692180182359493
0.368929436172446
0.3686409081688092
0.36835243578967386
0.368064020574536
0.3677756640376005
0.3674873676676337
0.36719913292781525
0.36691096125559086
0.3666228540625244
0.3663348127341546
0.3660468386298482
0.36575893308265506
0.3654710973991663
0.3651833328593682
0.3648956407165017
0.3646080221969186
0.36432047849993915
0.3640330107977117
0.3637456202350696
0.36345830792939166
0.36317107497045964
0.36288392242031864
0.3625968513131354
0.36230986265505827
0.362022957424076
0.36173613656987763
0.3614494010137109
0.36116275164824185
0.36087618933741294
0.36058971491630204
0.3603033291909805
0.3600170329383712
0.35973082690610425
0.35944471181237647
0.3591586883458055
0.3588727571652863
0.35858691889984606
0.3583011741484983
0.35801552348009646
0.3577299674331858
0.3574445065158562
0.35715914120559167
0.3568738719491205
0.3565886991622637
0.3563036232297819
0.3560186445052219
0.3557337633107609
0.35544897993704977
0.3551642946430558
0.35487970765590166
0.3545952191707055
0.3543108293504169
0.35402653832565295
0.35374234619453154
0.35345825302250283
0.3531742588421796
0.3528903636531643
0.3526065674218749
0.3523228700813682
0.35203927153116127
0.3517557716370504
0.3514723702309267
0.3511890671105912
0.35090586203956575
0.3506227547469013
0.3503397449269852
0.35005683223934325
0.34977401630844096
0.34949129672348056
0.349208673038195
0.348926144770641
0.34864371140298417
0.3483613723812864
0.3480791271152863
0.3477969749781766
0.3475149153063796
0.3472329473993169
0.3469510705191771
0.34666928389067836
0.34638758670082803
0.34610597809867855
0.34582445719507726
0.34554302306241447
0.34526167473436553
0.3449804112056301
0.3446992314316644
0.34441813432841273
0.34413711877203024
0.34385618359860387
0.34357532760386694
0.34329454954290956
0.3430138481298835
0.3427332220377023
0.3424526698977361
0.3421721902994999
0.3418917817903391
0.3416114428751062
0.34133117201583507
0.3410509676314063
0.34077082809720904
0.34049075174479587
0.34021073686153225
0.3399307816902379
0.3396508844288252
0.3393710432299282
0.33909125620052544
0.3388115214015586
0.33853183684754173
0.3382522005061646
0.3379726102978892
0.3376930640955395
0.3374135597238827
0.3371340949592051
0.336854667528879
0.33657527511092267
0.33629591533355285
0.3360165857747291
0.33573728396169067
0.33545800737048503
0.3351787534254885
0.33489951949891855
0.3346203029103383
0.3343411009261516
0.3340619107590899
0.3337827295676917
0.3335035544557711
0.33322438247187847
0.3329452106087524
0.3326660358027621
0.3323868549333407
0.33210766482240883
0.3318284622337888
0.3315492438726098
0.3312700063847026
0.330990746355985
0.33071146031183574
0.33043214471646143
0.33015279597225045
0.32987341041911783
0.3295939843338397
0.32931451392937594
0.3290349953541854
0.32875542469152635
0.3284757979587492
0.3281961111065768
0.32791636001837404
0.3276365405094068
0.32735664832608896
0.3270766791452187
0.3267966285732023
0.32651649214526873
0.3262362653246703
0.3259559435018725
0.32567552199373323
0.32539499604266753
0.3251143608158046
0.32483361140412775
0.3245527428216072
0.3242717500043174
0.32399062780954485
0.32370937101488073
0.32342797431730413
0.32314643233225254
0.32286473959267853
0.32258289054809597
0.32230087956361253
0.3220187009189513
0.3217363488074589
0.321453817335102
0.32117110051945175
0.32088819228865484
0.32060508648039376
0.3203217768408336
0.3200382570235591
0.3197545205884954
0.31947056100082194
0.3191863716298701
0.31890194574801206
0.3186172765295365
0.318332357049513
0.31804718028264595
0.3177617391021153
0.3174760262784084
0.31719003447813976
0.3169037562628605
0.31661718408785694
0.31633031030093917
0.3160431271412206
0.31575562673788604
0.3154678011089525
0.31517964216001876
0.3148911416830079
0.314602291354901
0.3143130827364623
0.31402350727095746
0.3137335562828653
0.3134432209765808
0.3131524924351142
0.3128613616187837
0.3125698193639023
0.3122778563814609
0.31198546325580834
0.31169263044332673
0.3113993482711039
0.3111056069356064
0.3108113965013493
0.3105167068995667
0.31022152792688124
0.3099258492439783
0.3096296603742783
0.30933295070261624
0.3090357094739229
0.30873792579191184
0.308439588617774
0.3081406867688784
0.30784120891748284
0.30754114358945384
0.3072404791629975
0.3069392038674043
0.30663730578180626
0.30633477283395183
0.3060315927989955
0.30572775329830715
0.3054232417983022
0.3051180456092922
0.30481215188436
0.3045055476182621
0.3041982196463545
0.3038901546435523
0.303581339123318
0.30327175943668405
0.3029614017713119
0.3026502521505892
0.3023382964327657
0.30202552031013363
0.30171190930825303
0.3013974487852257
0.3010821239310167
0.300765919766834
0.3004488211445595
0.300130812746243
0.29981187908365503
0.29949200449790736
0.29917117315914005
0.29884936906628085
0.2985265760468797
0.29820277775702064
0.29787795768131675
0.2975520991329895
0.29722518525403835
0.2968971990155017
0.2965681232178168
0.29623794049127816
0.29590663329660316
0.2955741839256034
0.2952405745019736
0.2949057869821937
0.294569803156555
0.294232604650313
0.29389417292496867
0.2935544892796891
0.29321353485286306
0.2928712906238062
0.2925277374146136
0.29218285589216564
0.291836626570297
0.2914890298121259
0.29114004583255493
0.29078965470094625
0.2904378363439762
0.2900845705486734
0.289729836965648
0.2893736151125159
0.28901588437752074
0.28865662402336445
0.2882958131912451
0.28793343090511214
0.28756945607614104
0.2872038675074333
0.28683664389894886
0.28646776385267086
0.2860972058780129
0.2857249483974712
0.28535096975252494
0.2849752482097927
0.28459776196744546
0.28421848916188436
0.2838374078746835
0.28345449613980644
0.28306973195109314
0.2826830932700294
0.2822945580337941
0.28190410416359357
0.2815117095732813
0.28111735217826905
0.2807210099047283
0.28032266069908673
0.27992228253781926
0.2795198534375374
0.2791153514653725
0.2787087547496612
0.27830004149092596
0.2778891899731525
0.277476178575366
0.2770609857835003
0.27664359020256174
0.2762239705690821
0.2758021057638611
0.27537797482499227
0.2749515569611684
0.2745228315652639
0.27409177822818603
0.27365837675299143
0.27322260716925834
0.2727844497477123
0.27234388501509055
0.271900893769243
0.2714554570944563
0.27100755637699137
0.270557173320827
0.27010428996359237
0.26964888869268133
0.26919095226153217
0.2687304638060605
0.2682674068612311
0.26780176537775074
0.2673335237388716
0.2668626667772809
0.2663891797920661
0.2659130485657329
0.26543425938125975
0.2649527990391688
0.2644686548745908
0.26398181477430627
0.26349226719373975
0.26300000117388334
0.26250500635813095
0.2620072730089962
0.26150679202469135
0.26100355495554267
0.26049755402022107
0.25998878212175464
0.2594772328633093
0.25896290056369914
0.25844578027261284
0.25792586778552
0.25740315965823696
0.2568776532211253
0.25634934659289366
0.2558182386939797
0.25528432925948563
0.25474761885164
0.2542081088717616
0.2536658015716995
0.2531207000647236
0.2525728083358439
0.2520221312515299
0.2514686745688132
0.25091244494374376
0.2503534499391829
0.24979169803191204
0.24922719861903164
0.24865996202363838
0.24808999949975757
0.24751732323651537
0.24694194636153377
0.24636388294353717
0.24578314799415052
0.24519975746888514
0.24461372826729333
0.24402507823228875
0.24343382614862172
0.24283999174050233
0.24224359566837012
0.24164465952480219
0.2410432058295623
0.24043925802378846
0.23983284046332135
0.23922397841117657
0.23861269802916668
0.23799902636867643
0.23738299136060295
0.23676462180446917
0.23614394735672029
0.23552099851821945
0.2348958066209532
0.23426840381396635
0.23363882304854272
0.23300709806264758
0.23237326336465847
0.2317373542163987
0.23109940661550388
0.23045945727713973
0.22981754361509957
0.22917370372230778
0.2285279763507567
0.22788040089090453
0.22723101735056467
0.2265798663333164
0.22592698901646802
0.22527242712860326
0.22461622292674405
0.22395841917316098
0.22329905911186707
0.22263818644482394
0.22197584530789716
0.22131208024659407
0.22064693619161613
0.2199804584342604
0.21931269260170339
0.21864368463220168
0.21797348075023926
0.21730212744165828
0.21662967142880157
0.2159561596457017
0.21528163921334445
0.2146061574150412
0.21392976167193464
0.2132524995186742
0.21257441857927944
0.21189556654322822
0.21121599114179085
0.21053574012463566
0.2098548612367332
0.2091734021955781
0.20849141066875684
0.2078089342518752
0.20712602044687303
0.20644271664073954
0.2057590700846498
0.2050751278735387
0.2043909369261263
0.2037065439654122
0.2030219954996486
0.2023373378038047
0.20165261690153607
0.20096787854766546
0.2002831682111847
0.1995985310587849
0.19891401193892305
0.1982296553664276
0.19754550550764777
0.19686160616615314
0.19617800076898007
0.19549473235343168
0.1948118435544273
0.19412937659240395
0.19344737326176692
0.19276587491988723
0.19208492247664316
0.1914045563845021
0.19072481662913737
0.19004574272057664
0.1893673736848729
0.1886897480562959
0.18801290387003233
0.18733687865539017
0.18666170942949883
0.18598743269149565
0.1853140844171888
0.18464170005419145
0.183970314517513
0.18329996218559788
0.18263067689680662
0.18196249194632055
0.18129544008346765
0.18062955350945223
0.17996486387548105
0.17930140228127417
0.17863919927394717
0.17797828484725667
0.1773186884411951
0.1766604389419248
0.17600356468203857
0.17534809344113833
0.17469405244671637
0.17404146837533108
0.17339036735406563
0.1727407749622566
0.1720927162334835
0.1714462156578081
0.17080129718425213
0.17015798422350292
0.16951629965083798
0.16887626580925572
0.1682379045128053
0.16760123705010294
0.16696628418802772
0.1663330661755853
0.16570160274793222
0.1650719131305492
0.16444401604355813
0.16381792970617123
0.16319367184126576
0.16257125968007555
0.16195070996699173
0.16133203896446444
0.16071526245799989
0.16010039576124263
0.15948745372113954
0.1588764507231757
0.1582674006966782
0.15766031712018014
0.15705521302683853
0.15645210100990223
0.1558509932282219
0.1552519014117988
0.15465483686736414
0.15405981048398937
0.15346683273871575
0.15287591370220505
0.15228706304440195
0.1517002900402083
0.1511156035751601
0.1505330121511108
0.14995252389190777
0.14937414654906728
0.1487978875074391
0.14822375379085984
0.14765175206779163
0.14708188865694302
0.14651416953286955
0.1459486003315516
0.14538518635594713
0.144823932581516
0.1442648436617159
0.14370792393346504
0.14315317742257266
0.14260060784913225
0.14205021863287945
0.14150201289850933
0.1409559934809555
0.140412162930625
0.13987052351859225
0.1393310772417487
0.13879382582790567
0.1382587707408526
0.13772591318536734
0.1371952541121779
0.1366667942228768
0.13614053397478368
0.13561647358575893
0.1350946130389669
0.1345749520875857
0.13405749025946798
0.1335422268617465
0.1330291609853885
0.1325182915096981
0.13200961710676246
0.1315031362458475
0.13099884719773847
0.13049674803902667
0.12999683665634293
0.12949911075053694
0.12900356784080208
0.12851020526874712
0.12801902020241374
0.12753000964024
0.12704317041497004
0.12655849919751144
0.12607599250073626
0.12559564668323314
0.12511745795300172
0.12464142237109818
0.12416753585522526
0.12369579418327249
0.12322619299680175
0.12275872780448385
0.12229339398548153
0.12183018679278286
0.12136910135648277
0.12091013268701531
0.12045327567833482
0.11999852511104839
0.11954587565549885
0.11909532187479847
0.11864685822781472
0.11820047907210798
0.1177561786668215
0.11731395117552446
0.1168737906690081
0.1164356911280355
0.11599964644604593
0.11556565043181359
0.11513369681206122
0.11470377923402963
0.11427589126800365
0.11385002640979329
0.11342617808317267
0.11300433964227677
0.11258450437395567
0.11216666550008658
0.11175081617984556
0.11133694951193822
0.11092505853679066
0.11051513623869944
0.1101071755479444
0.10970116934285996
0.10929711045187139
0.10889499165548987
0.10849480568827301
0.10809654524074695
0.10770020296129257
0.10730577145799536
0.10691324330046105
0.10652261102159408
0.1061338671193439
0.10574700405841547
0.1053620142719475
0.10497889016315566
0.10459762410694579
0.10421820845149221
0.103840635519786
0.10346489761115113
0.10309098700272976
0.10271889595093758
0.10234861669288862
0.10198014144779058
0.10161346241831075
0.10124857179191411
0.10088546174217208
0.1005241244300438
0.1001645520051302
0.0998067366069007
0.099450670365893
0.09909634540488736
0.0987437538400546
0.09839288778207839
0.0980437393372536
0.09769630060855805
0.09735056369670195
0.09700652070115276
0.09666416372113622
0.09632348485661413
0.09598447620924051
0.09564712988329392
0.09531143798658913
0.0949773926313657
0.09464498593515663
0.09431421002163501
0.09398505702144089
0.09365751907298686
0.09333158832324548
0.09300725692851443
0.09268451705516531
0.09236336088037159
0.09204378059281841
0.09172576839339477
0.09140931649586664
0.09109441712753343
0.09078106252986651
0.09046924495913106
0.09015895668699068
0.08985019000109636
0.08954293720565865
0.089237190622004
0.08893294258911599
0.08863018546416104
0.08832891162299868
0.08802911346067788
0.08773078339191874
0.08743391385157896
0.08713849729510822
0.08684452619898698
0.08655199306115338
0.08626089040141638
0.08597121076185511
0.08568294670720777
0.08539609082524571
0.08511063572713712
0.08482657404779709
0.08454389844622813
0.084262601605847
0.08398267623480163
0.08370411506627669
0.0834269108587881
0.08315105639646724
0.08287654448933478
0.08260336797356353
0.08233151971173293
0.08206099259307194
0.08179177953369374
0.08152387347682015
0.08125726739299774
0.08099195428030367
0.0807279271645441
0.08046517909944333
0.08020370316682401
0.07994349247677977
0.07968454016784025
0.07942683940712647
0.07917038339050031
0.07891516534270503
0.07866117851749939
0.07840841619778376
0.07815687169571985
0.07790653835284249
0.07765740954016555
0.07740947865828121
0.07716273913745182
0.07691718443769616
0.07667280804886957
0.0764296034907378
0.07618756431304474
0.07594668409557473
0.07570695644820884
0.07546837501097606
0.07523093345409901
0.07499462547803377
0.07475944481350563
0.0745253852215387
0.07429244049348163
0.07406060445102818
0.07382987094623222
0.07360023386152015
0.07337168710969692
0.07314422463394879
0.07291784040784169
0.07269252843531539
0.07246828275067349
0.07224509741857
0.07202296653399155
0.0718018842222362
0.07158184463888848
0.0713628419697912
0.07114487043101358
0.07092792426881579
0.07071199775961115
0.07049708520992394
0.07028318095634525
0.07007027936548514
0.06985837483392202
0.06964746178814961
0.06943753468452049
0.06922858800918785
0.06902061627804328
0.06881361403665379
0.06860757586019503
0.06840249635338268
0.06819837015040134
0.06799519191483164
0.06779295633957452
0.06759165814677387
0.06739129208773703
0.06719185294285328
0.06699333552151031
0.06679573466200936
0.06659904523147783
0.06640326212578042
0.06620838026942905
0.06601439461549065
0.06582130014549359
0.06562909186933233
0.06543776482517145
0.06524731407934677
0.06505773472626696
0.06486902188831226
0.06468117071573284
0.06449417638654581
0.06430803410643082
0.06412273910862468
0.06393828665381493
0.06375467203003282
0.063571890552544
0.06338993756373969
0.06320880843302669
0.06302849855671516
0.06284900335790808
0.06267031828638706
0.06249243881849978
0.06231536045704528
0.0621390787311595
0.06196358919619899
0.06178888743362525
0.061614969050888285
0.061441829681308485
0.06126946498395945
0.061097870643549386
0.060927042370302546
0.06075697589983997
0.060587666993059855
0.060419111436017886
0.06025130503980658
0.06008424364043492
0.05991792309870752
0.05975233930010327
0.05958748815465431
0.059423365596824054
0.05925996758538568
0.059097290103300004
0.05893532915759343
0.058774080779235904
0.058613541023018495
0.05845370596743054
0.058294571714538154
0.05813613438986074
0.05797839014224897
0.05782133514376235
0.0576649655895463
0.05750927769771003
0.05735426770920375
0.05719993188769666
0.05704626651945449
0.05689326791321712
0.056740932400077077
0.056589256333356805
0.05643823608848736
0.056287868062886715
0.0561381486758381
0.055989074368369085
0.055840641603129744
0.05569284686427252
0.05554568665733117
0.05539915750910038
0.05525325596751572
0.05510797860153345
0.054963322001011075
0.05481928277658771
0.05467585755956527
0.05453304300178967
0.05439083577553183
0.05424923257337014
0.05410823010807218
0.0539678251124773
0.05382801433937952
0.053688794561410694
0.053550162570923945
0.053412115179877546
0.053274649219719444
0.053137761541271505
0.05300144901461494
0.052865708528975444
0.05273053699260933
0.05259593133268933
0.05246188849519183
0.05232840544478326
0.052195479164708375
0.05206310665667744
0.05193128494075499
0.05180001105524856
0.05166928205659794
0.051539095019264736
0.0514094470356227
0.05128033521584816
0.05115175668781116
0.05102370859696701
0.05089618810624824
0.050769192395956994
0.05064271866365801
0.050516764124072175
0.05039132600897007
0.05026640156706679
0.05014198806391635
0.05001808278180739
0.049894683019658964
