0.5337625669945815
0.5182565642271402
0.511808499397306
0.5170910543901459
0.5165987721745092
0.5136713860474795
0.5144234652593829
0.5152976344787861
0.5134074230352117
0.5112648932082056
0.5108312157335227
0.5110988226620297
0.5111626400154903
0.5112256329779753
0.5112720147242875
0.510991169910861
0.5104772379774023
0.5100758496601837
0.5098938725214102
0.5098210345220783
0.5097628995757691
0.5096705192731447
0.5095047712210619
0.5092707042120743
0.5090236904088545
0.5088125397498671
0.5086436229957205
0.5084959504898419
0.5083453692030707
0.5081757524711896
0.5079842100345165
0.5077806669292326
0.5075788488911621
0.5073862308144131
0.5072014343567721
0.5070181328595382
0.5068301240562152
0.5066345643531237
0.5064325934800121
0.5062275724149862
0.506022415460129
0.5058179463162373
0.5056130230000179
0.5054057593016457
0.5051947726807317
0.5049797734249217
0.5047613646828187
0.504540379735896
0.5043172723926705
0.5040919090228576
0.5038637640301857
0.5036322802399548
0.5033971371000738
0.5031583011352484
0.5029158929156478
0.5026700005836612
0.5024205645080178
0.5021673796244133
0.5019101789316401
0.5016487252144406
0.5013828551520092
0.5011124640361866
0.5008374572458044
0.5005577064454654
0.5002730346481705
0.4999832302449378
0.49968807306489316
0.49938735346272634
0.4990808750903408
0.4987684443015392
0.4984498561243708
0.4981248858532474
0.4977932893491107
0.4974548090845002
0.49710918043360214
0.49675613415766434
0.49639539445595077
0.4960266747515787
0.4956496740847798
0.49526407578157616
0.4948695482191312
0.4944657463034727
0.4940523122430449
0.4936288750232023
0.4931950489267708
0.49275043190943674
0.49229460448597806
0.49182712928265393
0.4913475509625199
0.4908553960884947
0.49035017265146164
0.4898313692730556
0.48929845429106245
0.48875087495424663
0.4881880568330381
0.48760940340577597
0.4870142957040731
0.4864020919220665
0.48577212697294125
0.4851237120487109
0.4844561342638812
0.48376865643957967
0.48306051704124375
0.48233093025301454
0.48157908617105866
0.4808041511194726
0.4800052681176526
0.4791815575413436
0.4783321180170014
0.4774560275775409
0.4765523450975057
0.4756201120236939
0.4746583544228912
0.4736660853763135
0.4726423077551377
0.4715860174107732
0.47049620680869275
0.4693718691288691
0.4682120028514887
0.46701561684388465
0.46578173596199657
0.46450940717519873
0.46319770621602924
0.46184574474639273
0.4604526780202008
0.4590177130100117
0.45754011695233876
0.4560192262526197
0.4544544556759852
0.45284530773382026
0.45119138215912635
0.4494923853465671
0.44774813961668447
0.44595859214878114
0.44412382341394036
0.4422440549291209
0.44031965614582214
0.43835115028322025
0.43633921891669125
0.4342847051389529
0.43218861512314166
0.430052117935233
0.4278765434672507
0.4256633783924555
0.4234142600786537
0.4211309684351391
0.4188154157115939
0.4164696343121757
0.4140957627335261
0.4116960297798681
0.40927273725001573
0.4068282413283592
0.40436493294318293
0.4018852173797276
0.39939149345122255
0.39688613253799515
0.39437145780247573
0.3918497238765645
0.38932309729797415
0.3867936379447065
0.38426328168297225
0.3817338244050538
0.37920690759142617
0.3766840054875072
0.3741664139413322
0.3716552409057212
0.36915139856845464
0.36665559703772205
0.36416833947849364
0.3616899185690923
0.35922041412645733
0.3567596917334934
0.35430740219239176
0.35186298162365437
0.3494256520313481
0.34699442216044757
0.3445680884815265
0.3421452361510792
0.3397242398120438
0.3373032641183917
0.33488026388979725
0.3324529838274631
0.33001895775035395
0.32757550734279256
0.32511974044022823
0.3226485489207831
0.320158606316941
0.31764636531554624
0.31510805537636455
0.3125396807709495
0.30993701942544827
0.3072956230438535
0.3046108190919818
0.30187771533605723
0.29909120775074255
0.2962459927354086
0.2933365846977419
0.2903573401709925
0.2873024897128047
0.28416617887402856
0.2809425195068397
0.2776256525825947
0.27420982349051143
0.27068947046980346
0.267059326376569
0.2633145333973312
0.25945076960050156
0.2554643853872768
0.25135254700361825
0.24711338336060484
0.24274613155062588
0.2382512757179779
0.2336306734197954
0.2288876633616716
0.2240271484574452
0.21905564856506562
0.21398131798458
0.20881392384145261
0.2035647827740651
0.19824665484573858
0.19287359525432698
0.18746076616103602
0.18202421274480957
0.17658060933771222
0.1711469831195589
0.1657404242347349
0.16037779221385504
0.15507542911155656
0.1498488897067325
0.14471269839820342
0.13968014107941643
0.1347630983772654
0.1299719243476779
0.12531537223736666
0.12080056646866688
0.11643301779083322
0.11221667673329586
0.10815401920123734
0.10424615731212036
0.10049296836230678
0.09689323506568051
0.0934447908198849
0.09014466461579862
0.08698922120001082
0.08397429312997857
0.08109530234947142
0.07834736980299693
0.07572541236924155
0.0732242270110418
0.07083856251346796
0.0685631795228459
0.06639289982472177
0.06432264592748672
0.06234747207064813
0.06046258777133989
0.05866337497615642
0.056945399811665076
0.055304419837139074
0.05373638760572813
0.05223745124175006
0.05080395264644537
0.049432423855250596
