2.090467569078866
2.0294040130019924
2.0109482304084505
1.9977957144787841
1.9867027072584291
1.976572542276785
1.9672059503860804
1.9585996833863613
1.9507753955331948
1.9437484121835682
1.9375251248904455
1.932104634642125
1.927480259508565
1.923640489624115
1.9205695749322074
1.9182479262934133
1.9166524385143526
1.9157567908279574
1.9155317496458564
1.9159454823928184
1.916963883555093
1.9185509107204197
1.9206689270961705
1.923279046590826
1.9263414774794614
1.9298158607198854
1.9336615990739665
1.9378381733168881
1.9423054420048418
1.947023921537882
1.9519550436093052
1.9570613875746583
1.9623068857908217
1.9676570005488758
1.9730788718290702
1.978541435715338
1.9840155138943225
1.9894738752063912
1.994891270694591
2.0002444439982194
2.0055121192523684
2.0106749688807573
2.0157155638082056
2.020618308677113
2.0253693646380344
2.0299565622084796
2.034369306568098
2.038598477494167
2.0426363259501388
2.0464763691322423
2.0501132855638233
2.053542811611951
2.056761640591832
2.0597673254265305
2.0625581856456425
2.0651332193390397
2.067492020531767
2.0696347023137456
2.0715618259428217
2.073274336040893
2.074773501919078
2.076060864997574
2.0771381922273946
2.078007435372686
2.0786706959722667
2.0791301957655777
2.079388252339932
2.0794472597314133
2.079309673689709
2.0789780012966292
2.0784547946081684
2.0777426479702306
2.0768441986381285
2.0757621303096805
2.0744991791612692
2.0730581419561105
2.071441885774708
2.069653358900127
2.067695602376154
2.065571761745999
2.063285098474086
2.0608390005550823
2.0582369918237924
2.055482739498025
2.0525800595149057
2.049532919259886
2.0463454373370515
2.0430218800890696
2.039566654644356
2.0359842983466994
2.03227946450685
2.0284569045043854
2.0245214463591195
2.020477969981583
2.016331379399146
2.0120865723351526
2.0077484075906606
2.003321670739608
1.998811038696656
1.9942210437512713
1.989556037680944
1.9848201565606824
1.9800172868753947
1.9751510335173963
1.9702246902144382
1.9652412128860777
1.9602031963699016
1.9551128548962038
1.949972006622405
1.9447820624688696
1.9395440194277542
1.9342584584478346
1.9289255469322464
1.9235450458238472
1.91811632119515
1.9126383602068633
1.9071097912511175
1.9015289080521192
1.8958936974580218
1.8902018706223953
1.884450897241381
1.8786380424824842
1.8727604062125174
1.8668149641047547
1.8607986101785645
1.854708200298528
1.8485405961342996
1.8422927090576948
1.8359615434303602
1.8295442387147751
1.8230381098245987
1.816440685118831
1.8097497414395725
1.8029633355969863
1.7960798317189726
1.7890979239085616
1.7820166536902962
1.7748354217786897
1.7675539937674445
1.7601724994172034
1.7526914253110124
1.7451116007486547
1.7374341768609365
1.7296605990396252
1.7217925728940446
1.7138320240570915
1.7057810522667929
1.6976418802398565
1.6894167979263255
1.681108102785279
1.6727180367470296
1.6642487205247494
1.6557020859063218
1.6470798065949441
1.638383228075221
1.6296132968620698
1.6207704893455612
1.6118547402797345
1.6028653707820362
1.5938010155177598
1.5846595485463004
1.5754380071094947
1.5661325124530387
1.5567381865967829
1.5472490638156493
1.5376579954676741
1.5279565467179674
1.5181348836671131
1.5081816494117923
1.4980838276588622
1.4878265927000651
1.477393144855882
1.4667645309422093
1.4559194499380559
1.4448340448794255
1.4334816831261783
1.421832728606384
1.4098543115067381
1.3975101032257262
1.384760107319226
1.3715604807228443
1.3578634037922428
1.343617022687038
1.3287654932970838
1.3132491621295923
1.2970049260414165
1.279966818886365
1.2620668782197195
1.2432363479388335
1.2234072714610098
1.202514522595386
1.1804983051124611
1.157307124476631
1.1329011939769904
1.107256181447003
1.0803671330879832
1.0522523323904074
1.0229567742974097
0.9925548722106938
0.961151986853661
0.9288843908224853
0.8959173756394503
0.8624413726112043
0.8286661808958005
0.7948136429989956
0.7611093323500411
0.7277739699467434
0.6950153301846482
0.6630213181747119
0.6319547204140664
0.601949889944046
0.5731113784598735
0.5455143177330051
0.5192062104305415
0.4942097243247451
0.47052608488132835
0.44813871006681144
0.42701680615606286
0.4071187255356739
0.3883949637723193
0.37079073622300407
0.35424812166987374
0.33870779252724
0.3241103704670579
0.3103974558177677
0.29751238169581523
0.285400741973296
0.27401073775631335
0.2632933813981793
0.25320259110019827
0.24369520341391004
0.23473092575611743
0.22627224651675765
0.2182843165075714
0.21073481233179825
0.20359378968445058
0.1968335325386701
0.19042840255465293
0.18435469178726416
0.1785904807990134
0.1731155035483391
0.16791101987046114
0.16295969595944465
0.1582454929631959
0.15375356359203896
0.149470156495801
0.14538252806790888
0.14147886127536502
0.1377481910809401
0.13418033601107687
0.1307658354241832
0.12749589204491074
0.12436231934745079
0.12135749339244414
0.11847430874603054
0.11570613813456333
0.11304679551369849
0.11049050225527174
0.10803185617918681
0.10566580318016722
0.1033876112205212
0.10119284647993244
0.09907735147172594
0.09703722495204961
0.0950688034640456
0.09316864437338612
0.09133351026463077
0.08956035457976892
0.08784630839116533
0.08618866821097836
0.0845848847480685
0.08303255253153671
0.08152940032738676
0.08007328228148045
0.07866216972799044
0.07729414360803807
0.07596738744815348
0.07468018085269165
0.07343089346840656
0.07221797938307324
0.07103997192339137
0.0698954788204337
0.06878317771365486
0.06770181196696946
0.06665018677267497
0.06562716552105367
0.06463166641535599
0.06366265931357072
0.0627191627799332
0.06180024133053193
0.06090500285865577
0.06003259622669553
0.05918220901247499
0.058353065398865145
0.057544424196419794
0.056755576989582245
0.05598584639775533
0.05523458444320663
0.05450117101839858
0.05378501244590378
0.05308554012458924
0.05240220925622366
0.05173449764711082
0.05108190457974452
0.05044394974985763
0.0498201722645735
