0.649910114890295
0.731634337316228
0.7091521805184131
0.6855549587016455
0.6616034494597507
0.6381854687398958
0.6162739078517904
0.5967426151458868
0.5801831112818249
0.5668045761783237
0.5564561940163655
0.5487416608607938
0.5431586304410793
0.5392090397979777
0.5364614128296608
0.5345724605859592
0.5332840428784681
0.5324093094880447
0.5318164798914824
0.5314142527584946
0.5311401455443229
0.5309517654481943
0.5308205279884752
0.5307272486398213
0.5306590990965389
0.5306075284658509
0.530566853945756
0.530533310287904
0.5305044110711182
0.5304785207051438
0.530454568291169
0.5304318567026218
0.530409935442032
0.5303885161369477
0.5303674164979044
0.5303465232459208
0.530325767662636
0.5303051095248468
0.5302845265968192
0.5302640077976735
0.5302435487916659
0.5302231491699565
0.5302028106729221
0.5301825360888159
0.5301623285887354
0.5301421913402735
0.530122127296833
0.530102139095658
0.5300822290214282
0.5300623990078536
0.5300426506599194
0.5300229852860501
0.5300034039337265
0.5299839074248248
0.5299644963886505
0.5299451712917036
0.5299259324638474
0.5299067801209263
0.5298877143840613
0.5298687352959652
0.5298498428346331
0.5298310369247705
0.5298123174472898
0.5297936842471755
0.5297751371399799
0.5297566759171768
0.5297383003505668
0.5297200101958972
0.5297018051958328
0.5296836850823918
0.5296656495789444
0.5296476984018479
0.529629831261788
0.5296120478648761
0.5295943479135489
0.5295767311073035
0.5295591971433037
0.5295417457168722
0.5295243765218981
0.5295070892511701
0.5294898835966497
0.5294727592496979
0.5294557159012607
0.5294387532420224
0.5294218709625329
0.5294050687533138
0.529388346304946
0.5293717033081436
0.5293551394538148
0.5293386544331148
0.5293222479374903
0.5293059196587167
0.5292896692889308
0.529273496520659
0.5292574010468427
0.5292413825608584
0.5292254407565383
0.5292095753281878
0.5291937859705995
0.5291780723790696
0.5291624342494099
0.52914687127796
0.5291313831615992
0.5291159695977572
0.529100630284424
0.5290853649201597
0.529070173204104
0.5290550548359849
0.5290400095161277
0.5290250369454628
0.5290101368255334
0.5289953088585053
0.528980552747172
0.5289658681949638
0.5289512549059547
0.528936712584869
0.5289222409370891
0.5289078396686614
0.5288935084863036
0.528879247097411
0.5288650552100631
0.5288509325330291
0.5288368787757749
0.5288228936484689
0.5288089768619877
0.5287951281279215
0.5287813471585806
0.5287676336670002
0.5287539873669467
0.5287404079729213
0.5287268952001675
0.5287134487646745
0.5287000683831824
0.5286867537731874
0.5286735046529469
0.5286603207414836
0.5286472017585898
0.5286341474248327
0.5286211574615581
0.5286082315908945
0.5285953695357583
0.5285825710198563
0.5285698357676907
0.5285571635045629
0.5285445539565767
0.5285320068506425
0.5285195219144802
0.5285070988766233
0.5284947374664218
0.528482437414046
0.528470198450489
0.5284580203075702
0.5284459027179381
0.5284338454150733
0.5284218481332916
0.528409910607746
0.5283980325744297
0.5283862137701791
0.5283744539326751
0.5283627528004471
0.528351110112874
0.5283395256101859
0.5283279990334689
0.528316530124664
0.5283051186265708
0.5282937642828491
0.5282824668380206
0.5282712260374701
0.5282600416274484
0.528248913355073
0.528237840968329
0.5282268242160721
0.5282158628480287
0.5282049566147977
0.5281941052678514
0.5281833085595369
0.528172566243077
0.5281618780725711
0.5281512438029966
0.5281406631902091
0.5281301359909438
0.5281196619628155
0.5281092408643198
0.5280988724548338
0.5280885564946158
0.5280782927448073
0.5280680809674316
0.528057920925395
0.5280478123824877
0.5280377551033825
0.5280277488536365
0.5280177933996901
0.5280078885088679
0.5279980339493779
0.5279882294903122
0.5279784749016455
0.5279687699542371
0.5279591144198288
0.527949508071045
0.5279399506813937
0.5279304420252637
0.5279209818779264
0.527911570015534
0.5279022062151197
0.5278928902545967
0.5278836219127575
0.5278744009692733
0.5278652272046938
0.5278561004004453
0.5278470203388311
0.5278379868030305
0.5278289995770963
0.5278200584459559
0.5278111631954094
0.5278023136121287
0.5277935094836559
0.527784750598403
0.5277760367456505
0.5277673677155459
0.5277587432991029
0.5277501632881997
0.5277416274755784
0.5277331356548423
0.5277246876204564
0.5277162831677444
0.5277079220928884
0.5276996041929263
0.5276913292657515
0.5276830971101101
0.5276749075256004
0.5276667603126712
0.5276586552726195
0.5276505922075889
0.5276425709205689
0.527634591215392
0.5276266528967322
0.5276187557701042
0.5276108996418605
0.5276030843191896
0.5275953096101147
0.5275875753234922
0.5275798812690082
0.5275722272571782
0.5275646130993441
0.5275570386076731
0.5275495035951545
0.527542007875599
0.5275345512636359
0.5275271335747109
0.5275197546250848
0.5275124142318303
0.5275051122128309
0.527497848386778
0.527490622573169
0.5274834345923057
0.5274762842652907
0.5274691714140267
0.5274620958612128
0.5274550574303443
0.5274480559457074
0.5274410912323804
0.5274341631162285
0.5274272714239026
0.5274204159828378
0.5274135966212495
0.5274068131681323
0.5274000654532566
0.5273933533071667
0.5273866765611791
0.5273800350473785
0.5273734285986171
0.5273668570485104
0.5273603202314361
0.5273538179825314
0.5273473501376903
0.5273409165335605
0.5273345170075423
0.5273281513977852
0.5273218195431849
0.5273155212833823
0.5273092564587594
0.527303024910438
0.527296826480276
0.5272906610108659
0.5272845283455314
0.5272784283283258
0.527272360804028
0.5272663256181414
0.5272603226168906
0.5272543516472185
0.5272484125567845
0.527242505193961
0.5272366294078317
0.5272307850481883
0.5272249719655284
0.5272191900110524
0.5272134390366608
0.5272077188949522
0.5272020294392205
0.5271963705234515
0.5271907420023213
0.527185143731193
0.5271795755661143
0.5271740373638147
0.5271685289817032
0.5271630502778651
0.5271576011110599
0.5271521813407183
0.5271467908269395
0.5271414294304889
0.527136097012795
0.5271307934359473
0.527125518562693
0.5271202722564347
0.5271150543812281
0.5271098648017781
0.527104703383438
0.527099569992205
0.5270944644947191
0.5270893867582589
0.5270843366507403
0.5270793140407136
0.5270743187973598
0.5270693507904891
0.5270644098905385
0.527059495968567
0.5270546088962563
0.5270497485459049
0.5270449147904278
0.5270401075033526
0.5270353265588174
0.5270305718315678
0.5270258431969548
0.5270211405309319
0.5270164637100518
0.5270118126114656
0.5270071871129179
0.5270025870927463
0.5269980124298771
0.5269934630038235
0.5269889386946834
0.526984439383136
0.5269799649504399
0.5269755152784292
0.526971090249513
0.5269666897466718
0.5269623136534538
0.5269579618539743
0.5269536342329117
0.526949330675506
0.5269450510675552
0.5269407952954137
0.5269365632459895
0.526932354806741
0.5269281698656756
0.526924008311346
0.5269198700328488
0.5269157549198211
0.5269116628624386
0.5269075937514133
0.5269035474779892
0.5268995239339429
0.5268955230115783
0.5268915446037259
0.526887588603739
0.5268836549054928
0.5268797434033805
0.5268758539923117
0.5268719865677097
0.5268681410255087
0.5268643172621523
0.5268605151745906
0.526856734660277
0.5268529756171675
0.5268492379437164
0.5268455215388756
0.5268418263020913
0.5268381521333013
0.5268344989329335
0.5268308666019037
0.5268272550416119
0.526823664153941
0.5268200938412544
0.5268165440063937
0.5268130145526755
0.5268095053838905
0.5268060164043002
0.5268025475186349
0.5267990986320913
0.5267956696503302
0.526792260479475
0.5267888710261078
0.5267855011972684
0.5267821509004523
0.5267788200436072
0.5267755085351322
0.526772216283874
0.526768943199126
0.5267656891906256
0.5267624541685517
0.5267592380435235
0.526756040726597
0.5267528621292634
0.5267497021634476
0.5267465607415045
0.5267434377762186
0.5267403331808004
0.5267372468688855
0.5267341787545308
0.5267311287522145
0.5267280967768324
0.5267250827436964
0.5267220865685323
0.5267191081674774
0.526716147457079
0.5267132043542919
0.5267102787764768
0.5267073706413978
0.5267044798672201
0.5267016063725088
0.5266987500762264
0.5266959108977303
0.5266930887567716
0.526690283573493
0.526687495268426
0.52668472376249
0.5266819689769895
0.5266792308336122
0.5266765092544281
0.5266738041618856
0.5266711154788113
0.5266684431284074
0.5266657870342494
0.526663147120285
0.526660523310831
0.5266579155305732
0.5266553237045625
0.5266527477582144
0.5266501876173064
0.5266476432079765
0.5266451144567212
0.5266426012903936
0.5266401036362017
0.5266376214217062
0.5266351545748191
0.526632703023802
0.5266302666972634
0.5266278455241578
0.5266254394337833
0.5266230483557806
0.52662067222013
0.526618310957151
0.526615964497499
0.5266136327721657
0.5266113157124745
0.5266090132500811
0.5266067253169713
0.5266044518454581
0.526602192768181
0.5265999480181045
0.5265977175285157
0.526595501233023
0.5265932990655537
0.5265911109603543
0.5265889368519856
0.5265867766753245
0.5265846303655596
0.5265824978581912
0.5265803790890293
0.5265782739941913
0.5265761825101012
0.5265741045734873
0.5265720401213814
0.5265699890911164
0.526567951420325
0.5265659270469385
0.5265639159091846
0.5265619179455863
0.5265599330949596
0.5265579612964131
0.5265560024893454
0.5265540566134446
0.5265521236086852
0.5265502034153282
0.5265482959739187
0.5265464012252847
0.5265445191105355
0.5265426495710597
0.5265407925485249
0.526538947984875
0.5265371158223295
0.5265352960033819
0.5265334884707973
0.5265316931676128
0.5265299100371345
0.5265281390229368
0.5265263800688602
0.5265246331190109
0.5265228981177589
0.526521175009736
0.526519463739836
0.5265177642532114
0.5265160764952732
0.5265144004116893
0.5265127359483828
0.5265110830515309
0.526509441667564
0.5265078117431631
0.5265061932252596
0.5265045860610338
0.5265029901979125
0.5265014055835694
0.5264998321659224
0.5264982698931329
0.5264967187136045
0.526495178575981
0.5264936494291463
0.5264921312222219
0.5264906239045671
0.5264891274257757
0.5264876417356765
0.5264861667843314
0.5264847025220335
0.5264832488993076
0.5264818058669068
0.5264803733758132
0.5264789513772347
0.5264775398226059
0.5264761386635852
0.5264747478520546
0.5264733673401178
0.5264719970800997
0.5264706370245446
0.526469287126215
0.5264679473380912
0.5264666176133695
0.5264652979054609
0.5264639881679901
0.5264626883547947
0.526461398419924
0.5264601183176372
0.5264588480024024
0.5264575874288965
0.5264563365520032
0.5264550953268115
0.5264538637086157
0.5264526416529132
0.5264514291154043
0.5264502260519908
0.5264490324187743
0.526447848172056
0.5264466732683353
0.5264455076643084
0.5264443513168676
0.5264432041831008
0.5264420662202884
0.5264409373859055
0.5264398176376173
0.5264387069332808
0.5264376052309421
0.5264365124888367
0.5264354286653873
0.5264343537192034
0.5264332876090804
0.5264322302939977
0.526431181733119
0.5264301418857906
0.5264291107115401
0.526428088170076
0.5264270742212869
0.5264260688252392
0.5264250719421781
0.5264240835325248
0.5264231035568767
0.5264221319760063
0.5264211687508595
0.5264202138425558
0.5264192672123862
0.5264183288218132
0.5264173986324695
0.5264164766061568
0.5264155627048452
0.526414656890673
0.5264137591259438
0.5264128693731278
0.5264119875948595
0.5264111137539375
0.5264102478133227
0.526409389736139
0.5264085394856713
0.5264076970253639
0.5264068623188219
0.526406035329808
0.526405216022243
0.5264044043602046
0.5264036003079262
0.5264028038297967
0.5264020148903593
0.5264012334543107
0.5264004594865
0.5263996929519286
0.5263989338157481
0.5263981820432613
0.5263974375999195
0.5263967004513233
0.5263959705632205
0.5263952479015062
0.5263945324322212
0.5263938241215522
0.5263931229358301
0.5263924288415297
0.5263917418052693
0.5263910617938085
0.5263903887740488
0.5263897227130329
0.5263890635779422
0.5263884113360988
0.5263877659549621
0.5263871274021292
0.526386495645335
0.5263858706524499
0.5263852523914795
0.5263846408305645
0.5263840359379799
0.5263834376821329
0.5263828460315644
0.5263822609549463
0.5263816824210821
0.5263811103989051
0.5263805448574785
0.5263799857659951
0.526379433093775
0.5263788868102661
0.526378346885044
0.5263778132878091
0.5263772859883883
0.5263767649567332
0.5263762501629191
0.5263757415771455
0.5263752391697339
0.5263747429111282
0.5263742527718942
0.5263737687227177
0.5263732907344056
0.5263728187778833
0.5263723528241961
0.5263718928445067
0.5263714388100956
0.5263709906923605
0.5263705484628147
0.526370112093088
0.5263696815549249
0.5263692568201841
0.5263688378608381
0.5263684246489732
0.5263680171567872
0.5263676153565908
0.5263672192208056
0.526366828721964
0.5263664438327085
0.5263660645257912
0.526365690774073
0.5263653225505235
0.5263649598282195
0.5263646025803457
0.5263642507801928
0.5263639044011577
0.5263635634167426
0.5263632278005548
0.5263628975263059
0.5263625725678114
0.5263622528989891
0.5263619384938607
0.5263616293265488
0.5263613253712782
0.5263610266023744
0.5263607329942632
0.5263604445214707
0.5263601611586218
0.5263598828804401
0.5263596096617483
0.5263593414774657
0.5263590783026094
0.5263588201122933
0.5263585668817269
0.5263583185862155
0.5263580752011596
0.5263578367020544
0.5263576030644885
0.526357374264145
0.526357150276799
0.526356931078319
0.5263567166446648
0.5263565069518885
0.5263563019761324
0.52635610169363
0.5263559060807044
0.5263557151137684
0.526355528769324
0.5263553470239617
0.5263551698543598
0.5263549972372845
0.5263548291495894
0.5263546655682142
0.5263545064701852
0.5263543518326141
0.5263542016326984
0.5263540558477198
0.5263539144550445
0.526353777432123
0.5263536447564886
0.5263535164057578
0.52635339235763
0.5263532725898861
0.5263531570803891
0.5263530458070823
0.526352938747991
0.5263528358812202
0.5263527371849541
0.5263526426374574
0.5263525522170733
0.5263524659022236
0.5263523836714078
0.5263523055032041
0.5263522313762669
0.5263521612693283
0.5263520951611964
0.5263520330307554
0.5263519748569652
0.5263519206188606
0.5263518702955516
0.5263518238662226
0.5263517813101314
0.5263517426066098
0.5263517077350629
0.5263516766749683
0.526351649405876
0.5263516259074079
0.5263516061592579
0.5263515901411906
0.5263515778330417
0.5263515692147168
0.5263515642661927
0.5263515629675144
0.5263515652987971
0.5263515712402248
0.5263515807720497
0.5263515938745921
0.5263516105282406
0.5263516307134507
0.526351654410745
0.5263516816007128
0.5263517122640099
0.5263517463813575
0.5263517839335428
0.5263518249014184
0.526351869265901
0.5263519170079727
0.5263519681086789
0.5263520225491293
0.5263520803104969
0.5263521413740175
0.5263522057209904
0.5263522733327766
0.5263523441907991
0.5263524182765433
0.5263524955715551
0.5263525760574422
0.5263526597158726
0.5263527465285747
0.5263528364773369
0.5263529295440074
0.5263530257104936
0.5263531249587624
0.5263532272708386
0.5263533326288061
0.5263534410148069
0.52635355241104
0.5263536667997624
0.5263537841632885
0.5263539044839887
0.5263540277442904
0.5263541539266772
0.526354283013688
0.5263544149879185
0.5263545498320179
0.5263546875286915
0.5263548280606991
0.5263549714108546
0.526355117562026
0.5263552664971352
0.526355418199157
0.5263555726511199
0.5263557298361048
0.5263558897372453
0.5263560523377275
0.5263562176207893
0.5263563855697198
0.5263565561678603
0.5263567293986023
0.5263569052453888
0.5263570836917129
0.5263572647211181
0.5263574483171981
0.5263576344635956
0.5263578231440035
0.5263580143421631
0.5263582080418651
0.5263584042269484
0.5263586028813002
0.5263588039888561
0.5263590075335991
0.5263592134995594
0.5263594218708154
0.5263596326314915
0.5263598457657592
0.5263600612578362
0.5263602790919868
0.5263604992525206
0.5263607217237933
0.5263609464902057
0.5263611735362037
0.5263614028462786
0.5263616344049658
0.5263618681968447
0.5263621042065397
0.5263623424187186
0.5263625828180927
0.5263628253894168
0.5263630701174888
0.5263633169871496
0.5263635659832822
0.5263638170908128
0.5263640702947089
0.5263643255799805
0.526364582931679
0.5263648423348969
0.5263651037747683
0.5263653672364683
0.5263656327052126
0.5263659001662571
0.5263661696048979
0.5263664410064717
0.5263667143563544
0.5263669896399616
0.5263672668427485
0.5263675459502086
0.5263678269478753
0.5263681098213194
0.5263683945561517
0.5263686811380195
0.526368969552609
0.5263692597856444
0.5263695518228863
0.5263698456501337
0.5263701412532222
0.5263704386180241
0.5263707377304488
0.5263710385764417
0.5263713411419846
0.5263716454130954
0.5263719513758275
0.52637225901627
0.526372568320548
0.5263728792748203
0.5263731918652821
0.5263735060781625
0.5263738218997254
0.5263741393162691
0.5263744583141257
0.5263747788796618
0.5263751009992771
0.5263754246594051
0.5263757498465127
0.5263760765470997
0.526376404747699
0.5263767344348762
0.5263770655952291
0.5263773982153881
0.5263777322820158
0.5263780677818067
0.5263784047014867
0.5263787430278138
0.5263790827475768
0.5263794238475958
0.5263797663147225
0.5263801101358383
0.5263804552978562
0.5263808017877187
0.5263811495923993
0.5263814986989009
0.526381849094257
0.5263822007655298
0.5263825536998118
0.5263829078842244
0.5263832633059178
0.5263836199520722
0.5263839778098952
0.526384336866624
0.5263846971095238
0.5263850585258878
0.5263854211030375
0.5263857848283224
0.5263861496891191
0.5263865156728327
0.5263868827668945
0.5263872509587636
0.5263876202359261
0.5263879905858946
0.5263883619962086
0.5263887344544338
0.5263891079481626
0.5263894824650133
0.5263898579926299
0.5263902345186829
0.5263906120308676
0.5263909905169053
0.5263913699645424
0.5263917503615503
0.5263921316957259
0.52639251395489
0.5263928971268889
0.526393281199593
0.526393666160897
0.5263940519987197
0.526394438701004
0.5263948262557167
0.5263952146508479
0.526395603874412
0.5263959939144456
0.5263963847590094
0.526396776396187
0.5263971688140845
0.5263975620008312
0.5263979559445785
0.5263983506335006
0.5263987460557941
0.5263991421996768
0.5263995390533895
0.5263999366051942
0.5264003348433752
0.5264007337562373
0.5264011333321077
0.5264015335593337
0.526401934426285
0.526402335921351
0.5264027380329424
0.5264031407494905
0.5264035440594469
0.5264039479512838
0.5264043524134936
0.5264047574345879
0.5264051630030994
0.5264055691075797
0.5264059757366004
0.5264063828787524
0.5264067905226455
0.5264071986569099
0.5264076072701933
0.5264080163511634
0.5264084258885061
0.5264088358709262
0.5264092462871465
0.5264096571259087
0.5264100683759725
0.5264104800261157
0.5264108920651334
0.5264113044818397
0.5264117172650651
0.5264121304036583
0.5264125438864854
0.5264129577024294
0.5264133718403907
0.5264137862892864
0.5264142010380505
0.5264146160756339
0.5264150313910039
0.5264154469731442
0.5264158628110549
0.5264162788937525
0.5264166952102691
0.5264171117496529
0.526417528500968
0.5264179454532938
0.5264183625957258
0.5264187799173744
0.5264191974073655
0.5264196150548401
0.5264200328489541
0.5264204507788786
0.526420868833799
0.5264212870029158
0.5264217052754436
0.5264221236406119
0.5264225420876638
0.526422960605857
0.526423379184463
0.5264237978127673
0.5264242164800693
0.5264246351756817
0.5264250538889308
0.5264254726091568
0.5264258913257124
0.5264263100279639
0.5264267287052905
0.5264271473470845
0.5264275659427508
0.5264279844817067
0.5264284029533829
0.5264288213472217
0.5264292396526781
0.5264296578592191
0.5264300759563241
0.5264304939334841
0.5264309117802023
0.526431329485993
0.5264317470403828
0.5264321644329095
0.5264325816531225
0.5264329986905817
0.5264334155348591
0.5264338321755374
0.52643424860221
0.526434664804481
0.5264350807719658
0.5264354964942898
0.5264359119610892
0.52643632716201
0.5264367420867094
0.5264371567248538
0.52643757106612
0.5264379851001946
0.5264383988167742
0.5264388122055648
0.526439225256282
0.526439637958651
0.5264400503024061
0.5264404622772914
0.526440873873059
0.5264412850794714
0.526441695886299
0.5264421062833211
0.5264425162603263
0.5264429258071108
0.5264433349134804
0.5264437435692482
0.5264441517642362
0.5264445594882743
0.5264449667312007
0.5264453734828611
0.526445779733109
0.5264461854718063
0.5264465906888217
0.5264469953740318
0.5264473995173207
0.5264478031085793
0.5264482061377064
0.5264486085946071
0.5264490104691941
0.5264494117513863
0.5264498124311102
0.5264502124982985
0.5264506119428904
0.5264510107548313
0.5264514089240738
0.526451806440576
0.526452203294302
0.5264525994752229
0.5264529949733147
0.5264533897785598
0.5264537838809461
0.5264541772704672
0.5264545699371221
0.5264549618709157
0.5264553530618576
0.5264557434999628
0.5264561331752518
0.5264565220777494
0.5264569101974861
0.5264572975244964
0.5264576840488204
0.526458069760502
0.5264584546495901
0.5264588387061382
0.5264592219202029
0.526459604281847
0.5264599857811355
0.5264603664081388
0.52646074615293
0.5264611250055871
0.5264615029561912
0.5264618799948274
0.526462256111584
0.5264626312965525
0.5264630055398285
0.5264633788315102
0.5264637511616987
0.5264641225204992
0.5264644928980189
0.5264648622843676
0.526465230669659
0.5264655980440083
0.526465964397534
0.5264663297203566
0.5264666940025987
0.5264670572343861
0.5264674194058458
0.5264677805071074
0.5264681405283023
0.5264684994595636
0.5264688572910265
0.5264692140128275
0.526469569615105
0.5264699240879986
0.5264702774216496
0.5264706296062003
0.5264709806317942
0.5264713304885762
0.5264716791666919
0.5264720266562879
0.5264723729475116
0.5264727180305111
0.526473061895435
0.526473404532433
0.5264737459316543
0.5264740860832491
0.5264744249773682
0.5264747626041612
0.5264750989537791
0.5264754340163721
0.5264757677820903
0.5264761002410844
0.5264764313835038
0.5264767611994974
0.5264770896792146
0.5264774168128035
0.5264777425904115
0.5264780670021852
0.5264783900382706
0.5264787116888121
0.5264790319439541
0.526479350793839
0.5264796682286078
0.5264799842384008
0.5264802988133563
0.5264806119436117
0.526480923619302
0.5264812338305607
0.5264815425675199
0.526481849820309
0.5264821555790568
0.526482459833888
0.526482762574927
0.5264830637922944
0.5264833634761098
0.5264836616164892
0.5264839582035467
0.526484253227393
0.5264845466781374
0.5264848385458848
0.5264851288207384
0.5264854174927973
0.5264857045521586
0.5264859899889153
0.5264862737931574
0.5264865559549717
0.5264868364644412
0.5264871153116455
0.5264873924866602
0.5264876679795578
0.5264879417804064
0.52648821387927
0.526488484266209
0.5264887529312795
0.5264890198645333
0.5264892850560181
0.5264895484957768
0.5264898101738482
0.5264900700802659
0.5264903282050597
0.5264905845382539
0.5264908390698682
0.526491091789917
0.5264913426884102
0.5264915917553522
0.5264918389807419
0.5264920843545735
0.5264923278668354
0.5264925695075104
0.5264928092665756
0.5264930471340028
0.5264932830997573
0.5264935171537997
0.5264937492860834
0.526493979486556
0.5264942077451595
0.526494434051829
0.5264946583964936
0.5264948807690757
0.5264951011594913
0.5264953195576497
0.5264955359534533
0.5264957503367984
0.5264959626975734
0.5264961730256601
0.5264963813109335
0.5264965875432609
0.5264967917125026
0.5264969938085116
0.5264971938211329
0.5264973917402045
0.5264975875555568
0.5264977812570116
0.526497972834384
0.5264981622774803
0.5264983495760988
0.52649853472003
0.5264987176990563
0.5264988985029514
0.5264990771214807
0.5264992535444011
0.5264994277614609
0.5264995997623996
0.5264997695369484
0.5264999370748289
0.5265001023657541
0.5265002653994278
0.526500426165545
0.526500584653791
0.5265007408538416
0.5265008947553638
0.5265010463480143
0.5265011956214408
0.526501342565281
0.5265014871691626
0.5265016294227036
0.5265017693155118
0.5265019068371852
0.5265020419773114
0.5265021747254673
0.5265023050712199
0.5265024330041255
0.52650255851373
0.5265026815895684
0.5265028022211646
0.5265029203980325
0.5265030361096741
0.526503149345581
0.526503260095233
0.5265033683480992
0.5265034740936368
0.5265035773212923
0.5265036780204995
0.5265037761806817
0.5265038717912496
0.5265039648416028
0.526504055321128
0.5265041432192007
0.5265042285251837
0.5265043112284278
0.5265043913182718
0.5265044687840411
0.5265045436150495
0.5265046158005978
0.5265046853299741
0.5265047521924531
0.5265048163772978
0.5265048778737571
0.5265049366710672
0.5265049927584509
0.5265050461251178
0.526505096760264
0.5265051446530723
0.5265051897927113
0.5265052321683367
0.5265052717690893
0.5265053085840972
0.5265053426024733
0.5265053738133172
0.526505402205714
0.5265054277687342
0.5265054504914342
0.5265054703628559
0.5265054873720263
0.526505501507958
0.5265055127596483
0.5265055211160796
0.5265055265662201
0.5265055290990217
0.5265055287034217
0.5265055253683418
0.5265055190826886
0.526505509835353
0.5265054976152097
0.5265054824111183
0.5265054642119225
0.5265054430064495
0.526505418783511
0.5265053915319022
0.5265053612404023
0.5265053278977738
0.5265052914927625
0.5265052520140984
0.526505209450494
0.5265051637906456
0.526505115023232
0.5265050631369158
0.5265050081203417
0.5265049499621374
0.5265048886509132
0.5265048241752622
0.52650475652376
0.5265046856849642
0.5265046116474148
0.5265045343996341
0.5265044539301261
0.5265043702273771
0.5265042832798545
0.5265041930760088
0.5265040996042705
0.5265040028530525
0.5265039028107488
0.5265037994657347
0.5265036928063669
0.5265035828209828
0.5265034694979008
0.5265033528254203
0.5265032327918215
0.5265031093853648
0.5265029825942915
0.5265028524068232
0.5265027188111614
0.5265025817954884
0.5265024413479662
0.5265022974567367
0.5265021501099221
0.526501999295623
0.5265018450019218
0.5265016872168782
0.5265015259285325
0.5265013611249043
0.5265011927939919
0.5265010209237727
0.5265008455022033
0.526500666517219
0.5265004839567335
0.5265002978086398
0.5265001080608085
0.5264999147010893
0.5264997177173099
0.5264995170972755
0.5264993128287705
0.5264991048995562
0.5264988932973724
0.5264986780099361
0.5264984590249419
0.5264982363300619
0.5264980099129457
0.5264977797612196
0.5264975458624874
0.5264973082043299
0.5264970667743046
0.5264968215599457
0.5264965725487638
0.5264963197282464
0.5264960630858572
0.5264958026090362
0.5264955382851991
0.5264952701017381
0.5264949980460214
0.5264947221053926
0.5264944422671707
0.526494158518651
0.5264938708471034
0.5264935792397738
0.5264932836838825
0.5264929841666256
0.5264926806751734
0.5264923731966717
0.5264920617182404
0.5264917462269741
0.5264914267099419
0.5264911031541869
0.5264907755467271
0.5264904438745535
0.5264901081246318
0.5264897682839014
0.5264894243392749
0.5264890762776391
0.5264887240858535
0.5264883677507514
0.5264880072591389
0.5264876425977957
0.5264872737534736
0.5264869007128979
0.5264865234627663
0.5264861419897489
0.526485756280488
0.5264853663215987
0.5264849720996676
0.5264845736012541
0.5264841708128885
0.5264837637210737
0.5264833523122837
0.526482936572964
0.5264825164895316
0.5264820920483747
0.5264816632358527
0.5264812300382955
0.5264807924420043
0.5264803504332505
0.5264799039982766
0.526479453123295
0.5264789977944887
0.5264785379980108
0.5264780737199842
0.5264776049465019
0.5264771316636264
0.5264766538573903
0.5264761715137949
0.5264756846188113
0.52647519315838
0.5264746971184097
0.526474196484779
0.5264736912433348
0.5264731813798925
0.5264726668802364
0.5264721477301186
0.52647162391526
0.5264710954213491
0.5264705622340425
0.5264700243389651
0.5264694817217084
0.5264689343678323
0.5264683822628637
0.5264678253922968
0.5264672637415928
0.5264666972961798
0.5264661260414532
0.5264655499627741
0.5264649690454709
0.5264643832748382
0.5264637926361366
0.526463197114593
0.5264625966954002
0.5264619913637164
0.5264613811046659
0.5264607659033385
0.5264601457447887
0.5264595206140369
0.5264588904960684
0.5264582553758332
0.526457615238246
0.5264569700681865
0.526456319850498
0.5264556645699893
0.526455004211432
0.526454338759563
0.5264536681990821
0.5264529925146532
0.5264523116909035
0.5264516257124239
0.5264509345637682
0.5264502382294535
0.5264495366939599
0.5264488299417297
0.5264481179571686
0.5264474007246442
0.5264466782284868
0.5264459504529884
0.5264452173824031
0.5264444790009475
0.5264437352927985
0.526442986242096
0.5264422318329405
0.5264414720493935
0.526440706875478
0.5264399362951778
0.5264391602924372
0.5264383788511612
0.5264375919552156
0.5264367995884252
0.5264360017345763
0.5264351983774146
0.526434389500645
0.526433575087933
0.5264327551229024
0.5264319295891374
0.5264310984701804
0.5264302617495334
0.5264294194106565
0.5264285714369689
0.5264277178118482
0.5264268585186298
0.5264259935406077
0.5264251228610338
0.5264242464631177
0.5264233643300263
0.5264224764448844
0.5264215827907737
0.5264206833507331
0.5264197781077586
0.5264188670448025
0.5264179501447742
0.5264170273905392
0.5264160987649193
0.5264151642506926
0.5264142238305923
0.5264132774873084
0.5264123252034856
0.5264113669617245
0.5264104027445803
0.5264094325345641
0.5264084563141409
0.5264074740657309
0.5264064857717086
0.526405491414403
0.526404490976097
0.5264034844390278
0.5264024717853858
0.5264014529973157
0.5264004280569149
0.5263993969462344
0.5263983596472785
0.5263973161420041
0.5263962664123205
0.5263952104400901
0.5263941482071273
0.5263930796951984
0.5263920048860223
0.5263909237612694
0.5263898363025612
0.5263887424914714
0.5263876423095243
0.5263865357381957
0.5263854227589118
0.52638430335305
0.5263831775019376
0.5263820451868524
0.5263809063890228
0.5263797610896264
0.5263786092697906
0.526377450910593
0.5263762859930595
0.5263751144981662
0.5263739364068376
0.5263727516999467
0.5263715603583156
0.5263703623627147
0.5263691576938625
0.5263679463324253
0.5263667282590174
0.5263655034542009
0.5263642718984849
0.526363033572326
0.5263617884561276
0.5263605365302402
0.5263592777749606
0.5263580121705322
0.5263567396971449
0.526355460334934
0.5263541740639811
0.5263528808643133
0.5263515807159032
0.5263502735986683
0.5263489594924716
0.5263476383771207
0.5263463102323678
0.5263449750379096
0.5263436327733867
0.5263422834183842
0.5263409269524306
0.5263395633549983
0.526338192605503
0.5263368146833036
0.5263354295677017
0.5263340372379421
0.5263326376732118
0.5263312308526404
0.5263298167552999
0.5263283953602036
0.5263269666463071
0.5263255305925069
0.5263240871776413
0.5263226363804901
0.5263211781797731
0.5263197125541511
0.5263182394822254
0.5263167589425378
0.5263152709135698
0.526313775373743
0.5263122723014182
0.5263107616748959
0.5263092434724158
0.5263077176721567
0.5263061842522353
0.5263046431907081
0.5263030944655688
0.52630153805475
0.5262999739361216
0.5262984020874915
0.5262968224866047
0.526295235111144
0.5262936399387282
0.5262920369469143
0.5262904261131944
0.5262888074149977
0.5262871808296893
0.5262855463345706
0.526283903906878
0.5262822535237837
0.5262805951623949
0.526278928799754
0.5262772544128381
0.5262755719785589
0.5262738814737623
0.5262721828752284
0.5262704761596704
0.5262687613037363
0.5262670382840068
0.526265307076996
0.5262635676591507
0.5262618200068506
0.5262600640964076
0.5262582999040665
0.5262565274060033
0.526254746578326
0.5262529573970745
0.5262511598382196
0.5262493538776636
0.5262475394912391
0.5262457166547099
0.5262438853437696
0.5262420455340424
0.526240197201082
0.5262383403203721
0.5262364748673256
0.5262346008172848
0.5262327181455206
0.526230826827233
0.5262289268375503
0.5262270181515287
0.5262251007441534
0.5262231745903364
0.5262212396649171
0.5262192959426631
0.5262173433982684
0.5262153820063535
0.5262134117414663
0.5262114325780802
0.5262094444905951
0.526207447453337
0.5262054414405564
0.52620342642643
0.5262014023850596
0.5261993692904714
0.5261973271166166
0.5261952758373705
0.5261932154265321
0.5261911458578251
0.5261890671048965
0.5261869791413163
0.5261848819405776
0.5261827754760968
0.5261806597212129
0.5261785346491868
0.5261764002332019
0.5261742564463631
0.5261721032616969
0.5261699406521518
0.5261677685905969
0.5261655870498219
0.5261633960025375
0.5261611954213744
0.5261589852788842
0.5261567655475371
0.5261545361997237
0.5261522972077539
0.5261500485438564
0.526147790180179
0.5261455220887874
0.5261432442416665
0.5261409566107185
0.5261386591677639
0.5261363518845406
0.5261340347327035
0.5261317076838248
0.5261293707093936
0.526127023780815
0.5261246668694108
0.5261222999464185
0.5261199229829914
0.5261175359501982
0.526115138819023
0.5261127315603651
0.5261103141450374
0.5261078865437685
0.5261054487272003
0.526103000665889
0.5261005423303043
0.5260980736908293
0.5260955947177601
0.5260931053813057
0.5260906056515883
0.5260880954986411
0.5260855748924107
0.5260830438027546
0.5260805021994424
0.5260779500521544
0.5260753873304824
0.5260728140039289
0.5260702300419066
0.5260676354137386
0.5260650300886577
0.5260624140358069
0.5260597872242381
0.5260571496229125
0.5260545012007003
0.5260518419263804
0.5260491717686395
0.5260464906960731
0.5260437986771842
0.5260410956803829
0.5260383816739878
0.5260356566262232
0.5260329205052205
0.5260301732790185
0.5260274149155608
0.526024645382698
0.526021864648186
0.5260190726796863
0.5260162694447648
0.5260134549108932
0.5260106290454478
0.5260077918157087
0.52600494318886
0.5260020831319904
0.5259992116120913
0.5259963285960579
0.5259934340506882
0.5259905279426828
0.5259876102386452
0.5259846809050804
0.5259817399083963
0.5259787872149015
0.5259758227908067
0.5259728466022234
0.525969858615164
0.5259668587955413
0.525963847109169
0.5259608235217602
0.5259577879989283
0.5259547405061861
0.5259516810089451
0.5259486094725166
0.5259455258621106
0.5259424301428345
0.5259393222796953
0.5259362022375971
0.5259330699813415
0.5259299254756282
0.5259267686850535
0.5259235995741107
0.5259204181071896
0.5259172242485767
0.5259140179624539
0.5259107992128996
0.5259075679638873
0.525904324179286
0.5259010678228595
0.5258977988582666
0.5258945172490602
0.525891222958688
0.525887915950491
0.5258845961877044
0.5258812636334568
0.5258779182507693
0.5258745600025568
0.5258711888516265
0.5258678047606778
0.5258644076923026
0.5258609976089844
0.5258575744730982
0.5258541382469107
0.5258506888925796
0.5258472263721532
0.5258437506475707
0.5258402616806616
0.5258367594331448
0.5258332438666302
0.5258297149426162
0.5258261726224913
0.5258226168675323
0.5258190476389055
0.5258154648976652
0.5258118686047544
0.525808258721004
0.5258046352071324
0.5258009980237461
0.5257973471313385
0.5257936824902903
0.5257900040608687
0.5257863118032278
0.5257826056774075
0.5257788856433345
0.5257751516608207
0.5257714036895639
0.525767641689147
0.5257638656190383
0.5257600754385906
0.5257562711070418
0.5257524525835136
0.525748619827012
0.5257447727964276
0.5257409114505336
0.525737035747987
0.5257331456473285
0.5257292411069814
0.5257253220852511
0.5257213885403268
0.5257174404302789
0.5257134777130603
0.5257095003465058
0.5257055082883311
0.5257015014961346
0.5256974799273942
0.5256934435394702
0.5256893922896028
0.5256853261349127
0.5256812450324012
0.5256771489389491
0.5256730378113177
0.5256689116061474
0.5256647702799581
0.5256606137891491
0.5256564420899986
0.5256522551386635
0.5256480528911789
0.525643835303459
0.5256396023312959
0.525635353930359
0.5256310900561963
0.5256268106642332
0.5256225157097716
0.5256182051479918
0.5256138789339504
0.5256095370225805
0.5256051793686922
0.5256008059269723
0.5255964166519828
0.5255920114981626
0.525587590419826
0.525583153371163
0.5255787003062394
0.5255742311789956
0.5255697459432477
0.5255652445526865
0.5255607269608775
0.5255561931212612
0.5255516429871517
0.5255470765117383
0.5255424936480837
0.5255378943491247
0.5255332785676721
0.52552864625641
0.5255239973678962
0.5255193318545615
0.5255146496687103
0.5255099507625198
0.5255052350880396
0.5255005025971924
0.5254957532417737
0.5254909869734514
0.525486203743765
0.5254814035041269
0.5254765862058209
0.5254717518000037
0.5254669002377027
0.5254620314698173
0.5254571454471186
0.5254522421202492
0.5254473214397224
0.5254423833559233
0.5254374278191076
0.5254324547794025
0.5254274641868055
0.5254224559911853
0.5254174301422807
0.5254123865897017
0.5254073252829281
0.525402246171311
0.5253971492040707
0.5253920343302981
0.5253869014989548
0.525381750658872
0.5253765817587506
0.5253713947471617
0.5253661895725463
0.5253609661832149
0.5253557245273484
0.5253504645529959
0.525345186208078
0.5253398894403833
0.5253345741975708
0.5253292404271684
0.5253238880765738
0.5253185170930538
0.5253131274237449
0.5253077190156528
0.5253022918156521
0.5252968457704873
0.5252913808267718
0.5252858969309883
0.5252803940294889
0.5252748720684943
0.5252693309940957
0.5252637707522523
0.525258191288793
0.525252592549416
0.525246974479689
0.5252413370250485
0.5252356801308007
0.5252300037421208
0.5252243078040538
0.5252185922615139
0.5252128570592847
0.5252071021420192
0.5252013274542404
0.5251955329403406
0.5251897185445817
0.5251838842110956
0.5251780298838837
0.5251721555068176
0.5251662610236385
0.5251603463779582
0.5251544115132579
0.5251484563728896
0.5251424809000755
0.5251364850379082
0.525130468729351
0.5251244319172371
0.5251183745442718
0.5251122965530302
0.5251061978859589
0.5251000784853757
0.5250939382934695
0.5250877772523009
0.525081595303802
0.5250753923897767
0.5250691684519009
0.5250629234317221
0.5250566572706611
0.5250503699100105
0.5250440612909355
0.5250377313544743
0.5250313800415383
0.5250250072929119
0.525018613049253
0.5250121972510938
0.5250057598388391
0.5249993007527693
0.5249928199330381
0.5249863173196746
0.5249797928525821
0.5249732464715393
0.5249666781162007
0.5249600877260957
0.5249534752406302
0.5249468405990859
0.5249401837406216
0.5249335046042723
0.5249268031289506
0.524920079253446
0.5249133329164262
0.5249065640564367
0.5248997726119016
0.5248929585211234
0.5248861217222841
0.5248792621534446
0.5248723797525463
0.5248654744574102
0.5248585462057378
0.5248515949351119
0.5248446205829965
0.5248376230867371
0.5248306023835616
0.5248235584105803
0.5248164911047862
0.524809400403056
0.5248022862421503
0.5247951485587137
0.5247879872892756
0.5247808023702506
0.5247735937379392
0.5247663613285274
0.5247591050780884
0.5247518249225825
0.5247445207978574
0.5247371926396487
0.5247298403835813
0.5247224639651686
0.5247150633198144
0.5247076383828122
0.5247001890893466
0.5246927153744938
0.5246852171732214
0.5246776944203899
0.5246701470507529
0.5246625749989581
0.524654978199547
0.5246473565869563
0.5246397100955182
0.5246320386594617
0.5246243422129122
0.5246166206898923
0.5246088740243238
0.5246011021500265
0.5245933050007204
0.5245854825100257
0.5245776346114631
0.5245697612384557
0.5245618623243287
0.5245539378023105
0.5245459876055335
0.5245380116670348
0.524530009919757
0.5245219822965488
0.5245139287301659
0.524505849153272
0.5244977434984397
0.5244896116981504
0.5244814536847963
0.5244732693906806
0.5244650587480186
0.5244568216889385
0.5244485581454816
0.524440268049605
0.5244319513331802
0.5244236079279961
0.524415237765758
0.5244068407780903
0.5243984168965361
0.5243899660525588
0.5243814881775437
0.5243729832027967
0.5243644510595482
0.5243558916789522
0.524347304992088
0.5243386909299608
0.5243300494235034
0.5243213804035765
0.5243126838009698
0.5243039595464045
0.5242952075705325
0.5242864278039381
0.5242776201771397
0.5242687846205905
0.5242599210646794
0.5242510294397327
0.5242421096760148
0.524233161703729
0.5242241854530204
0.5242151808539748
0.5242061478366218
0.5241970863309346
0.5241879962668324
0.5241788775741809
0.5241697301827937
0.5241605540224339
0.524151349022815
0.5241421151136026
0.5241328522244153
0.524123560284826
0.5241142392243641
0.5241048889725154
0.524095509458725
0.5240861006123976
0.524076662362899
0.5240671946395586
0.5240576973716692
0.5240481704884896
0.5240386139192456
0.5240290275931319
0.5240194114393125
0.5240097653869235
0.524000089365074
0.5239903833028475
0.5239806471293037
0.5239708807734798
0.5239610841643924
0.5239512572310386
0.5239413999023985
0.5239315121074355
0.5239215937750991
0.5239116448343256
0.5239016652140409
0.5238916548431606
0.5238816136505933
0.5238715415652411
0.5238614385160019
0.5238513044317712
0.523841139241443
0.5238309428739129
0.5238207152580788
0.523810456322843
0.523800165997114
0.5237898442098086
0.523779490889853
0.5237691059661856
0.5237586893677584
0.5237482410235382
0.5237377608625099
0.523727248813677
0.5237167048060648
0.523706128768721
0.5236955206307189
0.5236848803211587
0.5236742077691691
0.5236635029039105
0.523652765654576
0.5236419959503935
0.5236311937206283
0.5236203588945842
0.5236094914016076
0.5235985911710863
0.5235876581324548
0.5235766922151948
0.5235656933488373
0.5235546614629655
0.523543596487216
0.5235324983512826
0.5235213669849161
0.5235102023179287
0.5234990042801948
0.5234877728016544
0.5234765078123141
0.5234652092422508
0.5234538770216124
0.5234425110806217
0.523431111349577
0.5234196777588562
0.523408210238918
0.5233967087203045
0.523385173133644
0.5233736034096522
0.5233619994791368
0.5233503612729974
0.5233386887222297
0.5233269817579276
0.5233152403112844
0.5233034643135979
0.5232916536962701
0.5232798083908115
0.523267928328843
0.5232560134420984
0.5232440636624275
0.5232320789217979
0.5232200591522981
0.52320800428614
0.5231959142556615
0.5231837889933291
0.5231716284317405
0.5231594325036276
0.523147201141859
0.5231349342794418
0.5231226318495262
0.5231102937854067
0.523097920020525
0.5230855104884738
0.5230730651229982
0.5230605838579993
0.5230480666275366
0.5230355133658313
0.5230229240072687
0.5230102984864011
0.5229976367379507
0.5229849386968126
0.5229722042980576
0.5229594334769347
0.5229466261688749
0.522933782309493
0.5229209018345912
0.5229079846801625
0.522895030782392
0.5228820400776623
0.5228690125025541
0.5228559479938508
0.5228428464885407
0.5228297079238204
0.5228165322370977
0.5228033193659946
0.5227900692483504
0.5227767818222246
0.5227634570259007
0.5227500947978881
0.5227366950769265
0.5227232578019878
0.5227097829122803
0.5226962703472507
0.5226827200465888
0.5226691319502286
0.5226555059983535
0.5226418421313985
0.5226281402900531
0.5226144004152654
0.5226006224482442
0.5225868063304634
0.5225729520036643
0.5225590594098593
0.5225451284913352
0.5225311591906561
0.5225171514506667
0.5225031052144965
0.5224890204255614
0.5224748970275689
0.5224607349645196
0.5224465341807119
0.5224322946207443
0.5224180162295196
0.5224036989522477
0.5223893427344494
0.5223749475219583
0.522360513260927
0.5223460398978271
0.5223315273794557
0.5223169756529358
0.522302384665722
0.5222877543656032
0.5222730847007053
0.5222583756194956
0.5222436270707855
0.522228839003734
0.5222140113678515
0.5221991441130033
0.5221842371894116
0.5221692905476614
0.5221543041387012
0.5221392779138488
0.5221242118247932
0.5221091058235985
0.5220939598627078
0.5220787738949456
0.5220635478735225
0.5220482817520371
0.5220329754844815
0.5220176290252426
0.5220022423291069
0.5219868153512636
0.5219713480473079
0.5219558403732448
0.5219402922854919
0.5219247037408838
0.5219090746966744
0.5218934051105412
0.5218776949405884
0.5218619441453507
0.5218461526837961
0.5218303205153298
0.5218144475997977
0.5217985338974891
0.521782579369141
0.5217665839759411
0.5217505476795319
0.521734470442012
0.5217183522259425
0.5217021929943483
0.5216859927107216
0.5216697513390266
0.5216534688437013
0.5216371451896623
0.5216207803423072
0.5216043742675178
0.5215879269316644
0.5215714383016086
0.5215549083447064
0.5215383370288118
0.5215217243222804
0.5215050701939719
0.5214883746132544
0.5214716375500063
0.5214548589746218
0.5214380388580113
0.5214211771716074
0.5214042738873661
0.5213873289777705
0.5213703424158352
0.5213533141751081
0.521336244229674
0.521319132554158
0.5213019791237282
0.5212847839140995
0.5212675469015363
0.5212502680628551
0.5212329473754289
0.5212155848171889
0.5211981803666281
0.521180734002805
0.5211632457053457
0.5211457154544467
0.5211281432308791
0.5211105290159904
0.521092872791708
0.5210751745405421
0.5210574342455881
0.5210396518905305
0.5210218274596443
0.5210039609377997
0.5209860523104625
0.5209681015636995
0.5209501086841795
0.5209320736591763
0.5209139964765721
0.5208958771248595
0.5208777155931446
0.5208595118711489
0.5208412659492134
0.5208229778182997
0.5208046474699926
0.5207862748965044
0.5207678600906749
0.5207494030459761
0.5207309037565125
0.520712362217026
0.5206937784228961
0.5206751523701433
0.5206564840554311
0.520637773476069
0.5206190206300136
0.5206002255158715
0.5205813881329016
0.5205625084810167
0.5205435865607867
0.5205246223734392
0.5205056159208631
0.5204865672056093
0.5204674762308933
0.5204483430005975
0.5204291675192727
0.5204099497921394
0.5203906898250911
0.5203713876246948
0.5203520431981932
0.5203326565535067
0.5203132276992347
0.5202937566446573
0.5202742433997372
0.5202546879751212
0.5202350903821411
0.5202154506328164
0.5201957687398543
0.5201760447166524
0.5201562785772991
0.5201364703365758
0.5201166200099572
0.5200967276136131
0.5200767931644098
0.5200568166799108
0.5200367981783777
0.5200167376787725
0.5199966352007563
0.5199764907646931
0.5199563043916482
0.5199360761033909
0.5199158059223936
0.5198954938718346
0.5198751399755971
0.5198547442582703
0.5198343067451507
0.5198138274622419
0.5197933064362557
0.5197727436946117
0.519752139265439
0.5197314931775752
0.5197108054605679
0.5196900761446742
0.5196693052608614
0.5196484928408065
0.5196276389168969
0.5196067435222306
0.5195858066906153
0.5195648284565694
0.5195438088553214
0.5195227479228094
0.5195016456956816
0.5194805022112956
0.5194593175077179
0.5194380916237241
0.5194168245987977
0.5193955164731306
0.5193741672876214
0.5193527770838758
0.5193313459042053
0.5193098737916263
0.5192883607898605
0.5192668069433324
0.5192452122971699
0.5192235768972026
0.51920190078996
0.5191801840226727
0.5191584266432689
0.5191366287003744
0.519114790243311
0.5190929113220957
0.5190709919874383
0.5190490322907413
0.5190270322840973
0.5190049920202879
0.5189829115527819
0.5189607909357337
0.5189386302239825
0.518916429473048
0.5188941887391317
0.5188719080791127
0.5188495875505462
0.5188272272116625
0.5188048271213634
0.5187823873392212
0.5187599079254754
0.5187373889410316
0.5187148304474583
0.5186922325069847
0.5186695951824984
0.5186469185375427
0.5186242026363137
0.5186014475436581
0.5185786533250705
0.51855582004669
0.5185329477752985
0.518510036578316
0.5184870865237994
0.5184640976804386
0.5184410701175532
0.51841800390509
0.5183948991136191
0.5183717558143311
0.5183485740790337
0.5183253539801478
0.5183020955907043
0.5182787989843409
0.5182554642352984
0.5182320914184162
0.5182086806091298
0.5181852318834662
0.5181617453180398
0.51813822099005
0.5181146589772754
0.5180910593580705
0.518067422211362
0.5180437476166444
0.5180200356539751
0.5179962864039711
0.5179724999478045
0.517948676367197
0.5179248157444171
0.5179009181622741
0.5178769837041151
0.5178530124538187
0.517829004495791
0.517804959914961
0.5177808787967765
0.5177567612271972
0.5177326072926915
0.5177084170802314
0.5176841906772862
0.5176599281718187
0.5176356296522797
0.5176112952076024
0.5175869249271974
0.5175625189009477
0.5175380772192024
0.5175135999727725
0.5174890872529239
0.5174645391513738
0.5174399557602828
0.5174153371722515
0.5173906834803131
0.5173659947779283
0.5173412711589799
0.5173165127177659
0.5172917195489947
0.5172668917477783
0.5172420294096266
0.5172171326304418
0.5171922015065109
0.5171672361345014
0.5171422366114536
0.5171172030347753
0.517092135502234
0.517067034111953
0.5170418989624028
0.5170167301523954
0.5169915277810785
0.5169662919479273
0.5169410227527401
0.5169157202956296
0.5168903846770174
0.5168650159976274
0.5168396143584777
0.5168141798608757
0.5167887126064101
0.5167632126969439
0.516737680234608
0.5167121153217944
0.5166865180611482
0.5166608885555616
0.5166352269081665
0.516609533222327
0.5165838076016331
0.5165580501498926
0.5165322609711244
0.5165064401695508
0.5164805878495915
0.5164547041158541
0.516428789073129
0.51640284282638
0.5163768654807389
0.5163508571414965
0.5163248179140955
0.5162987479041234
0.5162726472173045
0.5162465159594932
0.5162203542366647
0.5161941621549097
0.5161679398204242
0.5161416873395042
0.5161154048185362
0.5160890923639911
0.5160627500824149
0.5160363780804219
0.5160099764646866
0.5159835453419365
0.5159570848189425
0.515930595002514
0.5159040759994882
0.5158775279167237
0.5158509508610922
0.5158243449394714
0.515797710258735
0.5157710469257476
0.5157443550473545
0.5157176347303745
0.5156908860815923
0.5156641092077496
0.5156373042155384
0.5156104712115919
0.5155836103024763
0.5155567215946842
0.515529805194625
0.515502861208618
0.5154758897428834
0.5154488909035347
0.515421864796571
0.5153948115278686
0.5153677312031724
0.5153406239280884
0.5153134898080763
0.5152863289484397
0.5152591414543195
0.5152319274306851
0.5152046869823267
0.5151774202138472
0.5151501272296534
0.5151228081339488
0.5150954630307256
0.5150680920237557
0.5150406952165837
0.5150132727125177
0.5149858246146227
0.5149583510257113
0.514930852048336
0.5149033277847818
0.5148757783370571
0.5148482038068869
0.514820604295704
0.5147929799046407
0.5147653307345219
0.5147376568858567
0.5147099584588299
0.5146822355532946
0.5146544882687646
0.5146267167044053
0.5145989209590273
0.5145711011310778
0.5145432573186324
0.5145153896193879
0.5144874981306542
0.5144595829493466
0.5144316441719777
0.5144036818946505
0.5143756962130495
0.5143476872224337
0.514319655017629
0.5142915996930204
0.5142635213425437
0.5142354200596791
0.5142072959374425
0.5141791490683789
0.5141509795445537
0.5141227874575465
0.5140945728984422
0.5140663359578252
0.5140380767257702
0.5140097952918364
0.5139814917450589
0.5139531661739416
0.513924818666451
0.5138964493100072
0.513868058191478
0.5138396453971705
0.5138112110128257
0.513782755123609
0.5137542778141053
0.5137257791683099
0.5136972592696234
0.5136687182008433
0.5136401560441575
0.513611572881137
0.5135829687927301
0.513554343859254
0.5135256981603887
0.5134970317751706
0.5134683447819849
0.5134396372585597
0.5134109092819583
0.5133821609285738
0.5133533922741215
0.5133246033936324
0.5132957943614475
0.5132669652512106
0.513238116135862
0.5132092470876314
0.5131803581780331
0.5131514494778586
0.5131225210571706
0.5130935729852962
0.5130646053308219
0.513035618161586
0.5130066115446734
0.5129775855464099
0.5129485402323548
0.5129194756672965
0.5128903919152453
0.512861289039428
0.5128321671022823
0.5128030261654508
0.5127738662897751
0.5127446875352898
0.5127154899612176
0.5126862736259639
0.5126570385871094
0.5126277849014063
0.5125985126247727
0.5125692218122864
0.5125399125181798
0.5125105847958347
0.5124812386977772
0.5124518742756718
0.5124224915803165
0.5123930906616383
0.512363671568687
0.5123342343496309
0.5123047790517512
0.5122753057214376
0.5122458144041832
0.5122163051445794
0.5121867779863113
0.5121572329721527
0.5121276701439617
0.5120980895426757
0.512068491208307
0.5120388751799384
0.5120092414957174
0.5119795901928538
0.5119499213076134
0.5119202348753147
0.5118905309303237
0.5118608095060507
0.5118310706349449
0.5118013143484907
0.5117715406772041
0.5117417496506274
0.5117119412973258
0.5116821156448836
0.5116522727199001
0.5116224125479847
0.5115925351537549
0.5115626405608306
0.5115327287918314
0.511502799868373
0.5114728538110622
0.5114428906394946
0.5114129103722509
0.511382913026892
0.5113528986199575
0.5113228671669605
0.5112928186823852
0.5112627531796828
0.5112326706712691
0.5112025711685202
0.5111724546817701
0.5111423212203065
0.5111121707923689
0.5110820034051446
0.5110518190647663
0.5110216177763076
0.5109913995437824
0.5109611643701394
0.5109309122572616
0.5109006432059614
0.5108703572159792
0.51084005428598
0.5108097344135506
0.5107793975951973
0.5107490438263429
0.5107186731013247
0.5106882854133907
0.5106578807546986
0.510627459116312
0.510597020488199
0.5105665648592291
0.5105360922171712
0.5105056025486909
0.5104750958393487
0.5104445720735973
0.5104140312347796
0.5103834733051269
0.5103528982657557
0.5103223060966666
0.5102916967767419
0.5102610702837438
0.5102304265943118
0.5101997656839612
0.510169087527081
0.5101383920969326
0.5101076793656465
0.5100769493042224
0.5100462018825258
0.5100154370692873
0.5099846548320999
0.5099538551374182
0.5099230379505566
0.5098922032356867
0.5098613509558376
0.5098304810728922
0.5097995935475872
0.509768688339511
0.5097377654071016
0.509706824707647
0.5096758661972818
0.5096448898309868
0.5096138955625874
0.5095828833447525
0.5095518531289929
0.5095208048656602
0.5094897385039452
0.509458653991877
0.509427551276322
0.5093964303029823
0.5093652910163946
0.5093341333599289
0.5093029572757883
0.5092717627050068
0.5092405495874486
0.5092093178618075
0.5091780674656049
0.5091467983351904
0.5091155104057387
0.5090842036112505
0.5090528778845509
0.509021533157288
0.5089901693599326
0.5089587864217769
0.5089273842709344
0.5088959628343381
0.5088645220377401
0.508833061805711
0.5088015820616384
0.5087700827277271
0.5087385637249976
0.5087070249732856
0.5086754663912411
0.508643887896328
0.5086122894048232
0.5085806708318155
0.5085490320912058
0.5085173730957059
0.5084856937568374
0.5084539939849321
0.5084222736891301
0.5083905327773806
0.50835877115644
0.5083269887318719
0.5082951854080466
0.5082633610881404
0.5082315156741343
0.5081996490668145
0.5081677611657713
0.5081358518693988
0.5081039210748939
0.5080719686782557
0.508039994574286
0.5080079986565871
0.5079759808175629
0.5079439409484168
0.5079118789391526
0.5078797946785734
0.5078476880542802
0.5078155589526728
0.5077834072589487
0.5077512328571019
0.5077190356299237
0.5076868154590007
0.5076545722247157
0.5076223058062457
0.5075900160815632
0.5075577029274333
0.5075253662194154
0.5074930058318616
0.5074606216379159
0.5074282135095146
0.5073957813173844
0.5073633249310432
0.5073308442187987
0.5072983390477483
0.5072658092837784
0.507233254791563
0.5072006754345646
0.5071680710750326
0.5071354415740025
0.5071027867912965
0.5070701065855214
0.5070374008140691
0.5070046693331152
0.5069719119976186
0.5069391286613214
0.5069063191767471
0.5068734833952009
0.5068406211667685
0.5068077323403155
0.5067748167634867
0.5067418742827053
0.5067089047431724
0.5066759079888656
0.5066428838625391
0.506609832205722
0.5065767528587184
0.5065436456606057
0.5065105104492342
0.5064773470612264
0.5064441553319758
0.506410935095646
0.5063776861851699
0.5063444084322488
0.5063111016673513
0.5062777657197125
0.5062444004173332
0.5062110055869778
0.5061775810541749
0.5061441266432147
0.5061106421771494
0.5060771274777907
0.5060435823657091
0.5060100066602335
0.5059764001794496
0.505942762740198
0.5059090941580734
0.5058753942474246
0.5058416628213508
0.5058078996917023
0.5057741046690785
0.5057402775628267
0.5057064181810399
0.5056725263305569
0.5056386018169596
0.5056046444445722
0.5055706540164591
0.5055366303344243
0.5055025731990088
0.5054684824094902
0.5054343577638796
0.5054001990589215
0.5053660060900915
0.5053317786515938
0.5052975165363611
0.5052632195360511
0.5052288874410464
0.5051945200404515
0.5051601171220906
0.5051256784725074
0.5050912038769614
0.5050566931194271
0.5050221459825914
0.5049875622478515
0.5049529416953136
0.5049182841037898
0.5048835892507963
0.5048488569125522
0.5048140868639751
0.5047792788786811
0.5047444327289814
0.5047095481858799
0.5046746250190711
0.504639662996938
0.5046046618865486
0.5045696214536548
0.5045345414626888
0.5044994216767608
0.5044642618576569
0.5044290617658356
0.5043938211604256
0.5043585397992234
0.5043232174386896
0.5042878538339466
0.5042524487387765
0.5042170019056161
0.5041815130855563
0.5041459820283377
0.5041104084823479
0.5040747921946183
0.5040391329108211
0.5040034303752663
0.503967684330898
0.5039318945192914
0.5038960606806495
0.5038601825537997
0.5038242598761906
0.5037882923838876
0.5037522798115708
0.5037162218925303
0.5036801183586629
0.503643968940469
0.5036077733670479
0.5035715313660947
0.5035352426638964
0.5034989069853277
0.5034625240538482
0.5034260935914958
0.5033896153188859
0.5033530889552059
0.5033165142182099
0.5032798908242165
0.5032432184881033
0.5032064969233032
0.5031697258417999
0.5031329049541228
0.5030960339693442
0.5030591125950727
0.5030221405374505
0.5029851175011475
0.5029480431893573
0.5029109173037922
0.5028737395446781
0.5028365096107504
0.5027992271992484
0.5027618920059107
0.5027245037249699
0.5026870620491477
0.5026495666696497
0.5026120172761601
0.5025744135568367
0.5025367551983049
0.5024990418856534
0.5024612733024278
0.5024234491306248
0.5023855690506882
0.5023476327415015
0.5023096398803832
0.5022715901430808
0.5022334832037649
0.5021953187350232
0.5021570964078547
0.5021188158916633
0.5020804768542529
0.5020420789618193
0.5020036218789456
0.5019651052685952
0.5019265287921056
0.5018878921091817
0.5018491948778899
0.501810436754651
0.5017716173942334
0.5017327364497471
0.5016937935726365
0.5016547884126734
0.5016157206179503
0.501576589834874
0.501537395708157
0.501498137880812
0.5014588159941433
0.5014194296877417
0.5013799785994739
0.5013404623654782
0.5013008806201552
0.501261232996161
0.5012215191243992
0.5011817386340129
0.5011418911523783
0.5011019763050948
0.5010619937159793
0.5010219430070557
0.5009818237985493
0.5009416357088772
0.5009013783546402
0.5008610513506145
0.500820654309744
0.5007801868431307
0.5007396485600274
0.5006990390678279
0.500658357972059
0.5006176048763715
0.5005767793825318
0.5005358810904119
0.5004949095979813
0.5004538645012981
0.5004127453944985
0.5003715518697891
0.5003302835174361
0.5002889399257575
0.5002475206811122
0.5002060253678906
0.500164453568506
0.5001228048633833
0.5000810788309507
0.5000392750476278
0.49999739308781826
0.49995543252389724
0.4999133929262024
0.49987127386302377
0.4998290749005924
0.49978679560307127
0.4997444355325436
0.499701994249003
0.4996594713103422
0.4996168662723428
0.4995741786886637
0.49953140811083135
0.49948855408822684
0.4994456161680766
0.49940259389544
0.4993594868131987
0.4993162944620445
0.4992730163804687
0.49922965210474957
0.4991862011689417
0.4991426631048636
0.49909903744208506
0.4990553237079171
0.4990115214273985
0.4989676301232836
0.4989236493160309
0.49887957852379017
0.49883541726238984
0.49879116504532495
0.49874682138374415
0.49870238578643733
0.4986578577598227
0.49861323680793335
0.49856852243240546
0.4985237141324632
0.4984788114049084
0.4984338137441041
0.49838872064196366
0.49834353158793576
0.49829824606899165
0.498252863569611
0.4982073835717681
0.4981618055549185
0.4981161289959845
0.49807035336934113
0.4980244781468022
0.49797850279760586
0.4979324267884
0.49788624958322825
0.4978399706435154
0.4977935894280519
0.49774710539298
0.49770051799177845
0.4976538266752474
0.4976070308914936
0.49756013008591504
0.49751312370118567
0.49746601117723993
0.49741879195125743
0.4973714654576472
0.49732403112803186
0.4972764883912322
0.4972288366732505
0.49718107539725587
0.4971332039835664
0.4970852218496344
0.49703712841002884
0.49698892307642006
0.49694060525756245
0.4968921743592781
0.4968436297844398
0.4967949709329543
0.49674619720174573
0.4966973079847375
0.4966483026728365
0.49659918065391473
0.49654994131279173
0.4965005840312186
0.49645110818785887
0.49640151315827097
0.4963517983148913
0.49630196302701535
0.49625200666077995
0.4962019285791458
0.49615172814187775
0.4961014047055281
0.49605095762341644
0.4960003862456129
0.495949689918918
0.4958988679868443
0.4958479197895979
0.495796844664059
0.49574564194376247
0.49569431095887984
0.4956428510361987
0.49559126149910343
0.49553954166755676
0.49548769085807876
0.49543570838372747
0.4953835935540799
0.49533134567521075
0.495278964049673
0.49522644797647797
0.4951737967510743
0.49512100966532857
0.4950680860075031
0.4950150250622377
0.4949618261105269
0.49490848842970003
0.4948550112934
0.4948013939715626
0.49474763573039515
0.49469373583235526
0.4946396935361296
0.49458550809661184
0.49453117876488234
0.49447670478818495
0.4944220854099066
0.4943673198695548
0.4943124074027353
0.49425734724113113
0.4942021386124788
0.49414678074054785
0.49409127284511756
0.4940356141419537
0.49397980384278745
0.49392384115529187
0.4938677252830594
0.4938114554255786
0.4937550307782117
0.4936984505321716
0.49364171387449773
0.49358481998803405
0.49352776805140486
0.49347055723899214
0.49341318672091045
0.4933556556629856
0.49329796322672903
0.4932401085693149
0.49318209084355585
0.4931239091978793
0.4930655627763029
0.4930070507184113
0.4929483721593303
0.4928895262297048
0.4928305120556722
0.4927713287588387
0.4927119754562554
0.49265245126039303
0.492592755279117
0.49253288661566275
0.4924728443686109
0.492412627631863
0.4923522354946154
0.492291667041334
0.4922309213517306
0.492169997500736
0.4921088945584758
0.4920476115902444
0.4919861476564793
0.4919245018127367
0.49186267310966514
0.49180066059297917
0.49173846330343507
0.4916760802768044
0.4916135105438484
0.49155075313029123
0.49148780705679584
0.49142467133893614
0.4913613449871722
0.49129782700682356
0.49123411639804376
0.4911702121557935
0.49110611326981496
0.4910418187246054
0.4909773274993907
0.49091263856809975
0.4908477508993375
0.49078266345635857
0.4907173751970418
0.4906518850738625
0.4905861920338672
0.490520295018647
0.49045419296431025
0.4903878848014579
0.4903213694551548
0.4902546458449053
0.4901877128846257
0.49012056948261784
0.490053214541543
0.48998564695839547
0.48991786562447553
0.4898498694253639
0.48978165724089506
0.48971322794513006
0.48964458040633146
0.4895757134869363
0.48950662604352974
0.4894373169268193
0.4893677849816081
0.4892980290467691
0.4892280479552192
0.489157840533892
0.48908740560371333
0.48901674197957434
0.4889458484703062
0.48887472387865344
0.4888033670012494
0.48873177662858946
0.48865995154500635
0.4885878905286441
0.4885155923514329
0.4884430557790637
0.48837027957096335
0.48829726248026917
0.48822400325380383
0.48815050063205145
0.4880767533491318
0.4880027601327763
0.48792851970430334
0.48785403077859457
0.4877792920640696
0.4877043022626635
0.4876290600698018
0.487553564174377
0.4874778132587261
0.4874018059986055
0.48732554106316994
0.487249017114948
0.4871722328098201
0.48709518679699565
0.48701787771899124
0.48694030421160805
0.4868624649039105
0.48678435841820444
0.4867059833700155
0.48662733836806843
0.48654842201426624
0.4864692329036692
0.486389769624475
0.48631003075799845
0.4862300148786524
0.48614972055392724
0.486069146344373
0.4859882908035795
0.48590715247815885
0.48582572990772666
0.4857440216248847
0.4856620261552034
0.48557974201720433
0.48549716772234475
0.48541430177500033
0.4853311426724493
0.4852476889048575
0.4851639389552633
0.4850798912995625
0.48499554440649456
0.484910896737629
0.4848259467473517
0.4847406928828526
0.4846551335841129
0.4845692672838939
0.48448309240772514
0.48439660737389356
0.48430981059343414
0.4842227004701194
0.48413527540045
0.48404753377364707
0.483959473971644
0.48387109436907794
0.48378239333328443
0.4836933692242909
0.48360402039481065
0.4835143451902383
0.483424341948645
0.48333400900077605
0.48324334467004704
0.4831523472725418
0.48306101511701155
0.4829693465048733
0.4828773397302108
0.48278499307977474
0.48269230483298414
0.4825992732619297
0.4825058966313758
0.48241217319876506
0.4823181012142236
0.4822236789205652
0.4821289045533006
0.48203377634064165
0.48193829250351206
0.48184245125555564
0.48174625080314737
0.48164968934540275
0.4815527650741921
0.48145547617415246
0.48135782082270195
0.48125979719005485
0.481161403439238
0.48106263772610786
0.4809634981993688
0.48086398300059285
0.48076409026424005
0.48066381811767966
0.48056316468121363
0.4804621280681007
0.48036070638458067
0.4802588977299015
0.48015670019634726
0.4800541118692657
0.4799511308270995
0.4798477551414175
0.4797439828769467
0.4796398120916075
0.47953524083654764
0.47943026715618053
0.4793248890882216
0.47921910466372897
0.4791129119071445
0.47900630883633577
0.4788992934626396
0.4787918637909079
0.4786840178195544
0.47857575354060294
0.4784670689397374
0.4783579619963531
0.4782484306836099
0.4781384729684868
0.4780280868118387
0.477917270168453
0.477806020987111
0.4776943372106481
0.47758221677601687
0.47746965761435145
0.4773566576510351
0.4772432148057674
0.4771293269926351
0.4770149921201831
0.4769002080914886
0.4767849728042367
0.4766692841507977
0.4765531400183064
0.4764365382887428
0.476319476839016
0.4762019535410489
0.4760839662618651
0.47596551286367816
0.4758465912039823
0.47572719913564615
0.47560733450700704
0.47548699516196863
0.47536617894009947
0.47524488367673573
0.47512310720308343
0.47500084734632414
0.47487810192972335
0.4747548687727396
0.47463114569113707
0.4745069304971001
0.47438222099934857
0.4742570150032581
0.4741313103109799
0.4740051047215643
0.47387839603108683
0.4737511820327753
0.47362346051713994
0.4734952292721061
0.47336648608314946
0.4732372287334316
0.4731074550039413
0.472977162673635
0.4728463495195814
0.47271501331710836
0.4725831518399515
0.4724507628604052
0.47231784414947714
0.47218439347704366
0.4720504086120097
0.4719158873224681
0.4717808273758642
0.47164522653916185
0.4715090825790108
0.47137239326191893
0.47123515635442415
0.4710973696232713
0.4709590308355896
0.4708201377590735
0.47068068816216563
0.47054067981424336
0.47040011048580554
0.4702589779486634
0.47011727997613445
0.4699750143432363
0.46983217882688577
0.46968877120609875
0.4695447892621925
0.4694002307789917
0.46925509354303563
0.4691093753437874
0.4689630739738475
0.46881618722916796
0.4686687129092695
0.4685206488174611
0.46837199276106184
0.46822274255162477
0.4680728960051642
0.4679224509423838
0.46777140518890775
0.4676197565755137
0.46746750293836936
0.46731464211926965
0.46716117196587625
0.4670070903319604
0.46685239507764736
0.4666970840696615
0.4665411551815767
0.466384606294065
0.4662274352951507
0.46606964008046403
0.46591121855349804
0.4657521686258671
0.4655924882175672
0.46543217525723846
0.4652712276824287
0.46510964343986
0.46494742048569543
0.4647845567858095
0.4646210503160586
0.4644568990625534
0.46429210102193336
0.46412665420164273
0.4639605566202075
0.46379380630751404
0.4636264013050899
0.4634583396663841
0.4632896194570508
0.4631202387552332
0.46295019565184825
0.46277948825087334
0.46260811466963375
0.46243607303909096
0.4622633615041317
0.4620899782238591
0.4619159213718831
0.46174118913661233
0.46156577972154733
0.46138969134557356
0.46121292224325516
0.46103547066512984
0.46085733487800307
0.46067851316524405
0.46049900382708064
0.46031880518089624
0.4601379155615247
0.4599563333215475
0.45977405683158884
0.45959108448061303
0.45940741467621976
0.4592230458449403
0.4590379764325327
0.458852204904278
0.458665729745274
0.45847854946073086
0.45829066257626294
0.45810206763818506
0.4579127632138018
0.45772274789170075
0.457532020282043
0.45734057901685304
0.45714842275030715
0.4569555501590208
0.4567619599423354
0.45656765082260303
0.4563726215454702
0.45617687088015935
0.4559803976197506
0.45578320058146005
0.45558527860691567
0.4553866305624349
0.4551872553392964
0.45498715185401184
0.4547863190485957
0.454584755890831
0.4543824613745363
0.4541794345198262
0.4539756743733719
0.4537711800086597
0.4535659505262443
0.4533599850540022
0.4531532827473802
0.45294584278964267
0.45273766439211455
0.4525287467944213
0.4523190892647274
0.4521086910999694
0.4518975516260869
0.4516856701982499
0.45147304620108314
0.45125967904888514
0.4510455681858452
0.4508307130862573
0.4506151132547275
0.45039876822637986
0.4501816775670572
0.4499638408735183
0.44974525777363045
0.4495259279265579
0.4493058510229466
0.44908502678510354
0.44886345496717217
0.4486411353553027
0.4484180677678198
0.44819425205538216
0.44796968810114
0.44774437582088694
0.4475183151632066
0.44729150610961427
0.4470639486746939
0.44683564290622996
0.4466065888853326
0.44637678672656067
0.44614623657803615
0.44591493862155435
0.4456828930726897
0.445450100180895
0.4452165602295945
0.44498227353627184
0.44474724045255354
0.44451146136428493
0.444274936691601
0.4440376668889915
0.44379965244535935
0.4435608938840748
0.44332139176302116
0.4430811466746365
0.4428401592459488
0.4425984301386033
0.44235596004888617
0.4421127497077407
0.44186879988077643
0.4416241113682729
0.4413786850051778
0.44113252166109695
0.4408856222402795
0.4406379876815947
0.44038961895850476
0.44014051707902957
0.43989068308570495
0.43964011805553416
0.4393888230999343
0.4391367993646747
0.43888404802980885
0.43863057030959984
0.4383763674524401
0.4381214407407627
0.4378657914909481
0.43760942105322165
0.4373523308115472
0.43709452218351214
0.436835996620206
0.43657675560609327
0.43631680065887846
0.4360561333293656
0.4357947552013096
0.43553266789126244
0.4352698730484115
0.4350063723544126
0.43474216752321443
0.4344772603008785
0.4342116524653905
0.43394534582646727
0.43367834222535495
0.43341064353462166
0.4331422516579441
0.4328731685298869
0.43260339611567517
0.4323329364109614
0.4320617914415865
0.43178996326333247
0.4315174539616699
0.43124426565149954
0.43097040047688695
0.43069586061079074
0.43042064825478515
0.4301447656387766
0.42986821502071193
0.42959099868628464
0.4293131189486308
0.42903457814802176
0.42875537865155006
0.4284755228528088
0.42819501317156616
0.42791385205343374
0.4276320419695281
0.42734958541612883
0.4270664849143287
0.42678274300968033
0.4264983622718346
0.4262133452941762
0.425927694693453
0.42564141310939885
0.4253545032043525
0.4250669676628706
0.42477880919133704
0.4244900305175627
0.4242006343903875
0.4239106235792701
0.4236200008738768
0.4233287690836657
0.42303693103746354
0.4227444895830407
0.4224514475866801
0.4221578079327398
0.42186357352321724
0.4215687472773
0.42127333213092033
0.42097733103630147
0.42068074696150004
0.42038358288994493
0.42008584181997227
0.41978752676435666
0.4194886407498364
0.4191891868166388
0.4188891680179974
0.4185885874196694
0.4182874480994472
0.41798575314666636
0.41768350566171175
0.41738070875551947
0.4170773655490751
0.4167734791729093
0.4164690527665904
0.4161640894782136
0.41585859246388807
0.41555256488721937
0.41524600991879185
0.4149389307356455
0.4146313305207523
0.41432321246248893
0.41401457975410805
0.41370543559320544
0.4133957831811865
0.4130856257227306
0.4127749664252517
0.4124638084983586
0.41215215515331244
0.41184000960248224
0.4115273750587991
0.41121425473520795
0.41090065184411906
0.410586569596856
0.41027201120310336
0.4099569798703533
0.40964147880335017
0.40932551120353344
0.40900908026848093
0.4086921891913485
0.4083748411603124
0.4080570393580065
0.4077387869609618
0.4074200871390429
0.4071009430548859
0.40678135786333447
0.4064613347108738
0.4061408767350676
0.4058199870639915
0.4054986688156683
0.4051769250975006
0.40485475900570517
0.4045321736247464
0.40420917202677004
0.4038857572710362
0.403561932403353
0.40323770045551
0.40291306444471225
0.4025880273730146
0.4022625922267545
0.40193676197598927
0.401610539573929
0.40128392795637313
0.4009569300411476
0.4006295487275398
0.40030178689573837
0.39997364740626995
0.3996451330994389
0.39931624679476885
0.3989869912904409
0.3986573693627389
0.39832738376549043
0.3979970372295118
0.39766633246205446
0.39733527214625064
0.397003858940562
0.3966720954782295
0.39633998436672424
0.3960075281871994
0.39567472949394494
0.39534159081384324
0.3950081146458267
0.39467430346033616
0.39434015969878244
0.394005685773009
0.3936708840647571
0.39333575692513156
0.3930003066740709
0.3926645355998166
0.3923284459583879
0.39199203997305576
0.3916553198338211
0.3913182876968946
0.39098094568417885
0.390643295882754
0.3903053403443634
0.38996708108490563
0.3896285200839256
0.38928965928411124
0.3889505005907901
0.38861104587143186
0.38827129695515117
0.38793125563221614
0.38759092365355624
0.3872503027302779
0.3869093945331789
0.3865682006922694
0.3862267227962946
0.3858849623922608
0.385542920984967
0.38520060003653656
0.3848580009659555
0.38451512514861463
0.3841719739158517
0.3838285485545042
0.38348485030645857
0.38314088036820954
0.38279663989042045
0.38245212997748945
0.3821073516871189
0.38176230602989
0.3814169939688418
0.3810714164190556
0.3807255742472428
0.38037946827133834
0.38003309926010054
0.3796864679327139
0.37933957495839815
0.37899242095602237
0.37864500649372645
0.3782973320885452
0.3779493982060405
0.37760120525993934
0.3772527536117761
0.3769040435705422
0.3765550753923444
0.3762058492800645
0.37585636538303085
0.37550662379669325
0.37515662456230714
0.3748063676666232
0.37445585304158513
0.37410508056403574
0.3737540500554293
0.3734027612815532
0.3730512139522555
0.3726994077211848
0.37234734218553406
0.3719950168857964
0.3716424313055283
0.37128958487112346
0.3709364769515934
0.3705831068583612
0.370229473845062
0.3698755771073557
0.3695214157827495
0.36916698895043043
0.3688122956311093
0.36845733478687726
0.36810210532107046
0.36774660607814985
0.36739083584359133
0.36703479334378886
0.36667847724596975
0.366321886158123
0.36596501862894204
0.36560787314777976
0.3652504481446168
0.3648927419900478
0.3645347529952775
0.364176479412136
0.3638179194331063
0.36345907119136983
0.36309993276086644
0.3627405021563725
0.3623807773335943
0.36202075618928076
0.36166043656135066
0.3612998162290423
0.3609388929130776
0.36057766427584803
0.36021612792161867
0.3598542813967522
0.3594921221899538
0.359129647732536
0.358766855398705
0.35840374250586954
0.35804030631497064
0.35767654403083476
0.35731245280254914
0.3569480297238628
0.35658327183360916
0.35621817611615453
0.3558527395018729
0.35548695886764187
0.3551208310373714
0.354754352782553
0.3543875208228395
0.3540203318266514
0.3536527824118122
0.3532848691462104
0.35291658854849295
0.35254793708878707
0.35217891118945344
0.3518095072258685
0.3514397215272392
0.35106955037744964
0.3506989900159395
0.35032803663861467
0.34995668639879307
0.34958493540818203
0.34921277973789133
0.34884021541948124
0.3484672384460439
0.34809384477332295
0.3477200303208679
0.3473457909732244
0.3469711225811628
0.34659602096294445
0.34622048190562427
0.34584450116639254
0.3454680744739553
0.34509119752995365
0.3447138660104221
0.3443360755672867
0.34395782182990237
0.3435791004066322
0.3431999068864647
0.3428202368406739
0.34244008582451774
0.34205944937898086
0.3416783230325549
0.3412967023030612
0.3409145826995168
0.3405319597240379
0.3401488288737872
0.33976518564296204
0.3393810255248229
0.33899634401376316
0.33861113660741854
0.3382253988088201
0.3378391261285834
0.3374523140871408
0.3370649582170117
0.33667705406511167
0.33628859719510107
0.33589958318977137
0.3355100076534686
0.335119866214554
0.3347291545278998
0.33433786827742273
0.33394600317864787
0.33355355498130956
0.33316051947198394
0.33276689247675123
0.33237266986389125
0.3319778475466044
0.331582421485764
0.33118638769269393
0.33078974223196933
0.3303924812242441
0.3299946008490986
0.3295960973479073
0.3291969670267268
0.32879720625919806
0.32839681148946775
0.3279957792351174
0.3275941060901066
0.3271917887277255
0.32678882390355113
0.3263852084584111
0.32598093932134775
0.32557601351258
0.32517042814646635
0.32476418043445904
0.3243572676880508
0.3239496873217106
0.3235414368558063
0.32313251391950915
0.32272291625368077
0.322312641713735
0.32190168827247656
0.32149005402290903
0.3210777371810113
0.32066473608848
0.3202510492154324
0.31983667516306685
0.3194216126662798
0.3190058605962332
0.3185894179628693
0.3181722839173726
0.3177544577545702
0.31733593891527
0.3169167269885355
0.3164968217138889
0.31607622298344185
0.3156549308439503
0.3152329454987898
0.31481026730984607
0.31438689679932097
0.3139628346514475
0.3135380817141094
0.31311263900036834
0.31268650768988715
0.31225968913025226
0.31183218483818825
0.31140399650066436
0.31097512597588955
0.31054557529418925
0.3101153466587678
0.3096844424463486
0.30925286520769096
0.3088206176679842
0.30838770272710964
0.307954123459776
0.3075198831155233
0.30708498511859095
0.30664943306765136
0.30621323073540696
0.3057763820680496
0.3053388911845785
0.30490076237598046
0.30446200010426705
0.30402260900136924
0.3035825938678932
0.3031419596717304
0.30270071154652556
0.3022588547900049
0.3018163948621593
0.3013733373832883
0.30092968813190346
0.3004854530424917
0.30004063820314125
0.29959524985303093
0.2991492943797842
0.298702778316691
0.2982557083397981
0.297808091264873
0.29735993404423794
0.29691124376348665
0.29646202763807605
0.2960122930098039
0.2955620473431727
0.29511129822164395
0.2946600533437858
0.2942083205193183
0.29375610766506344
0.29330342280079963
0.29285027404502684
0.29239666961064853
0.2919426178005739
0.29148812700324567
0.2910332056880973
0.29057786240094796
0.290122105759335
0.28966594444779714
0.2892093872131053
0.28875244285945423
0.28829512024361464
0.28783742827005476
0.28737937588603735
0.28692097207669587
0.2864622258600959
0.28600314628228934
0.2855437424123672
0.28508402333751315
0.2846239981580673
0.28416367598260517
0.2837030659230375
0.2832421770897344
0.2827810185866827
0.28231959950667984
0.2818579289265703
0.2813960159025297
0.28093386946540194
0.280471498616095
0.28000891232103853
0.2795461195077095
0.27908312906023125
0.2786199498150485
0.278156590556684
0.2776930600135804
0.2772293668540312
0.27676551968220797
0.2763015270342781
0.2758373973746313
0.27537313909220285
0.27490876049690727
0.27444426981618075
0.27397967519163635
0.27351498467583235
0.27305020622916165
0.27258534771685505
0.2721204169061102
0.27165542146334076
0.2711903689515511
0.27072526682783454
0.2702601224410004
0.2697949430293273
0.2693297357184438
0.2688645075193392
0.2683992653265
0.26793401591617877
0.26746876594478974
0.2670035219474318
0.2665382903365414
0.26607307740067093
0.26560788930339474
0.26514273208233924
0.264677611648338
0.2642125337847111
0.26374750414666226
0.2632825282608003
0.26281761152477534
0.2623527592070339
0.26188797644668577
0.26142326825348705
0.26095863950792875
0.26049409496143705
0.26002963923667805
0.25956527682796365
0.25910101210176173
0.2586368492973006
0.258172792527271
0.25770884577862
0.25724501291343516
0.2567812976699142
0.2563177036634205
0.25585423438761873
0.255390893215689
0.25492768340161664
0.25446460808155374
0.25400167027524967
0.25353887288755006
0.2530762187099558
0.25261371042224523
0.25215135059415295
0.25168914168710155
0.2512270860559879
0.2507651859510137
0.2503034435195665
0.24984186080814033
0.24938043976429602
0.24891918223866102
0.24845808998696267
0.24799716467209126
0.24753640786619538
0.24707582105279982
0.24661540562895204
0.24615516290738587
0.24569509411870505
0.2452352004135848
0.24477548286498582
0.24431594247038052
0.24385658015398956
0.243397396769024
0.24293839309993498
0.24247956986466543
0.2420209277169026
0.2415624672483313
0.24110418899088365
0.24064609341898519
0.24018818095179353
0.23973045195543283
0.2392729067452148
0.23881554558785098
0.23835836870365493
0.2379013762687258
0.2374445684171225
0.23698794524301658
0.23653150680283272
0.23607525311736588
0.2356191841738825
0.23516329992819854
0.23470760030673757
0.2342520852085656
0.2337967545074011
0.23334160805360402
0.23288664567613668
0.23243186718450015
0.23197727237064472
0.23152286101085232
0.23106863286759277
0.23061458769134988
0.23016072522242148
0.22970704519268867
0.22925354732735728
0.22880023134666674
0.22834709696757358
0.22789414390539908
0.2274413718754526
0.22698878059461794
0.2265363697829144
0.22608413916502207
0.2256320884717801
0.22518021744165106
0.2247285258221555
0.22427701337127406
0.2238256798588205
0.22337452506778038
0.222923548795622
0.22247275085557372
0.2220221310778713
0.22157168931097496
0.22112142542275526
0.22067133930164692
0.2202214308577751
0.21977170002405
0.21932214675723055
0.21887277103896008
0.21842357287677117
0.21797455230506158
0.21752570938604177
0.21707704421065213
0.21662855689945254
0.21618024760348406
0.21573211650510116
0.21528416381877785
0.21483638979188516
0.2143887947054427
0.21394137887484052
0.21349414265053948
0.21304708641873923
0.21260021060202478
0.21215351565998739
0.21170700208981555
0.21126067042686708
0.2108145212452113
0.21036855515815137
0.20992277281871807
0.2094771749201436
0.2090317621963093
0.20858653542217245
0.20814149541416754
0.20769664303058816
0.20725197917194443
0.2068075047812981
0.20636322084457948
0.20591912839087825
0.20547522849271702
0.20503152226630253
0.20458801087175676
0.2041446955133277
0.20370157743957976
0.20325865794356665
0.20281593836298198
0.2023734200802934
0.20193110452285573
0.20148899316300797
0.20104708751814937
0.2006053891508005
0.20016389966864317
0.19972262072454602
0.19928155401657083
0.19884070128796283
0.19840006432712332
0.19795964496756652
0.19751944508786
0.19707946661154827
0.1966397115070627
0.19620018178761117
0.19576087951105878
0.19532180677978764
0.1948829657405447
0.19444435858427334
0.19400598754593254
0.1935678549042979
0.19312996298175297
0.19269231414406277
0.19225491080013601
0.19181775540177196
0.19138085044339653
0.1909441984617806
0.19050780203575066
0.19007166378588347
0.18963578637418727
0.1892001725037743
0.1887648249185166
0.18832974640269284
0.18789493978062238
0.18746040791628674
0.18702615371294107
0.1865921801127121
0.1861584900961883
0.18572508668199453
0.18529197292636002
0.1848591519226734
0.18442662680102762
0.18399440072775491
0.18356247690495195
0.18313085856999398
0.18269954899504057
0.1822685514865301
0.18183786938466695
0.1814075060628984
0.1809774649273817
0.18054774941644347
0.18011836300003098
0.17968930917915288
0.1792605914853144
0.17883221347994208
0.17840417875380155
0.1779764909264081
0.17754915364542917
0.17712217058608015
0.17669554545051236
0.1762692819671935
0.17584338389028414
0.17541785499900503
0.17499269909699847
0.17456792001168542
0.17414352159361407
0.17371950771580563
0.17329588227309223
0.1728726491814508
0.17244981237733142
0.1720273758169816
0.17160534347576534
0.17118371934747773
0.170762507443655
0.1703417117928829
0.16992133644009816
0.16950138544588783
0.16908186288578714
0.168662772849571
0.1682441194405445
0.16782590677483175
0.16740813898065965
0.1669908201976422
0.1665739545760616
0.16615754627614662
0.16574159946735273
0.16532611832763722
0.1649111070427356
0.1644965698054367
0.16408251081485745
0.16366893427571655
0.16325584439760873
0.1628432453942794
0.16243114148289828
0.1620195368833355
0.16160843581743733
0.16119784250830307
0.16078776117956356
0.16037819605466042
0.15996915135612874
0.15956063130487938
0.159152640119485
0.15874518201546825
0.15833826120459196
0.15793188189415322
0.15752604828627867
0.1571207645772258
0.15671603495668388
0.1563118636070827
0.1559082547029021
0.15550521240998683
0.15510274088486592
0.15470084427407468
0.1542995267134848
0.15389879232763545
0.1534986452290718
0.15309908951768822
0.1527001292800771
0.15230176858888161
0.15190401150215693
0.15150686206273575
0.15111032429759938
0.15071440221725632
0.15031909981512698
0.1499244210669347
0.149530369930103
0.14913695034316132
0.14874416622515557
0.14835202147506815
0.14796051997124357
0.14756966557082188
0.14717946210918065
0.1467899133993837
0.14640102323163698
0.14601279537275427
0.14562523356563015
0.14523834152871937
0.14485212295552757
0.14446658151410835
0.14408172084656842
0.143697544568584
0.14331405626892144
0.14293125950897156
0.14254915782228902
0.14216775471414134
0.14178705366106936
0.14140705811045226
0.14102777148008627
0.14064919715776852
0.14027133850089335
0.13989419883605514
0.1395177814586622
0.13914208963255947
0.13876712658966006
0.13839289552958634
0.1380193996193209
0.13764664199286636
0.13727462575091487
0.13690335396052722
0.13653282965482033
0.1361630558326658
0.1357940354583966
0.13542577146152357
0.1350582667364621
0.1346915241422668
0.13432554650237635
0.1339603366043682
0.13359589719972143
0.13323223100359077
0.13286934069458745
0.13250722891457092
0.13214589826845058
0.1317853513239947
0.1314255906116491
0.13106661862436603
0.13070843781744107
0.13035105060835928
0.12999445937664994
0.12963866646375102
0.12928367417288178
0.12892948476892455
0.12857610047831408
0.12822352348893776
0.1278717559500417
0.1275207999721478
0.12717065762697705
0.12682133094738296
0.12647282192729137
0.12612513252165122
0.1257782646463896
0.12543222017837832
0.1250870009554063
0.12474260877616022
0.12439904540021325
0.12405631254802175
0.1237144119009275
0.12337334510117058
0.12303311375190612
0.12269371941723153
0.1223551636222178
0.12201744785295064
0.12168057355657669
0.12134454214135756
0.12100935497672871
0.12067501339336882
0.1203415186832713
0.12000887209982541
0.11967707485790112
0.1193461281339433
0.11901603306606894
0.1186867907541718
0.118358402260033
0.11803086860743725
0.11770419078229401
0.11737836973276558
0.11705340636939901
0.11672930156526495
0.11640605615610036
0.1160836709404568
0.11576214667985424
0.11544148409893931
0.11512168388564753
0.11480274669137201
0.11448467313113528
0.11416746378376541
0.11385111919207774
0.1135356398630598
0.11322102626806126
0.11290727884298607
0.11259439798849086
0.11228238407018563
0.11197123741883838
0.11166095833058376
0.11135154706713496
0.11104300385599836
0.11073532889069279
0.1104285223309711
0.11012258430304465
0.10981751489981076
0.10951331418108466
0.10920998217383115
0.10890751887240223
0.10860592423877496
0.10830519820279279
0.108005340662409
0.10770635148393291
0.10740823050227817
0.10711097752121199
0.10681459231360826
0.10651907462170115
0.10622442415734167
0.10593064060225531
0.10563772360830069
0.10534567279773194
0.10505448776345991
0.10476416806931715
0.10447471325032268
0.10418612281294881
0.10389839623538791
0.10361153296782344
0.10332553243269717
0.10304039402498202
0.10275611711245244
0.10247270103595768
0.10219014510969493
0.10190844862148199
0.10162761083303386
0.10134763098023565
0.10106850827341933
0.10079024189763833
0.1005128310129453
0.10023627475466615
0.0999605722336791
0.09968572253668924
0.0994117247265066
0.09913857784232225
0.09886628089998505
0.09859483289227806
0.09832423278919576
0.09805447953821902
0.0977855720645918
0.09751750927159628
0.0972502900408287
0.09698391323247284
0.09671837768557623
0.09645368221832151
0.09618982562830199
0.09592680669279237
0.09566462416902176
0.0954032767944438
0.09514276328700837
0.09488308234543026
0.09462423264945818
0.09436621286014271
0.09410902162010346
0.09385265755379468
0.09359711926777077
0.0933424053509505
0.093088514374879
0.09283544489399063
0.09258319544586961
0.09233176455150871
0.09208115071556908
0.0918313524266365
0.09158236815747735
0.09133419636529369
0.09108683549197633
0.09084028396435719
0.0905945401944599
0.09034960257974825
0.09010546950337572
0.08986213933443084
0.08961961042818235
0.08937788112632325
0.08913694975721244
0.08889681463611526
0.08865747406544301
0.08841892633499002
0.08818116972216983
0.0879442024922493
0.08770802289858204
0.08747262918283857
0.08723801957523664
0.08700419229476886
0.0867711455494287
0.08653887753643588
0.08630738644245835
0.08607667044383378
0.08584672770678946
0.08561755638766003
0.08538915463310272
0.08516152058031301
0.08493465235723648
0.08470854808277983
0.08448320586702018
0.08425862381141212
0.08403480000899377
0.08381173254459055
0.0835894194950168
0.08336785892927705
0.08314704890876355
0.08292698748745342
0.0827076727121041
0.08248910262244541
0.08227127525137222
0.08205418862513318
0.08183784076351878
0.0816222296800478
0.08140735338215016
0.08119320987135112
0.08097979714345085
0.08076711318870342
0.08055515599199399
0.08034392353301373
0.08013341378643407
0.07992362472207747
0.079714554305088
0.07950620049609902
0.0792985612513995
0.07909163452309925
0.07888541825929113
0.07867991040421192
0.07847510889840255
0.0782710116788644
0.0780676166792161
0.0778649218298467
0.07766292505806893
0.07746162428826914
0.07726101744205612
0.07706110243840841
0.07686187719381962
0.07666333962244251
0.07646548763623032
0.07626831914507741
0.07607183205695824
0.07587602427806353
0.07568089371293643
0.07548643826460556
0.07529265583471711
0.07509954432366493
0.07490710163072013
0.07471532565415681
0.07452421429137882
0.07433376543904235
0.07414397699317914
0.07395484684931684
0.07376637290259769
0.0735785530478966
0.07339138517993676
0.07320486719340404
0.07301899698305998
0.07283377244385246
0.07264919147102691
0.07246525196023308
0.07228195180763236
0.07209928891000345
0.0719172611648453
0.07173586647048076
0.07155510272615581
0.07137496783214052
0.0711954596898257
0.07101657620182049
0.07083831527204687
0.07066067480583392
0.07048365271000942
0.07030724689299132
0.07013145526487781
0.06995627573753398
0.06978170622468031
0.06960774464197741
0.06943438890711032
0.06926163693987131
0.06908948666224177
0.0689179359984719
0.06874698287516047
0.06857662522133212
0.06840686096851349
0.06823768805080899
0.0680691044049748
0.06790110797049084
0.06773369668963308
0.06756686850754394
0.06740062137230038
0.06723495323498299
0.06706986204974227
0.06690534577386384
0.06674140236783375
0.06657802979540138
0.06641522602364125
0.06625298902301466
0.06609131676742923
0.06593020723429836
0.06576965840459814
0.06560966826292511
0.06545023479755073
0.06529135600047725
0.06513302986749
0.0649752543982112
0.0648180275961502
0.06466134746875496
0.06450521202746123
0.0643496192877409
0.06419456726914965
0.06404005399537363
0.06388607749427525
0.0637326357979374
0.06357972694270742
0.06342734896923992
0.06327549992253884
0.06312417785199821
0.06297338081144246
0.06282310685916562
0.06267335405796921
0.06252412047520084
0.062375404182789404
0.06222720325728229
0.06207951577987926
0.06193233983646708
0.061785673517653086
0.061639514918796975
0.06149386214004342
0.061348713286352136
0.06120406646752884
0.06105991979825434
0.060916271398112384
0.060773119391619584
0.06063046190825032
0.06048829708246462
0.060346623053733284
0.06020543796656313
0.06006473997052113
0.05992452722025826
0.05978479787553203
0.05964555010122919
0.059506782067386924
0.059368491949214
0.059230677927111085
0.05909333818669002
0.05895647091879361
0.058820074319512965
0.058684146590206245
0.058548685937514805
0.058413690573380875
0.058279158715062736
0.058145088585150245
0.05801147841157986
0.05787832642764859
0.05774563087202806
0.057613389988777144
0.05748160202735508
0.05735026524263314
0.057219377894906276
0.057088938249903944
0.0569589445788009
0.05682939515822713
0.056700288270276955
0.05657162220251838
0.056443395248001516
0.05631560570526654
0.056188251878351185
0.056061332076798004
0.05593484461566075
0.05580878781551096
0.05568316000244296
0.05555795950808006
0.05543318466957867
0.05530883382963322
0.055184905336479746
0.05506139754389999
0.054938308811224065
0.054815637503333674
0.05469338199066465
0.054571540649208064
0.054450111860513156
0.054329094011687416
0.05420848549539839
0.05408828470987361
0.05396849005890122
0.053849099951829266
0.05373011280356574
0.053611527034577375
0.05349334107088845
0.053375553344079466
0.0532581622912853
0.053141166355192684
0.053024563984037966
0.05290835363160457
0.05279253375721936
0.05267710282574992
0.05256205930759998
0.0524474016787065
0.052333128420534655
0.05221923802007343
0.05210572896983112
0.05199259976783013
0.05187984891760127
0.051767474928178965
0.051655476314094714
0.051543851595371025
0.051432599297515584
0.05132171795151429
0.05121120609382442
0.051101062266368014
0.050991285016523676
0.05088187289712046
0.05077282446642878
0.05066413828815347
0.050555812931425075
0.05044784697079176
0.050340238986210845
0.05023298756303981
0.0501260912920274
0.05001954876930459
0.049913358596375634
