0.48137318470644497
0.5150492790674401
0.514552364140917
0.5140357943759021
0.5136562736609389
0.5133767750145499
0.5131696531132685
0.5130148909887007
0.5128980274962375
0.5128086269080958
0.512739161135715
0.512684198202651
0.5126398154984999
0.5126031767508767
0.5125722276000491
0.5125454767709733
0.5125218388625618
0.5125005214151477
0.5124809437614388
0.5124626786783626
0.5124454103924787
0.5124289043162189
0.5124129852024992
0.512397521344808
0.512382413122931
0.5123675846763116
0.5123529778318799
0.5123385476599541
0.5123242592084201
0.5123100850918386
0.5122960037026842
0.5122819978768363
0.5122680538920156
0.5122541607112928
0.5122403094078549
0.5122264927245349
0.5122127047341094
0.5121989405754102
0.5121851962468463
0.5121714684437023
0.5121577544290504
0.512144051930661
0.5121303590581686
0.5121166742361305
0.5121029961496442
0.5120893236999561
0.5120756559680666
0.5120619921847807
0.512048331705973
0.5120346739921011
0.512021018591194
0.5120073651246885
0.511993713275621
0.5119800627787586
0.5119664134123457
0.5119527649911866
0.5119391173608475
0.5119254703927885
0.5119118239802743
0.5118981780349371
0.5118845324838862
0.5118708872672755
0.5118572423362557
0.5118435976512516
0.5118299531805082
0.5118163088988688
0.5118026647867432
0.5117890208292399
0.5117753770154335
0.5117617333377462
0.5117480897914297
0.5117344463741246
0.511720803085491
0.5117071599268967
0.5116935169011544
0.5116798740122986
0.5116662312654002
0.5116525886664074
0.5116389462220131
0.5116253039395431
0.5116116618268607
0.5115980198922867
0.5115843781445335
0.5115707365926467
0.5115570952459576
0.5115434541140433
0.5115298132066923
0.5115161725338752
0.511502532105721
0.5114888919324969
0.51147525202459
0.5114616123924935
0.511447973046794
0.5114343339981616
0.5114206952573401
0.5114070568351408
0.5113934187424349
0.5113797809901498
0.5113661435892626
0.5113525065507981
0.5113388698858248
0.5113252336054515
0.5113115977208266
0.5112979622431344
0.5112843271835946
0.5112706925534604
0.5112570583640172
0.5112434246265816
0.5112297913525007
0.5112161585531513
0.5112025262399389
0.511188894424297
0.5111752631176876
0.5111616323315993
0.511148002077548
0.5111343723670763
0.5111207432117528
0.511107114623172
0.5110934866129551
0.5110798591927471
0.5110662323742194
0.5110526061690688
0.5110389805890158
0.5110253556458063
0.5110117313512111
0.5109981077170249
0.5109844847550664
0.5109708624771792
0.51095724089523
0.5109436200211096
0.5109299998667327
0.5109163804440378
0.510902761764986
0.5108891438415619
0.5108755266857741
0.5108619103096532
0.5108482947252533
0.510834679944651
0.5108210659799457
0.5108074528432598
0.5107938405467373
0.510780229102545
0.5107666185228715
0.5107530088199284
0.5107394000059484
0.5107257920931862
0.5107121850939182
0.5106985790204427
0.5106849738850792
0.5106713697001685
0.5106577664780725
0.5106441642311751
0.5106305629718803
0.5106169627126127
0.510603363465819
0.5105897652439653
0.5105761680595386
0.5105625719250464
0.5105489768530163
0.5105353828559963
0.5105217899465544
0.510508198137278
0.5104946074407748
0.510481017869672
0.5104674294366165
0.5104538421542745
0.5104402560353313
0.5104266710924914
0.5104130873384789
0.5103995047860361
0.5103859234479248
0.5103723433369247
0.5103587644658346
0.5103451868474713
0.5103316104946708
0.5103180354202861
0.5103044616371892
0.5102908891582694
0.5102773179964342
0.5102637481646085
0.5102501796757348
0.5102366125427734
0.5102230467787015
0.5102094823965133
0.5101959194092208
0.5101823578298521
0.5101687976714526
0.5101552389470843
0.5101416816698254
0.5101281258527709
0.5101145715090317
0.5101010186517353
0.5100874672940252
0.5100739174490602
0.5100603691300156
0.5100468223500817
0.5100332771224647
0.5100197334603864
0.5100061913770831
0.5099926508858068
0.5099791119998244
0.5099655747324177
0.5099520390968827
0.5099385051065307
0.5099249727746872
0.5099114421146917
0.5098979131398983
0.5098843858636752
0.5098708602994044
0.5098573364604811
0.5098438143603155
0.5098302940123299
0.5098167754299612
0.5098032586266585
0.509789743615885
0.5097762304111162
0.5097627190258407
0.5097492094735601
0.5097357017677876
0.5097221959220501
0.5097086919498865
0.5096951898648471
0.5096816896804951
0.5096681914104051
0.5096546950681639
0.5096412006673696
0.5096277082216318
0.5096142177445716
0.5096007292498216
0.5095872427510247
0.5095737582618355
0.509560275795919
0.5095467953669509
0.5095333169886177
0.5095198406746159
0.5095063664386527
0.5094928942944446
0.5094794242557189
0.5094659563362126
0.5094524905496721
0.5094390269098534
0.509425565430522
0.5094121061254525
0.5093986490084288
0.5093851940932439
0.5093717413936991
0.5093582909236051
0.5093448426967804
0.5093313967270525
0.509317953028257
0.5093045116142372
0.5092910724988452
0.50927763569594
0.5092642012193891
0.5092507690830669
0.5092373393008556
0.5092239118866446
0.5092104868543302
0.5091970642178157
0.5091836439910113
0.5091702261878339
0.5091568108222067
0.5091433979080594
0.5091299874593282
0.5091165794899549
0.5091031740138875
0.5090897710450796
0.5090763705974904
0.5090629726850849
0.5090495773218332
0.5090361845217107
0.5090227942986975
0.5090094066667789
0.5089960216399447
0.5089826392321897
0.5089692594575125
0.5089558823299166
0.5089425078634093
0.5089291360720019
0.5089157669697092
0.5089024005705504
0.5088890368885475
0.5088756759377264
0.5088623177321159
0.5088489622857479
0.5088356096126573
0.5088222597268817
0.5088089126424612
0.5087955683734383
0.508782226933858
0.5087688883377676
0.5087555525992155
0.5087422197322532
0.5087288897509324
0.5087155626693078
0.5087022385014345
0.508688917261369
0.5086755989631688
0.5086622836208924
0.5086489712485988
0.508635661860348
0.5086223554702002
0.5086090520922154
0.5085957517404543
0.5085824544289772
0.5085691601718443
0.5085558689831153
0.5085425808768498
0.5085292958671058
0.5085160139679413
0.5085027351934128
0.5084894595575755
0.5084761870744838
0.5084629177581903
0.5084496516227459
0.5084363886821992
0.5084231289505977
0.5084098724419862
0.5083966191704073
0.5083833691499009
0.5083701223945045
0.508356878918253
0.5083436387351777
0.5083304018593071
0.5083171683046667
0.5083039380852782
0.5082907112151595
0.5082774877083249
0.508264267578785
0.5082510508405457
0.508237837507609
0.5082246275939726
0.5082114211136289
0.5081982180805663
0.5081850185087678
0.5081718224122113
0.5081586298048695
0.5081454407007095
0.5081322551136929
0.5081190730577756
0.5081058945469074
0.5080927195950317
0.5080795482160863
0.5080663804240017
0.5080532162327022
0.5080400556561054
0.5080268987081218
0.5080137454026546
0.5080005957536001
0.5079874497748464
0.5079743074802747
0.5079611688837576
0.5079480339991608
0.5079349028403406
0.5079217754211455
0.5079086517554158
0.5078955318569826
0.5078824157396684
0.5078693034172868
0.5078561949036418
0.507843090212528
0.5078299893577314
0.5078168923530268
0.5078037992121806
0.5077907099489476
0.5077776245770739
0.5077645431102937
0.507751465562332
0.5077383919469021
0.5077253222777066
0.5077122565684372
0.5076991948327738
0.5076861370843856
0.5076730833369293
0.5076600336040505
0.5076469878993825
0.5076339462365462
0.5076209086291505
0.5076078750907919
0.5075948456350536
0.5075818202755067
0.5075687990257086
0.5075557818992038
0.5075427689095232
0.5075297600701845
0.507516755394691
0.5075037548965325
0.5074907585891851
0.5074777664861095
0.5074647786007529
0.5074517949465474
0.50743881553691
0.5074258403852437
0.5074128695049352
0.5073999029093563
0.5073869406118636
0.5073739826257972
0.5073610289644819
0.5073480796412262
0.5073351346693222
0.5073221940620458
0.5073092578326562
0.5072963259943959
0.5072833985604899
0.5072704755441466
0.507257556958557
0.5072446428168942
0.5072317331323138
0.5072188279179537
0.5072059271869334
0.5071930309523541
0.5071801392272992
0.5071672520248326
0.5071543693579998
0.5071414912398275
0.5071286176833233
0.5071157487014747
0.5071028843072506
0.5070900245135994
0.50707716933345
0.5070643187797115
0.5070514728652723
0.507038631603
0.5070257950057429
0.5070129630863267
0.5070001358575578
0.5069873133322202
0.5069744955230772
0.5069616824428701
0.506948874104319
0.5069360705201215
0.5069232717029537
0.5069104776654687
0.5068976884202981
0.5068849039800497
0.5068721243573096
0.5068593495646398
0.5068465796145801
0.5068338145196463
0.5068210542923306
0.5068082989451018
0.5067955484904045
0.5067828029406594
0.5067700623082625
0.5067573266055857
0.5067445958449758
0.5067318700387553
0.5067191491992211
0.5067064333386454
0.5066937224692745
0.5066810166033291
0.5066683157530046
0.5066556199304699
0.506642929147868
0.5066302434173157
0.5066175627509025
0.5066048871606923
0.5065922166587213
0.506579551256999
0.5065668909675072
0.5065542358022007
0.5065415857730067
0.5065289408918238
0.5065163011705235
0.5065036666209487
0.5064910372549137
0.5064784130842047
0.5064657941205789
0.5064531803757644
0.5064405718614604
0.5064279685893368
0.5064153705710337
0.506402777818162
0.5063901903423023
0.5063776081550051
0.5063650312677913
0.5063524596921506
0.5063398934395427
0.5063273325213957
0.506314776949108
0.5063022267340452
0.5062896818875431
0.5062771424209049
0.5062646083454028
0.5062520796722764
0.5062395564127335
0.5062270385779499
0.5062145261790686
0.5062020192272002
0.5061895177334219
0.5061770217087788
0.5061645311642821
0.5061520461109097
0.5061395665596059
0.5061270925212819
0.5061146240068137
0.5061021610270446
0.5060897035927827
0.5060772517148014
0.5060648054038404
0.5060523646706035
0.5060399295257598
0.5060274999799439
0.506015076043754
0.5060026577277528
0.5059902450424679
0.5059778379983905
0.5059654366059753
0.5059530408756412
0.5059406508177706
0.5059282664427088
0.5059158877607645
0.5059035147822092
0.5058911475172773
0.5058787859761659
0.5058664301690338
0.5058540801060027
0.5058417357971564
0.5058293972525397
0.5058170644821604
0.5058047374959861
0.505792416303947
0.505780100915934
0.5057677913417988
0.5057554875913539
0.5057431896743729
0.505730897600589
0.505718611379696
0.5057063310213474
0.5056940565351573
0.5056817879306985
0.5056695252175043
0.5056572684050664
0.5056450175028363
0.5056327725202238
0.5056205334665982
0.5056083003512867
0.5055960731835752
0.5055838519727082
0.5055716367278879
0.5055594274582739
0.5055472241729843
0.5055350268810944
0.505522835591637
0.5055106503136017
0.5054984710559353
0.5054862978275414
0.5054741306372803
0.5054619694939686
0.5054498144063793
0.5054376653832415
0.5054255224332402
0.505413385565016
0.5054012547871654
0.50538913010824
0.5053770115367467
0.5053648990811475
0.5053527927498593
0.5053406925512538
0.5053285984936566
0.5053165105853485
0.5053044288345641
0.505292353249492
0.5052802838382746
0.5052682206090078
0.5052561635697416
0.5052441127284784
0.5052320680931747
0.5052200296717391
0.5052079974720335
0.5051959715018725
0.5051839517690229
0.5051719382812034
0.5051599310460859
0.5051479300712934
0.5051359353644008
0.5051239469329347
0.5051119647843731
0.5050999889261453
0.5050880193656316
0.5050760561101636
0.5050640991670227
0.5050521485434422
0.5050402042466047
0.5050282662836437
0.5050163346616429
0.5050044093876351
0.5049924904686036
0.5049805779114811
0.5049686717231495
0.5049567719104404
0.5049448784801341
0.5049329914389602
0.5049211107935963
0.5049092365506694
0.5048973687167548
0.5048855072983759
0.504873652302004
0.5048618037340585
0.5048499616009071
0.5048381259088643
0.5048262966641927
0.5048144738731017
0.5048026575417482
0.5047908476762362
0.5047790442826156
0.5047672473668842
0.5047554569349854
0.5047436729928094
0.5047318955461924
0.5047201246009163
0.5047083601627097
0.5046966022372462
0.5046848508301451
0.5046731059469711
0.5046613675932345
0.5046496357743898
0.5046379104958374
0.5046261917629217
0.5046144795809322
0.5046027739551027
0.5045910748906112
0.5045793823925798
0.504567696466075
0.5045560171161068
0.5045443443476287
0.504532678165538
0.5045210185746757
0.5045093655798253
0.504497719185714
0.5044860793970114
0.5044744462183304
0.5044628196542263
0.5044511997091967
0.5044395863876818
0.5044279796940638
0.5044163796326672
0.5044047862077577
0.5043931994235439
0.5043816192841747
0.5043700457937415
0.5043584789562762
0.5043469187757526
0.5043353652560845
0.5043238184011277
0.504312278214678
0.5043007447004718
0.5042892178621863
0.5042776977034387
0.5042661842277864
0.5042546774387267
0.5042431773396969
0.5042316839340741
0.5042201972251747
0.504208717216255
0.5041972439105099
0.5041857773110741
0.5041743174210209
0.5041628642433627
0.5041514177810505
0.5041399780369742
0.5041285450139619
0.5041171187147798
0.504105699142133
0.5040942862986638
0.5040828801869531
0.5040714808095195
0.5040600881688188
0.5040487022672445
0.504037323107128
0.5040259506907375
0.5040145850202781
0.5040032260978922
0.5039918739256591
0.5039805285055948
0.5039691898396519
0.503957857929719
0.5039465327776219
0.5039352143851221
0.5039239027539169
0.50391259788564
0.5039012997818609
0.5038900084440848
0.5038787238737521
0.503867446072239
0.5038561750408571
0.5038449107808526
0.5038336532934076
0.5038224025796384
0.5038111586405967
0.5037999214772686
0.5037886910905748
0.5037774674813703
0.5037662506504448
0.5037550405985219
0.5037438373262597
0.5037326408342495
0.5037214511230174
0.5037102681930223
0.5036990920446575
0.5036879226782492
0.5036767600940575
0.5036656042922756
0.5036544552730292
0.503643313036378
0.5036321775823143
0.5036210489107629
0.5036099270215812
0.50359881191456
0.5035877035894217
0.5035766020458214
0.5035655072833464
0.503554419301516
0.5035433380997818
0.503532263677527
0.5035211960340666
0.5035101351686476
0.5034990810804483
0.5034880337685783
0.5034769932320793
0.503465959469923
0.5034549324810137
0.5034439122641854
0.5034328988182041
0.5034218921417658
0.5034108922334978
0.5033998990919576
0.5033889127156336
0.5033779331029444
0.5033669602522388
0.503355994161796
0.5033450348298252
0.5033340822544656
0.5033231364337866
0.5033121973657866
0.5033012650483948
0.5032903394794691
0.5032794206567972
0.5032685085780967
0.5032576032410135
0.5032467046431239
0.5032358127819323
0.5032249276548726
0.5032140492593076
0.5032031775925287
0.5031923126517568
0.5031814544341404
0.5031706029367572
0.5031597581566132
0.5031489200906429
0.5031380887357088
0.503127264088602
0.5031164461460411
0.5031056349046735
0.5030948303610739
0.503084032511745
0.5030732413531174
0.5030624568815492
0.5030516790933259
0.5030409079846614
0.5030301435516956
0.503019385790497
0.5030086346970603
0.502997890267308
0.5029871524970897
0.5029764213821816
0.5029656969182871
0.5029549791010361
0.5029442679259858
0.5029335633886195
0.5029228654843473
0.5029121742085059
0.5029014895563582
0.5028908115230938
0.5028801401038283
0.5028694752936032
0.5028588170873869
0.5028481654800734
0.5028375204664821
0.5028268820413594
0.5028162501993768
0.5028056249351319
0.5027950062431474
0.5027843941178723
0.5027737885536807
0.5027631895448723
0.5027525970856721
0.5027420111702303
0.5027314317926228
0.5027208589468503
0.5027102926268385
0.5026997328264384
0.5026891795394262
0.5026786327595023
0.5026680924802924
0.502657558695347
0.5026470313981412
0.5026365105820746
0.502625996240472
0.5026154883665818
0.5026049869535775
0.5025944919945566
0.5025840034825413
0.5025735214104778
0.5025630457712367
0.5025525765576124
0.5025421137623239
0.5025316573780139
0.5025212073972491
0.50251076381252
0.5025003266162412
0.5024898958007509
0.5024794713583112
0.5024690532811078
0.5024586415612501
0.5024482361907708
0.5024378371616264
0.5024274444656971
0.5024170580947858
0.5024066780406194
0.5023963042948477
0.5023859368490443
0.5023755756947054
0.5023652208232503
0.5023548722260224
0.5023445298942871
0.5023341938192332
0.5023238639919724
0.5023135404035395
0.5023032230448919
0.5022929119069102
0.5022826069803972
0.5022723082560789
0.5022620157246038
0.5022517293765433
0.502241449202391
0.5022311751925632
0.5022209073373989
0.5022106456271593
0.5022003900520282
0.5021901406021118
0.5021798972674383
0.5021696600379588
0.5021594289035464
0.5021492038539961
0.5021389848790255
0.5021287719682743
0.502118565111304
0.5021083642975988
0.5020981695165643
0.5020879807575284
0.5020777980097411
0.5020676212623737
0.5020574505045204
0.5020472857251965
0.5020371269133393
0.5020269740578085
0.5020168271473845
0.5020066861707699
0.5019965511165896
0.5019864219733894
0.5019762987296369
0.5019661813737215
0.5019560698939545
0.5019459642785681
0.501935864515716
0.5019257705934743
0.5019156824998396
0.5019056002227308
0.5018955237499872
0.5018854530693705
0.5018753881685633
0.5018653290351694
0.5018552756567143
0.5018452280206447
0.5018351861143284
0.5018251499250546
0.5018151194400338
0.5018050946463974
0.5017950755311986
0.501785062081411
0.50177505428393
0.5017650521255719
0.501755055593074
0.5017450646730948
0.5017350793522138
0.5017250996169318
0.5017151254536705
0.5017051568487724
0.5016951937885015
0.5016852362590424
0.5016752842465007
0.501665337736903
0.5016553967161974
0.501645461170252
0.5016355310848564
0.5016256064457211
0.501615687238477
0.501605773448677
0.5015958650617935
0.5015859620632209
0.501576064438274
0.5015661721721879
0.5015562852501196
0.5015464036571461
0.5015365273782658
0.5015266563983976
0.5015167907023809
0.5015069302749767
0.5014970751008662
0.5014872251646512
0.501477380450855
0.5014675409439211
0.5014577066282139
0.5014478774880188
0.5014380535075416
0.5014282346709091
0.5014184209621686
0.5014086123652886
0.501398808864158
0.5013890104425864
0.5013792170843046
0.5013694287729633
0.501359645492135
0.501349867225312
0.5013400939559081
0.5013303256672572
0.5013205623426145
0.5013108039651555
0.501301050517977
0.5012913019840957
0.50128155834645
0.5012718195878985
0.5012620856912205
0.5012523566391169
0.501242632414208
0.501232912999036
0.5012231983760633
0.5012134885276737
0.501203783436171
0.5011940830837802
0.5011843874526474
0.5011746965248389
0.5011650102823426
0.5011553287070664
0.5011456517808396
0.501135979485412
0.5011263118024549
0.5011166487135594
0.5011069902002387
0.5010973362439262
0.5010876868259762
0.5010780419276637
0.5010684015301854
0.5010587656146583
0.5010491341621209
0.5010395071535318
0.5010298845697715
0.5010202663916408
0.5010106525998621
0.5010010431750784
0.5009914380978538
0.5009818373486737
0.5009722409079441
0.5009626487559927
0.5009530608730679
0.5009434772393391
0.5009338978348973
0.5009243226397542
0.5009147516338429
0.5009051847970176
0.500895622109054
0.5008860635496488
0.5008765090984195
0.5008669587349057
0.5008574124385677
0.5008478701887875
0.5008383319648682
0.500828797746034
0.5008192675114309
0.5008097412401262
0.5008002189111087
0.5007907005032881
0.5007811859954964
0.5007716753664863
0.5007621685949324
0.5007526656594309
0.5007431665384993
0.5007336712105769
0.5007241796540243
0.5007146918471244
0.5007052077680809
0.5006957273950196
0.500686250705988
0.5006767776789556
0.500667308291813
0.5006578425223732
0.5006483803483707
0.5006389217474616
0.5006294666972247
0.50062001517516
0.5006105671586893
0.5006011226251572
0.5005916815518292
0.5005822439158938
0.5005728096944608
0.5005633788645626
0.5005539514031533
0.5005445272871094
0.5005351064932295
0.5005256889982342
0.5005162747787666
0.5005068638113923
0.5004974560725982
0.5004880515387946
0.5004786501863135
0.5004692519914099
0.5004598569302605
0.5004504649789648
0.5004410761135452
0.5004316903099455
0.5004223075440334
0.5004129277915982
0.5004035510283522
0.5003941772299307
0.5003848063718911
0.5003754384297135
0.5003660733788016
0.5003567111944809
0.5003473518520003
0.5003379953265319
0.5003286415931696
0.5003192906269314
0.5003099424027576
0.5003005968955118
0.5002912540799807
0.5002819139308738
0.5002725764228244
0.5002632415303883
0.5002539092280445
0.5002445794901956
0.5002352522911675
0.5002259276052096
0.5002166054064939
0.5002072856691167
0.5001979683670973
0.5001886534743782
0.5001793409648263
0.5001700308122315
0.5001607229903073
0.5001514174726909
0.5001421142329433
0.5001328132445494
0.5001235144809173
0.5001142179153796
0.5001049235211924
0.5000956312715357
0.5000863411395136
0.5000770530981541
0.5000677671204092
0.5000584831791554
0.5000492012471925
0.5000399212972451
0.5000306433019619
0.5000213672339158
0.500012093065604
0.500002820769448
0.4999935503177938
0.49998428168291154
0.49997501483699647
0.4999657497521677
0.4999564864004692
0.4999472247538693
0.49993796478426156
0.49992870646346377
0.4999194497632186
0.49991019465519343
0.49990094111098066
0.4998916891020973
0.4998824385999857
0.4998731895760131
0.49986394200147116
0.49985469584757736
0.499845451085474
0.4998362076862287
0.49982696562083406
0.4998177248602081
0.4998084853751943
0.4997992471365609
0.4997900101150024
0.4997807742811381
0.4997715396055132
0.49976230605859806
0.499753073610789
0.4997438422324082
0.49973461189370255
0.4997253825648458
0.499716154215937
0.4997069268170011
0.4996977003379889
0.4996884747487771
0.4996792500191684
0.49967002611889194
0.4996608030176025
0.49965158068488114
0.49964235909023524
0.49963313820309824
0.49962391799282985
0.4996146984287163
0.4996054794799703
0.49959626111573074
0.4995870433050629
0.4995778260169591
0.4995686092203383
0.49955939288404505
0.499550176976852
0.49954096146745763
0.4995317463244876
0.49952253151649423
0.4995133170119571
0.49950410277928226
0.49949488878680304
0.49948567500278
0.49947646139540053
0.4994672479327792
0.499458034582958
0.49944882131390617
0.4994396080935199
0.49943039488962326
0.4994211816699675
0.49941196840223123
0.49940275505402104
0.4993935415928704
0.4993843279862413
0.4993751142015227
0.49936590020603133
0.49935668596701227
0.4993474714516381
0.4993382566270092
0.499329041460154
0.4993198259180293
0.4993106099675192
0.49930139357543646
0.499292176708522
0.4992829593334448
0.49927374141680225
0.49926452292511986
0.49925530382485184
0.49924608408238036
0.49923686366401665
0.49922764253599994
0.49921842066449856
0.49920919801560926
0.4991999745553572
0.4991907502496968
0.49918152506451097
0.4991722989656116
0.49916307191873965
0.4991538438895645
0.4991446148436854
0.49913538474662994
0.49912615356385515
0.49911692126074736
0.49910768780262177
0.4990984531547234
0.4990892172822262
0.49907998015023336
0.4990707417237785
0.4990615019678235
0.4990522608472605
0.49904301832691134
0.4990337743715273
0.499024528945789
0.499015282014308
0.4990060335416244
0.4989967834922091
0.49898753183046246
0.4989782785207149
0.4989690235272272
0.4989597668141898
0.49895050834572374
0.4989412480858799
0.49893198599863975
0.49892272204791477
0.49891345619754723
0.4989041884113094
0.49889491865290425
0.4988856468859654
0.49887637307405663
0.498867097180673
0.4988578191692397
0.49884853900311316
0.4988392566455802
0.4988299720598588
0.49882068520909784
0.4988113960563768
0.49880210456470675
0.4987928106970295
0.498783514416218
0.49877421568507646
0.49876491446634047
0.4987556107226767
0.4987463044166831
0.4987369955108895
0.49872768396775674
0.4987183697496771
0.4987090528189747
0.4986997331379054
0.4986904106686566
0.4986810853733469
0.49867175721402773
0.4986624261526815
0.49865309215122267
0.49864375517149806
0.49863441517528595
0.49862507212429696
0.4986157259801738
0.49860637670449137
0.49859702425875657
0.49858766860440895
0.4985783097028197
0.49856894751529307
0.49855958200306555
0.49855021312730585
0.49854084084911554
0.49853146512952823
0.4985220859295112
0.4985127032099633
0.4985033169317166
0.4984939270555359
0.4984845335421192
0.4984751363520967
0.4984657354460324
0.4984563307844224
0.4984469223276965
0.4984375100362174
0.49842809387028086
0.49841867379011595
0.4984092497558853
0.4983998217276842
0.49839038966554194
0.49838095352942074
0.4983715132792166
0.4983620688747591
0.498352620275811
0.4983431674420691
0.4983337103331636
0.4983242489086588
0.49831478312805233
0.49830531295077596
0.49829583833619506
0.4982863592436093
0.4982768756322521
0.4982673874612909
0.4982578946898275
0.4982483972768975
0.4982388951814707
0.4982293883624516
0.49821987677867835
0.498210360388924
0.4982008391518956
0.4981913130262349
0.4981817819705181
0.4981722459432557
0.49816270490289305
0.49815315880781025
0.4981436076163217
0.49813405128667687
0.4981244897770599
0.4981149230455898
0.4981053510503204
0.4980957737492407
0.49808619110027447
0.4980766030612806
0.49806700959005323
0.49805741064432113
0.4980478061817487
0.4980381961599357
0.49802858053641696
0.49801895926866235
0.4980093323140778
0.4979996996300039
0.49799006117371747
0.4979804169024304
0.49797076677329
0.49796111074337995
0.4979514487697191
0.49794178080926155
0.49793210681889843
0.4979224267554552
0.49791274057569446
0.49790304823631415
0.497893349693948
0.49788364490516607
0.4978739338264743
0.4978642164143151
0.49785449262506654
0.49784476241504305
0.49783502574049543
0.4978252825576106
0.49781553282251223
0.4978057764912596
0.49779601351984926
0.4977862438642136
0.4977764674802221
0.49776668432368015
0.4977568943503304
0.49774709751585183
0.49773729377585996
0.4977274830859074
0.49771766540148366
0.4977078406780146
0.4976980088708634
0.4976881699353298
0.49767832382665117
0.49766847050000107
0.4976586099104908
0.49764874201316844
0.4976388667630192
0.4976289841149658
0.4976190940238679
0.4976091964445227
0.49759929133166436
0.49758937863996483
0.4975794583240334
0.49756953033841667
0.49755959463759886
0.49754965117600186
0.4975396999079848
0.4975297407878448
0.4975197737698167
0.4975097988080727
0.49749981585672315
0.4974898248698159
0.4974798258013372
0.4974698186052104
0.4974598032352976
0.49744977964539827
0.4974397477892503
0.4974297076205295
0.4974196590928498
0.49740960215976326
0.4973995367747602
0.4973894628912691
0.497379380462657
0.4973692894422289
0.49735918978322835
0.49734908143883705
0.4973389643621756
0.49732883850630283
0.4973187038242161
0.49730856026885145
0.4972984077930833
0.497288246349725
0.4972780758915284
0.4972678963711842
0.4972577077413217
0.4972475099545094
0.497237302963254
0.497227086720002
0.4972168611771377
0.4972066262869856
0.49719638200180805
0.4971861282738074
0.49717586505512446
0.49716559229783985
0.4971553099539724
0.49714501797548083
0.4971347163142629
0.49712440492215576
0.4971140837509361
0.4971037527523192
0.4970934118779604
0.49708306107945444
0.4970727003083354
0.49706232951607665
0.4970519486540919
0.4970415576737332
0.49703115652629337
0.49702074516300443
0.49701032353503805
0.49699989159350577
0.4969894492894589
0.49697899657388833
0.4969685333977252
0.4969580597118402
0.49694757546704427
0.49693708061408787
0.4969265751036619
0.4969160588863971
0.49690553191286424
0.4968949941335742
0.4968844454989783
0.4968738859594673
0.49686331546537316
0.4968527339669674
0.4968421414144619
0.49683153775800926
0.49682092294770175
0.4968102969335728
0.4967996596655958
0.4967890110936847
0.4967783511676938
0.4967676798374184
0.4967569970525938
0.4967463027628961
0.49673559691794217
0.4967248794672896
0.49671415036043626
0.4967034095468214
0.49669265697582443
0.49668189259676576
0.49667111635890693
0.4966603282114499
0.49664952810353785
0.4966387159842548
0.4966278918026257
0.49661705550761637
0.49660620704813424
0.49659534637302705
0.49658447343108425
0.4965735881710359
0.4965626905415538
0.4965517804912505
0.4965408579686799
0.4965299229223375
0.49651897530065947
0.4965080150520237
0.4964970421247493
0.4964860564670971
0.49647505802726905
0.4964640467534084
0.49645302259360036
0.49644198549587115
0.49643093540818906
0.4964198722784635
0.49640879605454574
0.49639770668422867
0.49638660411524677
0.49637548829527633
0.4963643591719351
0.4963532166927831
0.4963420608053219
0.49633089145699455
0.4963197085951863
0.4963085121672245
0.496297302120378
0.4962860784018578
0.49627484095881674
0.4962635897383498
0.4962523246874939
0.49624104575322847
0.4962297528824742
0.4962184460220945
0.4962071251188946
0.4961957901196223
0.49618444097096726
0.4961730776195616
0.49616170001197957
0.4961503080947379
0.4961389018142954
0.4961274811170533
0.4961160459493553
0.4961045962574875
0.49609313198767824
0.49608165308609864
0.49607015949886224
0.49605865117202486
0.49604712805158496
0.49603559008348386
0.4960240372136049
0.4960124693877748
0.49600088655176233
0.4959892886512794
0.49597767563198014
0.4959660474394618
0.4959544040192644
0.49594274531687027
0.4959310712777052
0.4959193818471376
0.4959076769704783
0.4958959565929818
0.49588422065984505
0.49587246911620814
0.49586070190715403
0.4958489189777084
0.49583712027284055
0.49582530573746253
0.4958134753164293
0.4958016289545395
0.49578976659653423
0.49577788818709784
0.4957659936708586
0.49575408299238705
0.4957421560961974
0.49573021292674724
0.4957182534284372
0.49570627754561114
0.49569428522255665
0.4956822764035042
0.49567025103262824
0.49565820905404584
0.49564615041181825
0.4956340750499499
0.49562198291238835
0.4956098739430252
0.49559774808569523
0.495585605284177
0.49557344548219234
0.49556126862340716
0.49554907465143044
0.49553686350981546
0.4955246351420582
0.49551238949159926
0.4955001265018226
0.49548784611605606
0.49547554827757084
0.49546323292958244
0.4954509000152498
0.49543854947767574
0.49542618125990723
0.4954137953049347
0.49540139155569274
0.49538896995506
0.4953765304458586
0.49536407297085494
0.4953515974727596
0.49533910389422664
0.4953265921778546
0.4953140622661859
0.4953015141017071
0.4952889476268488
0.49527636278398574
0.4952637595154369
0.4952511377634651
0.49523849747027765
0.4952258385780258
0.4952131610288056
0.49520046476465684
0.4951877497275634
0.49517501585945406
0.4951622631022013
0.4951494913976224
0.4951367006874787
0.4951238909134763
0.49511106201726474
0.4950982139404392
0.49508534662453835
0.49507246001104604
0.49505955404139007
0.4950466286569426
0.4950336837990211
0.49502071940888676
0.49500773542774545
0.49499473179674797
0.4949817084569896
0.49496866534951
0.4949556024152935
0.4949425195952693
0.4949294168303109
0.49491629406123683
0.4949031512288104
0.49488998827373903
0.49487680513667565
0.4948636017582172
0.4948503780789061
0.4948371340392289
0.49482386957961755
0.49481058464044836
0.4947972791620427
0.4947839530846667
0.49477060634853165
0.49475723889379347
0.4947438506605528
0.49473044158885593
0.49471701161869325
0.49470356069000065
0.4946900887426587
0.49467659571649314
0.4946630815512748
0.49464954618671947
0.4946359895624878
0.4946224116181856
0.49460881229336395
0.49459519152751874
0.4945815492600914
0.4945678854304678
0.49455419997797945
0.4945404928419032
0.49452676396146034
0.49451301327581815
0.4944992407240886
0.4944854462453289
0.49447162977854175
0.4944577912626748
0.49444393063662134
0.49443004783921934
0.4944161428092528
0.49440221548545044
0.4943882658064863
0.49437429371098035
0.4943602991374973
0.4943462820245473
0.494332242310586
0.4943181799340143
0.49430409483317883
0.49428998694637105
0.4942758562118287
0.49426170256773366
0.4942475259522147
0.494233326303345
0.4942191035591435
0.4942048576575748
0.49419058853654885
0.4941762961339211
0.4941619803874925
0.49414764123500954
0.49413327861416423
0.4941188924625939
0.494104482717882
0.4940900493175571
0.4940755921990935
0.49406111129991087
0.49404660655737476
0.4940320779087961
0.49401752529143134
0.49400294864248306
0.49398834789909907
0.4939737229983727
0.49395907387734345
0.4939444004729957
0.49392970272226
0.4939149805620128
0.4939002339290755
0.49388546276021594
0.49387066699214704
0.4938558465615279
0.493841001404963
0.49382613145900234
0.4938112366601425
0.49379631694482473
0.4937813722494367
0.4937664025103116
0.49375140766372827
0.4937363876459115
0.49372134239303145
0.4937062718412046
0.49369117592649264
0.4936760545849034
0.49366090775239013
0.49364573536485234
0.4936305373581347
0.49361531366802813
0.4936000642302693
0.49358478898054003
0.49356948785446897
0.4935541607876296
0.49353880771554176
0.4935234285736708
0.493508023297428
0.49349259182217026
0.49347713408320054
0.49346165001576714
0.49344613955506467
0.4934306026362333
0.4934150391943586
0.49339944916447276
0.49338383248155304
0.4933681890805226
0.4933525188962506
0.4933368218635519
0.493321097917187
0.49330534699186246
0.4932895690222302
0.49327376394288813
0.49325793168838017
0.49324207219319516
0.4932261853917689
0.4932102712184816
0.4931943296076604
0.49317836049357755
0.49316236381045103
0.49314633949244474
0.49313028747366805
0.49311420768817626
0.4930981000699702
0.4930819645529964
0.4930658010711474
0.49304960955826094
0.4930333899481206
0.49301714217445575
0.49300086617094113
0.4929845618711972
0.49296822920879013
0.492951868117232
0.49293547852997965
0.49291906038043615
0.49290261360195003
0.49288613812781534
0.49286963389127164
0.49285310082550393
0.4928365388636427
0.4928199479387645
0.49280332798389054
0.49278667893198796
0.4927700007159693
0.4927532932686924
0.4927365565229607
0.492719790411523
0.4927029948670732
0.4926861698222511
0.4926693152096412
0.4926524309617737
0.4926355170111242
0.49261857329011305
0.4926015997311068
0.4925845962664161
0.4925675628282976
0.4925504993489529
0.49253340576052873
0.492516281995117
0.4924991279847547
0.4924819436614238
0.49246472895705173
0.4924474838035106
0.49243020813261756
0.49241290187613485
0.4923955649657695
0.4923781973331737
0.49236079890994444
0.4923433696276234
0.4923259094176976
0.4923084182115978
0.492290895940701
0.49227334253632765
0.49225575792974363
0.4922381420521593
0.4922204948347295
0.492202816208554
0.4921851061046766
0.4921673644540863
0.4921495911877162
0.4921317862364437
0.4921139495310911
0.4920960810024246
0.49207818058115493
0.49206024819793726
0.4920422837833707
0.49202428726799896
0.4920062585823093
0.49198819765673363
0.491970104421648
0.4919519788073721
0.4919338207441699
0.49191563016224893
0.49189740699176127
0.49187915116280223
0.49186086260541106
0.491842541249571
0.49182418702520875
0.4918057998621948
0.4917873796903431
0.4917689264394111
0.49175044003909996
0.4917319204190539
0.4917133675088611
0.4916947812380522
0.4916761615361024
0.4916575083324285
0.4916388215563916
0.4916201011372954
0.49160134700438696
0.4915825590868558
0.4915637373138348
0.49154488161439946
0.49152599191756824
0.4915070681523017
0.49148811024750405
0.4914691181320211
0.4914500917346418
0.49143103098409735
0.49141193580906084
0.49139280613814856
0.49137364189991833
0.4913544430228703
0.491335209435447
0.4913159410660323
0.49129663784295263
0.49127729969447576
0.49125792654881184
0.49123851833411214
0.4912190749784698
0.4911995964099195
0.49118008255643697
0.49116053334594023
0.4911409487062876
0.4911213285652791
0.4911016728506554
0.4910819814900991
0.49106225441123286
0.49104249154162066
0.4910226928087668
0.4910028581401167
0.49098298746305613
0.4909630807049112
0.4909431377929488
0.49092315865437575
0.490903143216339
0.490883091405926
0.4908630031501638
0.4908428783760196
0.4908227170104002
0.4908025189801518
0.49078228421206094
0.4907620126328529
0.4907417041691929
0.4907213587476849
0.4907009762948723
0.4906805567372375
0.49066010000120164
0.4906396060131252
0.49061907469930655
0.4905985059859831
0.49057789979933086
0.4905572560654639
0.49053657471043466
0.49051585566023376
0.49049509884078957
0.49047430417796817
0.490453471597574
0.49043260102534836
0.4904116923869709
0.4903907456080575
0.49036976061416243
0.4903487373307762
0.4903276756833266
0.49030657559717794
0.49028543699763194
0.49026425980992616
0.4902430439592348
0.4902217893706682
0.4902004959692732
0.4901791636800321
0.49015779242786334
0.49013638213762134
0.49011493273409534
0.4900934441420107
0.4900719162860275
0.49005034909074097
0.49002874248068173
0.4900070963803146
0.4899854107140394
0.4899636854061904
0.4899419203810358
0.48992011556277854
0.48989827087555515
0.4898763862434361
0.4898544615904252
0.4898324968404605
0.48981049191741266
0.48978844674508565
0.48976636124721673
0.4897442353474757
0.4897220689694647
0.48969986203671895
0.4896776144727058
0.48965532620082397
0.4896329971444051
0.48961062722671206
0.489588216370939
0.48956576450021216
0.4895432715375883
0.48952073740605534
0.48949816202853214
0.4894755453278678
0.48945288722684244
0.48943018764816565
0.4894074465144776
0.48938466374834755
0.4893618392722754
0.4893389730086896
0.4893160648799479
0.48929311480833737
0.4892701227160738
0.4892470885253013
0.4892240121580922
0.4892008935364474
0.4891777325822956
0.4891545292174929
0.4891312833638234
0.4891079949429976
0.48908466387665417
0.4890612900863577
0.4890378734935996
0.48901441401979795
0.4889909115862965
0.4889673661143652
0.4889437775251993
0.48892014573991993
0.48889647067957315
0.48887275226513005
0.488848990417486
0.4888251850574614
0.4888013361058006
0.488777443483172
0.48875350711016763
0.4887295269073028
0.4887055027950165
0.48868143469367
0.4886573225235479
0.4886331662048569
0.4886089656577258
0.48858472080220583
0.48856043155826906
0.4885360978458096
0.488511719584642
0.4884872966945025
0.4884628290950472
0.4884383167058528
0.48841375944641596
0.48838915723615284
0.48836450999439956
0.4883398176404109
0.48831508009336067
0.4882902972723413
0.4882654690963637
0.4882405954843565
0.48821567635516605
0.4881907116275564
0.4881657012202084
0.48814064505172006
0.4881155430406055
0.4880903951052954
0.48806520116413626
0.4880399611353901
0.48801467493723427
0.4879893424877613
0.48796396370497797
0.4879385385068057
0.48791306681107993
0.4878875485355499
0.4878619835978779
0.48783637191563967
0.48781071340632354
0.4877850079873301
0.4877592555759722
0.4877334560894744
0.4877076094449726
0.487681715559514
0.4876557743500563
0.4876297857334677
0.4876037496265264
0.4875776659459201
0.4875515346082465
0.4875253555300117
0.4874991286276305
0.48747285381742633
0.4874465310156304
0.4874201601383813
0.48739374110172523
0.487367273821615
0.48734075821391
0.48731419419437555
0.4872875816786831
0.4872609205824092
0.4872342108210357
0.4872074523099486
0.4871806449644388
0.48715378869970055
0.487126883430832
0.48709992907283395
0.4870729255406104
0.48704587274896743
0.4870187706126132
0.48699161904615734
0.4869644179641109
0.486937167280885
0.48690986691079197
0.4868825167680436
0.4868551167667516
0.4868276668209264
0.48680016684447747
0.4867726167512126
0.4867450164548373
0.486717365868955
0.486689664907066
0.48666191348256715
0.48663411150875174
0.48660625889880854
0.4865783555658225
0.4865504014227726
0.48652239638253336
0.48649434035787265
0.4864662332614525
0.4864380750058277
0.4864098655034462
0.4863816046666484
0.48635329240766656
0.48632492863862437
0.4862965132715366
0.48626804621830866
0.4862395273907359
0.48621095670050374
0.4861823340591865
0.4861536593782473
0.48612493256903805
0.4860961535427981
0.4860673222106541
0.48603843848362
0.486009502272596
0.48598051348836846
0.48595147204160916
0.4859223778428746
0.4858932308026071
0.4858640308311314
0.4858347778386572
0.4858054717352765
0.4857761124309648
0.48574669983557883
0.4857172338588579
0.48568771441042186
0.4856581413997718
0.4856285147362887
0.4855988343292331
0.4855691000877456
0.48553931192084465
0.48550946973742726
0.4854795734462684
0.48544962295601984
0.48541961817521057
0.4853895590122453
0.485359445375405
0.4853292771728452
0.48529905431259657
0.48526877670256385
0.4852384442505255
0.485208056864133
0.48517761445091057
0.485147116918254
0.48511656417343174
0.485085956123582
0.4850552926757146
0.48502457373670893
0.4849937992133133
0.48496296901214575
0.4849320830396924
0.4849011412023071
0.48487014340621126
0.4848390895574929
0.48480797956210625
0.4847768133258712
0.4847455907544731
0.4847143117534614
0.4846829762282502
0.4846515840841166
0.48462013522620084
0.48458862955950555
0.48455706698889517
0.48452544741909565
0.48449377075469335
0.4844620369001349
0.48443024575972693
0.48439839723763445
0.4843664912378815
0.48433452766434976
0.4843025064207784
0.4842704274107633
0.48423829053775674
0.4842060957050666
0.4841738428158554
0.48414153177314095
0.48410916247979463
0.48407673483854097
0.4840442487519575
0.4840117041224742
0.4839791008523721
0.4839464388437838
0.48391371799869215
0.48388093821892997
0.48384809940617923
0.4838152014619708
0.48378224428768385
0.48374922778454454
0.4837161518536263
0.48368301639584926
0.48364982131197887
0.4836165665026259
0.48358325186824574
0.4835498773091379
0.48351644272544525
0.4834829480171532
0.4834493930840898
0.48341577782592443
0.4833821021421677
0.48334836593217056
0.48331456909512377
0.48328071153005736
0.48324679313584007
0.48321281381117853
0.4831787734546169
0.4831446719645358
0.4831105092391528
0.48307628517652057
0.48304199967452693
0.48300765263089396
0.48297324394317787
0.4829387735087678
0.4829042412248857
0.4828696469885851
0.48283499069675145
0.48280027224610067
0.4827654915331787
0.4827306484543614
0.4826957429058534
0.48266077478368763
0.4826257439837246
0.48259065040165255
0.48255549393298536
0.48252027447306356
0.48248499191705263
0.48244964615994246
0.48241423709654785
0.48237876462150586
0.48234322862927764
0.48230762901414553
0.48227196567021446
0.4822362384914095
0.48220044737147677
0.48216459220398167
0.48212867288230904
0.48209268929966276
0.48205664134906373
0.48202052892335095
0.4819843519151798
0.481948110217022
0.4819118037211648
0.4818754323197103
0.4818389959045747
0.48180249436748845
0.48176592759999476
0.4817292954934491
0.4816925979390196
0.4816558348276848
0.48161900605023467
0.4815821114972685
0.48154515105919593
0.4815081246262347
0.48147103208841135
0.48143387333556004
0.4813966482573217
0.48135935674314406
0.48132199868228054
0.4812845739637899
0.48124708247653575
0.4812095241091856
0.48117189875021066
0.48113420628788484
0.48109644661028445
0.4810586196052875
0.4810207251605733
0.4809827631636218
0.4809447335017125
0.4809066360619247
0.48086847073113614
0.48083023739602354
0.48079193594306013
0.4807535662585173
0.4807151282284619
0.480676621738758
0.4806380466750637
0.48059940292283243
0.48056069036731247
0.4805219088935445
0.4804830583863629
0.48044413873039493
0.48040514981005916
0.4803660915095657
0.48032696371291594
0.4802877663039011
0.4802484991661018
0.4802091621828889
0.48016975523742067
0.4801302782126443
0.4800907309912942
0.4800511134558917
0.48001142548874476
0.47997166697194704
0.47993183778737813
0.4798919378167012
0.4798519669413652
0.47981192504260217
0.4797718120014275
0.47973162769863875
0.47969137201481715
0.479651044830324
0.47961064602530284
0.4795701754796775
0.4795296330731525
0.479489018685211
0.47944833219511634
0.4794075734819102
0.47936674242441224
0.4793258389012202
0.47928486279070853
0.47924381397102916
0.47920269232010937
0.47916149771565275
0.4791202300351384
0.4790788891558196
0.4790374749547245
0.47899598730865484
0.4789544260941859
0.47891279118766644
0.47887108246521676
0.4788292998027302
0.4787874430758713
0.4787455121600756
0.4787035069305499
0.4786614272622712
0.4786192730299862
0.4785770441082114
0.4785347403712322
0.4784923616931027
0.47844990794764514
0.47840737900845026
0.4783647747488752
0.47832209504204515
0.47827933976085146
0.47823650877795176
0.47819360196576993
0.47815061919649493
0.47810756034208146
0.47806442527424853
0.47802121386447977
0.4779779259840232
0.47793456150389024
0.4778911202948558
0.47784760222745754
0.47780400717199656
0.47776033499853565
0.4777165855769005
0.4776727587766776
0.4776288544672158
0.4775848725176244
0.47754081279677385
0.4774966751732956
0.4774524595155802
0.47740816569177963
0.47736379356980446
0.4773193430173257
0.4772748139017725
0.47723020609033395
0.4771855194499569
0.4771407538473474
0.4770959091489694
0.477050985221045
0.4770059819295536
0.476960899140233
0.4769157367185771
0.4768704945298384
0.47682517243902506
0.4767797703109029
0.4767342880099937
0.47668872540057616
0.47664308234668484
0.47659735871211034
0.4765515543603996
0.47650566915485487
0.4764597029585342
0.4764136556342515
0.4763675270445757
0.47632131705183095
0.47627502551809686
0.47622865230520806
0.476182197274754
0.47613566028807935
0.4760890412062831
0.4760423398902198
0.475995556200498
0.4759486899974811
0.4759017411412875
0.47585470949178976
0.47580759490861546
0.47576039725114644
0.475713116378519
0.47566575214962437
0.47561830442310815
0.4755707730573706
0.4755231579105668
0.475475458840606
0.4754276757051529
0.4753798083616266
0.47533185666720085
0.47528382047880496
0.475235699653123
0.4751874940465938
0.47513920351541206
0.47509082791552754
0.47504236710264564
0.47499382093222703
0.47494518925948886
0.47489647193940343
0.47484766882669993
0.47479877977586343
0.4747498046411354
0.4747007432765145
0.47465159553575575
0.4746023612723718
0.47455304033963225
0.4745036325905649
0.47445413787795443
0.4744045560543452
0.4743548869720383
0.474305130483095
0.47425528643933473
0.4742053546923365
0.4741553350934393
0.47410522749374157
0.4740550317441025
0.47400474769514217
0.47395437519724115
0.4739039141005422
0.4738533642549495
0.47380272551012975
0.47375199771551263
0.4737011807202902
0.4736502743734191
0.4735992785236194
0.47354819301937584
0.47349701770893854
0.47344575244032283
0.47339439706131037
0.47334295141944926
0.47329141536205444
0.4732397887362093
0.473188071388765
0.47313626316634166
0.4730843639153288
0.4730323734818858
0.4729802917119432
0.47292811845120275
0.47287585354513806
0.47282349683899516
0.4727710481777938
0.4727185074063276
0.4726658743691651
0.47261314891064987
0.4725603308749025
0.4725074201058196
0.47245441644707625
0.47240131974212574
0.4723481298342007
0.4722948465663141
0.47224146978125975
0.47218799932161315
0.47213443502973296
0.47208077674776106
0.472027024317624
0.47197317758103363
0.4719192363794883
0.47186520055427333
0.47181106994646255
0.4717568443969191
0.47170252374629584
0.4716481078350375
0.4715935965033808
0.47153898959135576
0.47148428693878663
0.4714294883852934
0.47137459377029256
0.4713196029329984
0.4712645157124234
0.47120933194738085
0.4711540514764847
0.4710986741381516
0.4710431997706011
0.470987628211858
0.4709319592997531
0.4708761928719245
0.4708203287658186
0.4707643668186916
0.4707083068676114
0.4706521487494578
0.47059589230092497
0.4705395373585218
0.47048308375857434
0.47042653133722645
0.4703698799304414
0.4703131293740035
0.47025627950351956
0.47019933015441995
0.470142281161961
0.4700851323612255
0.47002788358712533
0.46997053467440164
0.46991308545762805
0.4698555357712111
0.4697978854493924
0.46974013432625
0.46968228223570035
0.4696243290115
0.4695662744872469
0.46950811849638274
0.46944986087219415
0.46939150144781516
0.4693330400562281
0.4692744765302665
0.4692158107026158
0.46915704240581635
0.4690981714722644
0.46903919773421443
0.46898012102378134
0.4689209411729416
0.4688616580135365
0.4688022713772728
0.46874278109572554
0.46868318700034034
0.46862348892243444
0.46856368669319987
0.4685037801437053
0.46844376910489743
0.46838365340760474
0.46832343288253775
0.46826310736029314
0.46820267667135457
0.4681421406460953
0.46808149911478114
0.46802075190757253
0.4679598988545255
0.4678989397855967
0.46783787453064307
0.4677767029194261
0.46771542478161376
0.4676540399467825
0.4675925482444203
0.46753094950392937
0.4674692435546277
0.46740743022575265
0.46734550934646335
0.46728348074584297
0.4672213442529014
0.46715909969657865
0.46709674690574654
0.46703428570921224
0.4669717159357203
0.4669090374139561
0.4668462499725487
0.4667833534400728
0.46672034764505266
0.4666572324159641
0.4665940075812386
0.46653067296926465
0.46646722840839216
0.46640367372693475
0.46634000875317283
0.4662762333153571
0.4662123472417109
0.46614835036043417
0.466084242499706
0.4660200234876875
0.4659556931525264
0.46589125132235876
0.46582669782531305
0.46576203248951326
0.46569725514308236
0.46563236561414506
0.46556736373083196
0.4655022493212826
0.4654370222136491
0.46537168223609915
0.46530622921682
0.4652406629840219
0.46517498336594143
0.4651091901908454
0.46504328328703426
0.46497726248284554
0.4649111276066582
0.4648448784868961
0.46477851495203115
0.46471203683058726
0.4646454439511451
0.4645787361423452
0.46451191323289154
0.4644449750515558
0.46437792142718115
0.4643107521886869
0.4642434671650714
0.46417606618541674
0.46410854907889265
0.46404091567476063
0.4639731658023779
0.46390529929120217
0.46383731597079464
0.4637692156708254
0.4637009982210769
0.46363266345144905
0.46356421119196256
0.4634956412727637
0.463426953524129
0.4633581477764692
0.46328922386033394
0.46322018160641665
0.4631510208455577
0.46308174140875036
0.46301234312714495
0.46294282583205304
0.46287318935495253
0.46280343352749265
0.4627335581814972
0.4626635631489712
0.4625934482621051
0.46252321335327773
0.4624528582550644
0.4623823828002391
0.4623117868217804
0.462241070152877
0.46217023262693147
0.46209927407756624
0.462028194338628
0.4619569932441936
0.4618856706285738
0.46181422632632
0.46174266017222826
0.4616709720013453
0.4615991616489731
0.46152722895067444
0.46145517374227835
0.4613829958598856
0.4613106951398734
0.46123827141890167
0.46116572453391813
0.4610930543221634
0.4610202606211772
0.4609473432688035
0.46087430210319624
0.46080113696282493
0.4607278476864807
0.460654434113281
0.4605808960826766
0.4605072334344559
0.4604334460087523
0.46035953364604937
0.46028549618718567
0.46021133347336285
0.46013704534614946
0.46006263164748845
0.45998809221970205
0.45991342690549875
0.4598386355479789
0.4597637179906404
0.45968867407738595
0.4596135036525283
0.4595382065607967
0.45946278264734347
0.45938723175775004
0.45931155373803284
0.45923574843465054
0.45915981569450975
0.4590837553649719
0.45900756729385905
0.4589312513294612
0.4588548073205422
0.4587782351163462
0.45870153456660534
0.4586247055215447
0.45854774783189034
0.4584706613488753
0.4583934459242468
0.45831610141027246
0.4582386276597472
0.4581610245260004
0.45808329186290253
0.45800542952487183
0.45792743736688213
0.45784931524446815
0.4577710630137341
0.4576926805313605
0.45761416765460955
0.45753552424133453
0.45745675014998566
0.4573778452396171
0.4572988093698947
0.4572196424011032
0.4571403441941527
0.4570609146105873
0.4569813535125906
0.4569016607629949
0.4568218362252875
0.456741879763618
0.45666179124280626
0.4565815705283499
0.45650121748643097
0.4564207319839245
0.45634011388840534
0.4562593630681562
0.4561784793921748
0.4560974627301817
0.4560163129526285
0.4559350299307046
0.4558536135363458
0.4557720636422409
0.45569038012184115
0.45560856284936657
0.4555266116998147
0.4554445265489676
0.455362307273401
0.4552799537504907
0.45519746585842225
0.45511484347619713
0.45503208648364196
0.4549491947614164
0.4548661681910207
0.4547830066548042
0.45469971003597304
0.4546162782185991
0.45453271108762705
0.45444900852888337
0.4543651704290844
0.45428119667584405
0.4541970871576828
0.45411284176403555
0.45402846038526
0.45394394291264484
0.45385928923841823
0.45377449925575625
0.4536895728587914
0.45360450994262014
0.45351931040331284
0.4534339741379207
0.45334850104448504
0.45326289102204603
0.45317714397065023
0.45309125979136033
0.4530052383862626
0.45291907965847605
0.452832783512161
0.4527463498525278
0.45265977858584444
0.45257306961944715
0.4524862228617467
0.4523992382222393
0.4523121156115137
0.4522248549412603
0.4521374561242806
0.45204991907449477
0.45196224370695137
0.45187442993783566
0.4517864776844781
0.4516983868653636
0.4516101574001407
0.4515217892096292
0.45143328221583
0.4513446363419335
0.4512558515123285
0.45116692765261107
0.45107786468959343
0.450988662551313
0.4508993211670408
0.45080984046729083
0.45072022038382886
0.4506304608496806
0.45054056179914265
0.45045052316778844
0.45036034489247967
0.45027002691137413
0.4501795691639348
0.45008897159093886
0.44999823413448636
0.44990735673800913
0.449816339346281
0.44972518190542465
0.4496338843629219
0.44954244666762255
0.4494508687697531
0.4493591506209258
0.4492672921741472
0.4491752933838276
0.44908315420579037
0.4489908745972796
0.4488984545169701
0.448805893924976
0.44871319278285965
0.4486203510536408
0.4485273687018049
0.4484342456933128
0.44834098199560907
0.44824757757763106
0.44815403240981816
0.44806034646411974
0.4479665197140052
0.44787255213447164
0.44777844370205394
0.44768419439483265
0.44758980419244276
0.4474952730760834
0.4474006010285262
0.44730578803412346
0.44721083407881745
0.4471157391501497
0.4470205032372687
0.44692512633093934
0.4468296084235509
0.4467339495091267
0.4466381495833322
0.44654220864348343
0.446446126688556
0.4463499037191933
0.44625353973771603
0.4461570347481291
0.44606038875613235
0.44596360176912647
0.4458666737962241
0.44576960484825595
0.44567239493778105
0.4455750440790942
0.4454775522882344
0.4453799195829936
0.4452821459829244
0.44518423150934927
0.4450861761853677
0.44498798003586515
0.44488964308752116
0.44479116536881697
0.4446925469100448
0.4445937877433148
0.44449488790256314
0.4443958474235611
0.44429666634392195
0.44419734470310923
0.4440978825424448
0.44399827990511687
0.44389853683618696
0.44379865338259894
0.44369862959318573
0.44359846551867743
0.4434981612117093
0.44339771672682815
0.44329713212050176
0.44319640745112465
0.44309554277902663
0.4429945381664798
0.4428933936777061
0.44279210937888414
0.4426906853381578
0.4425891216256417
0.4424874183134293
0.44238557547560015
0.4422835931882272
0.4421814715293826
0.4420792105791457
0.44197681041961
0.4418742711348892
0.4417715928111248
0.44166877553649264
0.44156581940120876
0.44146272449753793
0.44135949091979765
0.44125611876436693
0.4411526081296913
0.44104895911629005
0.4409451718267616
0.44084124636579103
0.4407371828401544
0.44063298135872725
0.44052864203248887
0.4404241649745281
0.44031955030005104
0.44021479812638487
0.4401099085729851
0.4400048817614405
0.4398997178154789
0.43979441686097254
0.43968897902594417
0.43958340444057176
0.4394776932371944
0.43937184555031683
0.4392658615166157
0.43915974127494334
0.43905348496633406
0.4389470927340088
0.43884056472337857
0.4387339010820517
0.4386271019598361
0.43852016750874606
0.43841309788300525
0.4383058932390518
0.4381985537355423
0.4380910795333569
0.4379834707956026
0.43787572768761773
0.43776785037697624
0.43765983903349115
0.4375516938292191
0.43744341493846317
0.43733500253777724
0.4372264568059693
0.4371177779241056
0.4370089660755127
0.4369000214457823
0.436790944222773
0.4366817345966153
0.4365723927597122
0.43646291890674416
0.4363533132346712
0.4362435759427354
0.43613370723246403
0.4360237073076715
0.4359135763744626
0.4358033146412344
0.4356929223186779
0.4355823996197815
0.435471746759832
0.43536096395641705
0.4352500514294263
0.4351390094010542
0.43502783809580114
0.4349165377404746
0.4348051085641909
0.43469355079837685
0.4345818646767703
0.43447005043542153
0.4343581083126948
0.43424603854926835
0.4341338413881357
0.43402151707460623
0.4339090658563054
0.43379648798317616
0.4336837837074782
0.4335709532837887
0.43345799696900256
0.4333449150223323
0.43323170770530756
0.43311837528177566
0.4330049180179008
0.43289133618216347
0.43277763004536046
0.43266379988060333
0.43254984596331875
0.43243576857124655
0.43232156798443944
0.4322072444852615
0.432092798358387
0.4319782298907991
0.4318635393717884
0.4317487270929513
0.43163379334818824
0.4315187384337017
0.4314035626479949
0.43128826629186895
0.4311728496684212
0.4310573130830424
0.4309416568434153
0.43082588125951066
0.4307099866435858
0.43059397331018096
0.43047784157611735
0.430361591760493
0.43024522418468036
0.4301287391723231
0.4300121370493321
0.4298954181438825
0.42977858278640946
0.4296616313096056
0.42954456404841557
0.42942738134003305
0.4293100835238963
0.4291926709416845
0.42907514393731216
0.4289575028569257
0.4288397480488984
0.4287218798638259
0.42860389865452087
0.42848580477600884
0.42836759858552215
0.4282492804424953
0.4281308507085596
0.4280123097475374
0.42789365792543693
0.4277748956104459
0.42765602317292667
0.4275370409854091
0.4274179494225854
0.42729874886130353
0.42717943968056094
0.4270600222614982
0.4269404969873921
0.4268208642436492
0.4267011244177993
0.42658127789948774
0.42646132508046913
0.4263412663545999
0.4262211021178308
0.42610083276819943
0.425980458705823
0.4258599803328907
0.4257393980536553
0.4256187122744264
0.4254979234035607
0.42537703185145603
0.42525603803054113
0.4251349423552682
0.4250137452421041
0.4248924471095224
0.42477104837799345
0.42464954946997663
0.4245279508099106
0.4244062528242051
0.4242844559412306
0.4241625605913102
0.4240405672067087
0.42391847622162493
0.4237962880721804
0.4236740031964105
0.42355162203425395
0.42342914502754386
0.42330657261999594
0.4231839052572002
0.4230611433866089
0.4229382874575273
0.4228153379211024
0.42269229523031243
0.4225691598399568
0.4224459322066438
0.4223226127887804
0.42219920204656153
0.4220757004419581
0.42195210843870634
0.4218284265022955
0.4217046550999574
0.421580794700654
0.42145684577506626
0.42133280879558144
0.4212086842362818
0.4210844725729326
0.42096017428297006
0.4208357898454881
0.4207113197412274
0.4205867644525621
0.42046212446348696
0.42033740025960636
0.4202125923281189
0.4200877011578076
0.4199627272390241
0.41983767106367786
0.419712533125222
0.41958731391864007
0.419462013940433
0.41933663368860596
0.41921117366265426
0.4190856343635502
0.4189600162937293
0.418834319957077
0.4187085458589136
0.41858269450598184
0.4184567664064319
0.4183307620698083
0.41820468200703387
0.41807852673039775
0.4179522967535397
0.4178259925914361
0.4176996147603851
0.41757316377799303
0.417446640163158
0.41732004443605764
0.41719337711813187
0.41706663873206984
0.4169398298017936
0.4168129508524441
0.4166860024103661
0.4165589850030923
0.41643189915932854
0.4163047454089387
0.4161775242829291
0.41605023631343313
0.4159228820336958
0.41579546197805833
0.4156679766819419
0.4155404266818335
0.41541281251526807
0.41528513472081474
0.41515739383805933
0.4150295904075901
0.41490172497098016
0.4147737980707726
0.414645810250464
0.4145177620544883
0.41438965402820094
0.41426148671786234
0.4141332606706215
0.4140049764345
0.41387663455837587
0.41374823559196644
0.41361978008581285
0.4134912685912627
0.41336270166045375
0.4132340798462979
0.41310540370246396
0.412976673783361
0.4128478906441221
0.4127190548405878
0.41259016692928807
0.41246122746742725
0.4123322370128658
0.4122031961241044
0.4120741053602666
0.4119449652810825
0.41181577644687006
0.41168653941852085
0.4115572547574809
0.41142792302573467
0.4112985447857878
0.41116912060065003
0.41103965103381784
0.410910136649258
0.41078057801139045
0.41065097568506964
0.41052133023557014
0.41039164222856717
0.41026191223011976
0.41013214080665483
0.4100023285249489
0.40987247595211085
0.4097425836555659
0.4096126522030364
0.40948268216252665
0.40935267410230447
0.4092226285908843
0.40909254619700985
0.4089624274896371
0.4088322730379169
0.4087020834111779
0.40857185917890915
0.4084416009107427
0.4083113091764371
0.4081809845458595
0.40805062758896826
0.4079202388757972
0.4077898189764362
0.40765936846101597
0.40752888789968994
0.40739837786261723
0.407267838919946
0.40713727164179486
0.40700667659823836
0.406876054359287
0.4067454054948725
0.4066147305748292
0.4064840301688783
0.4063533048466095
0.4062225551774653
0.4060917817307232
0.4059609850754787
0.4058301657806298
0.4056993244148581
0.40556846154661363
0.4054375777440969
0.4053066735752429
0.4051757496077036
0.4050448064088322
0.4049138445456657
0.40478286458490853
0.4046518670929159
0.40452085263567705
0.404389821778799
0.40425877508749
0.4041277131265431
0.4039966364603194
0.4038655456527327
0.40373444126723107
0.40360332386678344
0.4034721940138609
0.4033410522704217
0.40320989919789535
0.40307873535716504
0.4029475613085538
0.40281637761180666
0.40268518482607585
0.40255398350990357
0.40242277422120803
0.4022915575172664
0.4021603339546992
0.4020291040894548
0.40189786847679426
0.4017666276712748
0.4016353822267349
0.40150413269627927
0.40137287963226276
0.40124162358627524
0.40111036510912623
0.4009791047508303
0.40084784306059157
0.4007165805867881
0.4005853178769578
0.40045405547778334
0.4003227939350767
0.4001915337937646
0.4000602755978743
0.39992901989051866
0.39979776721388105
0.39966651810920134
0.39953527311676174
0.39940403277587166
0.39927279762485374
0.39914156820103
0.3990103450407068
0.3988791286791623
0.39874791965063056
0.398616718488289
0.39848552572424395
0.3983543418895173
0.39822316751403186
0.39809200312659915
0.3979608492549046
0.3978297064254947
0.39769857516376395
0.3975674559939405
0.3974363494390746
0.39730525602102285
0.39717417626043855
0.3970431106767557
0.3969120597881775
0.3967810241116641
0.39665000416291857
0.3965190004563751
0.396388013505186
0.39625704382121
0.3961260919149988
0.395995158295786
0.39586424347147353
0.39573334794862114
0.39560247223243244
0.3954716168267448
0.3953407822340167
0.3952099689553156
0.39507917749030735
0.39494840833724326
0.3948176619929496
0.39468693895281604
0.3945562397107844
0.39442556475933654
0.3942949145894849
0.3941642896907596
0.3940336905511993
0.39390311765733893
0.39377257149420014
0.3936420525452792
0.3935115612925375
0.39338109821639156
0.39325066379570106
0.3931202585077596
0.3929898828282853
0.39285953723140776
0.39272922218966216
0.3925989381739762
0.3924686856536613
0.392338465096403
0.3922082769682518
0.39207812173361234
0.3919479998552352
0.39181791179420733
0.3916878580099418
0.3915578389601705
0.3914278551009328
0.39129790688656907
0.39116799476971
0.3910381192012684
0.39090828063043087
0.39077847950464883
0.39064871626963005
0.39051899136933055
0.39038930524594656
0.3902596583399052
0.3901300510898578
0.3900004839326713
0.3898709573034195
0.38974147163537715
0.3896120273600109
0.38948262490697133
0.3893532647040873
0.3892239471773568
0.3890946727509396
0.38896544184715204
0.38883625488645673
0.388707112287459
0.3885780144668972
0.38844896183963773
0.38831995481866666
0.3881909938150843
0.3880620792380983
0.38793321149501736
0.38780439099124464
0.3876756181302712
0.3875468933136702
0.3874182169410914
0.3872895894102541
0.3871610111169415
0.3870324824549955
0.3869040038163109
0.3867755755908287
0.38664719816653215
0.3865188719294403
0.38639059726360253
0.3862623745510946
0.38613420417201205
0.3860060865044653
0.3858780219245762
0.3857500108064713
0.3856220535222781
0.3854941504421199
0.3853663019341115
0.3852385083643546
0.3851107700969333
0.38498308749391
0.3848554609153208
0.3847278907191714
0.38460037726143353
0.3844729208960404
0.3843455219748828
0.3842181808478057
0.3840908978626045
0.38396367336502113
0.38383650769874045
0.38370940120538705
0.38358235422452186
0.3834553670936386
0.38332844014816103
0.3832015737214397
0.38307476814474795
0.38294802374728054
0.38282134085615005
0.38269471979638364
0.382568160890921
0.3824416644606115
0.38231523082421187
0.3821888602983833
0.382062553197689
0.38193630983459265
0.3818101305194558
0.3816840155605351
0.38155796526398117
0.38143197993383654
0.3813060598720328
0.3811802053783897
0.38105441675061325
0.38092869428429366
0.380803038272904
0.38067744900779915
0.38055192677821315
0.38042647187125894
0.38030108457192674
0.3801757651630825
0.3800505139254674
0.37992533113769555
0.3798002170762545
0.37967517201550394
0.37955019622767316
0.37942528998286273
0.37930045354904235
0.3791756871920501
0.37905099117559293
0.3789263657612444
0.37880181120844636
0.37867732777450686
0.37855291571459987
0.3784285752817672
0.378304306726915
0.3781801102988165
0.3780559862441098
0.3779319348073
0.3778079562307569
0.3776840507547176
0.3775602186172843
0.37743646005442694
0.3773127752999811
0.3771891645856503
0.3770656281410054
0.37694216619348553
0.37681877896839877
0.3766954666889221
0.3765722295761029
0.37644906784885845
0.37632598172397885
0.37620297141612535
0.37608003713783345
0.37595717909951204
0.3758343975094456
0.37571169257379516
0.37558906449659857
0.3754665134797725
0.3753440397231136
0.3752216434242993
0.37509932477888963
0.3749770839803285
0.3748549212199439
0.3747328366869524
0.37461083056845706
0.3744889030494517
0.3743670543128209
0.37424528453934247
0.3741235939076889
0.37400198259442924
0.373880450774031
0.37375899861886114
0.3736376262991896
0.3735163339831894
0.37339512183694024
0.37327399002442907
0.37315293870755345
0.37303196804612254
0.37291107819786007
0.3727902693184059
0.372669541561319
0.3725488950780787
0.3724283300180877
0.3723078465286746
0.3721874447550953
0.3720671248405366
0.3719468869261173
0.3718267311508923
0.3717066576518535
0.3715866665639335
0.3714667580200076
0.37134693215089665
0.37122718908536956
0.37110752895014565
0.37098795186989875
0.370868457967258
0.370749047362812
0.37062972017511064
0.37051047652066904
0.3703913165139695
0.37027224026746464
0.37015324789158044
0.3700343394947193
0.36991551518326216
0.3697967750615727
0.36967811923199945
0.3695595477948792
0.36944106084853995
0.3693226584893041
0.3692043408114912
0.3690861079074221
0.36896795986742037
0.36884989677981694
0.3687319187309527
0.368614025805182
0.3684962180848753
0.368378495650423
0.3682608585802386
0.3681433069507615
0.3680258408364605
0.3679084603098382
0.36779116544143226
0.36767395629982036
0.36755683295162334
0.36743979546150773
0.36732284389219005
0.3672059783044395
0.3670891987570824
0.3669725053070041
0.36685589800915347
0.366739376916546
0.3666229420802679
0.36650659354947845
0.3663903313714139
0.36627415559139165
0.3661580662528123
0.36604206339716494
0.36592614706402893
0.3658103172910783
0.36569457411408546
0.36557891756692384
0.36546334768157235
0.3653478644881183
0.36523246801476084
0.36511715828781555
0.3650019353317162
0.36488679916901945
0.364771749820409
0.3646567873046973
0.36454191163883026
0.3644271228378909
0.36431242091510263
0.36419780588183215
0.36408327774759386
0.3639688365200534
0.3638544822050304
0.36374021480650254
0.36362603432660867
0.36351194076565313
0.3633979341221083
0.36328401439261837
0.36317018157200376
0.36305643565326273
0.3629427766275765
0.36282920448431205
0.36271571921102586
0.3626023207934668
0.36248900921557975
0.36237578445950996
0.3622626465056046
0.3621495953324182
0.3620366309167149
0.3619237532334716
0.36181096225588216
0.36169825795536015
0.36158564030154244
0.36147310926229254
0.3613606648037036
0.36124830689010196
0.3611360354840506
0.36102385054635244
0.36091175203605275
0.360799739910443
0.36068781412506445
0.3605759746337107
0.36046422138843087
0.36035255433953356
0.3602409734355887
0.3601294786234314
0.3600180698481654
0.35990674705316533
0.35979551018007994
0.3596843591688361
0.35957329395764
0.35946231448298127
0.35935142067963655
0.3592406124806707
0.35912988981744093
0.3590192526195994
0.35890870081509585
0.35879823433018065
0.35868785308940765
0.3585775570156363
0.3584673460300352
0.35835722005208426
0.3582471789995781
0.35813722278862736
0.3580273513336625
0.35791756454743556
0.3578078623410239
0.3576982446238311
0.3575887113035905
0.3574792622863677
0.35736989747656195
0.35726061677690985
0.3571514200884867
0.35704230731070913
0.35693327834133765
0.3568243330764781
0.35671547141058485
0.3566066932364621
0.35649799844526636
0.35638938692650884
0.35628085856805625
0.35617241325613447
0.35606405087532933
0.3559557713085888
0.3558475744372252
0.3557394601409163
0.3556314282977079
0.3555234787840151
0.35541561147462386
0.35530782624269286
0.3552001229597553
0.35509250149572
0.3549849617188735
0.3548775034958809
0.3547701266917871
0.3546628311700193
0.35455561679238723
0.3544484834190842
0.35434143090869
0.35423445911816964
0.3541275679028768
0.35402075711655306
0.3539140266113298
0.3538073762377292
0.35370080584466457
0.35359431527944146
0.35348790438775857
0.35338157301370876
0.3532753209997786
0.35316914818685013
0.353063054414201
0.35295703951950447
0.35285110333883063
0.3527452457066466
0.3526394664558162
0.35253376541760095
0.35242814242165954
0.35232259729604887
0.35221712986722303
0.3521117399600344
0.3520064273977326
0.3519011920019647
0.3517960335927749
0.3516909519886054
0.3515859470062938
0.3514810184610744
0.3513761661665774
0.3512713899348279
0.351166689576246
0.3510620648996451
0.35095751571223194
0.3508530418196056
0.350748643025756
0.35064431913306415
0.3505400699422995
0.3504358952526203
0.35033179486157107
0.3502277685650821
0.3501238161574678
0.35001993743142534
0.3499161321780333
0.34981240018674914
0.34970874124540874
0.34960515514022383
0.34950164165577996
0.3493982005750354
0.34929483167931813
0.34919153474832443
0.34908830956011594
0.34898515589111834
0.3488820735161178
0.34877906220825927
0.34867612173904394
0.348573251878326
0.3484704523943102
0.34836772305354885
0.34826506362093945
0.34816247385972077
0.34805995353147
0.3479575023960999
0.3478551202118545
0.3477528067353075
0.3476505617213564
0.34754838492322004
0.3474462760924356
0.3473442349788526
0.3472422613306316
0.34714035489423734
0.34703851541443725
0.3469367426342953
0.3468350362951677
0.3467333961366999
0.3466318218968201
0.3465303133117359
0.34642887011592827
0.34632749204214786
0.3462261788214087
0.3461249301829842
0.34602374585440043
0.34592262556143216
0.34582156902809646
0.34572057597664624
0.3456196461275667
0.34551877919956714
0.34541797490957615
0.3453172329727344
0.3452165531023905
0.3451159350100912
0.3450153784055777
0.3449148829967777
0.34481444848979875
0.344714074588921
0.3446137609965906
0.3445135074134118
0.3444133135381402
0.3443131790676747
0.34421310369705005
0.3441130871194289
0.34401312902609416
0.34391322910644034
0.34381338704796527
0.3437136025362626
0.34361387525501175
0.34351420488597056
0.3434145911089654
0.3433150336018828
0.3432155320406594
0.34311608609927385
0.343016695449736
0.3429173597620779
0.3428180787043437
0.34271885194257984
0.34261967914082436
0.342520559961097
0.3424214940633886
0.3423224811056502
0.342223520743782
0.3421246126316223
0.3420257564209372
0.34192695176140775
0.3418281983006184
0.34172949568404665
0.34163084355504947
0.3415322415548519
0.3414336893225344
0.3413351864950203
0.341236732707063
0.34113832759123264
0.3410399707779038
0.3409416618952412
0.3408434005691869
0.3407451864234451
0.3406470190794699
0.34054889815644973
0.34045082327129345
0.34035279403861585
0.34025481007072217
0.3401568709775933
0.34005897636687055
0.33996112584383986
0.33986331901141636
0.3397655554701277
0.33966783481809815
0.3395701566510327
0.3394725205621988
0.3393749261424104
0.3392773729800113
0.33917986066085615
0.3390823887682934
0.33898495688314806
0.33888756458370195
0.3387902114456763
0.33869289704221256
0.3385956209438534
0.3384983827185233
0.3384011819315092
0.33830401814544
0.3382068909202672
0.3381097998132443
0.3380127443789052
0.3379157241690447
0.33781873873269574
0.33772178761610827
0.3376248703627278
0.3375279865131733
0.3374311356052131
0.33733431717374424
0.33723753075076773
0.3371407758653658
0.33704405204367804
0.3369473588088773
0.3368506956811447
0.33675406217764553
0.33665745781250456
0.3365608820967792
0.33646433453843494
0.3363678146423183
0.3362713219101312
0.3361748558404034
0.33607841592846616
0.3359820016664232
0.3358856125431243
0.33578924804413596
0.3356929076517133
0.3355965908447705
0.33550029709885176
0.33540402588610096
0.33530777667523165
0.33521154893149646
0.3351153421166564
0.3350191556889481
0.3349229891030532
0.334826841810065
0.3347307132574574
0.3346346028890493
0.3345385101449729
0.3344424344616391
0.334346375271702
0.33425033200402604
0.33415430408364827
0.33405829093174394
0.33396229196558996
0.33386630659852723
0.33377033423992436
0.333674374295139
0.3335784261654805
0.33348248924817026
0.33338656293630237
0.3332906466188049
0.33319473968039826
0.3330988415015549
0.33300295145845826
0.3329070689229601
0.3328111932625388
0.33271532384025587
0.33261946001471177
0.3325236011400037
0.33242774656567886
0.3323318956366901
0.33223604769334986
0.3321402020712836
0.33204435810138344
0.331948515109759
0.3318526724176911
0.3317568293415807
0.3316609851929011
0.33156513927814735
0.3314692908987841
0.3313734393511963
0.33127758392663514
0.33118172391116674
0.33108585858561734
0.3309899872255204
0.33089410910106054
0.33079822347701876
0.3307023296127163
0.33060642676195656
0.33051051417296873
0.3304145910883485
0.3303186567449985
0.33022271037406964
0.3301267512008993
0.33003077844494977
0.329934791319747
0.3298387890328158
0.3297427707856178
0.32964673577348536
0.32955068318555686
0.32945461220470995
0.32935852200749377
0.3292624117640627
0.329166280638105
0.3290701277867752
0.3289739523606213
0.32887775350351556
0.3287815303525796
0.32868528203811287
0.3285890076835169
0.32849270640522077
0.3283963773126049
0.3283000195079234
0.3282036320862258
0.3281072141352787
0.328010764735484
0.32791428295979985
0.32781776787365635
0.3277212185348732
0.3276246339935758
0.32752801329210857
0.3274313554649501
0.3273346595386242
0.3272379245316116
0.32714114945426054
0.3270443333086959
0.3269474750887265
0.3268505737797522
0.3267536283586697
0.3266566377937768
0.3265596010446751
0.3264625170621732
0.32636538478818605
0.3262682031556357
0.3261709710883492
0.3260736875009544
0.3259763512987777
0.32587896137773703
0.3257815166242355
0.32568401591505225
0.3255864581172343
0.32548884208798456
0.3253911666745492
0.3252934307141051
0.32519563303364346
0.32509777244985405
0.324999847769006
0.3249018577868298
0.3248038012883952
0.3247056770479886
0.3246074838289903
0.3245092203837471
0.324410885453447
0.3243124777679886
0.32421399604585244
0.3241154389939689
0.32401680530758326
0.3239180936701227
0.3238193027530578
0.3237204312157649
0.3236214777053852
0.3235224408566837
0.3234233192919057
0.32332411162062963
0.3232248164396222
0.32312543233268815
0.3230259578705197
0.3229263916105437
0.32282673209676793
0.32272697785962456
0.3226271274158109
0.32252717926813074
0.32242713190533195
0.32232698380194136
0.3222267334181009
0.32212637919939713
0.3220259195766938
0.3219253529659578
0.3218246777680869
0.3217238923687319
0.3216229951381198
0.3215219844308732
0.32142085858582686
0.32131961592584524
0.32121825475763344
0.32111677337154987
0.321015170041414
0.3209134430243142
0.32081159056041064
0.32070961087273897
0.3206075021670087
0.3205052626314018
0.32040289043636677
0.3203003837344125
0.32019774065989776
0.32009495932882015
0.3199920378386014
0.3198889742678694
0.3197857666762413
0.3196824131040994
0.31957891157236834
0.3194752600822878
0.3193714566151841
0.31926749913223684
0.31916338557424534
0.3190591138613924
0.3189546818930037
0.3188500875473055
0.31874532868118133
0.3186404031299224
0.31853530870697955
0.31843004320370805
0.3183246043891151
0.3182189900095985
0.31811319778868774
0.3180072254267794
0.3179010706008711
0.31779473096429206
0.31768820414643106
0.3175814877524609
0.3174745793630623
0.3173674765341421
0.3172601767965506
0.31715267765579497
0.317044976591751
0.31693707105837
0.3168289584833851
0.31672063626801417
0.31661210178665716
0.3165033523865955
0.3163943853876835
0.3162851980820406
0.31617578773373956
0.3160661515784896
0.315956286823321
0.31584619064626324
0.3157358601960213
0.31562529259164895
0.3155144849222208
0.31540343424649847
0.3152921375925961
0.3151805919576428
0.31506879430744117
0.3149567415761242
0.31484443066580853
0.3147318584462453
0.31461902175446826
0.3145059173944388
0.31439254213668766
0.3142788927179566
0.3141649658408336
0.3140507581733876
0.31393626634880134
0.3138214869649989
0.3137064165842731
0.31359105173290946
0.31347538890080706
0.31335942454109883
0.31324315506976647
0.31312657686525613
0.31300968626808934
0.3128924795804734
0.31277495306590747
0.31265710294878946
0.3125389254140183
0.3124204166065948
0.31230157263122055
0.31218238955189614
0.312062863391516
0.3119429901314611
0.3118227657111925
0.3117021860278399
0.3115812469357919
0.3114599442462824
0.3113382737269774
0.31121623110155894
0.3110938120493093
0.3109710122046936
0.3108478271569421
0.31072425244962965
0.310600283580258
0.3104759159998336
0.31035114511244816
0.31022596627485755
0.3101003747960601
0.3099743659368762
0.3098479349095268
0.30972107687721284
0.309593786953696
0.3094660602028768
0.30933789163837866
0.30920927622312816
0.30908020886893917
0.30895068443609697
0.3088206977329456
0.3086902435154746
0.3085593164869094
0.3084279112973035
0.30829602254313315
0.30816364476689434
0.30803077245670085
0.3078974000458906
0.30776352191262923
0.30762913237952105
0.30749422571322227
0.3073587961240585
0.3072228377656488
0.3070863447345295
0.3069493110697876
0.3068117307526981
0.30667359770636515
0.3065349057953714
0.3063956488254318
0.30625582054305517
0.30611541463521136
0.30597442472900627
0.305832844391365
0.30569066712872095
0.30554788638671526
0.30540449554990357
0.30526048794147154
0.30511585682296155
0.3049705953940066
0.3048246967920762
0.30467815409223276
0.3045309603068971
0.30438310838562743
0.3042345912149106
0.30408540161796266
0.30393553235454446
0.3037849761207905
0.303633725549051
0.3034817732077464
0.30332911160123976
0.30317573316972196
0.30302163028911133
0.3028667952709734
0.30271122036245346
0.3025548977462267
0.3023978195404682
0.3022399777988387
0.30208136451048934
0.3019219716000868
0.3017617909278569
0.3016008142896483
0.3014390334170186
0.30127643997733927
0.30111302557392544
0.3009487817461839
0.30078369996978926
0.30061777165688
0.30045098815627846
0.3002833407537386
0.30011482067221484
0.2999454190721611
0.2997751270518518
0.29960393564773347
0.2994318358348008
0.29925881852700353
0.2990848745776792
0.2989099947800171
0.2987341698675512
0.29855739051468283
0.2983796473372342
0.2982009308930351
0.29802123168253825
0.2978405401494697
0.2976588466815102
0.29747614161101166
0.29729241521574606
0.29710765771968983
0.2969218592938418
0.2967350100570776
0.29654710007703955
0.2963581193710618
0.2961680579071342
0.29597690560489937
0.2957846523366925
0.29559128792861356
0.29539680216164166
0.29520118477278434
0.29500442545627
0.2948065138647747
0.29460743961069197
0.2944071922674392
0.2942057613708069
0.29400313642034454
0.29379930688079026
0.29359426218353735
0.29338799172814345
0.29318048488387993
0.2929717309913201
0.292761719363971
0.2925504392899425
0.2923378800336597
0.2921240308376144
0.29190888092415646
0.2916924194973273
0.29147463574473115
0.2912555188394477
0.291035057941984
0.2908132422022654
0.2905900607616654
0.29036550275507517
0.29013955731300894
0.2899122135637502
0.2896834606355332
0.28945328765876094
0.2892216837682612
0.28898863810557657
0.28875413982129
0.28851817807738467
0.2882807420496375
0.28804182093004493
0.28780140392928155
0.28755948027918876
0.28731603923529475
0.2870710700793628
0.2868245621219687
0.28657650470510515
0.2863268872048127
0.2860756990338345
0.2858229296442982
0.2855685685304169
0.285312605231215
0.2850550293332723
0.28479583047348916
0.28453499834186813
0.28427252268431213
0.28400839330543987
0.2837426000714125
0.28347513291277393
0.2832059818273032
0.28293513688287353
0.2826625882203227
0.2823883260563281
0.282112340686286
0.2818346224871974
0.2815551619205522
0.28127394953521684
0.2809909759703183
0.28070623195812716
0.280419708326935
0.28013139600392767
0.27984128601804814
0.27954936950285314
0.27925563769935774
0.2789600819588675
0.2786626937457973
0.27836346464047523
0.27806238634192804
0.2777594506706503
0.27745464957135096
0.27714797511568146
0.2768394195049389
0.27652897507274515
0.27621663428770077
0.27590238975601244
0.2755862342240899
0.2752681605811157
0.2749481618615822
0.2746262312477969
0.2743023620723537
0.2739765478205722
0.2736487821328974
0.27331905880726615
0.2729873718014331
0.27265371523526205
0.2723180833929719
0.27198047072534814
0.2716408718519094
0.27129928156303335
0.27095569482204007
0.2706101067672326
0.27026251271389207
0.2699129081562308
0.2695612887692992
0.269207650410848
0.2688519891231451
0.2684943011347464
0.26813458286222164
0.2677728309118331
0.267409042081168
0.2670432133607265
0.26667534193546083
0.26630542518627104
0.26593346069145235
0.2655594462280987
0.26518337977345896
0.264805259506249
0.2644250838079186
0.26404285126387295
0.2636585606646512
0.26327221100705994
0.2628838014952647
0.26249333154183724
0.2621008007687626
0.2617062090084025
0.26130955630441954
0.2609108429126603
0.26051006930199827
0.26010723615513953
0.2597023443693889
0.2592953950573792
0.2588863895477635
0.25847532938587237
0.2580622163343344
0.25764705237366414
0.25722983970281466
0.2568105807396994
0.2563892781216805
0.25596593470602486
0.2555405535703329
0.2551131380129342
0.25468369155325665
0.2542522179321647
0.2538187211122718
0.2533832052782272
0.2529456748369708
0.25250613441796904
0.25206458887342087
0.25162104327844126
0.25117550293121926
0.2507279733531538
0.2502784602889648
0.24982696970678184
0.24937350779821182
0.2489180809783808
0.24846069588595782
0.24800135938315426
0.24754007855570279
0.24707686071281512
0.24661171338711613
0.24614464433455976
0.24567566153432097
0.24520477318866693
0.24473198772280708
0.24425731378472046
0.24378076024496106
0.24330233619644098
0.24282205095419146
0.24233991405509903
0.24185593525762003
0.24137012454146972
0.24088249210728707
0.2403930483762757
0.2399018039898159
0.23940876980905404
0.23891395691446185
0.23841737660536985
0.23791904039946937
0.23741896003228977
0.23691714745663894
0.23641361484201878
0.23590837457400451
0.23540143925359225
0.2348928216965127
0.23438253493250927
0.2338705922045815
0.23335700696818845
0.2328417928904182
0.23232496384911458
0.23180653393196526
0.23128651743554887
0.23076492886433947
0.2302417829296672
0.22971709454863448
0.22919087884298806
0.22866315113794297
0.22813392696095902
0.22760322204046993
0.22707105230456104
0.22653743387959807
0.22600238308880277
0.22546591645077732
0.2249280506779741
0.22438880267511246
0.22384818953753824
0.22330622854952953
0.22276293718254386
0.22221833309340863
0.22167243412245327
0.2211252582915813
0.2205768238022849
0.22002714903359719
0.21947625253998582
0.21892415304918308
0.2183708694599567
0.21781642083981767
0.21726082642266598
0.21670410560637407
0.21614627795030728
0.21558736317278224
0.2150273811484617
0.21446635190568733
0.21390429562374866
0.21334123263009164
0.21277718339746166
0.2122121685409873
0.21164620881520144
0.2110793251109992
0.21051153845253823
0.20994286999407674
0.2093733410167512
0.2088029729252959
0.2082317872447052
0.20765980561683642
0.2070870497969565
0.2065135416502344
0.20593930314817688
0.205364356365012
0.2047887234740196
0.20421242674381146
0.20363548853455957
0.20305793129417815
0.20247977755445626
0.20190104992714608
0.20132177110000601
0.2007419638328022
0.2001616509532671
0.19958085535301975
0.19899959998344915
0.19841790785155972
0.19783580201578282
0.19725330558175863
0.19667044169808423
0.1960872335520344
0.19550370436525716
0.19491987738944255
0.1943357759019713
0.19375142320154148
0.19316684260377692
0.19258205743682136
0.19199709103691553
0.191411966743966
0.19082670789710132
0.1902413378302225
0.18965587986754856
0.18907035731915758
0.1884847934765291
0.18789921160808662
0.18731363495474473
0.18672808672546193
0.18614259009280282
0.18555716818850992
0.18497184409908835
0.18438664086140713
0.1838015814583163
0.1832166888142848
0.18263198579105863
0.1820474951833463
0.1814632397145259
0.18087924203238595
0.18029552470489124
0.17971211021598552
0.1791290209614269
0.1785462792446603
0.17796390727272896
0.1773819271522265
0.17680036088529197
0.1762192303656479
0.17563855737468775
0.17505836357760873
0.1744786705195958
0.17389949962205864
0.17332087217891956
0.17274280935295833
0.1721653321722142
0.17158846152644355
0.17101221816363993
0.17043662268661489
0.16986169554963965
0.16928745705515244
0.1687139273505301
0.16814112642492718
0.16756907410618038
0.1669977900577852
0.16642729377593807
0.16585760458665322
0.16528874164294866
0.16472072392210538
0.1641535702230007
0.1635872991635146
0.1630219291780118
0.16245747851489895
0.16189396523425728
0.16133140720555447
0.16076982210542923
0.16020922741555807
0.15964964042059593
0.15909107820619806
0.15853355765711857
0.15797709545538774
0.15742170807856898
0.15686741179809285
0.1563142226776723
0.15576215657179435
0.15521122912429164
0.15466145576699275
0.15411285171844996
0.15356543198274636
0.15301921134837893
0.1524742043872218
0.15193042545356344
0.15138788868322414
0.1508466079927455
0.15030659707865984
0.149767869416832
0.14923043826187626
0.14869431664664723
0.14815951738180522
0.14762605305545112
0.1470939360328363
0.14656317845614117
0.1460337922443253
0.14550578909304518
0.14497918047464248
0.1444539776381976
0.1439301916096516
0.14340783319199193
0.14288691296550476
0.1423674412880881
0.14184942829563027
0.14133288390244775
0.14081781780178446
0.14030423946636955
0.13979215814903298
0.1392815828833798
0.13877252248451794
0.13826498554984246
0.1377589804598716
0.13725451537913635
0.13675159825712144
0.13625023682925344
0.1357504386179406
0.13525221093365858
0.1347555608760824
0.13426049533526319
0.13376702099284887
0.1332751443233472
0.13278487159542945
0.13229620887327526
0.13180916201795473
0.13132373668884811
0.13083993834510294
0.13035777224712478
0.12987724345810234
0.12939835684556442
0.12892111708296938
0.1284455286513228
0.12797159584082593
0.12749932275255033
0.1270287133001395
0.12655977121153605
0.12609250003073252
0.12562690311954516
0.1251629836594097
0.12470074465319807
0.12424018892705388
0.12378131913224721
0.12332413774704579
0.12286864707860304
0.12241484926486232
0.1219627462764726
0.12151233991872001
0.12106363183346988
0.12061662350112096
0.12017131624256816
0.11972771122117695
0.11928580944476286
0.1188456117675809
0.11840711889232014
0.1179703313721036
0.11753524961249309
0.11710187387349802
0.11667020427158623
0.11624024078169805
0.11581198323925988
0.11538543134220045
0.11496058465296496
0.11453744260052898
0.11411600448240981
0.11369626946667667
0.11327823659395675
0.11286190477943694
0.11244727281486194
0.11203433937052719
0.11162310299726502
0.1112135621284254
0.1108057150818494
0.11039956006183489
0.10999509516109404
0.10959231836270265
0.10919122754204041
0.10879182046872082
0.1083940948085112
0.10799804812524261
0.10760367788270861
0.10721098144655208
0.10681995608614009
0.1064305989764281
0.10604290719980884
0.10565687774795064
0.10527250752362119
0.10488979334249755
0.10450873193496284
0.10412931994788809
0.10375155394639973
0.10337543041563178
0.10300094576246392
0.10262809631724285
0.10225687833548926
0.10188728799958818
0.10151932142046391
0.10115297463923778
0.10078824362887095
0.1004251242957892
0.1000636124814923
0.09970370396414499
0.0993453944601527
0.09898867962571888
0.09863355505838556
0.09828001629855655
0.0979280588310036
0.09757767808635397
0.09722886944256184
0.09688162822636118
0.09653594971470116
0.09619182913616386
0.0958492616723646
0.09550824245933381
0.09516876658888153
0.09483082910994457
0.0944944250299144
0.09415954931594955
0.09382619689626802
0.09349436266142307
0.09316404146556134
0.09283522812766315
0.0925079174327648
0.09218210413316384
0.09185778294960646
0.09153494857245772
0.09121359566285428
0.09089371885383896
0.09057531275148004
0.09025837193597144
0.08994289096271657
0.08962886436339566
0.08931628664701524
0.08900515230094161
0.08869545579191736
0.08838719156706108
0.08808035405485139
0.08777493766609315
0.08747093679486923
0.08716834581947472
0.08686715910333645
0.08656737099591474
0.08626897583359143
0.0859719679405416
0.08567634162958926
0.08538209120304825
0.08508921095354825
0.0847976951648446
0.08450753811261491
0.08421873406523903
0.08393127728456615
0.08364516202666614
0.08336038254256717
0.08307693307897912
0.08279480787900267
0.0825140011828252
0.08223450722840187
0.08195632025212449
0.08167943448947579
0.08140384417567095
0.08112954354628629
0.08085652683787437
0.08058478828856695
0.08031432213866478
0.08004512263121547
0.07977718401257831
0.0795105005329777
0.07924506644704402
0.07898087601434281
0.07871792349989222
0.07845620317466938
0.07819570931610442
0.0779364362085642
0.0776783781438241
0.07742152942153008
0.07716588434964851
0.0769114372449065
0.07665818243322102
0.07640611425011853
0.07615522704114353
0.07590551516225744
0.07565697298022823
0.07540959487300915
0.07516337523010862
0.0749183084529508
0.07467438895522652
0.07443161116323499
0.07418996951621684
0.07394945846667812
0.0737100724807055
0.07347180603827355
0.0732346536335418
0.07299860977514595
0.07276366898647885
0.0725298258059647
0.07229707478732487
0.0720654104998354
0.07183482752857819
0.07160532047468343
0.0713768839555651
0.07114951260514968
0.07092320107409691
0.07069794403001356
0.07047373615766174
0.07025057215915817
0.07002844675416872
0.06980735468009532
0.06958729069225733
0.06936824956406562
0.06915022608719096
0.06893321507172684
0.06871721134634537
0.0685022097584481
0.06828820517431082
0.06807519247922232
0.06786316657761868
0.06765212239321096
0.06744205486910865
0.06723295896793663
0.06702482967194859
0.06681766198313414
0.06661145092332171
0.06640619153427613
0.06620187887779205
0.06599850803578251
0.06579607411036267
0.06559457222392955
0.0653939975192373
0.06519434515946794
0.06499561032829813
0.06479778822996234
0.06460087408931049
0.06440486315186417
0.06420975068386611
0.06401553197232852
0.06382220232507585
0.06362975707078508
0.06343819155902194
0.06324750116027386
0.06305768126597992
0.06286872728855666
0.06268063466142139
0.06249339883901225
0.062307015296804893
0.062121479531326254
0.06193678706016603
0.06175293342198403
0.06156991417651577
0.06138772490457531
0.06120636120805436
0.06102581870992013
0.06084609305420989
0.060667179906022946
0.06048907495151064
0.06031177389786374
0.060135272473297335
0.05995956642703393
0.059784651529284
0.0596105235712245
0.059437178364975043
0.059264611743572684
0.05909281956094402
0.05892179769187572
0.05875154203198308
0.05858204849767687
0.05841331302612811
0.0582453315752315
0.05807810012356674
0.057911614670358394
0.05774587123543462
0.057580865859183185
0.05741659460250713
0.057253053546778634
0.05709023879379079
0.05692814646570922
0.05676677270502095
0.056606113674483254
0.056446165557070174
0.05628692455591888
0.05612838689427373
0.055970548815429726
0.05581340658267514
0.05565695647923248
0.05550119480819863
0.05534611789248424
0.05519172207475153
0.055038003717351514
0.05488495920226085
0.054732584931016404
0.0545808773246503
0.0544298328236236
0.0542794478877589
0.05412971899617279
0.053980642647207006
0.05383221535835922
0.05368443366621289
0.05353729412636686
0.0533907933133636
0.05324492782061764
0.053099694260342695
0.05295508926347918
0.0528111094796198
0.052667751576935956
0.05252501224210294
0.052382888180224865
0.05224137611475886
0.05210047278743962
0.05196017495820244
0.051820479405106784
0.051681382924259105
0.05154288232973506
0.051404974453502124
0.051267656145341275
0.051130924272768344
0.050994775720955454
0.05085920739265261
0.05072421620810734
0.0505897991049864
0.05045595303829564
0.05032267498030023
0.050189961920444455
0.050057810865272195
0.04992621883834599
