0.541601070218545
0.5685774042763518
0.5216989938024787
0.5272365171425218
0.5405066375255838
0.5308543230344178
0.5150316163405076
0.5120775895918921
0.5156792485509327
0.5152772576029184
0.5132878735353816
0.5136361853135506
0.5144390952950988
0.5135797868912044
0.5121331028882764
0.5115636405946877
0.511671782852542
0.5117867580585753
0.5118444273202902
0.5119354644664802
0.5119233308712572
0.5117235805381142
0.5114681398395418
0.5113044912520412
0.511246391425948
0.5112384805574667
0.5112388186440877
0.5112209314348042
0.5111665238876394
0.5110797639097889
0.5109860823571772
0.5109089715104272
0.5108545560854593
0.5108153677527255
0.5107801720484091
0.5107400910311001
0.5106915858926391
0.5106370729367008
0.5105822964279549
0.5105321376686169
0.5104881259958001
0.5104487516220976
0.5104112697621455
0.5103734513048944
0.5103345324860803
0.510295187256127
0.5102567609631224
0.5102203512565673
0.5101862955524139
0.5101542262770735
0.5101234762987148
0.5100935090313312
0.5100641499985834
0.5100355633025857
0.5100080584028673
0.5099818773755266
0.509957081487168
0.5099335671014471
0.5099111624975583
0.5098897301550274
0.5098692199538976
0.5098496605977136
0.509831112214862
0.5098136165513014
0.5097971716181493
0.5097817366849239
0.5097672557699315
0.5097536817360955
0.5097409882512166
0.5097291670550552
0.5097182164065256
0.5097081294252641
0.5096988884694723
0.5096904666707383
0.509682833658344
0.5096759612152418
0.5096698259360564
0.5096644084122576
0.5096596904291036
0.509655652249854
0.5096522713885794
0.5096495230686855
0.5096473816217192
0.5096458218146944
0.5096448194381636
0.5096443510763342
0.5096443934322608
0.5096449227007247
0.5096459143068308
0.509647343040119
0.5096491833975368
0.5096514098955623
0.5096539972003036
0.5096569200652279
0.5096601531697161
0.5096636709749607
0.5096674476689721
0.5096714572036916
0.5096756733777412
0.5096800699082156
0.5096846204574967
0.5096892986146278
0.5096940778543745
0.5096989315014587
0.5097038327160721
0.5097087545004482
0.5097136697150031
0.5097185510907453
0.5097233712303416
0.5097281025982009
0.5097327175052844
0.5097371880951156
0.5097414863346004
0.5097455840094017
0.5097494527210603
0.5097530638827525
0.5097563887120021
0.5097593982205407
0.509762063202733
0.5097643542240851
0.5097662416106608
0.5097676954393009
0.5097686855279748
0.509769181425542
0.5097691524005601
0.5097685674292156
0.5097673951827235
0.509765604014563
0.5097631619477303
0.5097600366619834
0.5097561954809137
0.5097516053586783
0.5097462328663127
0.509740044177645
0.5097330050548882
0.509725080833997
0.5097162364098199
0.5097064362210301
0.5096956442347869
0.5096838239310757
0.5096709382866973
0.5096569497588921
0.5096418202686065
0.5096255111833955
0.5096079832999478
0.5095891968262065
0.5095691113630422
0.5095476858854413
0.509524878723165
0.5095006475408445
0.509474949317473
0.5094477403252529
0.5094189761077506
0.5093886114573014
0.5093566003916071
0.5093228961294605
0.509287451065526
0.5092502167441123
0.5092111438318536
0.5091701820892269
0.5091272803408157
0.5090823864442334
0.5090354472576062
0.5089864086055177
0.5089352152433083
0.5088818108196199
0.5088261378370686
0.5087681376109277
0.5087077502256924
0.5086449144894
0.5085795678855649
0.5085116465225948
0.5084410850805379
0.5083678167550183
0.5082917731982053
0.5082128844566618
0.5081310789059144
0.5080462831815822
0.5079584221069058
0.5078674186165048
0.5077731936762044
0.5076756661987611
0.5075747529553214
0.507470368482446
0.507362424984537
0.5072508322315026
0.5071354974514974
0.5070163252185815
0.5068932173351406
0.5067660727089162
0.5066347872245005
0.506499253609147
0.5063593612927643
0.5062149962619542
0.5060660409079684
0.5059123738684561
0.5057538698628863
0.5055903995215238
0.5054218292078513
0.5052480208343247
0.5050688316713557
0.5048841141494138
0.504693715654142
0.5044974783143781
0.5042952387829682
0.5040868280102622
0.5038720710101628
0.5036507866186073
0.5034227872443366
0.5031878786118115
0.5029458594961072
0.5026965214496215
0.5024396485204033
0.5021750169619037
0.5019023949339337
0.5016215421946003
0.5013322097829771
0.501034139692265
0.5007270645331792
0.5004107071873104
0.5000847804502004
0.4997489866638944
0.4994030173387437
0.4990465527642747
0.49867926160897513
0.4983008005089187
0.49791081364522366
0.49750893231044424
0.4970947744641171
0.49666794427783983
0.49622803167044116
0.4957746118340218
0.49530724475190135
0.49482547470981264
0.49432882980202747
0.49381682143450584
0.4932889438276143
0.49274467352148826
0.4921834688876966
0.4916047696515343
0.49100799643000764
0.4903925502914058
0.48975781234326043
0.4891031433565038
0.4884278834347351
0.4877313517387014
0.48701284627739716
0.48627164377857707
0.4855069996529584
0.48471814806796065
0.4839043021484648
0.4830646543237703
0.4821983768416549
0.48130462247216094
0.4803825254254251
0.479431202509461
0.47844975455525307
0.4774372681377512
0.47639281762227614
0.4753154675663631
0.4742042755070807
0.47305829516321696
0.4718765800803191
0.47065818774423634
0.46940218418541374
0.46810764909155334
0.46677368144027365
0.46539940565589655
0.4639839782854012
0.4625265951777968
0.4610264991386874
0.4594829880176279
0.45789542317013915
0.4562632382191242
0.4545859480222007
0.4528631577325306
0.4510945718215721
0.4492800029134137
0.4474193802626852
0.4455127576922556
0.44356032079389285
0.4415623931856415
0.4395194416147679
0.4374320796955015
0.43530107007720653
0.4331273248515122
0.43091190402665014
0.42865601192374875
0.42636099138282224
0.42402831570496613
0.42165957830083406
0.41925648006241495
0.41682081452385866
0.41435445092571604
0.4118593153434946
0.40933737008390036
0.40679059158865055
0.4042209471146597
0.4016303704793993
0.3990207371704392
0.39639383911819837
0.39375135942089656
0.3910948472912722
0.38842569346694433
0.38574510629194214
0.383054088637802
0.3803534157909042
0.37764361439070987
0.37492494246360186
0.37219737056146507
0.3694605639851659
0.3667138660527849
0.36395628236267
0.36118646600382165
0.35840270368224225
0.355602902762974
0.3527845792746707
0.34994484698754313
0.34708040775693416
0.3441875434238312
0.34126210967999326
0.3382995324381161
0.3352948073946944
0.3322425036319458
0.3291367722708497
0.3259713613537296
0.32273963829360747
0.31943462136821116
0.3160490218462195
0.312575298397004
0.30900572543586075
0.30533247697618743
0.3015477273792644
0.29764377009253185
0.29361315503097707
0.2894488446682527
0.2851443881527058
0.2806941118419055
0.2760933235579691
0.2713385266160374
0.2664276382960543
0.26136020596214565
0.25613761256286227
0.2507632618850306
0.2452427328406819
0.23958389143453818
0.2337969491050958
0.2278944570648554
0.2218912282451908
0.2158041815410267
0.2096521071685331
0.20345535684253313
0.19723546772796224
0.1910147341733595
0.18481574549653282
0.17866091101625967
0.172571994712644
0.16656968118200716
0.16067319201776123
0.15489996772408743
0.14926542525824793
0.1437827958889442
0.13846304282935643
0.13331485353734457
0.12834469800697884
0.12355694197239374
0.11895400271631246
0.1145365350046981
0.1103036353555954
0.10625305415441907
0.10238140680781921
0.09868437696750873
0.09515690667975382
0.09179336999957606
0.08858772807202381
0.08553366488759426
0.08262470385821072
0.07985430604959225
0.07721595137469572
0.07470320433726554
0.07230976605197703
0.0700295142938438
0.06785653327594844
0.06578513474759146
0.06380987186578815
0.061925547137889794
0.060127215573846496
0.05841018403152277
0.05677000759288228
0.055202483675927685
0.0537036444685262
0.05226974816600627
0.050897269404260884
0.04958288920310867
