1.9858589134728926
2.3418446043286982
2.2303137491703993
2.1575362060249317
2.1254184403400593
2.1109753548263637
2.102528605195821
2.0960174578947943
2.090220917919053
2.084771758860897
2.0795480493689484
2.074502979641881
2.0696158779722063
2.064876509612192
2.0602792885485193
2.05582086471857
2.0514990251762706
2.0473121563677568
2.043258957454596
2.0393382678218104
2.035548946828262
2.0318897779920895
2.0283593856653868
2.024956159632645
2.0216781864564863
2.01852318788921
2.0154884672527773
2.0125708648235223
2.0097667231585823
2.0070718630754776
2.0044815707013655
2.0019905956797133
1.9995931602854051
1.9972829788756485
1.9950532868110622
1.9928968777330391
1.9908061478901846
1.9887731460741613
1.9867896276556003
1.9848471112014847
1.9829369362012754
1.9810503205217476
1.9791784163405601
1.9773123634653962
1.9754433391188744
1.9735626034497284
1.9716615402096336
1.9697316922057806
1.9677647912966483
1.9657527828388486
1.9636878446144161
1.9615624003695433
1.9593691281779038
1.9571009639052324
1.9547511000984394
1.9523129806540744
1.949780291639613
1.9471469486489785
1.944407081073115
1.9415550136592967
1.9385852457211572
1.9354924283467807
1.9322713399362355
1.9289168603838798
1.9254239442058925
1.9217875929006687
1.9180028268198197
1.914064656821259
1.9099680559736238
1.9057079315837064
1.9012790978256426
1.8966762492627607
1.8918939355700097
1.886926537786759
1.8817682464561134
1.8764130420372476
1.8708546780108541
1.8650866671336803
1.8591022713348764
1.8528944957829792
1.8464560876856067
1.8397795404119894
1.8328571035483052
1.8256807995042201
1.8182424472822132
1.8105336939953243
1.8025460546697845
1.794270960792501
1.785699817956073
1.7768240728130562
1.767635289374995
1.7581252344805647
1.7482859720133286
1.7381099651783933
1.7275901858567921
1.7167202297581
1.7054944358000812
1.6939080078757272
1.6819571369411237
1.6696391211901462
1.656952481990008
1.6438970732470553
1.6304741819605308
1.616686617901092
1.6025387906094601
1.588036772228787
1.573188345034875
1.5580030328793055
1.5424921160794098
1.5266686295471588
1.5105473441266666
1.494144731199595
1.4774789106266175
1.4605695820434788
1.4434379394565287
1.4261065690274226
1.4085993299438262
1.3909412183807868
1.3731582147924488
1.355277115145174
1.3373253472007558
1.319330773552747
1.301321483764242
1.2833255785956144
1.2653709498855361
1.2474850601017793
1.22969472586347
1.2120259098227109
1.1945035251678
1.1771512566786049
1.1599914017497144
1.1430447341352983
1.126330392406732
1.1098657942995995
1.0936665773097807
1.0777465651231934
1.0621177587671133
1.0467903507798435
1.0317727602268973
1.0170716860527622
1.0026921760463647
0.9886377086067915
0.974910284509952
0.9615105259796419
0.9484377805392246
0.9356902273442387
0.9232649839540278
0.9111582117761372
0.8993652186973676
0.8878805576890438
0.876698120432995
0.8658112252529573
0.8552126988498492
0.8448949515265923
0.8348500457484279
0.8250697580185431
0.8155456341578456
0.8062690381638785
0.7972311948895541
0.7884232268302155
0.779836185340004
0.771461076618209
0.7632888828155846
0.755310578611644
0.7475171436088233
0.739899570879817
0.7324488719920176
0.7251560788192056
0.7180122424367643
0.7110084293838345
0.7041357155650749
0.6973851780569816
0.69074788508003
0.6842148843990785
0.677777190421498
0.6714257702761633
0.6651515291777703
0.6589452954107756
0.6527978053064889
0.6466996886363294
0.6406414549046536
0.6346134810964016
0.6286060015182315
0.6226091004665311
0.6166127085606746
0.6106066036932699
0.6045804176676852
0.5985236497122405
0.5924256881732951
0.5862758417871415
0.5800633820011959
0.5737775978435834
0.5674078648086103
0.5609437291122341
0.5543750084524024
0.5476919100581417
0.540885166303342
0.5339461874747268
0.5268672304051331
0.5196415806135478
0.5122637443535702
0.5047296456104672
0.49703682168470076
0.4891846096719796
0.4811743150424942
0.47300935280089307
0.4646953515404782
0.45624021123232716
0.44765410690122653
0.43894943244425927
0.43014068165577335
0.42124426684501826
0.41227827899544245
0.40326219689017817
0.3942165556809268
0.3851625877113703
0.3761218498072986
0.36711585160964916
0.3581656988681164
0.3492917640551612
0.34051339440930395
0.3318486648268207
0.32331418015799107
0.3149249286724522
0.30669418593731734
0.2986334662425631
0.2907525170898222
0.28305935115510755
0.27556030951870925
0.26826014976834883
0.2611621527465674
0.25426824214409455
0.2475791117529097
0.24109435590954015
0.23481259941665888
0.2287316239791284
0.2228484888928901
0.21715964435780125
0.21166103633550262
0.20634820233589662
0.2012163578923351
0.19626047378179987
0.1914753442705955
0.18685564682790445
0.18239599385892785
0.17809097707588076
0.17393520515755348
0.16992333535438797
0.16605009968268594
0.16231032632428946
0.15869895681139273
0.15521105953371078
0.1518418400598168
0.14858664871823327
0.1454409858383321
0.14240050500738302
0.13946101465890404
0.1366184782692419
0.133869013404281
0.13120888982640597
0.12863452684326881
0.1261424900544169
0.12372948762923364
0.12139236622972134
0.1191281066741986
0.11693381942273166
0.11480673995189898
0.11274422407502385
0.11074374325414735
0.10880287994154864
0.10691932298136751
0.10509086309572024
0.1033153884744637
0.1015908804833284
0.09991540950142902
0.09828713089602797
0.09670428113983431
0.09516517407396222
0.09366819731789983
0.09221180882638695
0.09079453359193265
0.08941496049075502
0.0880717392691929
0.08676357766705643
0.08548923867395354
0.084247537914305
0.08303734115654474
0.08185756194185485
0.08070715932771476
0.07958513574152197
0.07849053493955979
0.07742244006665341
0.07637997181193648
0.07536228665625826
0.07436857520688916
0.07339806061531615
0.07244999707406521
0.07152366838864159
0.07061838662083132
0.06973349079976413
0.06886834569729401
0.06802234066440792
0.0671948885255242
0.06638542452769335
0.0655934053418542
0.06481830811344157
0.06405962955977745
0.0633168851118026
0.0625896080978401
0.06187734896719024
0.06117967455148173
0.06049616736180701
0.05982642491977646
0.0591700591207233
0.058526695627389644
0.05789597329250957
0.057277543608791115
0.056671070184883626
0.05607622824598715
0.05549270415783858
0.05492019497287507
0.05435840799743936
0.0538070603789577
0.05326587871207129
0.05273459866276653
0.05221296460959046
0.05170072930109941
0.05119765352872082
0.05070350581426577
0.05021806211135983
0.049741105520106306
