0.47937647206174105
0.5322919929617628
0.525400407033056
0.5201799229743467
0.5164828335512828
0.5139000596303611
0.5121108848469457
0.5108767176850735
0.5100258411131555
0.5094374126693204
0.5090276755383106
0.5087391690164931
0.5085327410069848
0.5083818332366101
0.5082684807482317
0.5081805510237043
0.5081098564402935
0.5080508718187212
0.5079998666652739
0.5079543195799324
0.5079125237389917
0.5078733213582727
0.5078359250421611
0.50779979758629
0.5077645710767694
0.5077299923989498
0.5076958864953538
0.5076621315561787
0.5076286422367124
0.5075953582790899
0.5075622367769198
0.5075292468991186
0.5074963662769876
0.5074635785187744
0.5074308714906584
0.5073982361204551
0.5073656655592409
0.5073331545891874
0.5073006992016836
0.5072682962939637
0.5072359434487852
0.5072036387727705
0.5071713807765457
0.5071391682849372
0.5071070003689988
0.5070748762940603
0.5070427954796551
0.5070107574683502
0.5069787619013137
0.5069468084990347
0.5069148970460154
0.5068830273785564
0.5068511993749631
0.5068194129476671
0.506787668036863
0.5067559646053611
0.506724302634407
0.5066926821202884
0.506661103071566
0.5066295655068234
0.506598069452824
0.50656661494301
0.5065352020162728
0.5065038307159475
0.5064725010889901
0.5064412131853033
0.5064099670571844
0.5063787627588712
0.5063476003461709
0.5063164798761556
0.5062854014069104
0.5062543649973282
0.5062233707069401
0.5061924185957752
0.5061615087242461
0.5061306411530541
0.5060998159431094
0.5060690331554667
0.5060382928512719
0.5060075950917157
0.5059769399379965
0.505946327451289
0.5059157576927173
0.505885230723333
0.5058547466040947
0.5058243053958531
0.5057939071593363
0.5057635519551362
0.5057332398437007
0.5057029708853203
0.5056727451401231
0.5056425626680641
0.5056124235289206
0.5055823277822841
0.5055522754875547
0.5055222667039366
0.5054923014904309
0.5054623799058321
0.5054325020087224
0.5054026678574679
0.5053728775102132
0.5053431310248777
0.5053134284591511
0.5052837698704891
0.5052541553161098
0.5052245848529898
0.5051950585378587
0.5051655764271974
0.5051361385772326
0.5051067450439339
0.5050773958830097
0.5050480911499027
0.5050188308997878
0.5049896151875667
0.5049604440678656
0.5049313175950302
0.5049022358231234
0.5048731988059206
0.5048442065969065
0.5048152592492721
0.50478635681591
0.5047574993494113
0.5047286869020626
0.5046999195258421
0.5046711972724159
0.5046425201931343
0.5046138883390292
0.50458530176081
0.5045567605088603
0.5045282646332345
0.5044998141836545
0.5044714092095058
0.5044430497598351
0.5044147358833457
0.5043864676283955
0.5043582450429924
0.5043300681747921
0.5043019370710937
0.5042738517788377
0.5042458123446015
0.5042178188145969
0.5041898712346664
0.5041619696502807
0.5041341141065347
0.5041063046481447
0.5040785413194451
0.5040508241643857
0.5040231532265276
0.5039955285490411
0.503967950174702
0.5039404181458884
0.5039129325045785
0.5038854932923462
0.5038581005503593
0.5038307543193756
0.5038034546397402
0.503776201551383
0.5037489950938145
0.5037218353061239
0.5036947222269761
0.503667655894608
0.5036406363468261
0.503613663621004
0.5035867377540786
0.5035598587825476
0.5035330267424669
0.5035062416694476
0.5034795035986532
0.5034528125647962
0.5034261686021366
0.5033995717444777
0.5033730220251643
0.5033465194770796
0.5033200641326421
0.5032936560238036
0.5032672951820463
0.5032409816383795
0.5032147154233377
0.5031884965669774
0.5031623250988753
0.5031362010481237
0.5031101244433309
0.5030840953126158
0.5030581136836066
0.5030321795834387
0.5030062930387507
0.502980454075683
0.5029546627198752
0.5029289189964634
0.502903222930077
0.5028775745448378
0.5028519738643559
0.5028264209117286
0.5028009157095366
0.5027754582798428
0.5027500486441898
0.5027246868235965
0.5026993728385565
0.502674106709036
0.5026488884544706
0.5026237180937639
0.5025985956452845
0.5025735211268638
0.5025484945557943
0.5025235159488264
0.5024985853221672
0.5024737026914773
0.5024488680718691
0.5024240814779046
0.502399342923593
0.5023746524223884
0.5023500099871887
0.5023254156303314
0.5023008693635935
0.5022763711981886
0.5022519211447641
0.5022275192134006
0.5022031654136084
0.5021788597543262
0.502154602243919
0.5021303928901756
0.5021062317003078
0.5020821186809463
0.5020580538381413
0.5020340371773582
0.5020100687034769
0.5019861484207897
0.5019622763329994
0.5019384524432168
0.5019146767539596
0.5018909492671502
0.5018672699841131
0.501843638905575
0.5018200560316605
0.501796521361892
0.5017730348951872
0.5017495966298575
0.5017262065636061
0.5017028646935263
0.5016795710161
0.5016563255271946
0.5016331282220641
0.501609979095344
0.5015868781410522
0.5015638253525855
0.5015408207227198
0.5015178642436066
0.5014949559067724
0.5014720957031166
0.5014492836229105
0.5014265196557949
0.5014038037907789
0.5013811360162386
0.5013585163199149
0.5013359446889126
0.501313421109698
0.5012909455680985
0.5012685180493003
0.5012461385378466
0.5012238070176376
0.501201523471927
0.5011792878833224
0.5011571002337826
0.5011349605046164
0.5011128686764814
0.5010908247293835
0.501068828642673
0.5010468803950461
0.5010249799645414
0.5010031273285398
0.5009813224637624
0.5009595653462696
0.5009378559514597
0.5009161942540672
0.5008945802281627
0.5008730138471494
0.5008514950837646
0.500830023910076
0.5008086002974823
0.5007872242167104
0.5007658956378156
0.500744614530179
0.5007233808625079
0.500702194602833
0.5006810557185087
0.5006599641762105
0.500638919941935
0.5006179229809982
0.5005969732580346
0.5005760707369961
0.5005552153811503
0.5005344071530811
0.5005136460146848
0.5004929319271721
0.5004722648510648
0.500451644746196
0.5004310715717084
0.5004105452860537
0.5003900658469913
0.5003696332115879
0.5003492473362153
0.5003289081765507
0.5003086156875755
0.500288369823573
0.5002681705381297
0.5002480177841325
0.5002279115137691
0.5002078516785257
0.5001878382291876
0.5001678711158369
0.5001479502878532
0.5001280756939113
0.5001082472819811
0.500088464999326
0.5000687287925041
0.5000490386073646
0.5000293943890484
0.5000097960819881
0.4999902436299054
0.4999707369758119
0.4999512760620075
0.4999318608300797
0.499912491220903
0.49989316717463794
0.49987388863073157
0.49985465552791436
0.49983546780420185
0.49981632539689275
0.4997972282425681
0.49977817627709165
0.4997591694356077
0.4997402076525421
0.4997212908616
0.4997024189957665
0.49968359198730516
0.4996648097677579
0.49964607226794416
0.4996273794179602
0.49960873114717885
0.4995901273842484
0.49957156805709263
0.4995530530929095
0.49953458241817206
0.4995161559586256
0.49949777363928904
0.49947943538445383
0.49946114111768314
0.4994428907618118
0.4994246842389449
0.49940652147045883
0.4993884023769994
0.4993703268784818
0.4993522948940904
0.4993343063422778
0.4993163611407651
0.4992984592065407
0.4992806004558601
0.49926278480424563
0.49924501216648604
0.4992272824566356
0.49920959558801453
0.4991919514732078
0.49917435002406535
0.499156791151701
0.49913927476649267
0.499121800778082
0.4991043690953738
0.4990869796265355
0.499069632278997
0.49905232695945045
0.4990350635738499
0.4990178420274105
0.4990006622246091
0.498983524069183
0.4989664274641299
0.49894937231170783
0.49893235851343515
0.49891538597008916
0.49889845458170723
0.49888156424758523
0.49886471486627804
0.4988479063355991
0.49883113855262007
0.4988144114136707
0.4987977248143385
0.4987810786494684
0.49876447281316305
0.4987479071987814
0.4987313816989402
0.498714896205512
0.49869845060962636
0.49868204480166856
0.4986656786712805
0.4986493521073593
0.49863306499805776
0.4986168172307846
0.49860060869220335
0.4985844392682327
0.4985683088440464
0.4985522173040729
0.4985361645319949
0.4985201504107498
0.49850417482252923
0.498488237648779
0.4984723387701987
0.49845647806674176
0.4984406554176155
0.4984248707012805
0.49840912379545077
0.4983934145770942
0.498377742922431
0.49836210870693476
0.49834651180533246
0.4983309520916029
0.49831542943897883
0.4982999437199445
0.49828449480623743
0.49826908256884705
0.49825370687801546
0.4982383676032369
0.4982230646132574
0.4982077977760756
0.49819256695894176
0.4981773720283579
0.4981622128500781
0.4981470892891082
0.49813200120970513
0.49811694847537824
0.4981019309488876
0.4980869484922455
0.4980720009667147
0.49805708823281003
0.49804221015029704
0.49802736657819263
0.49801255737476485
0.4979977823975329
0.4979830415032668
0.4979683345479874
0.4979536613869669
0.49793902187472777
0.49792441586504366
0.4979098432109388
0.4978953037646878
0.4978807973778167
0.49786632390110097
0.49785188318456786
0.4978374750774938
0.4978230994284068
0.49780875608508446
0.49779444489455477
0.4977801657030965
0.49776591835623824
0.4977517026987588
0.49773751857468684
0.4977233658273017
0.4977092442991323
0.4976951538319574
0.4976810942668062
0.4976670654439572
0.497653067202939
0.4976390993825298
0.49762516182075756
0.4976112543548997
0.49759737682148364
0.4975835290562857
0.4975697108943322
0.49755592216989825
0.49754216271650853
0.4975284323669373
0.4975147309532074
0.49750105830659097
0.4974874142576094
0.4974737986360327
0.4974602112708796
0.49744665199041804
0.49743312062216427
0.4974196169928833
0.4974061409285885
0.4973926922545418
0.49737927079525335
0.49736587637448126
0.49735250881523213
0.4973391679397604
0.49732585356956804
0.4973125655254051
0.4972993036272694
0.4972860676944057
0.4972728575453066
0.49725967299771195
0.4972465138686083
0.49723337997422956
0.497220271130056
0.497207187150815
0.4971941278504802
0.49718109304227187
0.4971680825386556
0.49715509615134384
0.49714213369129473
0.49712919496871166
0.4971162797930438
0.4971033879729853
0.4970905193164756
0.4970776736306989
0.497064850722084
0.4970520503963038
0.4970392724582763
0.49702651671216225
0.4970137829613671
0.49700107100853913
0.49698838065557016
0.4969757117035948
0.4969630639529906
0.49695043720337745
0.4969378312536171
0.49692524590181336
0.4969126809453117
0.49690013618069845
0.4968876114038015
0.496875106409689
0.49686262099266915
0.49685015494629065
0.4968377080633413
0.49682528013584865
0.496812870955079
0.4968004803115367
0.4967881079949649
0.4967757537943445
0.4967634174978933
0.49675109889306646
0.4967387977665555
0.4967265139042881
0.49671424709142775
0.4967019971123733
0.4966897637507579
0.49667754678944953
0.4966653460105499
0.4966531611953941
0.49664099212454993
0.4966288385778176
0.49661670033422944
0.496604577172049
0.49659246886877056
0.49658037520111853
0.49656829594504737
0.4965562308757404
0.49654417976760945
0.49653214239429433
0.49652011852866224
0.4965081079428069
0.4964961104080486
0.4964841256949326
0.496472153573229
0.4964601938119321
0.49644824617925987
0.4964363104426525
0.4964243863687729
0.4964124737235045
0.496400572271952
0.4963886817784396
0.4963768020065107
0.49636493271892695
0.49635307367766746
0.49634122464392827
0.4963293853781213
0.49631755563987306
0.4963057351880252
0.49629392378063186
0.4962821211749604
0.49627032712748925
0.49625854139390785
0.49624676372911547
0.4962349938872201
0.4962232316215378
0.4962114766845915
0.4961997288281098
0.4961879878030271
0.49617625335948107
0.49616452524681276
0.4961528032135647
0.4961410870074807
0.4961293763755041
0.496117671063777
0.4961059708176392
0.4960942753816266
0.49608258449947085
0.49607089791409753
0.49605921536762504
0.49604753660136397
0.4960358613558151
0.49602418937066883
0.49601252038480337
0.49600085413628386
0.4959891903623612
0.49597752879947027
0.49596586918322905
0.49595421124843686
0.4959425547290735
0.49593089935829715
0.4959192448684443
0.4959075909910264
0.4958959374567305
0.49588428399541573
0.49587263033611406
0.4958609762070268
0.49584932133552384
0.49583766544814284
0.49582600827058637
0.4958143495277215
0.49580268894357715
0.49579102624134347
0.4957793611433696
0.49576769337116217
0.495756022645383
0.49574434868584916
0.49573267121152903
0.49572098994054226
0.4957093045901566
0.4956976148767879
0.49568592051599625
0.49567422122248583
0.4956625167101018
0.49565080669182954
0.4956390908797918
0.4956273689852473
0.4956156407185886
0.4956039057893402
0.4955921639061567
0.49558041477682013
0.4955686581082387
0.49555689360644456
0.4955451209765912
0.4955333399229518
0.49552155014891697
0.4955097513569926
0.4954979432487979
0.49548612552506255
0.4954742978856249
0.49546246002943006
0.4954506116545268
0.4954387524580657
0.4954268821362967
0.49541500038456726
0.4954031068973188
0.4953912013680855
0.4953792834894911
0.4953673529532466
0.4953554094501478
0.49534345267007307
0.49533148230198015
0.49531949803390396
0.49530749955295444
0.49529548654531275
0.4952834586962298
0.4952714156900229
0.49525935721007297
0.4952472829388225
0.49523519255777176
0.4952230857474771
0.49521096218754707
0.4951988215566399
0.49518666353246166
0.4951744877917615
0.49516229401032996
0.49515008186299586
0.49513785102362257
0.49512560116510623
0.4951133319593714
0.4951010430773688
0.4950887341890718
0.49507640496347316
0.49506405506858264
0.49505168417142265
0.49503929193802576
0.4950268780334311
0.49501444212168133
0.4950019838658192
0.49498950292788346
0.49497699896890696
0.49496447164891183
0.4949519206269069
0.49493934556088337
0.49492674610781207
0.49491412192363937
0.4949014726632841
0.49488879798063307
0.49487609752853845
0.49486337095881333
0.4948506179222281
0.4948378380685072
0.4948250310463243
0.4948121965032999
0.49479933408599597
0.49478644343991296
0.49477352420948567
0.49476057603807966
0.4947475985679861
0.49473459144041904
0.4947215542955105
0.4947084867723071
0.49469538850876493
0.49468225914174635
0.49466909830701494
0.494655905639232
0.49464268077195195
0.4946294233376177
0.49461613296755697
0.494602809291977
0.49458945193996123
0.49457606053946374
0.4945626347173059
0.4945491740991704
0.4945356783095981
0.49452214697198255
0.49450857970856554
0.49449497614043264
0.49448133588750814
0.4944676585685505
0.49445394380114754
0.4944401912017116
0.49442640038547453
0.49441257096648283
0.494398702557593
0.49438479477046615
0.4943708472155628
0.494356859502139
0.49434283123823947
0.4943287620306938
0.4943146514851109
0.49430049920587316
0.49428630479613234
0.49427206785780337
0.49425778799155917
0.49424346479682574
0.4942290978717757
0.49421468681332437
0.49420023121712287
0.4941857306775534
0.49417118478772293
0.4941565931394582
0.4941419553233002
0.4941272709284976
0.49411253954300194
0.4940977607534613
0.4940829341452144
0.4940680593022853
0.4940531358073766
0.49403816324186467
0.4940231411857922
0.49400806921786344
0.4939929469154376
0.4939777738545224
0.4939625496097685
0.4939472737544631
0.4939319458605231
0.49391656549849017
0.49390113223752263
0.4938856456453906
0.4938701052884687
0.4938545107317299
0.49383886153873924
0.4938231572716463
0.49380739749117997
0.4937915817566406
0.4937757096258941
0.4937597806553652
0.4937437944000298
0.493727750413409
0.4937116482475624
0.4936954874530801
0.49367926757907715
0.4936629881731851
0.49364664878154607
0.49363024894880553
0.49361378821810453
0.4935972661310729
0.49358068222782214
0.49356403604693816
0.49354732712547367
0.49353055499894105
0.49351371920130505
0.4934968192649749
0.49347985472079725
0.4934628250980483
0.4934457299244269
0.49342856872604574
0.4934113410274247
0.4933940463514827
0.49337668421952974
0.49335925415125975
0.4933417556647418
0.4933241882764133
0.4933065515010707
0.49328884485186286
0.4932710678402816
0.4932532199761551
0.4932353007676385
0.49321730972120664
0.49319924634164486
0.4931811101320417
0.4931629005937796
0.49314461722652736
0.4931262595282319
0.4931078269951082
0.4930893191216324
0.49307073540053276
0.49305207532278095
0.49303333837758295
0.49301452405237156
0.49299563183279616
0.49297666120271505
0.49295761164418594
0.49293848263745754
0.49291927366095983
0.49289998419129627
0.49288061370323377
0.49286116166969374
0.49284162756174327
0.4928220108485858
0.492802310997552
0.4927825274740904
0.49276265974175776
0.4927427072622103
0.49272266949519383
0.49270254589853446
0.49268233592812927
0.4926620390379359
0.49264165467996407
0.49262118230426566
0.4926006213589243
0.4925799712900463
0.4925592315417507
0.49253840155615913
0.4925174807733866
0.4924964686315306
0.49247536456666235
0.4924541680128154
0.4924328784019766
0.49241149516407556
0.4923900177269747
0.4923684455164585
0.4923467779562236
0.4923250144678691
0.4923031544708849
0.49228119738264225
0.4922591426183834
0.49223698959121037
0.49221473771207486
0.4921923863897679
0.4921699350309086
0.4921473830399342
0.49212472981908856
0.49210197476841216
0.4920791172857309
0.49205615676664527
0.49203309260451955
0.49200992419047074
0.49198665091335747
0.49196327215976976
0.4919397873140168
0.49191619575811646
0.4918924968717845
0.4918686900324222
0.49184477461510656
0.4918207499925782
0.49179661553522946
0.49177237061109474
0.4917480145858374
0.491723546822739
0.4916989666826883
0.49167427352416837
0.49164946670324694
0.4916245455735628
0.4915995094863153
0.49157435779025266
0.4915490898316599
0.49152370495434694
0.49149820249963727
0.49147258180635567
0.49144684221081675
0.49142098304681237
0.49139500364560007
0.4913689033358917
0.49134268144384
0.49131633729302804
0.4912898702044555
0.49126327949652804
0.49123656448504427
0.4912097244831835
0.4911827588014942
0.491155666747881
0.49112844762759233
0.4911011007432086
0.49107362539463006
0.49104602087906296
0.491018286491009
0.4909904215222509
0.49096242526184186
0.4909342969960915
0.4909060360085542
0.4908776415800159
0.49084911298848166
0.49082044950916365
0.4907916504144675
0.49076271497397994
0.49073364245445644
0.4907044321198082
0.4906750832310888
0.4906455950464829
0.49061596682129155
0.49058619780792057
0.49055628725586764
0.4905262344117087
0.490496038519086
0.49046569881869373
0.49043521454826694
0.49040458494256733
0.4903738092333701
0.4903428866494518
0.490311816416577
0.4902805977574848
0.490249229891876
0.4902177120364009
0.49018604340464494
0.4901542232071161
0.49012225065123216
0.4900901249413071
0.49005784527853824
0.49002541086099305
0.4899928208835959
0.4899600745381154
0.4899271710131504
0.4898941094941177
0.48986088916323833
0.4898275091995245
0.4897939687787668
0.4897602670735207
0.48972640325309325
0.4896923764835304
0.48965818592760335
0.4896238307447959
0.4895893100912906
0.4895546231199568
0.48951976898033583
0.48948474681862986
0.4894495557776867
0.4894141949969886
0.4893786636126379
0.4893429607573443
0.4893070855604121
0.4892710371477271
0.4892348146417429
0.48919841716146895
0.4891618438224565
0.4891250937367867
0.48908816601305655
0.489051059756367
0.4890137740683095
0.4889763080469531
0.48893866078683207
0.4889008313789326
0.4888628189106803
0.4888246224659274
0.48878624112494
0.4887476739643856
0.4887089200573206
0.4886699784731766
0.48863084827774966
0.4885915285331864
0.48855201829797246
0.48851231662691896
0.48847242257115153
0.48843233517809714
0.48839205349147197
0.48835157655126915
0.48831090339374716
0.4882700330514172
0.4882289645530312
0.48818769692357034
0.4881462291842327
0.48810456035242145
0.48806268944173337
0.4880206154619473
0.48797833741901153
0.4879358543150338
0.4878931651482686
0.4878502689131067
0.4878071646000627
0.4877638511957653
0.48772032768294493
0.48767659304042343
0.48763264624310293
0.487588486261955
0.48754411206400944
0.48749952261234497
0.48745471686607694
0.4874096937803481
0.48736445230631786
0.4873189913911522
0.4872733099780133
0.48722740700604994
0.4871812814103871
0.4871349321221165
0.4870883580682875
0.4870415581718963
0.48699453135187765
0.4869472765230952
0.4868997925963323
0.4868520784782835
0.486804133071545
0.48675595527460624
0.48670754398184174
0.48665889808350205
0.486610016465706
0.48656089801043245
0.48651154159551246
0.48646194609462096
0.48641211037726984
0.4863620333088006
0.48631171375037613
0.48626115055897456
0.48621034258738194
0.4861592886841858
0.4861079876937682
0.4860564384562997
0.4860046398077331
0.48595259057979745
0.48590028959999243
0.48584773569158246
0.48579492767359167
0.48574186436079914
0.4856885445637329
0.4856349670886663
0.48558113073761294
0.48552703430832245
0.48547267659427706
0.48541805638468694
0.4853631724644876
0.48530802361433595
0.4852526086106068
0.4851969262253918
0.48514097522649513
0.4850847543774319
0.4850282624374266
0.4849714981614105
0.48491446030002094
0.4848571475995993
0.4847995588021916
0.4847416926455461
0.4846835478631142
0.4846251231840497
0.48456641733320993
0.4845074290311556
0.4844481569941521
0.48438859993417016
0.4843287565588885
0.4842686255716946
0.4842082056716872
0.4841474955536794
0.4840864939082009
0.4840251994215016
0.4839636107755546
0.4839017266480613
0.4838395457124544
0.48377706663790365
0.4837142880893201
0.4836512087273619
0.48358782720844
0.48352414218472467
0.48346015230415196
0.48339585621042974
0.4833312525430472
0.48326633993728074
0.48320111702420243
0.48313558243069027
0.48306973477943527
0.48300357268895255
0.4829370947735899
0.4828702996435396
0.4828031859048482
0.4827357521594284
0.482667997005071
0.4825999190354565
0.48253151684016865
0.48246278900470696
0.48239373411050096
0.4823243507349242
0.48225463745130903
0.48218459282896187
0.48211421543317867
0.4820435038252618
0.4819724565625362
0.4819010721983671
0.48182934928217785
0.48175728635946835
0.4816848819718336
0.4816121346569847
0.48153904294876676
0.4814656053771813
0.4813918204684073
0.4813176867448221
0.4812432027250253
0.4811683669238602
0.4810931778524395
0.4810176340181671
0.4809417339247655
0.48086547607229974
0.4807888589572042
0.4807118810723092
0.48063454090686863
0.4805568369465886
0.48047876767365466
0.4804003315667635
0.48032152710115134
0.4802423527486256
0.4801628069775963
0.4800828882531084
0.4800025950368747
0.47992192578730936
0.47984087895956257
0.47975945300555595
0.47967764637401744
0.4795954575105192
0.4795128848575137
0.4794299268543733
0.4793465819374281
0.47926284854000556
0.47917872509247206
0.479094210022273
0.4790093017539754
0.4789239987093112
0.4788382993072196
0.47875220196389334
0.47866570509282286
0.4785788071048423
0.4784915064081774
0.4784038014084931
0.4783156905089415
0.47822717211021315
0.4781382446105851
0.47804890640597486
0.4779591558899897
0.47786899145398354
0.47777841148710726
0.47768741437636564
0.4775959985066732
0.4775041622609104
0.4774119040199811
0.4773192221628725
0.4772261150667132
0.47713258110683454
0.4770386186568323
0.47694422608862885
0.47684940177253615
0.47675414407732075
0.47665845137026985
0.47656232201725574
0.47646575438280536
0.4763687468301669
0.4762712977213808
0.4761734054173492
0.47607506827790713
0.4759762846618965
0.4758770529272378
0.47577737143100596
0.4756772385295053
0.47557665257834664
0.47547561193252535
0.4753741149464989
0.47527215997426786
0.4751697453694565
0.4750668694853958
0.47496353067520414
0.47485972729187453
0.4747554576883579
0.4746507202176502
0.47454551323288047
0.4744398350873985
0.4743336841348655
0.47422705872934473
0.4741199572253932
0.4740123779781555
0.4739043193434577
0.47379577967790343
0.47368675733896937
0.47357725068510415
0.4734672580758267
0.4733567778718264
0.4732458084350648
0.4731343481288768
0.47302239531807605
0.4729099483690581
0.4727970056499073
0.4726835655305031
0.47256962638262906
0.47245518658008234
0.4723402444987835
0.47222479851688887
0.47210884701490374
0.4719923883757962
0.4718754209851127
0.47175794323109455
0.47163995350479526
0.47152145020020064
0.4714024317143474
0.4712828964474456
0.47116284280300075
0.4710422691879374
0.4709211740127244
0.4707995556914998
0.4706774126422001
0.4705547432866867
0.4704315460508767
0.4703078193648732
0.47018356166309727
0.4700587713844209
0.4699334469723021
0.4698075868749195
0.46968118954530885
0.4695542534415016
0.46942677702666324
0.4692987587692338
0.4691701971430683
0.4690410906275799
0.468911437707883
0.468781236874938
0.46865048662569686
0.46851918546325
0.46838733189697446
0.4682549244426828
0.4681219616227731
0.4679884419663804
0.46785436400952873
0.4677197262952849
0.46758452737391265
0.46744876580302824
0.46731244014775675
0.46717554898088953
0.4670380908830436
0.4669000644428204
0.46676146825696607
0.4666223009305339
0.4664825610770468
0.46634224731865914
0.46620135828632375
0.4660598926199553
0.4659178489685973
0.46577522599058907
0.4656320223537338
0.46548823673546796
0.4653438678230301
0.46519891431363264
0.46505337491463256
0.4649072483437034
0.46476053332900946
0.4646132286093785
0.4644653329344767
0.4643168450649846
0.4641677637727717
0.4640180878410747
0.46386781606467414
0.46371694725007206
0.46356548021567195
0.4634134137919572
0.4632607468216706
0.4631074781599962
0.46295360667473867
0.462799131246506
0.4626440507688916
0.46248836414865613
0.4623320703059108
0.4621751681743008
0.462017656701189
0.4618595348478404
0.4617008015896063
0.4615414559161095
0.46138149683142904
0.4612209233542861
0.4610597345182289
0.4608979293718191
0.46073550697881843
0.46057246641837324
0.46040880678520213
0.46024452718978204
0.46007962675853414
0.4599141046340111
0.4597479599750831
0.4595811919571241
0.4594137997721984
0.45924578262924703
0.4590771397542735
0.45890787039052977
0.45873797379870207
0.4585674492570969
0.45839629606182447
0.4582245135269858
0.4580521009848556
0.45787905778606713
0.4577053832997953
0.45753107691394107
0.4573561380353124
0.4571805660898081
0.4570043605225985
0.45682752079830663
0.4566500464011884
0.4564719368353123
0.45629319162473864
0.45611381031369713
0.4559337924667642
0.4557531376690396
0.45557184552632174
0.455389915665283
0.4552073477336414
0.455024141400335
0.45484029635569295
0.4546558123116049
0.45447068900169135
0.4542849261814711
0.4540985236285272
0.4539114811426743
0.4537237985461207
0.45353547568363217
0.45334651242269286
0.4531569086536659
0.4529666642899499
0.45277577926813756
0.4525842535481698
0.4523920871134894
0.4521992799711932
0.45200583215218093
0.45181174371130467
0.45161701472751514
0.45142164530400497
0.4512256355683536
0.4510289856726647
0.4508316957937081
0.4506337661330537
0.45043519691720757
0.4502359883977432
0.45003614085143173
0.44983565458037006
0.44963452991210656
0.44943276719976305
0.4492303668221567
0.4490273291839182
0.4488236547156072
0.4486193438738257
0.4484143971413284
0.44820881502713283
0.4480025980666215
0.4477957468216481
0.4475882618806345
0.4473801438586703
0.44717139339760587
0.44696201116614437
0.4467519978599299
0.44654135420163377
0.4463300809410366
0.4461181788551078
0.44590564874808236
0.44569249145153395
0.4454787078244452
0.44526429875327445
0.44504926515201904
0.444833607962277
0.44461732815330257
0.4444004267220603
0.44418290469327604
0.4439647631194823
0.4437460030810632
0.4435266256862928
0.44330663207137244
0.4430860234004624
0.44286480086571123
0.44264296568728145
0.4424205191133711
0.4421974624202304
0.441973796912178
0.44174952392160954
0.4415246448090049
0.44129916096293087
0.4410730738000396
0.44084638476506405
0.4406190953308081
0.44039120699813417
0.4401627212959458
0.43993363978116673
0.4397039640387159
0.43947369568147865
0.43924283635027245
0.43901138771381
0.43877935146865854
0.4385467293391934
0.43831352307754845
0.43807973446356174
0.4378453653047184
0.43761041743608686
0.4373748927202539
0.4371387930472517
0.4369021203344847
0.4366648765266494
0.4364270635956507
0.43618868354051377
0.43594973838729256
0.4357102301889722
0.4354701610253695
0.43522953300302647
0.4349883482551019
0.434746608941257
0.43450431724753746
0.43426147538625104
0.43401808559584093
0.43377415014075427
0.4335296713113079
0.4332846514235468
0.43303909281910224
0.4327929978650419
0.43254636895371745
0.4322992085026093
0.43205151895416305
0.43180330277562595
0.43155456245887647
0.4313053005202505
0.43105551950036347
0.43080522196392756
0.43055441049956605
0.43030308771962167
0.430051256259963
0.4297989187797839
0.429546077961402
0.42929273651005095
0.42903889715366883
0.42878456264268394
0.42852973574979447
0.42827441926974613
0.4280186160191042
0.4277623288360236
0.4275055605800126
0.42724831413169506
0.42699059239256715
0.42673239828475046
0.42647373475074346
0.4262146047531665
0.42595501127450297
0.42569495731684065
0.4254344459016051
0.4251734800692918
0.4249120628791938
0.42465019740912735
0.4243878867551517
0.4241251340312878
0.4238619423692329
0.4235983149180709
0.4233342548439806
0.42306976532994084
0.4228048495754315
0.4225395107961322
0.422273752223618
0.4220075771050507
0.42174098870287
0.4214739902944788
0.4212065851719275
0.4209387766415949
0.42067056802386676
0.4204019626528103
0.4201329638758491
0.41986357505343175
0.41959379955870124
0.41932364077715917
0.41905310210632996
0.41878218695542163
0.4185108987449839
0.4182392409065653
0.41796721688236665
0.4176948301248946
0.4174220840966106
0.41714898226958047
0.41687552812511997
0.4166017251534402
0.4163275768532897
0.41605308673159713
0.4157782583031099
0.415503095090033
0.41522760062166486
0.41495177843403386
0.41467563206953156
0.41439916507654584
0.4141223810090922
0.4138452834264441
0.41356787589276284
0.41329016197672575
0.41301214525115293
0.41273382929263547
0.41245521768115917
0.412176313999732
0.4118971218340065
0.41161764477190516
0.411337886403243
0.4110578503193504
0.41077754011269696
0.41049695937651226
0.41021611170440836
0.40993500069000244
0.40965362992653725
0.4093720030065043
0.4090901235212644
0.4088079950606701
0.40852562121268815
0.4082430055630206
0.4079601516947289
0.407677063187855
0.4073937436190466
0.40711019656117997
0.40682642558298443
0.40654243424866726
0.4062582261175401
0.40597380474364436
0.4056891736753799
0.4054043364551316
0.4051192966188999
0.4048340576959295
0.4045486232083412
0.40426299667076393
0.40397718158996876
0.40369118146450195
0.40340499978432276
0.4031186400304387
0.40283210567454564
0.40254540017866713
0.4022585269947958
0.4019714895645368
0.4016842913187522
0.4013969356772082
0.4011094260482206
0.40082176582830814
0.40053395840184086
0.4002460071406957
0.39995791540391046
0.3996696865373416
0.3993813238733232
0.3990928307303285
0.3988042104126324
0.39851546620997813
0.3982266013972432
0.39793761923411053
0.3976485229647395
0.39735931581744
0.39707000100435
0.3967805817211132
0.3964910611465605
0.39620144244239386
0.3959117287528717
0.39562192320449846
0.3953320289057138
0.39504204894658745
0.394751986398515
0.3944618443139155
0.39417162572593356
0.39388133364814243
0.39359097107425134
0.39330054097781264
0.3930100463119358
0.3927194900090002
0.3924288749803725
0.392138204116127
0.39184748028476746
0.39155670633295314
0.3912658850852264
0.3909750193437438
0.3906841118880092
0.3903931654746115
0.39010218283696235
0.389811166685039
0.38952011970512923
0.3892290445595792
0.3889379438865429
0.38864682029973735
0.3883556763881968
0.3880645147160333
0.3877733378221972
0.3874821482202433
0.3871909483980968
0.38689974081782486
0.3866085279154082
0.3863173121005191
0.38602609575629787
0.3857348812391353
0.3854436708784573
0.3851524669765108
0.3848612718081541
0.38457008762064937
0.3842789166334575
0.3839877610380358
0.3836966229976388
0.38340550464712103
0.3831144080927435
0.3828233354119811
0.3825322886533339
0.3822412698361415
0.3819502809503977
0.3816593239565701
0.38136840078542117
0.3810775133378308
0.3807866634846235
0.38049585306639583
0.3802050838933475
0.3799143577451144
0.37962367637060407
0.3793330414878328
0.3790424547837662
0.37875191791416063
0.3784614325034076
0.37817100014438054
0.37788062239828213
0.3775903007944961
0.37730003683043845
0.37700983197141236
0.3767196876504647
0.376429605268244
0.37613958619286
0.37584963175974634
0.37555974327152297
0.3752699219978626
0.37498016917535615
0.3746904860073824
0.374400873663977
0.37411133328170443
0.37382186596353056
0.373532472778697
0.3732431547625973
0.3729539129166518
0.37266474820818873
0.3723756615703202
0.37208665390182527
0.3717977260670293
0.3715088788956874
0.3712201131828679
0.3709314296888352
0.37064282913893604
0.37035431222348486
0.37006587959765
0.36977753188134077
0.3694892696590953
0.36920109347996827
0.36891300385741965
0.3686250012692042
0.3683370861572591
0.3680492589275952
0.36776151995018524
0.3674738695588545
0.36718630805117
0.36689883568833037
0.3666114526950563
0.3663241592594779
0.3660369555330262
0.3657498416303213
0.3654628176290595
0.36517588356990416
0.3648890394563702
0.3646022852547131
0.36431562089381464
0.3640290462650678
0.3637425612222622
0.36345616558146826
0.36316985912091837
0.3628836415808901
0.3625975126635866
0.36231147203301584
0.3620255193148687
0.3617396540963961
0.3614538759262843
0.36116818431452813
0.36088257873230467
0.36059705861184266
0.36031162334629147
0.3600262722895894
0.3597410047563272
0.3594558200216118
0.35917071732092803
0.3588856958499972
0.3586007547646334
0.3583158931805983
0.3580311101734536
0.3577464047784098
0.35746177599017376
0.35717722276279296
0.3568927440094973
0.3566083386025378
0.35632400537302267
0.35603974311075093
0.35575555056404057
0.3554714264395583
0.35518736940214113
0.3549033780746174
0.3546194510376237
0.3543355868294187
0.3540517839456932
0.35376804083937596
0.3534843559204379
0.3532007275556894
0.3529171540685761
0.35263363373897055
0.352350164802959
0.35206674545262384
0.35178337383582364
0.35150004805596674
0.3512167661717823
0.35093352619708573
0.35065032610054
0.3503671638054126
0.3500840371893276
0.3498009440840132
0.3495178822750441
0.34923484950157924
0.34895184345609453
0.3486688617841107
0.3483859020839157
0.34810296190628226
0.3478200387541804
0.34753713008248277
0.3472542332976686
0.34697134575751715
0.34668846477080006
0.3464055875969648
0.3461227114458152
0.3458398334771834
0.3455569508005991
0.3452740604749503
0.3449911595081393
0.3447082448567331
0.3444253134256072
0.34414236206758336
0.343859387583061
0.3435763867196429
0.3432933561717554
0.3430102925802599
0.3427271925320604
0.3424440525597036
0.3421608691409739
0.34187763869847854
0.341594357599231
0.34131102215422415
0.3410276286179988
0.34074417318820516
0.3404606520051566
0.34017706115137997
0.3398933966511557
0.3396096544700521
0.33932583051445625
0.33904192063109373
0.33875792060654375
0.33847382616674887
0.33818963297651616
0.3379053366390119
0.33762093269525073
0.33733641662357844
0.33705178383914614
0.3367670296933804
0.33648214947344435
0.33619713840169646
0.3359119916351374
0.3356267042648551
0.3353412713154617
0.3350556877445241
0.3347699484419898
0.3344840482296051
0.3341979818603274
0.3339117440177335
0.33362532931542077
0.3333387322964022
0.3330519474324973
0.3327649691237167
0.332477791697642
0.3321904094088001
0.3319028164380338
0.3316150068918645
0.3313269748018558
0.33103871412396685
0.33075021873790533
0.330461482446475
0.33017249897492
0.3298832619702651
0.3295937650006532
0.32930400155468015
0.3290139650407251
0.3287236487862807
0.3284330460372795
0.3281421499574195
0.3278509536274874
0.3275594500446808
0.3272676321219305
0.32697549268722104
0.32668302448291187
0.32639022016505925
0.32609707230273727
0.3258035733773631
0.32550971578202037
0.3252154918207868
0.32492089370806465
0.3246259135679125
0.3243305434333832
0.3240347752458632
0.3237386008544195
0.3234420120151498
0.32314500039053956
0.32284755754882594
0.3225496749633677
0.322251344012026
0.3219525559765493
0.32165330204197234
0.3213535732960219
0.321053360728535
0.32075265523088936
0.3204514475954434
0.3201497285149947
0.3198474885822474
0.3195447182892973
0.3192414080271346
0.31893754808515984
0.3186331286507214
0.3183281398086699
0.31802257154093294
0.3177164137261125
0.3174096561391023
0.31710228845072963
0.31679430022742305
0.31648568093090257
0.31617641991789913
0.3158665064399022
0.31555592964293544
0.31524467856736393
0.31493274214773365
0.314620109212643
0.31430676848465117
0.313992708580221
0.31367791800969985
0.3133623851773404
0.31304609838136094
0.31272904581404826
0.31241121556190465
0.31209259560584024
0.31177317382141057
0.31145293797910517
0.31113187574468565
0.3108099746795737
0.3104872222412965
0.31016360578398317
0.3098391125589232
0.3095137297151792
0.3091874443002636
0.3088602432608773
0.30853211344371156
0.3082030415963178
0.30787301436804493
0.3075420183110464
0.30721003988136064
0.3068770654400641
0.3065430812545006
0.30620807349958923
0.30587202825921134
0.3055349315276796
0.30519676921128996
0.3048575271299613
0.30451719101896046
0.3041757465307182
0.3038331792367363
0.3034894746295878
0.3031446181250136
0.3027985950641136
0.3024513907156415
0.30210299027839643
0.30175337888371795
0.3014025415980881
0.3010504634258369
0.3006971293119573
0.30034252414502943
0.2999866327602557
0.2996294399426094
0.2992709304300971
0.29891108891713714
0.2985499000580547
0.2981873484706965
0.2978234187401633
0.29745809542266516
0.29709136304949735
0.2967232061311398
0.2963536091614795
0.2959825566221586
0.2956100329870466
0.29523602272683935
0.29486051031378324
0.2944834802265265
0.29410491695509755
0.29372480500600995
0.2933431289074934
0.2929598732148527
0.29257502251595136
0.2921885614368225
0.2918004746474038
0.29141074686739626
0.2910193628722472
0.29062630749925494
0.2902315656537939
0.2898351223156586
0.2894369625455259
0.28903707149153207
0.2886354343959641
0.2882320366020605
0.2878268635609231
0.28741990083853153
0.2870111341228649
0.2866005492311191
0.28618813211702354
0.2857738688782493
0.2853577457639075
0.2849397491821316
0.2845198657077428
0.2840980820899892
0.2836743852603594
0.283248762340462
0.2828212006499664
0.2823916877146026
0.2819602112742096
0.2815267592908305
0.2810913199568473
0.28065388170314876
0.2802144332073256
0.27977296340188534
0.2793294614824826
0.27888391691615483
0.2784363194495585
0.2779866591171984
0.2775349262496406
0.27708111148170506
0.27662520576062705
0.27616720035417947
0.27570708685875256
0.27524485720737524
0.2747805036776789
0.27431401889978646
0.2738453958641256
0.2733746279291527
0.27290170882898257
0.27242663268091305
0.2719493939928358
0.2714699876705275
0.2709884090248096
0.27050465377857
0.2700187180736366
0.26953059847749694
0.2690402919898522
0.26854779604899875
0.26805310853803044
0.26755622779085
0.26705715259798535
0.26655588221219995
0.26605241635389093
0.2655467552162672
0.2650388994703007
0.26452885026944173
0.2640166092540947
0.2635021785558431
0.2629855608014222
0.26246675911642986
0.2619457771287707
0.261422618971827
0.26089728928735456
0.26036979322809195
0.2598401364600869
0.25930832516472685
0.2587743660404771
0.25823826630431795
0.2577000336928797
0.25715967646327326
0.25661720339361216
0.2560726237832236
0.25552594745255097
0.25497718474274067
0.2544263465149166
0.2538734441491397
0.2533184895430541
0.25276149511021906
0.2522024737781268
0.25164143898591024
0.2510784046817388
0.2505133853199057
0.2499463958576107
0.2493774517514376
0.24880656895353293
0.24823376390748775
0.24765905354392687
0.24708245527580824
0.24650398699344178
0.24592366705922553
0.2453415143021111
0.24475754801180033
0.2441717879326798
0.24358425425750044
0.2429949676208073
0.24240394909212679
0.24181122016892093
0.24121680276930976
0.2406207192245773
0.24002299227146182
0.2394236450442438
0.23882270106663545
0.2382201842434822
0.2376161188522861
0.2370105295345546
0.23640344128698998
0.2357948794525227
0.23518486971120037
0.2345734380709397
0.23396061085815367
0.2333464147082574
0.23273087655606606
0.23211402362609293
0.23149588342275573
0.23087648372050062
0.23025585255385242
0.22963401820740048
0.22901100920572948
0.22838685430330158
0.22776158247430095
0.22713522290244825
0.22650780497079342
0.22587935825149344
0.22524991249558723
0.22461949762277136
0.22398814371118553
0.22335588098721817
0.22272273981533441
0.22208875068793943
0.22145394421527778
0.22081835111538434
0.22018200220408218
0.21954492838504536
0.21890716063992333
0.2182687300185395
0.21762966762916633
0.21699000462888435
0.21634977221402804
0.2157090016107271
0.21506772406554509
0.21442597083622128
0.2137837731825205
0.21314116235719507
0.21249816959706205
0.21185482611420084
0.21121116308727234
0.21056721165296766
0.2099230028975841
0.20927856784873547
0.20863393746719588
0.20798914263888513
0.20734421416698995
0.20669918276423108
0.2060540790452736
0.20540893351928372
0.20476377658263356
0.204118638511753
0.20347354945613638
0.20282853943149642
0.2021836383130728
0.20153887582909324
0.20089428155438876
0.20024988490416268
0.19960571512791453
0.1989618013035188
0.19831817233145788
0.1976748569292101
0.197031883625793
0.1963892807564587
0.19574707645754597
0.19510529866148338
0.1944639750919451
0.19382313325916056
0.1931828004553733
0.19254300375045036
0.19190376998764175
0.1912651257794882
0.19062709750387422
0.18998971130022996
0.18935299306587405
0.18871696845250358
0.18808166286282388
0.18744710144731871
0.18681330910116078
0.1861803104612589
0.18554812990344116
0.1849167915397737
0.18428631921601046
0.1836567365091754
0.18302806672527389
0.18240033289713098
0.18177355778235768
0.18114776386143855
0.18052297333594414
0.17989920812686302
0.17927648987305284
0.17865483992980824
0.17803427936754251
0.17741482897058608
0.17679650923609258
0.17617934037305574
0.17556334230143478
0.17494853465138466
0.17433493676259018
0.1737225676837015
0.17311144617187135
0.1725015906923888
0.17189301941840965
0.17128575023078196
0.1706798007179633
0.1700751881760289
0.16947192960876806
0.1688700417278685
0.16826954095318472
0.16767044341309034
0.16707276494491063
0.16647652109543598
0.1658817271215119
0.16528839799070533
0.16469654838204528
0.16410619268683446
0.16351734500953383
0.16293001916871286
0.1623442286980688
0.16175998684751108
0.16117730658430768
0.16059620059429489
0.16001668128314644
0.1594387607777005
0.1588624509273444
0.15828776330545383
0.1577147092108851
0.15714329966951932
0.15657354543585753
0.1560054569946634
0.15543904456265248
0.15487431809022856
0.1543112872632625
0.15374996150491319
0.15319034997749
0.15263246158435503
0.15207630497186145
0.15152188853132947
0.1509692204010571
0.15041830846836404
0.14986916037166792
0.14932178350259073
0.14877618500809497
0.14823237179264762
0.14769035052041113
0.14715012761745888
0.1466117092740144
0.1460751014467156
0.1455403098608971
0.1450073400128953
0.14447619717237173
0.14394688638465333
0.1434194124730909
0.14289378004143116
0.14236999347620496
0.14184805694912772
0.14132797441951114
0.1408097496366883
0.14029338614244546
0.1397788872734662
0.1392662561637801
0.13875549574722135
0.13824660875989023
0.13773959774262273
0.1372344650434609
0.13673121282012907
0.13622984304251007
0.13573035749512424
0.13523275777960767
0.1347370453171911
0.13424322135117653
0.1337512869494125
0.13326124300676584
0.13277309024759099
0.1322868292281937
0.13180246033928958
0.13131998380845877
0.13083939970259137
0.13036070793032778
0.1298839082444903
0.129409000244507
0.12893598337882545
0.12846485694731818
0.1279956201036762
0.1275282718577934
0.1270628110781392
0.1265992364941188
0.1261375466984209
0.12567774014935373
0.1252198151731674
0.12476376996636113
0.12430960259797881
0.12385731101188713
0.12340689302904094
0.12295834634973214
0.122511668555823
0.12206685711296314
0.12162390937279059
0.1211828225751152
0.12074359385008582
0.1203062202203394
0.11987069860313282
0.11943702581245677
0.11900519856113034
0.11857521346287933
0.11814706703439375
0.1177207556973674
0.11729627578051875
0.11687362352159086
0.11645279506933456
0.11603378648546898
0.11561659374662488
0.1152012127462664
0.11478763929659325
0.1143758691304235
0.11396589790305481
0.11355772119410598
0.11315133450933848
0.1127467332824569
0.11234391287688868
0.1119428685875437
0.11154359564255284
0.11114608920498617
0.11075034437455028
0.1103563561892646
0.10996411962711719
0.1095736296076996
0.10918488099382173
0.10879786859310471
0.10841258715955392
0.10802903139511089
0.10764719595118545
0.10726707543016584
0.10688866438690953
0.10651195733021256
0.10613694872425966
0.10576363299005245
0.10539200450681893
0.10502205761340169
0.10465378660962608
0.10428718575764943
0.1039222492832887
0.1035589713773295
0.10319734619681542
0.10283736786631645
0.10247903047917956
0.1021223280987591
0.10176725475962756
0.1014138044687685
0.10106197120674887
0.10071174892887354
0.10036313156632086
0.10001611302725949
0.09967068719794733
0.09932684794381086
0.09898458911050861
0.0986439045249735
0.09830478799644064
0.09796723331745485
0.09763123426486209
0.09729678460078331
0.09696387807357065
0.0966325084187468
0.09630266935992768
0.09597435460972831
0.09564755787065177
0.09532227283596303
0.09499849319054395
0.09467621261173584
0.09435542477016293
0.09403612333054218
0.09371830195247641
0.09340195429123271
0.09308707399850581
0.09277365472316554
0.09246169011199055
0.0921511738103867
0.09184209946309119
0.09153446071486239
0.09122825121115549
0.09092346459878423
0.09062009452656895
0.090318134645971
0.09001757861171311
0.08971842008238778
0.08942065272105157
0.08912427019580674
0.08882926618037001
0.0885356343546293
0.08824336840518757
0.08795246202589428
0.0876629089183657
0.08737470279249182
0.08708783736693335
0.08680230636960559
0.08651810353815184
0.08623522262040528
0.08595365737484006
0.08567340157101044
0.08539444898998103
0.085116793424745
0.08484042868063188
0.0845653485757064
0.08429154694115547
0.08401901762166678
0.0837477544757967
0.08347775137632851
0.08320900221062172
0.0829415008809519
0.0826752413048405
0.08241021741537714
0.08214642316153149
0.08188385250845737
0.0816224994377881
0.08136235794792274
0.08110342205430507
0.08084568578969367
0.08058914320442395
0.08033378836666262
0.08007961536265402
0.07982661829695946
0.07957479129268796
0.0793241284917209
0.07907462405492814
0.07882627216237847
0.07857906701354155
0.07833300282748396
0.07808807384305841
0.07784427431908592
0.07760159853453209
0.07736004078867625
0.07711959540127492
0.07688025671271895
0.07664201908418497
0.07640487689777983
0.07616882455668064
0.07593385648526815
0.075699967129255
0.07546715095580814
0.07523540245366594
0.07500471613325084
0.07477508652677531
0.07454650818834412
0.07431897569405073
0.07409248364206932
0.07386702665274221
0.07364259936866174
0.07341919645474854
0.07319681259832454
0.07297544250918242
0.07275508091964969
0.07253572258465002
0.07231736228175825
0.0720999948112539
0.0718836149961688
0.07166821768233184
0.07145379773840932
0.07124035005594237
0.07102786954937962
0.0708163511561076
0.07060578983647664
0.07039618057382382
0.07018751837449275
0.0699797982678497
0.06977301530629669
0.06956716456528164
0.06936224114330562
0.06915824016192647
0.06895515676576014
0.06875298612247936
0.06855172342280849
0.0683513638805171
0.06815190273240979
0.06795333523831412
0.06775565668106535
0.06755886236649
0.06736294762338503
0.0671679078034966
0.06697373828149596
0.06678043445495224
0.06658799174430446
0.06639640559283023
0.06620567146661353
0.06601578485450948
0.06582674126810753
0.06563853624169302
0.065451165332207
0.06526462411920317
0.06507890820480441
0.06489401321365708
0.06470993479288306
0.06452666861203123
0.06434421036302684
0.0641625557601193
0.06398170053982871
0.06380164046089079
0.0636223713042002
0.06344388887275355
0.06326618899158944
0.06308926750772864
0.06291312029011246
0.06273774322953982
0.06256313223860341
0.06238928325162452
0.06221619222458711
0.062043855135070436
0.06187226798218079
0.06170142678648223
0.06153132758992677
0.06136196645578286
0.061193339468563715
0.06102544273395409
0.06085827237873716
0.06069182455071971
0.06052609541865669
0.06036108117217581
0.06019677802170042
0.06003318219837202
0.059870289953972866
0.05970809756084652
0.059546601311819124
0.05938579752011939
0.059225682519297926
0.059066252663146676
0.05890750432561724
0.058749433900739015
0.058592037802536676
0.0584353124649474
0.05827925434173781
0.05812385990641972
0.05796912565216676
0.057815048091729535
0.05766162375735112
0.057508849200681764
0.05735672099269379
0.057205235723595774
0.05705439000274651
0.05690418045856948
0.05675460373846558
0.05660565650872734
0.05645733545445171
0.05630963727945293
0.05616255870617605
0.05601609647560912
0.055870247347195943
0.05572500809874857
0.055580375526359735
0.05543634644431502
0.055292917685005175
0.0551500860988383
0.05500784855415187
0.054866201937124874
0.0547251431516898
0.05458466911944462
0.05444477677956513
0.0543054630887166
0.05416672502096635
0.05402855956769503
0.05389096373750984
0.053753934556155916
0.05361746906642904
0.053481564328087705
0.05334621741776591
0.053211425428885344
0.05307718547156819
0.052943494672549885
0.05281035017509216
0.052677749138895426
0.05254568874001277
0.05241416617076261
0.05228317863964248
0.05215272337124247
0.05202279760615884
0.05189339860090843
0.05176452362784242
0.05163616997506072
0.0515083349463267
0.051381015860981524
0.05125421005385946
0.051127914875202726
0.05100212769057707
0.05087684588078721
0.05075206684179287
0.05062778798462452
0.05050400673530005
0.050380720534740894
0.050257926838689154
0.05013562311762471
0.05001380685668205
0.0498924755555685
