2.30215197980689
2.2569377625103897
2.257934601322748
2.2271335951807405
2.2038808915468673
2.1852299369350314
2.16848635931263
2.15266711940766
2.1374580161149535
2.1227591525716933
2.108539491371965
2.0947928497108865
2.0815239258693436
2.068743172872646
2.056464434208449
2.0447035472212907
2.0334773444848278
2.0228028529780584
2.0126966145338603
2.003174097754677
1.99424919079814
1.9859337722287176
1.978237359638348
1.9711668356972498
1.9647262500935296
1.9589166942177305
1.9537362438746686
1.94917996399321
1.9452399683644492
1.9419055268982104
1.939163212721819
1.9369970815968163
1.9353888765258538
1.9343182509870622
1.9337630048954189
1.9336993280896633
1.9341020468323682
1.9349448694574671
1.9362006278849995
1.937841512239304
1.9398392962554993
1.942165551546677
1.9447918491410006
1.9476899469951188
1.9508319624585198
1.9541905289116044
1.9577389360347304
1.9614512533901642
1.9653024372152401
1.9692684205324786
1.973326186878895
1.9774538281393108
1.9816305871338242
1.9858368857545456
1.9900543395685968
1.9942657599013818
1.9984551444851482
2.0026076578030088
2.0067096022785993
2.010748381458124
2.0147124563068965
2.018591295699357
2.022375322122867
2.0260558535444706
2.0296250423092346
2.0330758118517065
2.036401791911006
2.0395972528474475
2.042657039566377
2.0455765054646924
2.048351446728594
2.050978037228423
2.053452764178668
2.05577236465869
2.0579337630226875
2.059934009165815
2.061770217557106
2.0634395068986864
2.064938940224437
2.0662654652095163
2.06741585442471
2.0683866452363886
2.0691740790237567
2.069774039360414
2.070181988787314
2.0703929037897972
2.0704012075837195
2.070200700316424
2.0697844862998793
2.069144897918984
2.0682734159021345
2.0671605857093738
2.0657959298931368
2.0641678564270154
2.0622635631910105
2.0600689390617877
2.057568462401453
2.0547450981895796
2.0515801956257076
2.0480533887716454
2.044142503735677
2.0398234770556596
2.035070291343803
2.0298549359328177
2.0241474022141985
2.017915725557933
2.0111260880747506
2.0037429988833866
1.995729570735107
1.9870479134585408
1.9776596651996177
1.9675266811588048
1.9566118956357914
1.9448803657609217
1.9323004934571548
1.9188454053549482
1.9044944486040785
1.8892347348194993
1.8730626371568768
1.8559851206929199
1.8380207692352308
1.819200368438621
1.7995669210586733
1.7791750083368105
1.7580894707608996
1.736383455485492
1.714135955383505
1.6914290320485619
1.668344958583063
1.6449635283876818
1.6213597510268174
1.5976021008363896
1.5737514095942173
1.549860415460455
1.5259739098448604
1.5021293714548292
1.4783579469947254
1.454685630400121
1.4311345031136342
1.4077239209467514
1.384471562508738
1.3613942848781087
1.338508760409005
1.315831892052113
1.2933810223502393
1.2711739633091876
1.2492288812159928
1.2275640730666881
1.206197670568378
1.1851473046574743
1.1644297589790702
1.1440606355078669
1.1240540500118776
1.1044223697750064
1.0851760011851679
1.0663232306350907
1.0478701187613042
1.0298204453832662
1.0121757005697676
0.9949351159891765
0.9780957300078985
0.9616524797906885
0.9455983138282882
0.9299243187776869
0.914619855162781
0.8996726972749218
0.8850691734735923
0.8707943039705963
0.8568319340522723
0.8431648615301007
0.8297749579960234
0.8166432841870445
0.8037502004304387
0.7910754737443457
0.778598383706276
0.7662978296689197
0.7541524422888003
0.7421407026221456
0.73024107220972
0.7184321375852958
0.7066927724604385
0.695002320414562
0.6833408002052164
0.6716891347651593
0.6600294035390022
0.6483451160269944
0.6366215022776803
0.6248458136853552
0.6130076249416783
0.6010991255645253
0.5891153873369642
0.577054592526302
0.5649182072112698
0.5527110846772677
0.5404414858073358
0.5281210067268061
0.5157644085119798
0.5033893492338728
0.49101602451286186
0.47866672854793707
0.4663653526725242
0.45413684235771357
0.4420066358524093
0.4300001081301315
0.41814204252865667
0.40645614964375953
0.3949646490472636
0.3836879247058187
0.37264426006272194
0.36184965404917885
0.3513177151628798
0.3410596274250843
0.3310841796179634
0.32139784771999175
0.31200491982274764
0.3029076528950574
0.2941064513982665
0.28560005878187184
0.27738575414574373
0.26945954771030856
0.26181637008422665
0.2544502515840803
0.24735448899312396
0.24052179811961094
0.23394445132084532
0.22761439980116735
0.22152338098336652
0.2156630116114022
0.2100248674877871
0.20460055090175636
0.19938174688345936
0.19436026944186094
0.18952809892467992
0.18487741158965923
0.18040060240787384
0.1760903020393837
0.1719393888353895
0.1679409966336281
0.16408851902818103
0.16037561071340914
0.15679618642570986
0.153344417936991
0.15001472949055425
0.14680179201341537
0.1437005163888253
0.1407060460284798
0.13781374894522508
0.13501920949344348
0.13231821991530127
0.1297067718060982
0.12718104759067336
0.12473741208470066
0.12237240419937694
0.12008272883510088
0.11786524899890814
0.11571697817140382
0.1136350729414516
0.11161682592070307
0.10965965894499055
0.10776111656551288
0.10591885982941832
0.10413066034676538
0.1023943946387624
0.10070803876059176
0.09906966319090033
0.0974774279791739
0.09592957814156633
0.0944244392953742
0.09296041352211282
0.09153597544907258
0.09014966853926944
0.0888001015798274
0.08748594535902865
0.08620592952251742
0.08495883959943486
0.08374351418958323
0.0825588423030564
0.08140376084413059
0.08027725223156446
0.07917834214782227
0.07810609741008834
0.07705962395629964
0.07603806493976133
0.07504059892625224
0.07406643818784617
0.0731148270879921
0.07218504055269147
0.07127638262290217
0.07038818508356909
0.0695198061649453
0.06867062931211208
0.06784006201884298
0.06702753472218392
0.06623249975432328
0.06545443034853132
0.06469281969614081
0.06394718005170492
0.06321704188364846
0.06250195306788243
0.06180147812199603
0.06111519747778628
0.06044270679001378
0.05978361627939533
0.05913755010796558
0.05850414578504288
0.057883053602141916
0.05727393609527172
0.05667646753314352
0.0560903334299065
0.055515230081102325
0.05495086412160827
0.05439695210440742
0.05385322009909396
0.05331940330908029
0.05279524570653274
0.05228049968411987
0.05177492572270566
0.05127829207417093
0.050790374458590554
0.05031095577503952
0.04983982582533879
