0.4842870975454444
0.518546085829051
0.5172645448829774
0.5180023828588298
0.5188769297627599
0.5177412027805897
0.516184783970103
0.5157381220738818
0.5158967398665395
0.5160403645579557
0.5162234835119034
0.516364822967982
0.5162264108655532
0.5158899371082298
0.5156235913644897
0.5155245064272231
0.515527280475736
0.5155599078887967
0.5155697661046612
0.5155165620277956
0.5154052182979093
0.5152829633301271
0.5151906592962365
0.5151353918184121
0.515101345875691
0.5150677840345808
0.5150198449147692
0.5149548690845802
0.5148817114778798
0.5148121959692304
0.5147526186293757
0.5147017917757876
0.5146543018383416
0.5146048357931992
0.5145510897370653
0.514494272872918
0.5144374134911848
0.5143830025379823
0.5143316698358322
0.5142823920353736
0.5142335880640241
0.5141841904660889
0.5141341080515291
0.5140839902179968
0.51403462270381
0.513986420561601
0.5139392928349739
0.5138928443416897
0.5138466928112464
0.5138006835539399
0.5137549082416996
0.5137095742119273
0.513664844737367
0.5136207528327285
0.5135772171481028
0.5135341198640824
0.5134913825421036
0.5134489963840374
0.5134070028138618
0.5133654504736492
0.5133243608174725
0.5132837198760049
0.5132434931753109
0.5132036481596993
0.5131641687784182
0.5131250560515899
0.5130863184603159
0.5130479608099452
0.5130099785320397
0.5129723591297752
0.512935087784278
0.5128981525984767
0.5128615465179589
0.5128252657939488
0.5127893069152887
0.5127536642568714
0.5127183296023414
0.5126832932571466
0.5126485456228701
0.5126140781712074
0.5125798834239017
0.5125459542437096
0.512512283053333
0.5124788614572867
0.5124456803643084
0.5124127303861247
0.5123800021937709
0.5123474866327049
0.5123151745983755
0.5122830568135364
0.5122511236639288
0.5122193651681416
0.5121877710564418
0.5121563308772683
0.5121250340582549
0.5120938698971581
0.5120628275064834
0.5120318957556633
0.5120010632430838
0.5119703183032764
0.5119396490325684
0.5119090433108157
0.5118784888059396
0.5118479729621509
0.5118174829821605
0.5117870058142762
0.5117565281493478
0.5117260364254652
0.5116955168346076
0.511664955326237
0.5116343376063277
0.5116036491336671
0.5115728751165548
0.511542000512119
0.511511010028547
0.5114798881290336
0.5114486190359032
0.5114171867340496
0.5113855749738292
0.5113537672741795
0.5113217469267551
0.5112894970014353
0.5112570003530728
0.5112242396291051
0.5111911972777243
0.5111578555565394
0.511124196541911
0.5110902021392137
0.5110558540942147
0.5110211340056195
0.5109860233387405
0.5109505034402124
0.5109145555537352
0.5108781608368913
0.5108413003791237
0.5108039552209656
0.510766106374569
0.5107277348455567
0.5106888216561878
0.5106493478698401
0.5106092946168204
0.5105686431215276
0.5105273747309909
0.5104854709447976
0.5104429134464079
0.5103996841358358
0.5103557651636734
0.510311138966423
0.5102657883030988
0.5102196962930579
0.5101728464549978
0.5101252227470546
0.5100768096079138
0.5100275919988323
0.5099775554464596
0.509926686086326
0.5098749707068579
0.5098223967937592
0.5097689525745847
0.5097146270633125
0.5096594101047023
0.5096032924182166
0.5095462656412559
0.5094883223714521
0.5094294562077395
0.509369661789917
0.5093089348363933
0.5092472721797978
0.5091846718001276
0.5091211328550902
0.5090566557072971
0.508991241947955
0.5089248944166994
0.50885761721722
0.5087894157283205
0.5087202966100736
0.5086502678047341
0.5085793385320875
0.5085075192789338
0.5084348217824193
0.5083612590069625
0.5082868451145436
0.5082115954281596
0.508135526388289
0.5080586555022413
0.5079810012863162
0.5079025832007403
0.5078234215773958
0.5077435375404078
0.5076629529197096
0.5075816901577529
0.5074997722095865
0.5074172224365795
0.5073340644941149
0.5072503222136294
0.507166019479423
0.5070811801007084
0.5069958276794077
0.5069099854742446
0.5068236762617069
0.506736922194489
0.506649744658037
0.5065621641258399
0.5064742000141154
0.5063858705365455
0.5062971925597082
0.5062081814598467
0.5061188509815918
0.506029213099244
0.505939277881174
0.5058490533578863
0.5057585453942324
0.5056677575662277
0.5055766910428747
0.505485344473339
0.5053937138797772
0.5053017925560517
0.5052095709725171
0.5051170366869936
0.5050241742619932
0.5049309651882008
0.5048373878141517
0.5047434172819982
0.5046490254691971
0.5045541809358991
0.504458848877777
0.5043629910839776
0.5042665658998462
0.5041695281940309
0.5040718293295436
0.5039734171383218
0.503874235898815
0.5037742263160957
0.5036733255039834
0.5035714669686557
0.5034685805932226
0.503364592622728
0.5032594256490616
0.5031529985952656
0.5030452266987345
0.5029360214928383
0.5028252907865112
0.5027129386413948
0.5025988653461522
0.5024829673876207
0.5023651374185213
0.5022452642214985
0.5021232326693351
0.5019989236812568
0.5018722141753251
0.5017429770170089
0.5016110809641228
0.5014763906084372
0.5013387663143775
0.5011980641553688
0.501054135848523
0.5009068286885179
0.5007559854816883
0.5006014444815227
0.5004430393269464
0.5002805989849757
0.5001139476995271
0.4999429049483811
0.4997672854105169
0.4995868989462469
0.49940155059279856
0.4992110405781774
0.4990151643563474
0.49881371266690333
0.4986064716225426
0.49839322282771387
0.49817374353182786
0.4979478068203601
0.497715181847012
0.49747563410983686
0.49722892577383915
0.496974816042016
0.4967130615761049
0.496443416967402
0.4961656352569358
0.49587946850297
0.49558466839229504
0.49528098689002914
0.49496817692070083
0.49464599307125157
0.4943141923042922
0.49397253466753827
0.49362078398287246
0.4932587084960264
0.49288608146551977
0.49250268166734507
0.49210829379005117
0.4917027086934827
0.49128572350358835
0.49085714151554205
0.4904167718780289
0.489964429033022
0.4894999318877713
0.489023102699068
0.4885337656541228
0.48803174513753766
0.4875168636797471
0.4869889395888013
0.4864477842742621
0.4858931992790385
0.48532497304195266
0.4847428774204262
0.48414666400863826
0.4835360602915975
0.4829107656795688
0.4822704474700422
0.4816147367858272
0.4809432245378445
0.48025545745981385
0.4795509342593577
0.4788291019262237
0.4780893522335293
0.4773310184623769
0.47655337237408657
0.4757556214478733
0.4749369063952731
0.4740962989561375
0.47323279997477735
0.4723453377488731
0.4714327666382062
0.47049386591509434
0.46952733883362746
0.46853181189038645
0.4675058342452177
0.4664478772667902
0.4653563341640491
0.46422951966125614
0.4630656696711096
0.46186294091748403
0.46061941045672794
0.45933307504433374
0.4580018502923295
0.45662356956216105
0.4551959825384039
0.4537167534306672
0.45218345875484955
0.45059358465083826
0.44894452370214416
0.4472335712342295
0.44545792108274007
0.4436146608408808
0.44170076661710556
0.4397130973604718
0.4376483888417715
0.4355032474142121
0.433274143718294
0.4309574065418906
0.42854921709864546
0.4260456040457841
0.42344243962635986
0.420735437390603
0.41792015202594623
0.41499198190450115
0.41194617503872544
0.40877783921838395
0.4054819571813232
0.4020534077424575
0.398486993863728
0.39477747868505986
0.3909196305433649
0.3869082779726783
0.3827383755915805
0.37840508163135933
0.3739038476270316
0.36923052047151617
0.36438145661129545
0.3593536476340423
0.35414485586468225
0.34875375785351337
0.3431800928251386
0.33742481228863563
0.3314902261298363
0.3253801396734187
0.3190999754892645
0.31265687321217095
0.3060597604442561
0.2993193880133903
0.2924483235531925
0.2854608986029989
0.27837310620100947
0.27120244819487027
0.26396773408236524
0.2566888359160325
0.24938640641176332
0.24208156963740707
0.23479559529990424
0.22754956854334374
0.22036406725066143
0.2132588581383124
0.20625262155746882
0.19936271303441205
0.19260496738983043
0.18599354896294337
0.17954084920104385
0.17325743079428169
0.16715201573861638
0.1612315132607099
0.15550108246930716
0.14996422391324243
0.14462289390849908
0.13947763550880363
0.13452772028489976
0.12977129558644182
0.12520553262290446
0.12082677145269297
0.11663065975513015
0.11261228302957524
0.10876628458205877
0.10508697429653921
0.10156842573025607
0.09820456151516152
0.09498922739208318
0.09191625545843463
0.08897951738467091
0.08617296846161346
0.08349068339293579
0.08092688475654436
0.07847596503616382
0.07613250307948495
0.07389127577947187
0.07174726570704856
0.06969566535114943
0.06773187854957521
0.06585151962376669
0.06405041066419238
0.062324577351596216
0.060670243643422654
0.05908382560452883
0.05756192461673405
0.056101320162617874
0.054698962344896046
0.053351964273266606
0.05205759442538191
0.05081326906711535
0.049616544799120844
