2.3010938848172824
2.075456668980701
2.0590874322338295
2.0440756582186217
2.0274556681317675
2.0109491228016543
1.9950551127556937
1.9799319787638194
1.9656538144407885
1.9522667022791333
1.9398027477915365
1.9282845204011445
1.9177267353035952
1.9081369493177593
1.8995158837433044
1.891857631155767
1.8851498582372135
1.8793740483276702
1.8745057940695662
1.8705151352232021
1.8673669309440064
1.8650212549087966
1.863433803066717
1.8625563060187407
1.8623369403089278
1.862720734847713
1.8636499701272624
1.8650645688192202
1.8669024768371154
1.8691000341137345
1.8715923343188936
1.8743135726530327
1.8771973808082274
1.8801771482764646
1.8831863294606612
1.8861587365298795
1.8890288186477078
1.8917319290540384
1.8942045824325466
1.8963847059656236
1.898211888366901
1.8996276318804428
1.9005756126336495
1.9010019547198618
1.9008555228710449
1.9000882374881656
1.898655414089817
1.8965161269303301
1.8936335937017506
1.889975575017156
1.8855147790000075
1.880229258069344
1.8741027822558936
1.8671251714643433
1.8592925683294468
1.8506076339223245
1.841079650626255
1.8307245199152775
1.8195646472438562
1.8076287113460026
1.7949513204135539
1.781572562346058
1.7675374601100642
1.7528953459640666
1.7376991698643425
1.722004757938204
1.7058700368096356
1.6893542391529262
1.6725171054486299
1.655418096709317
1.6381156329472804
1.6206663722275862
1.6031245450310698
1.5855413580512545
1.567964480222026
1.5504376215875886
1.5330002126004145
1.5156871877344917
1.4985288732160689
1.4815509745540836
1.4647746557538748
1.4482166989269152
1.4318897306829106
1.4158025003163084
1.3999601943767492
1.3843647726502124
1.3690153117177182
1.353908343909345
1.3390381814338557
1.324397217554233
1.3099761987432903
1.295764463675287
1.2817501466132821
1.26792034419808
1.2542612458245068
1.240758228719257
1.2273959195431292
1.2141582248705662
1.2010283332971243
1.1879886922377088
1.1750209627494757
1.1621059559839093
1.1492235551779517
1.1363526274639015
1.1234709302357118
1.1105550173727423
1.0975801513015595
1.0845202276753774
1.0713477203637958
1.05803365545689
1.044547624068413
1.0308578448270904
1.016931288004609
1.0027338741467666
0.9882307607151588
0.9733867304270033
0.9581666944570015
0.9425363221266208
0.9264628057734456
0.909915764734943
0.892868285356907
0.8752980842815352
0.857188769823318
0.838531161222689
0.8193246087719867
0.7995782407662299
0.779312048259
0.7585577086556867
0.7373590474369013
0.7157720465353492
0.6938643296473506
0.6717140887061809
0.6494084592829622
0.6270414011075223
0.6047111870751994
0.582517643493261
0.5605593101703843
0.5389306973422763
0.5177198060005507
0.49700605045604007
0.47685868105975804
0.4573357569412082
0.4384836701448487
0.4203371798275126
0.40291988274930046
0.38624502641825287
0.37031656392453466
0.35513035290000755
0.3406754122678768
0.32693516629898434
0.31388862305455356
0.3015114513110253
0.28977693504718915
0.2786567967638275
0.26812189010664883
0.258142768664827
0.2486901418272245
0.23973523068894534
0.231250037700932
0.22320754347829072
0.21558184328397179
0.20834823445629302
0.2014832646494636
0.1949647493407634
0.18877176571218396
0.1828846287871682
0.17728485461790602
0.17195511438119332
0.1668791824461297
0.16204188081351442
0.15742902178025484
0.15302735023707964
0.14882448664923348
0.14480887148378563
0.14096971162117444
0.13729692911186672
0.13378111250221647
0.13041347084902777
0.12718579046344913
0.12409039436635526
0.1211201043949638
0.11826820587056745
0.11552841471712652
0.11289484690779845
0.11036199010948496
0.10792467739274451
0.10557806287482961
0.10331759916629396
0.10113901649590065
0.09903830339393752
0.09701168882008722
0.09505562562844526
0.09316677526885733
0.09134199363034122
0.08957831793880085
0.08787295462749092
0.08622326810465472
0.08462677034842761
0.08308111126444212
0.08158406974657464
0.08013354538595324
0.07872755077769117
0.07736420437884803
0.07604172387484788
0.07475842001503029
0.07351269088118956
0.07230301655587386
0.07112795415991056
0.06998613323109212
0.06887625141822129
0.06779707046680022
0.06674741247455113
0.0657261563967097
0.06473223478263306
0.06376463072673842
0.0628223750181317
0.06190454347452417
0.061010254447166366
0.06013866648456565
0.05928897614370883
0.05846041593838189
0.057652252414982216
0.05686378434695232
0.056094341039642184
0.05534328073802355
0.05460998913025397
0.05389387794060781
0.053194383605776004
0.05251096602897773
0.05184310740673613
0.05119031112354381
0.050552100709991867
0.04992801886025268
