0.6065887443981035
0.6384051479415653
0.5505793283387919
0.5290483130550668
0.5559845976635399
0.5567515952715629
0.532268996815788
0.5166246818183706
0.5194728326891714
0.5220792180591183
0.5188595883505411
0.5172908597080497
0.5186858714759542
0.5186604266523738
0.5163701861382749
0.5143700639940159
0.5137860769185016
0.5137223751828988
0.5135710098372852
0.5134563349805623
0.5133361084817424
0.5129587992812176
0.5123422208198358
0.511741469173258
0.511307213259438
0.511005896505813
0.5107588319994865
0.5105129559550008
0.5102280772135904
0.509885258761332
0.5095056083233855
0.5091314276764772
0.5087903545561722
0.5084832506849436
0.5081954246297198
0.5079100320913879
0.5076157600889102
0.5073105532007941
0.5070007665144911
0.506695592182254
0.5064010109715602
0.5061175273515688
0.5058417764735231
0.5055695358196463
0.5052981254055071
0.5050273480112913
0.5047589201320088
0.5044950331164292
0.5042370580993899
0.5039850872497553
0.5037383038968742
0.5034957122640744
0.5032567340661653
0.5030214094086498
0.5027902137154857
0.5025636958051612
0.5023421823049137
0.5021256883776911
0.5019140204431941
0.501706957539025
0.5015043914922227
0.5013063642456411
0.5011130129793029
0.500924479369483
0.5007408421296184
0.5005621021099047
0.5003882122405832
0.5002191228371302
0.5000548134064101
0.4998952979231218
0.4997406086075887
0.4995907732912679
0.49944580046144604
0.499305677770549
0.4991703808112232
0.4990398843657133
0.49891416931713234
0.49879322277654226
0.4986770333765138
0.4985655857265302
0.49845885730151296
0.4983568187468431
0.49825943643524045
0.4981666752309384
0.4980784999100176
0.4979948748789652
0.49791576287012834
0.49784112365304
0.4977709134863124
0.497705085416042
0.4976435900320436
0.49758637615760876
0.4975333911408718
0.4974845807340933
0.49743988877921885
0.49739925696139287
0.49736262477818993
0.49732992971021883
0.4973011074722191
0.4972760922154536
0.49725481661791504
0.49723721188043163
0.49722320769426215
0.4972127322427664
0.4972057122627198
0.4972020731503893
0.4972017390771723
0.49720463308487145
0.4972106771510798
0.49721979223485874
0.49723189832104003
0.4972469144769065
0.4972647589239859
0.49728534911831457
0.4973086018295844
0.4973344332128564
0.4973627588723457
0.49739349392111903
0.4974265530413865
0.49746185054795644
0.4974993004544142
0.49753881653965815
0.4975803124123488
0.4976237015721121
0.4976688974678517
0.49771581355434324
0.4977643633481429
0.49781446048309874
0.49786601876502556
0.4979189522247759
0.4979731751691221
0.49802860222926504
0.498085148407152
0.4981427291198811
0.49820126024235656
0.4982606581481285
0.49832083974820957
0.4983817225276276
0.4984432245795731
0.49850526463710987
0.49856776210248976
0.4986306370741121
0.49869381037111604
0.4987572035555378
0.4988207389519449
0.4988843396644652
0.498947929591169
0.4990114334357806
0.4990747767167129
0.49913788577340457
0.4992006877699249
0.49926311069579987
0.49932508336400455
0.49938653540608263
0.4994473972643497
0.4995076001811477
0.4995670761851116
0.49962575807440174
0.49968357939684993
0.49974047442695785
0.4997963781396855
0.4998512261809655
0.49990495483486985
0.4999575009873576
0.5000088020865183
0.5000587960992199
0.5001074214640592
0.500154617040506
0.5002003220541228
0.5002444760377279
0.5002870187683669
0.5003278901999365
0.5003670303912999
0.500404379429712
0.5004398773493597
0.5004734640448091
0.5005050791791337
0.5005346620864726
0.5005621516687615
0.5005874862863426
0.5006106036421505
0.5006314406591337
0.5006499333505593
0.5006660166828046
0.5006796244302227
0.5006906890216277
0.5006991413779134
0.5007049107402823
0.500707924488516
0.5007081079486826
0.5007053841896191
0.5006996738074836
0.5006908946976157
0.5006789618128782
0.5006637869075972
0.5006452782661446
0.5006233404151312
0.5005978738180993
0.5005687745515206
0.5005359339608043
0.5004992382949265
0.5004585683181787
0.5004137988974185
0.5003647985630784
0.5003114290420523
0.5002535447604379
0.5001909923139467
0.500123609903637
0.5000512267344344
0.4999736623737152
0.49989072606702545
0.4998022160077725
0.499707918557511
0.49960760741317295
0.4995010427173407
0.4993879701073677
0.4992681196988609
0.49914120499872117
0.49900692174260436
0.4988649466513311
0.4987149361004062
0.49855652469644574
0.4983893237539325
0.4982129196653349
0.4980268721572465
0.49783071242482213
0.49762394113642394
0.4974060263000427
0.49717640098276045
0.496934460874238
0.49667956168503286
0.49641101637041574
0.4961280921703612
0.4958300074565056
0.49551592837717734
0.4951849652921073
0.4948361689892172
0.4944685266769672
0.49408095774723443
0.4936723093056292
0.49324135146865045
0.4927867724302252
0.4923071733040787
0.4918010627531802
0.4912668514233301
0.490702846204969
0.4901072443556306
0.4894781275253233
0.4888134557386607
0.4881110614009188
0.4873686434105198
0.48658376147781535
0.4857538307694722
0.48487611701920735
0.4839477322688454
0.4829656314283167
0.48192660986868824
0.48082730228772885
0.4796641831116966
0.4784335687184356
0.4771316217835706
0.47575435806127314
0.4742976559111575
0.47275726887044944
0.4711288415428101
0.4694079290293601
0.46759002006133843
0.46567056390617423
0.46364500100954487
0.4615087972069742
0.45925748119350973
0.4568866847850227
0.45439218534804215
0.45176994962697514
0.449016178069711
0.4461273486569714
0.44310025918868035
0.4399320669813201
0.4366203249896508
0.43316301348573316
0.4295585666041266
0.4258058932852553
0.4219043924049024
0.4178539621482489
0.4136550039508058
0.4093084215643539
0.40481561599331833
0.4001784771691562
0.39539937327591157
0.3904811386045446
0.3854270607001391
0.3802408673857089
0.37492671401754796
0.3694891710743914
0.36393321193435574
0.35826420047901336
0.35248787800976156
0.34661034888864584
0.3406380643354653
0.33457780392499004
0.32843665451948967
0.3222219866173525
0.3159414283639915
0.3096028377171808
0.3032142734468916
0.2967839657479494
0.29032028723278974
0.28383172494747827
0.2773268538301294
0.27081431173550446
0.26430277582283623
0.2578009397912038
0.2513174911921247
0.24486108788881986
0.2384403326893982
0.2320637452649537
0.22573973066499942
0.2194765440392968
0.21328225153397767
0.20716468771228644
0.20113141021731518
0.19518965271104252
0.18934627736406487
0.1836077283168328
0.17797998757983252
0.17246853479055896
0.1670783121108167
0.16181369534584772
0.1566784721169077
0.15167582764169626
0.1468083383917244
0.14207797361902924
0.13748610449012982
0.1330335203428486
0.12872045139834826
0.12454659712011829
0.12051115931474418
0.11661287901488518
0.11285007616999565
0.10922069119053758
0.10572232744138468
0.10235229385382698
0.09910764691684065
0.09598523141099405
0.09298171935682197
0.09009364675866427
0.08731744783056322
0.08464948648950198
0.08208608499057152
0.07962354965700412
0.07725819372460593
0.07498635737482512
0.07280442507390597
0.07070884036809073
0.06869611830771018
0.06676285568745233
0.06490573929740544
0.06312155238087712
0.06140717949170738
0.05975960993688521
0.05817593998073113
0.05665337397552178
0.055189224570927446
0.053780912141554144
0.05242596355869067
0.05112201041939698
0.04986678683359311
