0.49610918259955916
0.5235068800964187
0.5238302513260285
0.523288811932585
0.5234897578736448
0.5238729874929834
0.5234251306010209
0.5224890861886436
0.521853124046875
0.5216359752070769
0.5215758591245794
0.5215577209411282
0.5215481974811695
0.5214540010532642
0.5212279649670636
0.5209430574596626
0.5206977163586878
0.520525302785281
0.5204058552381811
0.5203074616907408
0.5202015219446605
0.5200694760225253
0.5199119315578895
0.5197459243005581
0.5195896828107696
0.5194509746043612
0.5193267699652757
0.519208855651802
0.5190893653867317
0.5189643933005289
0.5188349754501222
0.518705200041097
0.5185790219378663
0.5184581050508561
0.5183416525004486
0.5182275864859477
0.518113984736038
0.518000001844874
0.5178859759186587
0.5177728799691185
0.5176615911947227
0.5175524333142105
0.5174451569919817
0.5173392286431371
0.5172341790497906
0.5171298135805248
0.5170262164248114
0.5169236070742546
0.5168221687462311
0.5167219485870819
0.5166228608497868
0.5165247597543327
0.5164275223483833
0.5163310948091704
0.5162354888446026
0.5161407450545634
0.5160468925336786
0.5159539272085186
0.5158618146717808
0.5157705085611219
0.5156799700478489
0.5155901777964661
0.5155011259963844
0.5154128150863393
0.5153252422628917
0.5152383968403131
0.515152261431732
0.5150668165495704
0.5149820451429037
0.5148979346762204
0.5148144763781111
0.5147316628980916
0.5146494860791767
0.5145679359778338
0.5144870012614946
0.5144066703457152
0.5143269324346084
0.5142477779324645
0.5141691981886943
0.5140911849034954
0.5140137296032824
0.5139368234351416
0.5138604572857434
0.5137846220569281
0.5137093088981186
0.5136345092793164
0.5135602149085253
0.5134864175792955
0.5134131090457807
0.5133402809791117
0.5132679249998185
0.5131960327425102
0.5131245959053322
0.5130536062593716
0.5129830556222028
0.512912935817801
0.5128432386458205
0.512773955871501
0.5127050792332368
0.5126366004564464
0.5125685112625492
0.5125008033679093
0.5124334684745901
0.5123664982586357
0.5122998843612498
0.5122336183851223
0.5121676918947563
0.5121020964178694
0.5120368234452701
0.5119718644282071
0.5119072107738608
0.5118428538404466
0.5117787849331772
0.5117149953015125
0.5116514761373253
0.5115882185732489
0.5115252136806314
0.5114624524669373
0.511399925872831
0.5113376247693324
0.5112755399553484
0.5112136621556622
0.5111519820192857
0.5110904901180042
0.511029176945006
0.5109680329135908
0.5109070483560423
0.5108462135227781
0.5107855185818535
0.5107249536188415
0.5106645086370647
0.5106041735581462
0.5105439382228599
0.5104837923922847
0.5104237257492898
0.510363727900375
0.5103037883778767
0.5102438966425388
0.5101840420864302
0.5101242140361909
0.5100644017565906
0.5100045944543882
0.5099447812824823
0.5098849513443421
0.5098250936986997
0.5097651973644837
0.5097052513259668
0.5096452445380999
0.509585165932005
0.5095250044206017
0.5094647489043382
0.5094043882769996
0.5093439114315628
0.5092833072660653
0.5092225646894597
0.5091616726274162
0.5091006200280458
0.5090393958675099
0.5089779891554876
0.508916388940467
0.5088545843148337
0.5087925644197254
0.5087303184496214
0.5086678356566414
0.5086051053545273
0.5085421169222794
0.5084788598074238
0.5084153235288902
0.508351497679473
0.5082873719278604
0.5082229360202078
0.5081581797812391
0.508093093114862
0.5080276660042773
0.5079618885115729
0.5078957507767891
0.5078292430164433
0.5077623555215057
0.5076950786548194
0.5076274028479553
0.5075593185974979
0.5074908164607597
0.5074218870509175
0.5073525210315715
0.5072827091107257
0.5072124420341901
0.5071417105784043
0.5070705055426875
0.5069988177409153
0.5069266379926274
0.5068539571135716
0.5067807659056888
0.506707055146542
0.5066328155782005
0.5065580378955792
0.5064827127342447
0.5064068306576939
0.50633038214411
0.5062533575726063
0.5061757472089635
0.5060975411908678
0.5060187295126574
0.5059393020095843
0.5058592483415993
0.5057785579766647
0.505697220173603
0.5056152239644867
0.5055325581365743
0.5054492112137982
0.5053651714378077
0.5052804267485727
0.5051949647645484
0.5051087727624046
0.5050218376563228
0.5049341459768574
0.5048456838493642
0.5047564369719933
0.504666390593243
0.5045755294890732
0.5044838379395706
0.5043912997051632
0.5042978980023716
0.5042036154790948
0.5041084341894139
0.5040123355679048
0.5039153004034482
0.503817308812518
0.503718340211934
0.5036183732910605
0.5035173859834281
0.5034153554377584
0.5033122579883665
0.5032080691249139
0.5031027634614843
0.5029963147049511
0.5028886956226005
0.5027798780089778
0.502669832651916
0.5025585292977043
0.5024459366153556
0.5023320221599215
0.5022167523348058
0.5021000923530259
0.5019820061973566
0.5018624565793052
0.5017414048968457
0.5016188111908457
0.5014946341001143
0.5013688308149907
0.5012413570293942
0.5011121668912447
0.5009812129511669
0.5008484461093731
0.5007138155606277
0.5005772687371784
0.5004387512495418
0.5002982068250155
0.5001555772437891
0.5000108022725158
0.49986381959519444
0.4997145647412096
0.49956297101036234
0.49940896939471596
0.4992524884970738
0.4990934544458862
0.4989317908063827
0.49876741848770034
0.49860025564577665
0.49843021758175
0.4982572166356046
0.4980811620747688
0.497901959977366
0.4977195131097961
0.49753372079829566
0.4973444787941153
0.4971516791319185
0.4969552099809808
0.4967549554887466
0.4965507956162593
0.49634260596495794
0.49613025759429297
0.495913616829576
0.49569254505943827
0.4954668985222307
0.4952365280806474
0.4950012789838082
0.49476099061597745
0.49451549623104285
0.49426462267180926
0.494008190073103
0.49374601154760533
0.4934778928532567
0.49320363204099715
0.4929230190815119
0.4926358354695689
0.49234185380442175
0.49204083734465986
0.4917325395357643
0.49141670350851463
0.49109306154626337
0.49076133451896264
0.49042123128168624
0.4900724480352435
0.4897146676463288
0.4893475589244872
0.4889707758530103
0.48858395677070426
0.48818672350129516
0.48777868042705275
0.48735941350302886
0.48692848920812565
0.4864854534290176
0.48602983027277236
0.4855611208038396
0.4850788017009064
0.48458232382896543
0.48407111072180253
0.48354455696999565
0.4830020265094307
0.4824428508052814
0.48186632692640063
0.48127171550510295
0.4806582385774256
0.4800250772991259
0.4793713695329392
0.4786962073029646
0.47799863411252924
0.4772776421224603
0.4765321691874461
0.4757610957490619
0.4749632415851214
0.4741373624162967
0.47328214637246074
0.47239621032294454
0.4714780960769308
0.47052626646248974
0.46953910129538107
0.4685148932516788
0.46745184366156045
0.46634805824525116
0.46520154281615966
0.46401019898066787
0.4627718198689078
0.461484085936136
0.4601445608800533
0.45875068772561134
0.4572997851355041
0.45578904401170484
0.45421552446105473
0.45257615320608835
0.45086772153100746
0.4490868838619875
0.4472301570908735
0.44529392076178476
0.44327441825121594
0.44116775908388195
0.43896992253876366
0.4366767627124934
0.43428401522022464
0.43178730572726015
0.42918216051764113
0.4264640193182314
0.42362825060796055
0.42067016965119536
0.41758505950074787
0.4143681952188678
0.41101487156251093
0.4075204343709883
0.40388031587843154
0.4000900741489855
0.39614543679791236
0.39204234911560476
0.3877770266526872
0.38334601225197573
0.3787462374262355
0.37397508787871747
0.36903047284583623
0.3639108978074789
0.3586155399597901
0.3531443256772676
0.347498009005153
0.3416782500191827
0.33568769166831786
0.32953003347892407
0.3232101002501046
0.3167339036167336
0.3101086941107515
0.3033430011292311
0.2964466580421953
0.28943080957244177
0.282307898586746
0.27509162958816247
0.26779690652701565
0.26043974308188095
0.253037144317943
0.24560695960747753
0.23816770787181857
0.23073837752575457
0.2233382048970551
0.21598643625610342
0.20870207980881733
0.20150365496252878
0.19440894676287424
0.1874347735397711
0.1805967754507761
0.1739092307761428
0.16738490555610908
0.1610349405652966
0.15486877782143152
0.14889412697156268
0.14311697013234098
0.1375416022072247
0.1321707024573525
0.12700543222105434
0.12204555317704102
0.11728956041044764
0.11273482472352889
0.10837773907013774
0.10421386461289597
0.10023807263202938
0.09644467928973789
0.0928275710192574
0.08938031902201636
0.0860962819913421
0.08296869672094209
0.07999075669496776
0.07715567909574275
0.07445676091264146
0.07188742500196257
0.06944125704549647
0.06711203439772209
0.06489374781051907
0.0627806169910714
0.06076710089292772
0.05884790356998332
0.05701797634492162
0.055272516962366174
0.05360696631637083
0.052017003264530556
0.05049853796866983
0.04904770413580545
