0.548980865832966
0.5973280180082587
0.5784612697283961
0.5631838192156777
0.55147452219411
0.5428759272852383
0.5367718264089
0.532546756563694
0.5296742147758811
0.5277445127774653
0.5264577584858292
0.5256030505576199
0.5250359208637819
0.5246590926207376
0.5244077856783622
0.5242391594108793
0.5241249995023459
0.5240467648570342
0.5239922803419566
0.5239535482911561
0.5239253085022764
0.5239040939992342
0.5238876130845073
0.5238743452856132
0.5238632771799883
0.5238537295746242
0.5238452443181332
0.5238375100414066
0.5238303133262547
0.5238235065010851
0.523816986325411
0.5238106798197237
0.5238045347962592
0.5237985134922803
0.5237925882588933
0.523786738618047
0.5237809492352239
0.5237752085089171
0.5237695075786405
0.5237638396193373
0.5237581993335977
0.5237525825819123
0.5237469861103027
0.5237414073474411
0.5237358442519444
0.5237302951963242
0.5237247588780207
0.5237192342506802
0.5237137204707042
0.5237082168554396
0.5237027228503113
0.5236972380028773
0.5236917619422763
0.5236862943629017
0.5236808350113997
0.5236753836762964
0.5236699401797082
0.5236645043707094
0.523659076120017
0.5236536553157339
0.5236482418599284
0.5236428356658942
0.5236374366559456
0.523632044759648
0.5236266599123969
0.5236212820542737
0.5236159111291271
0.5236105470838344
0.523605189867707
0.5235998394320132
0.5235944957295924
0.5235891587145471
0.523583828341994
0.523578504567863
0.5235731873487368
0.5235678766417206
0.5235625724043389
0.5235572745944501
0.5235519831701797
0.5235466980898651
0.523541419312013
0.523536146795262
0.5235308804983552
0.5235256203801175
0.5235203663994366
0.5235151185152465
0.523509876686518
0.5235046408722467
0.5234994110314456
0.5234941871231388
0.5234889691063556
0.5234837569401269
0.523478550583481
0.5234733499954404
0.5234681551350202
0.5234629659612251
0.5234577824330487
0.5234526045094711
0.5234474321494577
0.5234422653119589
0.5234371039559083
0.5234319480402225
0.5234267975238
0.5234216523655207
0.5234165125242451
0.5234113779588137
0.5234062486280471
0.5234011244907448
0.523396005505685
0.5233908916316241
0.5233857828272968
0.5233806790514146
0.5233755802626667
0.5233704864197191
0.5233653974812131
0.5233603134057675
0.5233552341519756
0.5233501596784065
0.5233450899436043
0.5233400249060874
0.5233349645243494
0.5233299087568568
0.5233248575620508
0.523319810898345
0.5233147687241274
0.5233097309977573
0.5233046976775679
0.5232996687218634
0.523294644088921
0.5232896237369885
0.5232846076242856
0.5232795957090035
0.523274587949303
0.5232695843033168
0.5232645847291465
0.5232595891848647
0.5232545976285132
0.5232496100181036
0.5232446263116161
0.5232396464670002
0.5232346704421742
0.5232296981950249
0.5232247296834067
0.5232197648651424
0.5232148036980224
0.5232098461398046
0.523204892148214
0.5231999416809425
0.5231949946956489
0.5231900511499585
0.5231851110014629
0.5231801742077197
0.5231752407262522
0.5231703105145494
0.5231653835300661
0.5231604597302216
0.5231555390724008
0.5231506215139528
0.5231457070121917
0.5231407955243956
0.5231358870078068
0.5231309814196318
0.5231260787170406
0.5231211788571668
0.5231162817971073
0.5231113874939224
0.5231064959046348
0.5231016069862304
0.5230967206956576
0.5230918369898272
0.5230869558256119
0.523082077159847
0.5230772009493292
0.5230723271508168
0.52306745572103
0.52306258661665
0.523057719794319
0.5230528552106407
0.523047992822179
0.5230431325854588
0.5230382744569652
0.5230334183931438
0.5230285643504002
0.5230237122851001
0.523018862153569
0.5230140139120916
0.5230091675169127
0.5230043229242363
0.5229994800902249
0.522994638971001
0.5229897995226453
0.5229849617011977
0.5229801254626559
0.522975290762977
0.5229704575580754
0.5229656258038244
0.5229607954560549
0.5229559664705555
0.5229511388030729
0.5229463124093108
0.522941487244931
0.5229366632655517
0.5229318404267489
0.5229270186840556
0.5229221979929609
0.5229173783089116
0.5229125595873103
0.5229077417835164
0.5229029248528456
0.5228981087505695
0.5228932934319162
0.5228884788520695
0.5228836649661687
0.5228788517293089
0.5228740390965413
0.5228692270228714
0.522864415463261
0.5228596043726265
0.5228547937058391
0.5228499834177257
0.5228451734630668
0.5228403637965987
0.5228355543730114
0.5228307451469497
0.5228259360730124
0.5228211271057528
0.5228163181996776
0.522811509309248
0.5228067003888789
0.5228018913929382
0.5227970822757481
0.5227922729915839
0.5227874634946743
0.5227826537392007
0.5227778436792982
0.5227730332690547
0.5227682224625103
0.5227634112136584
0.5227585994764449
0.5227537872047681
0.522748974352478
0.5227441608733779
0.5227393467212225
0.5227345318497185
0.5227297162125247
0.5227248997632514
0.5227200824554609
0.5227152642426661
0.5227104450783325
0.5227056249158758
0.5227008037086633
0.5226959814100136
0.5226911579731955
0.5226863333514292
0.5226815074978852
0.5226766803656845
0.5226718519078988
0.5226670220775498
0.5226621908276097
0.5226573581110004
0.5226525238805941
0.5226476880892125
0.5226428506896269
0.5226380116345588
0.5226331708766783
0.5226283283686053
0.5226234840629087
0.5226186379121069
0.5226137898686667
0.5226089398850042
0.5226040879134836
0.5225992339064183
0.5225943778160697
0.5225895195946476
0.5225846591943102
0.5225797965671638
0.5225749316652623
0.5225700644406075
0.522565194845149
0.522560322830784
0.522555448349357
0.5225505713526595
0.5225456917924309
0.522540809620357
0.5225359247880705
0.522531037247151
0.522526146949125
0.5225212538454651
0.5225163578875902
0.5225114590268658
0.5225065572146029
0.5225016524020591
0.5224967445404373
0.5224918335808861
0.5224869194745001
0.5224820021723184
0.5224770816253261
0.5224721577844531
0.5224672306005742
0.5224623000245092
0.5224573660070222
0.5224524284988219
0.5224474874505616
0.5224425428128385
0.5224375945361944
0.5224326425711142
0.522427686868027
0.5224227273773057
0.5224177640492663
0.5224127968341682
0.5224078256822139
0.5224028505435487
0.5223978713682615
0.5223928881063828
0.5223879007078864
0.522382909122688
0.5223779133006456
0.5223729131915594
0.5223679087451712
0.5223628999111648
0.5223578866391648
0.5223528688787384
0.5223478465793925
0.5223428196905763
0.5223377881616792
0.5223327519420312
0.5223277109809031
0.5223226652275064
0.5223176146309914
0.5223125591404495
0.5223074987049122
0.5223024332733495
0.5222973627946716
0.5222922872177276
0.5222872064913059
0.5222821205641338
0.5222770293848771
0.5222719329021404
0.5222668310644663
0.5222617238203354
0.5222566111181671
0.5222514929063178
0.5222463691330816
0.5222412397466899
0.5222361046953117
0.5222309639270526
0.5222258173899549
0.5222206650319978
0.5222155068010969
0.5222103426451031
0.5222051725118051
0.5221999963489254
0.522194814104123
0.5221896257249926
0.5221844311590633
0.5221792303537992
0.5221740232565999
0.5221688098147985
0.5221635899756634
0.5221583636863961
0.5221531308941327
0.5221478915459424
0.5221426455888285
0.5221373929697269
0.5221321336355064
0.5221268675329693
0.5221215946088499
0.5221163148098142
0.522111028082462
0.5221057343733233
0.5221004336288604
0.5220951257954669
0.5220898108194675
0.5220844886471179
0.5220791592246045
0.5220738224980439
0.522068478413483
0.522063126916899
0.5220577679541983
0.5220524014712171
0.5220470274137208
0.5220416457274035
0.522036256357888
0.5220308592507262
0.5220254543513979
0.5220200416053105
0.5220146209577993
0.5220091923541271
0.5220037557394842
0.5219983110589876
0.5219928582576812
0.5219873972805343
0.5219819280724438
0.5219764505782318
0.5219709647426458
0.521965470510359
0.5219599678259697
0.5219544566340006
0.5219489368788999
0.5219434085050387
0.5219378714567133
0.5219323256781431
0.521926771113471
0.5219212077067631
0.5219156354020085
0.5219100541431185
0.5219044638739274
0.5218988645381908
0.5218932560795866
0.5218876384417137
0.5218820115680922
0.5218763754021637
0.5218707298872893
0.5218650749667513
0.5218594105837514
0.5218537366814112
0.521848053202772
0.5218423600907933
0.5218366572883546
0.5218309447382523
0.5218252223832024
0.5218194901658382
0.5218137480287104
0.521807995914287
0.5218022337649534
0.5217964615230108
0.5217906791306772
0.5217848865300866
0.5217790836632884
0.5217732704722478
0.5217674468988445
0.5217616128848731
0.5217557683720425
0.5217499133019763
0.5217440476162104
0.5217381712561959
0.5217322841632953
0.521726386278785
0.5217204775438533
0.5217145578996006
0.521708627287039
0.5217026856470925
0.5216967329205953
0.5216907690482929
0.521684793970841
0.5216788076288057
0.521672809962662
0.5216668009127948
0.5216607804194983
0.5216547484229745
0.5216487048633345
0.5216426496805968
0.5216365828146876
0.521630504205441
0.5216244137925967
0.5216183115158022
0.5216121973146103
0.5216060711284801
0.5215999328967758
0.5215937825587671
0.521587620053628
0.5215814453204372
0.5215752582981772
0.5215690589257338
0.5215628471418967
0.5215566228853581
0.5215503860947127
0.5215441367084577
0.5215378746649911
0.5215315999026134
0.5215253123595257
0.5215190119738293
0.5215126986835263
0.5215063724265182
0.5215000331406063
0.5214936807634911
0.5214873152327713
0.5214809364859442
0.5214745444604052
0.5214681390934466
0.5214617203222588
0.5214552880839283
0.5214488423154374
0.521442382953666
0.521435909935388
0.521429423197273
0.5214229226758857
0.5214164083076844
0.5214098800290223
0.5214033377761454
0.521396781485193
0.5213902110921972
0.5213836265330825
0.5213770277436653
0.5213704146596534
0.5213637872166459
0.5213571453501322
0.5213504889954924
0.5213438180879963
0.5213371325628031
0.5213304323549607
0.5213237173994064
0.5213169876309648
0.521310242984349
0.5213034833941588
0.5212967087948812
0.52128991912089
0.5212831143064445
0.5212762942856894
0.521269458992656
0.5212626083612588
0.5212557423252973
0.5212488608184549
0.5212419637742985
0.5212350511262778
0.5212281228077256
0.521221178751856
0.5212142188917657
0.5212072431604322
0.521200251490714
0.5211932438153499
0.5211862200669586
0.5211791801780385
0.5211721240809669
0.5211650517079998
0.5211579629912715
0.5211508578627935
0.5211437362544551
0.5211365980980223
0.5211294433251373
0.5211222718673183
0.5211150836559592
0.5211078786223282
0.5211006566975687
0.521093417812698
0.521086161898607
0.5210788888860598
0.5210715987056928
0.5210642912880155
0.5210569665634082
0.5210496244621233
0.5210422649142835
0.5210348878498822
0.5210274931987825
0.5210200808907169
0.5210126508552874
0.5210052030219638
0.5209977373200841
0.5209902536788543
0.5209827520273469
0.5209752322945014
0.5209676944091233
0.5209601382998834
0.5209525638953185
0.5209449711238291
0.520937359913681
0.5209297301930026
0.5209220818897862
0.520914414931887
0.520906729247022
0.5208990247627702
0.5208913014065721
0.5208835591057289
0.520875797787402
0.520868017378613
0.5208602178062424
0.5208523989970296
0.5208445608775728
0.520836703374328
0.5208288264136081
0.5208209299215836
0.5208130138242807
0.5208050780475819
0.5207971225172254
0.5207891471588036
0.5207811518977639
0.5207731366594072
0.5207651013688881
0.520757045951214
0.5207489703312447
0.520740874433692
0.5207327581831191
0.5207246215039398
0.5207164643204188
0.5207082865566701
0.5207000881366577
0.520691868984194
0.52068362902294
0.5206753681764041
0.520667086367943
0.5206587835207594
0.5206504595579023
0.5206421144022672
0.5206337479765943
0.5206253602034686
0.5206169510053197
0.5206085203044206
0.5206000680228877
0.5205915940826801
0.520583098405599
0.5205745809132875
0.5205660415272295
0.5205574801687498
0.5205488967590136
0.5205402912190248
0.5205316634696272
0.5205230134315029
0.5205143410251715
0.5205056461709912
0.5204969287891562
0.5204881887996973
0.5204794261224819
0.5204706406772118
0.5204618323834244
0.5204530011604906
0.5204441469276164
0.52043526960384
0.5204263691080324
0.5204174453588976
0.5204084982749702
0.5203995277746167
0.520390533776034
0.5203815161972488
0.5203724749561178
0.5203634099703264
0.5203543211573882
0.5203452084346458
0.5203360717192677
0.5203269109282502
0.5203177259784157
0.5203085167864123
0.5202992832687133
0.520290025341617
0.5202807429212454
0.520271435923544
0.5202621042642821
0.5202527478590506
0.5202433666232631
0.5202339604721543
0.5202245293207797
0.5202150730840152
0.5202055916765567
0.5201960850129189
0.5201865530074354
0.5201769955742581
0.5201674126273562
0.5201578040805162
0.5201481698473409
0.5201385098412489
0.5201288239754747
0.520119112163067
0.5201093743168892
0.520099610349618
0.5200898201737442
0.5200800037015698
0.52007016084521
0.5200602915165911
0.5200503956274503
0.5200404730893351
0.520030523813603
0.5200205477114208
0.5200105446937638
0.5200005146714158
0.5199904575549676
0.5199803732548176
0.5199702616811703
0.5199601227440366
0.5199499563532318
0.5199397624183769
0.5199295408488969
0.5199192915540197
0.5199090144427777
0.5198987094240042
0.5198883764063358
0.5198780152982095
0.519867626007864
0.5198572084433373
0.5198467625124678
0.5198362881228925
0.5198257851820477
0.5198152535971665
0.5198046932752804
0.5197941041232174
0.5197834860476014
0.5197728389548526
0.5197621627511857
0.5197514573426103
0.51974072263493
0.5197299585337414
0.5197191649444342
0.51970834177219
0.5196974889219826
0.5196866062985765
0.5196756938065266
0.5196647513501778
0.5196537788336644
0.5196427761609096
0.5196317432356239
0.5196206799613069
0.5196095862412438
0.5195984619785067
0.5195873070759539
0.5195761214362284
0.519564904961758
0.5195536575547547
0.519542379117214
0.519531069550914
0.5195197287574156
0.5195083566380609
0.5194969530939737
0.5194855180260576
0.5194740513349967
0.5194625529212542
0.5194510226850724
0.5194394605264714
0.5194278663452487
0.5194162400409795
0.5194045815130147
0.5193928906604812
0.5193811673822814
0.5193694115770916
0.5193576231433628
0.5193458019793188
0.5193339479829567
0.5193220610520453
0.5193101410841255
0.5192981879765084
0.5192862016262766
0.5192741819302814
0.5192621287851438
0.5192500420872532
0.5192379217327671
0.5192257676176102
0.5192135796374739
0.5192013576878157
0.5191891016638588
0.5191768114605911
0.519164486972765
0.519152128094896
0.5191397347212635
0.5191273067459086
0.5191148440626345
0.5191023465650058
0.5190898141463471
0.5190772466997438
0.5190646441180398
0.5190520062938381
0.5190393331194997
0.5190266244871431
0.5190138802886437
0.519001100415633
0.518988284759498
0.518975433211381
0.5189625456621778
0.5189496220025389
0.5189366621228675
0.5189236659133186
0.5189106332637997
0.5188975640639694
0.5188844582032365
0.5188713155707594
0.5188581360554465
0.5188449195459542
0.5188316659306871
0.5188183750977968
0.5188050469351818
0.5187916813304865
0.5187782781711007
0.5187648373441587
0.5187513587365388
0.5187378422348632
0.5187242877254963
0.5187106950945446
0.5186970642278563
0.5186833950110202
0.518669687329365
0.5186559410679593
0.5186421561116097
0.5186283323448617
0.5186144696519979
0.5186005679170373
0.5185866270237354
0.5185726468555831
0.5185586272958055
0.5185445682273628
0.5185304695329473
0.5185163310949849
0.518502152795633
0.5184879345167809
0.518473676140048
0.5184593775467836
0.5184450386180666
0.5184306592347042
0.5184162392772317
0.5184017786259113
0.5183872771607319
0.5183727347614077
0.5183581513073787
0.5183435266778084
0.5183288607515846
0.5183141534073179
0.518299404523341
0.518284613977708
0.518269781648194
0.518254907412294
0.5182399911472222
0.5182250327299119
0.518210032037014
0.5181949889448961
0.5181799033296431
0.5181647750670553
0.5181496040326472
0.5181343901016484
0.5181191331490019
0.5181038330493628
0.518088489677099
0.5180731029062886
0.5180576726107211
0.5180421986638951
0.5180266809390187
0.5180111193090073
0.5179955136464848
0.5179798638237809
0.5179641697129314
0.5179484311856776
0.5179326481134641
0.5179168203674404
0.5179009478184575
0.5178850303370695
0.5178690677935303
0.5178530600577953
0.5178370069995193
0.5178209084880552
0.5178047643924546
0.5177885745814659
0.5177723389235339
0.5177560572867987
0.517739729539096
0.5177233555479538
0.5177069351805945
0.5176904683039323
0.5176739547845725
0.5176573944888112
0.5176407872826345
0.5176241330317164
0.5176074316014201
0.5175906828567949
0.517573886662577
0.5175570428831879
0.5175401513827336
0.5175232120250036
0.5175062246734703
0.5174891891912883
0.517472105441293
0.5174549732859994
0.517437792587603
0.5174205632079766
0.5174032850086705
0.5173859578509121
0.517368581595604
0.5173511561033235
0.517333681234322
0.5173161568485231
0.5172985828055231
0.5172809589645886
0.5172632851846567
0.5172455613243332
0.5172277872418922
0.5172099627952751
0.5171920878420893
0.5171741622396072
0.517156185844766
0.5171381585141658
0.517120080104069
0.5171019504703995
0.5170837694687411
0.5170655369543375
0.5170472527820899
0.5170289168065569
0.5170105288819544
0.516992088862152
0.5169735966006744
0.5169550519506989
0.5169364547650555
0.5169178048962246
0.5168991021963371
0.516880346517172
0.516861537710157
0.5168426756263664
0.5168237601165198
0.5168047910309812
0.5167857682197591
0.5167666915325031
0.5167475608185047
0.5167283759266954
0.516709136705646
0.5166898430035646
0.5166704946682964
0.5166510915473222
0.516631633487757
0.5166121203363492
0.5165925519394792
0.5165729281431581
0.5165532487930273
0.5165335137343564
0.5165137228120419
0.5164938758706071
0.5164739727541996
0.5164540133065911
0.5164339973711755
0.5164139247909678
0.5163937954086031
0.5163736090663354
0.5163533656060354
0.5163330648691905
0.5163127066969027
0.5162922909298876
0.516271817408473
0.5162512859725982
0.5162306964618107
0.5162100487152679
0.516189342571733
0.5161685778695752
0.5161477544467681
0.516126872140888
0.5161059307891125
0.5160849302282193
0.5160638702945853
0.5160427508241843
0.5160215716525857
0.5160003326149543
0.5159790335460469
0.5159576742802124
0.5159362546513898
0.515914774493107
0.5158932336384782
0.5158716319202041
0.5158499691705696
0.5158282452214418
0.5158064599042692
0.5157846130500803
0.5157627044894812
0.5157407340526547
0.5157187015693588
0.5156966068689246
0.5156744497802551
0.5156522301318238
0.5156299477516728
0.5156076024674107
0.5155851941062121
0.5155627224948149
0.5155401874595197
0.5155175888261866
0.5154949264202352
0.515472200066642
0.5154494095899385
0.5154265548142102
0.5154036355630943
0.5153806516597785
0.5153576029269984
0.5153344891870368
0.5153113102617211
0.5152880659724214
0.51526475614005
0.5152413805850578
0.515217939127434
0.5151944315867029
0.5151708577819233
0.5151472175316862
0.5151235106541121
0.5150997369668502
0.5150758962870761
0.5150519884314899
0.5150280132163141
0.5150039704572916
0.5149798599696842
0.5149556815682702
0.5149314350673425
0.5149071202807067
0.5148827370216786
0.5148582851030831
0.5148337643372514
0.5148091745360187
0.5147845155107231
0.514759787072203
0.5147349890307944
0.5147101211963295
0.5146851833781344
0.5146601753850271
0.5146350970253145
0.5146099481067916
0.514584728436738
0.5145594378219163
0.5145340760685699
0.5145086429824202
0.514483138368665
0.5144575620319761
0.5144319137764967
0.5144061934058389
0.5143804007230819
0.5143545355307696
0.5143285976309078
0.5143025868249619
0.5142765029138552
0.5142503456979652
0.5142241149771225
0.5141978105506071
0.5141714322171472
0.514144979774916
0.5141184530215284
0.5140918517540402
0.5140651757689443
0.5140384248621686
0.5140115988290731
0.5139846974644479
0.5139577205625098
0.5139306679169005
0.5139035393206828
0.5138763345663394
0.5138490534457689
0.5138216957502839
0.5137942612706077
0.513766749796872
0.5137391611186142
0.5137114950247738
0.5136837513036906
0.5136559297431014
0.5136280301301369
0.5136000522513193
0.5135719958925595
0.5135438608391533
0.5135156468757796
0.5134873537864966
0.5134589813547393
0.5134305293633166
0.5134019975944079
0.5133733858295597
0.5133446938496842
0.5133159214350542
0.5132870683653014
0.5132581344194124
0.5132291193757264
0.5132000230119313
0.513170845105061
0.513141585431492
0.5131122437669403
0.5130828198864581
0.5130533135644302
0.5130237245745713
0.5129940526899225
0.5129642976828475
0.5129344593250302
0.5129045373874703
0.5128745316404807
0.5128444418536834
0.5128142677960068
0.5127840092356816
0.5127536659402375
0.5127232376765001
0.5126927242105865
0.5126621253079029
0.5126314407331397
0.5126006702502691
0.512569813622541
0.5125388706124786
0.5125078409818764
0.5124767244917949
0.5124455209025578
0.5124142299737481
0.5123828514642036
0.5123513851320145
0.5123198307345183
0.5122881880282968
0.5122564567691716
0.5122246367122012
0.5121927276116751
0.5121607292211128
0.5121286412932569
0.5120964635800712
0.5120641958327355
0.5120318378016427
0.511999389236393
0.5119668498857914
0.5119342194978433
0.5119014978197497
0.5118686845979035
0.5118357795778856
0.5118027825044597
0.5117696931215692
0.5117365111723327
0.5117032363990387
0.5116698685431427
0.511636407345262
0.5116028525451715
0.5115692038817995
0.5115354610932229
0.5115016239166634
0.5114676920884823
0.5114336653441764
0.5113995434183736
0.5113653260448278
0.5113310129564153
0.5112966038851288
0.5112620985620744
0.5112274967174657
0.5111927980806195
0.5111580023799509
0.5111231093429695
0.5110881186962735
0.511053030165545
0.5110178434755466
0.5109825583501141
0.5109471745121541
0.5109116916836376
0.5108761095855956
0.510840427938114
0.5108046464603285
0.5107687648704204
0.5107327828856101
0.5106967002221531
0.5106605165953352
0.5106242317194665
0.5105878453078765
0.5105513570729091
0.5105147667259177
0.5104780739772591
0.5104412785362893
0.5104043801113574
0.5103673784098002
0.5103302731379381
0.5102930640010682
0.51025575070346
0.5102183329483492
0.5101808104379326
0.510143182873363
0.5101054499547429
0.5100676113811197
0.5100296668504796
0.5099916160597422
0.5099534587047551
0.509915194480288
0.5098768230800267
0.5098383441965684
0.5097997575214146
0.509761062744967
0.5097222595565198
0.5096833476442555
0.509644326695238
0.5096051963954075
0.5095659564295737
0.5095266064814112
0.5094871462334519
0.5094475753670804
0.5094078935625269
0.5093681004988622
0.5093281958539904
0.5092881793046445
0.5092480505263781
0.5092078091935613
0.509167454979373
0.5091269875557954
0.5090864065936077
0.5090457117623799
0.509004902730466
0.5089639791649979
0.5089229407318799
0.5088817870957804
0.5088405179201276
0.5087991328671017
0.5087576315976284
0.5087160137713735
0.5086742790467352
0.5086324270808382
0.5085904575295265
0.5085483700473576
0.5085061642875955
0.5084638399022033
0.508421396541838
0.5083788338558424
0.5083361514922387
0.5082933490977222
0.5082504263176539
0.5082073827960545
0.5081642181755958
0.5081209320975963
0.5080775242020116
0.5080339941274297
0.5079903415110623
0.5079465659887392
0.5079026671949003
0.5078586447625888
0.5078144983234442
0.507770227507695
0.5077258319441519
0.5076813112602004
0.5076366650817932
0.5075918930334438
0.5075469947382185
0.5075019698177295
0.5074568178921278
0.507411538580095
0.507366131498837
0.507320596264076
0.5072749324900429
0.5072291397894704
0.5071832177735853
0.5071371660521009
0.5070909842332099
0.5070446719235757
0.5069982287283267
0.5069516542510467
0.5069049480937688
0.506858109856967
0.5068111391395489
0.5067640355388472
0.5067167986506133
0.5066694280690085
0.5066219233865965
0.5065742841943357
0.5065265100815715
0.5064786006360282
0.5064305554438011
0.506382374089349
0.5063340561554854
0.5062856012233723
0.50623700887251
0.5061882786807307
0.5061394102241901
0.5060904030773592
0.5060412568130164
0.5059919710022392
0.5059425452143964
0.5058929790171399
0.5058432719763962
0.505793423656359
0.5057434336194807
0.5056933014264631
0.5056430266362512
0.505592608806023
0.5055420474911834
0.5054913422453533
0.5054404926203635
0.5053894981662452
0.5053383584312223
0.5052870729617023
0.5052356413022685
0.5051840629956721
0.5051323375828222
0.5050804646027788
0.5050284435927439
0.5049762740880531
0.5049239556221667
0.5048714877266622
0.5048188699312245
0.504766101763638
0.5047131827497786
0.5046601124136041
0.5046068902771468
0.5045535158605032
0.5044999886818277
0.5044463082573217
0.5043924741012267
0.504338485725815
0.5042843426413806
0.5042300443562312
0.5041755903766795
0.5041209802070343
0.5040662133495915
0.5040112893046261
0.5039562075703833
0.5039009676430692
0.5038455690168424
0.5037900111838063
0.5037342936339984
0.5036784158553829
0.5036223773338417
0.5035661775531656
0.5035098159950454
0.5034532921390632
0.503396605462684
0.5033397554412459
0.5032827415479524
0.5032255632538634
0.5031682200278857
0.5031107113367651
0.5030530366450772
0.5029951954152188
0.5029371871073983
0.5028790111796284
0.5028206670877163
0.5027621542852546
0.5027034722236138
0.5026446203519319
0.5025855981171075
0.5025264049637891
0.5024670403343676
0.5024075036689676
0.5023477944054376
0.5022879119793426
0.5022278558239542
0.5021676253702426
0.5021072200468675
0.5020466392801699
0.5019858824941629
0.5019249491105229
0.501863838548582
0.5018025502253181
0.5017410835553466
0.501679437950913
0.501617612821882
0.501555607575731
0.5014934216175406
0.501431054349986
0.5013685051733292
0.5013057734854095
0.5012428586816359
0.5011797601549779
0.501116477295958
0.5010530094926423
0.5009893561306329
0.5009255165930591
0.5008614902605694
0.5007972765113231
0.5007328747209818
0.5006682842627017
0.5006035045071249
0.5005385348223717
0.5004733745740321
0.5004080231251578
0.5003424798362546
0.5002767440652738
0.5002108151676047
0.5001446924960662
0.5000783754008993
0.5000118632297598
0.49994515532770895
0.4998782510372073
0.49981114969810647
0.49974385064764093
0.4996763532204218
0.4996086567484276
0.499540760560998
0.4994726639848261
0.49940436634395124
0.49933586695975113
0.49926716515093483
0.49919826023353636
0.49912915152090637
0.49905983832370593
0.498990319949899
0.49892059570474634
0.49885066489079755
0.4987805268078851
0.49871018075311746
0.49863962602087253
0.49856886190279087
0.4984978876877693
0.49842670266195493
0.49835530610873785
0.4982836973087462
0.4982118755398395
0.49813984007710194
0.49806759019283736
0.4979951251565632
0.4979224442350042
0.4978495466920875
0.49777643178893666
0.497703098783866
0.4976295469323755
0.49755577548714564
0.49748178369803203
0.49740757081206055
0.4973331360734223
0.49725847872346834
0.4971835980007062
0.49710849314079386
0.4970331633765363
0.4969576079378806
0.49688182605191233
0.4968058169428504
0.4967295798320442
0.49665311393796946
0.49657641847622414
0.4964994926595248
0.4964223356977046
0.49634494679770785
0.4962673251635884
0.4961894699965069
0.49611138049472603
0.4960330558536101
0.4959544952656215
0.49587569792031794
0.4957966630043509
0.4957173897014635
0.4956378771924886
0.4955581246553465
0.4954781312650447
0.49539789619367514
0.4953174186104141
0.49523669768152045
0.49515573257033585
0.49507452243728267
0.49499306643986524
0.4949113637326678
0.4948294134673564
0.4947472147926776
0.4946647668544595
0.4945820687956123
0.49449911975612887
0.49441591887308606
0.49433246528064556
0.494248758110056
0.4941647964896535
0.4940805795448651
0.4939961063982098
0.49391137616930075
0.49382638797484907
0.4937411409286656
0.49365563414166447
0.49356986672186653
0.4934838377744027
0.493397546401518
0.4933109917025758
0.49322417277406194
0.49313708870958967
0.49304973859990436
0.49296212153288915
0.4928742365935698
0.49278608286412123
0.49269765942387306
0.49260896534931614
0.49251999971410926
0.49243076158908644
0.49234125004226387
0.49225146413884724
0.49216140294124044
0.4920710655090531
0.4919804508991098
0.4918895581654583
0.4917983863593794
0.4917069345293958
0.49161520172128303
0.49152318697807873
0.4914308893400938
0.4913383078449232
0.49124544152745786
0.4911522894198951
0.4910588505517519
0.49096512394987724
0.4908711086384646
0.49077680363906473
0.49068220797060047
0.49058732064938004
0.490492140689111
0.49039666710091656
0.49030089889334894
0.49020483507240664
0.4901084746415498
0.49001181660171655
0.4899148599513402
0.4898176036863669
0.4897200468002729
0.48962218828408344
0.48952402712639076
0.48942556231337403
0.4893267928288184
0.4892277176541355
0.4891283357683841
0.4890286461482907
0.4889286477682717
0.48882833960045513
0.4887277206147034
0.48862678977863616
0.4885255460576538
0.48842398841496193
0.488322115811596
0.4882199272064457
0.4881174215562814
0.4880145978157807
0.4879114549375537
0.4878079918721718
0.4877042075681948
0.4876001009721997
0.4874956710288093
0.487390916680722
0.4872858368687423
0.48718043053181054
0.48707469660703534
0.48696863402972507
0.48686224173341974
0.48675551864992544
0.486648463709347
0.48654107584012246
0.48643335396905907
0.48632529702136756
0.4862169039206992
0.48610817358918273
0.4859991049474613
0.48588969691473155
0.4857799484087819
0.48566985834603227
0.48555942564157417
0.4854486492092118
0.4853375279615038
0.4852260608098048
0.48511424666430947
0.48500208443409526
0.4848895730271674
0.4847767113505035
0.4846634983100999
0.484549932811018
0.4844360137574314
0.4843217400526745
0.48420711059929034
0.4840921242990807
0.4839767800531571
0.48386107676199
0.48374501332546255
0.4836285886429218
0.4835118016132329
0.4833946511348331
0.4832771361057861
0.4831592554238386
0.4830410079864763
0.48292239269098136
0.48280340843449104
0.4826840541140555
0.48256432862669896
0.4824442308694794
0.4823237597395503
0.4822029141342232
0.4820816929510302
0.48196009508778853
0.4818381194426648
0.4817157649142415
0.4815930304015825
0.48146991480430157
0.4813464170226299
0.481222535957485
0.48109827051054166
0.48097361958430224
0.4808485820821685
0.48072315690851447
0.48059734296876
0.48047113916944467
0.48034454441830476
0.4802175576243467
0.4800901776979276
0.47996240355083086
0.47983423409634607
0.47970566824934957
0.4795767049263837
0.47944734304574016
0.47931758152754195
0.47918741929382713
0.47905685526863323
0.478925888378083
0.47879451755047053
0.4786627417163489
0.4785305598086184
0.4783979707626157
0.4782649735162041
0.47813156700986464
0.477997750186788
0.47786352199296767
0.4777288813772939
0.47759382729164895
0.4774583586910022
0.4773224745335073
0.47718617378060013
0.4770494553970971
0.4769123183512951
0.4767747616150722
0.47663678416398836
0.4764983849773886
0.476359563038507
0.4762203173345692
0.4760806468568993
0.4759405506010257
0.475800027566788
0.47565907675844527
0.4755176971847846
0.47537588785923196
0.4752336477999621
0.47509097603001116
0.4749478715773889
0.47480433347519224
0.47466036076171975
0.47451595248058764
0.4743711076808455
0.4742258254170938
0.47408010474960177
0.47393394474442657
0.47378734447353316
0.47364030301491467
0.4734928194527142
0.4733448928773481
0.47319652238562787
0.47304770708088495
0.47289844607309584
0.47274873847900756
0.47259858342226524
0.4724479800335378
0.47229692745064733
0.4721454248186987
0.4719934712902081
0.4718410660252339
0.47168820819150864
0.4715348969645708
0.47138113152789757
0.4712269110730377
0.47107223479974764
0.47091710191612457
0.4707615116387431
0.4706054631927916
0.470448955812209
0.4702919887398225
0.4701345612274858
0.46997667253621866
0.46981832193634554
0.46965950870763656
0.4695002321394478
0.46934049153086244
0.46918028619083346
0.4690196154383252
0.4688584786024566
0.4686968750226447
0.46853480404874803
0.468372265041212
0.46820925737121266
0.4680457804208026
0.467881833583056
0.46771741626221564
0.46755252787383816
0.46738716784494194
0.4672213356141532
0.46705503063185394
0.4668882523603297
0.4667210002739174
0.46655327385915324
0.4663850726149215
0.46621639605260323
0.4660472436962252
0.4658776150826077
0.465707509761515
0.4655369272958043
0.4653658672615741
0.46519432924831466
0.4650223128590568
0.4648498177105214
0.46467684343326815
0.464503389671846
0.4643294560849417
0.4641550423455286
0.46398014814101657
0.4638047731733998
0.46362891715940635
0.46345257983064614
0.4632757609337591
0.46309846023056317
0.4629206774982024
0.4627424125292932
0.4625636651320725
0.4623844351305432
0.46220472236462157
0.46202452669028105
0.4618438479797
0.4616626861214039
0.4614810410204107
0.46129891259837436
0.46111630079372784
0.460933205561825
0.4607496268750826
0.46056556472312093
0.46038101911290424
0.4601959900688799
0.4600104776331173
0.45982448186544556
0.4596380028435896
0.45945104066330755
0.45926359543852463
0.45907566730146726
0.45888725640279693
0.458698362911741
0.45850898701622433
0.4583191289229993
0.4581287888577726
0.4579379670653361
0.45774666380968887
0.4575548793741652
0.45736261406155654
0.45716986819423505
0.45697664211427325
0.45678293618356414
0.4565887507839389
0.45639408631728445
0.456198943205657
0.4560033218913966
0.4558072228372386
0.4556106465264243
0.4554135934628085
0.45521606417096794
0.45501805919630567
0.45481957910515436
0.454620624484878
0.45442119594397135
0.45422129411215895
0.45402091964048963
0.4538200732014317
0.4536187554889636
0.45341696721866565
0.45321470912780637
0.45301198197542947
0.4528087865424372
0.45260512363167177
0.4524009940679946
0.45219639869836414
0.45199133839190964
0.45178581404000534
0.45157982655633905
0.4513733768769814
0.4511664659604501
0.45095909478777435
0.45075126436255425
0.45054297571101987
0.4503342298820863
0.4501250279474069
0.44991537100142376
0.44970526016141554
0.4494946965675428
0.4492836813828905
0.44907221579350787
0.4488603010084452
0.448647938259789
0.44843512880269254
0.44822187391540586
0.44800817489930067
0.44779403307889365
0.4475794498018673
0.44736442643908647
0.44714896438461305
0.4469330650557174
0.44671672989288663
0.44649996035983003
0.44628275794348177
0.4460651241539994
0.4458470605247616
0.44562856861235967
0.44540964999658894
0.4451903062804353
0.4449705390900587
0.44475035007477415
0.4445297409070296
0.44430871328237953
0.44408726891945627
0.4438654095599386
0.44364313696851543
0.443420452932848
0.44319735926352744
0.4429738577940306
0.44274995038067017
0.4425256389025451
0.4423009252614838
0.4420758113819875
0.4418502992111673
0.44162439071868054
0.4413980878966618
0.4411713927596522
0.44094430734452433
0.4407168337104036
0.44048897393858805
0.44026073013246236
0.440032104417411
0.43980309894072533
0.4395737158715111
0.439343957400588
0.4391138257403903
0.4388833231248612
0.43865245180934576
0.4384212140704776
0.4381896122060678
0.4379576485349843
0.437725325397032
0.43749264515282876
0.4372596101836768
0.4370262228914332
0.4367924856983751
0.43655840104706295
0.4363239714001994
0.4360891992404876
0.43585408707048223
0.4356186374124408
0.435382852808171
0.43514673581887453
0.4349102890249872
0.43467351502601803
0.434436416440383
0.43419899590523736
0.4339612560763043
0.43372319962770123
0.43348482925176224
0.43324614765885816
0.4330071575772139
0.432767861752723
0.43252826294875835
0.4322883639459819
0.43204816754214986
0.43180767655191626
0.4315668938066336
0.4313258221541504
0.43108446445860665
0.43084282360022663
0.43060090247510907
0.43035870399501425
0.43011623108715
0.4298734866939536
0.4296304737728727
0.4293871952961428
0.42914365425056356
0.42889985363727146
0.4286557964715111
0.42841148578240484
0.42816692461271844
0.42792211601862695
0.42767706306947656
0.42743176884754547
0.42718623644780246
0.4269404689776639
0.4266944695567483
0.4264482413166298
0.4262017874005889
0.4259551109633622
0.42570821517089047
0.42546110320006497
0.425213778238471
0.42496624348413264
0.4247185021452534
0.4244705574399559
0.4242224125960228
0.4239740708506312
0.4237255354500918
0.423476809649582
0.42322789671288064
0.4229787999121003
0.4227295225274188
0.4224800678468107
0.4222304391657756
0.42198063978706846
0.4217306730204262
0.4214805421822955
0.42123025059555963
0.42097980158926296
0.4207291984983366
0.4204784446633235
0.42022754343010227
0.41997649814960936
0.4197253121775637
0.41947398887418924
0.41922253160393685
0.4189709437352065
0.4187192286400698
0.4184673896939919
0.41821543027555275
0.4179633537661692
0.4177111635498171
0.4174588630127521
0.41720645554323327
0.41695394453124357
0.41670133336821424
0.41644862544674566
0.4161958241603319
0.4159429329030831
0.4156899550694506
0.41543689405395007
0.41518375325088774
0.4149305360540857
0.4146772458566074
0.4144238860504863
0.41417046002645197
0.4139169711736599
0.41366342287942054
0.41340981852892944
0.41315616150499934
0.4129024551877917
0.41264870295455075
0.412394908179338
0.41214107423276725
0.41188720448174304
0.4116333022891966
0.41137937101382804
0.4111254140098444
0.41087143462670384
0.4106174362088583
0.4103634220954991
0.410109395620303
0.40985536011118134
0.4096013188900283
0.4093472752724739
0.40909323256763613
0.4088391940778763
0.40858516309855475
0.4083311429177908
0.40807713681622165
0.40782314806676445
0.40756917993438113
0.40731523567584416
0.407061318539504
0.40680743176505896
0.40655357858332825
0.40629976221602476
0.4060459858755324
0.40579225276468334
0.40553856607653943
0.4052849289941741
0.4050313446904584
0.4047778163278466
0.4045243470581677
0.40427094002241504
0.4040175983505423
0.4037643251612592
0.40351112356182994
0.4032579966478755
0.403004947503177
0.40275197919948125
0.40249909479631085
0.4022462973407741
0.4019935898673787
0.4017409753978495
0.4014884569409453
0.40123603749228176
0.4009837200341547
0.40073150753536646
0.4004794029510558
0.40022740922252903
0.39997552927709484
0.3997237660279013
0.3994721223737762
0.39922060119906827
0.3989692053734939
0.39871793775198355
0.39846680117453387
0.3982157984660597
0.3979649324362508
0.3977142058794304
0.39746362157441695
0.3972131822843883
0.39696289075674773
0.39671274972299597
0.396462761898601
0.3962129299828756
0.39596325665885435
0.39571374459317404
0.3954643964359579
0.39521521482070177
0.3949662023641628
0.39471736166625193
0.3944686953099278
0.3942202058610943
0.39397189586850107
0.3937237678636454
0.3934758243606784
0.39322806785631353
0.39298050082973685
0.39273312574252073
0.3924859450385416
0.39223896114389745
0.3919921764668302
0.3917455933976506
0.3914992143086649
0.3912530415541048
0.3910070774700602
0.390761324374414
0.39051578456678
0.39027046032844287
0.39002535392230214
0.3897804675928163
0.3895358035659524
0.3892913640491354
0.38904715123120254
0.3888031672823584
0.3885594143541332
0.38831589457934435
0.3880726100720585
0.3878295629275581
0.38758675522230973
0.38734418901393375
0.387101866341178
0.3868597892238936
0.3866179596630117
0.3863763796405243
0.3861350511194666
0.385893976043902
0.3856531563389085
0.3854125939105689
0.3851722906459614
0.38493224841315477
0.3846924690612033
0.38445295442014543
0.3842137063010043
0.38397472649579
0.3837360167775046
0.3834975789001487
0.38325941459873036
0.383021525589276
0.3827839135688433
0.3825465802155366
0.3823095271885233
0.38207275612805236
0.3818362686554766
0.3816000663732745
0.38136415086507497
0.38112852369568334
0.3808931864111109
0.3806581405386041
0.38042338758667693
0.3801889290451451
0.37995476638516046
0.3797209010592489
0.3794873345013495
0.37925406812685436
0.3790211033326516
0.3787884414971685
0.37855608398041746
0.3783240321240426
0.37809228725136884
0.3778608506674516
0.3776297236591278
0.37739890749507055
0.37716840342584146
0.3769382126839483
0.37670833648390173
0.3764787760222735
0.37624953247775733
0.37602060701122886
0.3757920007658103
0.37556371486693235
0.37533575042240036
0.3751081085224603
0.37488079023986753
0.3746537966299528
0.37442712873069517
0.37420078756279135
0.3739747741297277
0.37374908941785406
0.37352373439645814
0.37329871001783954
0.3730740172173873
0.3728496569136568
0.3726256300084472
0.37240193738688177
0.372178579917487
0.3719555584522739
0.37173287382681947
0.3715105268603498
0.37128851835582344
0.37106684910001486
0.3708455198636005
0.370624531401244
0.3704038844516829
0.3701835797378152
0.36996361796678845
0.36974399983008677
0.3695247260036215
0.3693057971478203
0.36908721390771726
0.3688689769130448
0.3686510867783237
0.36843354410295703
0.3682163494713218
0.3679995034528618
0.36778300660218166
0.3675668594591408
0.3673510625489476
0.3671356163822553
0.36692052145525555
0.3667057782497758
0.36649138723337465
0.36627734885943797
0.36606366356727627
0.3658503317822209
0.3656373539157222
0.3654247303654469
0.3652124615153758
0.3650005477359012
0.3647889893839271
0.36457778680296576
0.3643669403232376
0.36415645026176907
0.36394631692249335
0.36373654059634775
0.3635271215613744
0.36331806008281825
0.3631093564132283
0.3629010107925562
0.3626930234482557
0.36248539459538287
0.3622781244366959
0.3620712131627545
0.36186466095202013
0.3616584679709557
0.3614526343741251
0.36124716030429266
0.36104204589252376
0.3608372912582839
0.3606328965095383
0.3604288617428514
0.36022518704348616
0.3600218724855038
0.35981891813186245
0.35961632403451665
0.35941409023451576
0.3592122167621029
0.3590107036368142
0.3588095508675758
0.358608758452804
0.3584083263805011
0.35820825462835515
0.3580085431638369
0.3578091919442965
0.35761020091706186
0.35741157001953455
0.35721329917928735
0.3570153883141601
0.35681783733235606
0.3566206461325376
0.3564238146039222
0.3562273426263774
0.3560312300705156
0.35583547679778943
0.3556400826605854
0.3554450475023184
0.3552503711575254
0.35505605345195823
0.3548620942026776
0.35466849321814486
0.35447525029831506
0.354282365234728
0.3540898378106009
0.35389766780091875
0.35370585497252566
0.35351439908421445
0.35332329988681827
0.35313255712329866
0.352942170528835
0.3527521398309147
0.35256246474942
0.3523731449967166
0.3521841802777413
0.35199557029008893
0.35180731472409926
0.3516194132629433
0.35143186558270817
0.3512446713524846
0.35105783023444914
0.35087134188395097
0.35068520594959485
0.35049942207332396
0.3503139898905049
0.3501289090300084
0.349944179114293
0.3497597997594854
0.3495757705754626
0.3493920911659327
0.34920876112851407
0.34902578005481655
0.34884314753051937
0.3486608631354511
0.34847892644366746
0.34829733702352883
0.3481160944377785
0.3479351982436183
0.3477546479927859
0.34757444323163034
0.3473945835011874
0.34721506833725413
0.3470358972704637
0.34685706982635905
0.34667858552546627
0.3465004438833672
0.34632264441077204
0.34614518661359095
0.34596806999300606
0.34579129404554104
0.34561485826313276
0.3454387621332
0.34526300513871344
0.3450875867582642
0.34491250646613253
0.3447377637323545
0.34456335802279087
0.34438928879919206
0.34421555551926625
0.3440421576367439
0.34386909460144305
0.3436963658593346
0.34352397085260666
0.34335190901972706
0.3431801797955085
0.3430087826111695
0.34283771689439774
0.342666982069411
0.3424965775570194
0.3423265027746849
0.34215675713658267
0.3419873400536601
0.34181825093369594
0.34164948918136
0.34148105419826985
0.34131294538305035
0.3411451621313896
0.3409777038360959
0.3408105698871548
0.3406437596717837
0.34047727257448823
0.340311107977117
0.34014526525891475
0.3399797437965777
0.33981454296430613
0.33964966213385706
0.33948510067459825
0.33932085795355754
0.33915693333547675
0.3389933261828611
0.33883003585603094
0.338667061713171
0.3385044031103801
0.3383420594017209
0.3381800299392677
0.33801831407315547
0.3378569111516268
0.3376958205210808
0.3375350415261177
0.337374573509587
0.33721441581263295
0.33705456777473985
0.33689502873377764
0.33673579802604564
0.336576874986318
0.33641825894788624
0.33625994924260305
0.33610194520092623
0.3359442461519594
0.33578685142349474
0.33562976034205516
0.33547297223293493
0.33531648642024053
0.33516030222693105
0.33500441897485816
0.33484883598480575
0.33469355257652866
0.3345385680687919
0.3343838817794085
0.3342294930252776
0.33407540112242234
0.333921605386026
0.33376810513046967
0.33361489966936814
0.33346198831560586
0.3333093703813724
0.3331570451781977
0.33300501201698673
0.33285327020805455
0.3327018190611585
0.33255065788553434
0.33239978598992737
0.33224920268262653
0.33209890727149655
0.33194889906400993
0.33179917736727926
0.33164974148808796
0.33150059073292154
0.33135172440799904
0.33120314181930244
0.33105484227260695
0.3309068250735112
0.3307590895274657
0.33061163493980267
0.33046446061576396
0.33031756586052985
0.33017094997924684
0.3300246122770549
0.3298785520591157
0.3297327686306389
0.3295872612969085
0.3294420293633101
0.3292970721353564
0.32915238891871235
0.3290079790192219
0.3288638417429317
0.32871997639611666
0.3285763822853035
0.32843305871729683
0.32829000499920047
0.3281472204384426
0.32800470434279894
0.3278624560204148
0.3277204747798288
0.32757875992999447
0.3274373107803027
0.32729612664060315
0.32715520682122634
0.32701455063300455
0.3268741573872926
0.3267340263959884
0.3265941569715545
0.3264545484270364
0.3263152000760841
0.3261761112329704
0.3260372812126109
0.3258987093305831
0.325760394903145
0.3256223372472534
0.32548453568058233
0.32534698952154223
0.32520969808929534
0.3250726607037755
0.324935876685704
0.3247993453566077
0.32466306603883466
0.3245270380555718
0.3243912607308606
0.32425573338961344
0.3241204553576291
0.3239854259616086
0.32385064452917106
0.323716110388868
0.32358182287019865
0.3234477813036248
0.32331398502058567
0.3231804333535111
0.3230471256358364
0.32291406120201605
0.32278123938753733
0.3226486595289335
0.3225163209637977
0.32238422303079495
0.32225236506967564
0.32212074642128785
0.32198936642759024
0.32185822443166334
0.3217273197777222
0.32159665181112795
0.32146621987839985
0.32133602332722605
0.3212060615064749
0.32107633376620637
0.3209468394576834
0.32081757793338045
0.32068854854699647
0.3205597506534642
0.32043118360895967
0.3203028467709127
0.3201747394980174
0.32004686115023984
0.3199192110888305
0.3197917886763295
0.3196645932765792
0.3195376242547319
0.31941088097725795
0.31928436281195494
0.31915806912795597
0.31903199929573844
0.31890615268713113
0.3187805286753231
0.318655126634871
0.3185299459417066
0.31840498597314465
0.3182802461078902
0.31815572572604517
0.31803142420911645
0.3179073409400214
0.3177834753030958
0.31765982668410003
0.3175363944702256
0.31741317805010083
0.31729017681379806
0.3171673901528389
0.3170448174602007
0.3169224581303217
0.31680031155910726
0.316678377143935
0.31655665428366
0.31643514237862047
0.31631384083064323
0.3161927490430474
0.3160718664206499
0.3159511923697713
0.3158307262982383
0.3157104676153901
0.31559041573208135
0.31547057006068796
0.31535093001510955
0.31523149501077463
0.3151122644646437
0.31499323779521393
0.3148744144225223
0.3147557937681487
0.3146373752552205
0.3145191583084148
0.31440114235396266
0.3142833268196512
0.3141657111348273
0.31404829473040036
0.3139310770388452
0.31381405749420443
0.3136972355320912
0.31358061058969205
0.31346418210576904
0.31334794952066164
0.31323191227628977
0.3131160698161554
0.31300042158534425
0.31288496703052904
0.3127697055999694
0.3126546367435153
0.31253975991260763
0.3124250745602799
0.31231058014116087
0.3121962761114739
0.3120821619290401
0.3119682370532782
0.3118545009452066
0.3117409530674441
0.31162759288421016
0.3115144198613271
0.3114014334662199
0.31128863316791694
0.3111760184370512
0.31106358874586026
0.31095134356818727
0.31083928237948005
0.31072740465679405
0.31061570987878906
0.31050419752573255
0.3103928670794981
0.3102817180235654
0.3101707498430206
0.31005996202455677
0.30994935405647195
0.30983892542867086
0.3097286756326629
0.30961860416156345
0.3095087105100913
0.30939899417457
0.3092894546529265
0.3091800914446897
0.30907090405099114
0.3089618919745633
0.3088530547197386
0.3087443917924496
0.308635902700226
0.30852758695219573
0.3084194440590825
0.3083114735332048
0.3082036748884751
0.30809604764039816
0.3079885913060698
0.30788130540417535
0.3077741894549886
0.3076672429803693
0.3075604655037629
0.3074538565501979
0.3073474156462849
0.3072411423202136
0.30713503610175263
0.3070290965222466
0.30692332311461434
0.3068177154133473
0.306712272954507
0.30660699527572355
0.3065018819161933
0.3063969324166767
0.3062921463194953
0.3061875231685314
0.3060830625092234
0.3059787638885654
0.30587462685510364
0.3057706509589342
0.3056668357517013
0.305563180786594
0.30545968561834314
0.3053563498032201
0.3052531728990332
0.3051501544651247
0.30504729406236913
0.30494459125316953
0.3048420456014552
0.3047396566726778
0.3046374240338101
0.3045353472533418
0.30443342590127614
0.3043316595491285
0.3042300477699215
0.3041285901381835
0.30402728622994385
0.3039261356227314
0.30382513789556875
0.30372429262897244
0.30362359940494665
0.30352305780698124
0.30342266742004775
0.30332242783059693
0.3032223386265541
0.30312239939731656
0.30302260973374984
0.3029229692281833
0.30282347747440846
0.3027241340676729
0.30262493860467865
0.30252589068357777
0.30242698990396844
0.30232823586689084
0.3022296281748247
0.30213116643168436
0.3020328502428148
0.3019346792149892
0.3018366529564029
0.3017387710766709
0.30164103318682445
0.30154343889930496
0.3014459878279618
0.30134867958804756
0.3012515137962141
0.30115449007050843
0.30105760803036863
0.30096086729661886
0.3008642674914671
0.3007678082384988
0.30067148916267417
0.30057530989032294
0.3004792700491406
0.3003833692681842
0.30028760717786745
0.3001919834099563
0.3000964975975658
0.3000011493751541
0.2999059383785191
0.2998108642447931
0.2997159266124391
0.29962112512124633
0.2995264594123249
0.29943192912810157
0.29933753391231577
0.29924327341001444
0.29914914726754777
0.2990551551325636
0.2989612966540044
0.29886757148210136
0.2987739792683693
0.2986805196656037
0.29858719232787456
0.2984939969105216
0.29840093307015036
0.2983080004646266
0.2982151987530719
0.298122527595859
0.29802998665460584
0.2979375755921725
0.2978452940726549
0.2977531417613797
0.2976611183249014
0.2975692234309944
0.2974774567486503
0.2973858179480725
0.2972943067006706
0.29720292267905546
0.29711166555703494
0.2970205350096082
0.29692953071296047
0.2968386523444587
0.2967478995826458
0.2966572721072358
0.2965667695991087
0.29647639174030554
0.29638613821402293
0.296296008704608
0.296206002897553
0.29611612047949065
0.29602636113818903
0.295936724562545
0.29584721044258044
0.29575781846943644
0.29566854833536815
0.29557939973373926
0.29549037235901726
0.29540146590676714
0.29531268007364714
0.2952240145574034
0.295135469056863
0.29504704327193154
0.2949587369035845
0.2948705496538646
0.29478248122587436
0.29469453132377277
0.2946066996527673
0.2945189859191117
0.29443138983009715
0.29434391109404945
0.2942565494203223
0.29416930451929274
0.294082176102354
0.2939951638819124
0.2939082675713797
0.2938214868851692
0.29373482153868924
0.2936482712483378
0.29356183573149786
0.29347551470653077
0.29338930789277146
0.2933032150105223
0.29321723578104825
0.2931313699265706
0.2930456171702618
0.29295997723623995
0.29287444984956307
0.29278903473622403
0.29270373162314295
0.29261854023816514
0.2925334603100516
0.2924484915684768
0.2923636337440205
0.2922788865681636
0.29219424977328173
0.2921097230926407
0.2920253062603894
0.2919409990115548
0.291856801082037
0.2917727122086021
0.29168873212887775
0.2916048605813475
0.29152109730534337
0.29143744204104316
0.2913538945294618
0.29127045451244743
0.2911871217326754
0.29110389593364183
0.2910207768596593
0.29093776425584883
0.29085485786813714
0.29077205744324897
0.2906893627287014
0.2906067734727985
0.290524289424626
0.2904419103340451
0.29035963595168685
0.2902774660289459
0.29019540031797564
0.29011343857168215
0.29003158054371775
0.2899498259884762
0.2898681746610862
0.2897866263174069
0.28970518071402
0.2896238376082262
0.2895425967580374
0.289461457922173
0.28938042086005245
0.28929948533179006
0.2892186510981896
0.2891379179207385
0.2890572855616005
0.288976753783612
0.288896322350276
0.2888159910257539
0.2887357595748634
0.28865562776306936
0.28857559535648036
0.2884956621218417
0.28841582782652964
0.28833609223854595
0.28825645512651277
0.2881769162596646
0.28809747540784564
0.28801813234150103
0.28793888683167235
0.2878597386499926
0.2877806875686788
0.28770173336052746
0.2876228757989076
0.28754411465775664
0.2874654497115723
0.2873868807354089
0.2873084075048705
0.2872300297961049
0.2871517473857984
0.28707356005116996
0.2869954675699652
0.28691746972045007
0.28683956628140583
0.2867617570321232
0.28668404175239615
0.2866064202225155
0.2865288922232649
0.2864514575359132
0.2863741159422093
0.2862968672243772
0.2862197111651082
0.2861426475475568
0.2860656761553344
0.285988796772503
0.2859120091835705
0.2858353131734829
0.28575870852762064
0.2856821950317915
0.2856057724722252
0.2855294406355673
0.2854531993088737
0.2853770482796045
0.28530098733561826
0.2852250162651665
0.2851491348568874
0.28507334289980046
0.2849976401832995
0.28492202649714865
0.2848465016314751
0.28477106537676344
0.2846957175238508
0.28462045786391965
0.28454528618849273
0.28447020228942765
0.2843952059589099
0.2843202969894473
0.284245475173865
0.2841707403052991
0.28409609217719023
0.28402153058327895
0.28394705531759834
0.2838726661744696
0.2837983629484955
0.28372414543455426
0.2836500134277943
0.28357596672362784
0.2835020051177255
0.28342812840601
0.28335433638465113
0.2832806288500582
0.2832070055988757
0.28313346642797715
0.28306001113445833
0.2829866395156331
0.2829133513690251
0.2828401464923641
0.2827670246835794
0.2826939857407925
0.28262102946231343
0.28254815564663377
0.28247536409242024
0.28240265459850944
0.2823300269639023
0.2822574809877574
0.28218501646938465
0.2821126332082407
0.2820403310039218
0.2819681096561589
0.2818959689648106
0.2818239087298573
0.28175192875139593
0.2816800288296344
0.2816082087648837
0.28153646835755336
0.2814648074081457
0.28139322571724834
0.28132172308552994
0.2812502993137328
0.28117895420266714
0.2811076875532063
0.28103649916627843
0.28096538884286215
0.2808943563839803
0.28082340159069313
0.28075252426409275
0.2806817242052966
0.2806110012154422
0.28054035509568004
0.2804697856471683
0.28039929267106567
0.280328875968526
0.28025853534069206
0.28018827058868906
0.28011808151361933
0.280047967916554
0.2799779295985295
0.2799079663605395
0.27983807800352867
0.2797682643283879
0.2796985251359462
0.27962886022696565
0.27955926940213444
0.2794897524620613
0.2794203092072679
0.2793509394381837
0.2792816429551388
0.2792124195583584
0.27914326904795517
0.2790741912239241
0.27900518588613493
0.2789362528343265
0.27886739186809995
0.2787986027869121
0.27872988539006865
0.27866123947671906
0.27859266484584766
0.27852416129626967
0.27845572862662205
0.27838736663535846
0.2783190751207429
0.2782508538808408
0.27818270271351525
0.2781146214164182
0.27804660978698426
0.2779786676224241
0.27791079471971786
0.27784299087560715
0.27777525588658997
0.27770758954891206
0.27763999165856085
0.27757246201125896
0.27750500040245585
0.2774376066273224
0.27737028048074264
0.27730302175730653
0.27723583025130427
0.27716870575671826
0.27710164806721543
0.27703465697614105
0.2769677322765098
0.27690087376100175
0.2768340812219509
0.27676735445134104
0.2767006932407967
0.27663409738157646
0.27656756666456456
0.27650110088026486
0.27643469981879204
0.27636836326986436
0.27630209102279585
0.27623588286648965
0.2761697385894286
0.2761036579796688
0.27603764082483095
0.27597168691209345
0.27590579602818377
0.2758399679593698
0.275774202491454
0.27570849940976266
0.2756428584991404
0.2755772795439404
0.2755117623280158
0.2754463066347129
0.2753809122468624
0.27531557894676983
0.27525030651620946
0.27518509473641295
0.275119943388063
0.27505485225128423
0.27498982110563386
0.2749248497300941
0.274859937903062
0.2747950854023419
0.2747302920051352
0.2746655574880334
0.2746008816270069
0.2745362641973972
0.274471704973907
0.27440720373059213
0.27434276024085025
0.27427837427741353
0.27421404561233825
0.274149774016995
0.27408555926205996
0.2740214011175045
0.27395729935258495
0.2738932537358348
0.2738292640350523
0.27376533001729264
0.27370145144885566
0.2736376280952783
0.2735738597213221
0.2735101460909639
0.27344648696738555
0.2733828821129633
0.27331933128925623
0.27325583425699795
0.27319239077608304
0.27312900060555767
0.2730656635036091
0.27300237922755366
0.2729391475338259
0.27287596817796744
0.27281284091461533
0.2727497654974914
0.2726867416793899
0.2726237692121658
0.2725608478467234
0.2724979773330054
0.2724351574199784
0.2723723878556236
0.27230966838692194
0.27224699875984515
0.27218437871933937
0.27212180800931557
0.27205928637263577
0.2719968135511002
0.27193438928543456
0.2718720133152773
0.2718096853791654
0.2717474052145221
0.27168517255764324
0.2716229871436839
0.2715608487066437
0.2714987569793542
0.2714367116934639
0.2713747125794256
0.27131275936648014
0.2712508517826434
0.2711889895546919
0.271127172408147
0.2710654000672609
0.2710036722550014
0.27094198869303693
0.27088034910172115
0.2708187532000766
0.27075720070578163
0.2706956913351506
0.2706342248031227
0.2705728008232411
0.2705114191076404
0.27045007936702836
0.2703887813106688
0.2703275246463665
0.27026630908044863
0.2702051343177483
0.27014400006158706
0.27008290601375784
0.270021851874506
0.269960837342512
0.2698998621148741
0.269838925887089
0.26977802835303316
0.269717169204945
0.2696563481334045
0.26959556482731656
0.2695348189738884
0.26947411025861245
0.2694134383652455
0.2693528029757887
0.2692922037704674
0.26923164042771114
0.26917111262413185
0.2691106200345041
0.2690501623317427
0.26898973918688257
0.2689293502690559
0.26886899524547103
0.2688086737813897
0.26874838554010494
0.26868813018291826
0.26862790736911657
0.2685677167559496
0.2685075579986055
0.2684474307501874
0.26838733466168996
0.26832726938197365
0.268267234557742
0.268207229833515
0.26814725485160473
0.26808730925209034
0.26802739267279097
0.26796750474924047
0.2679076451146611
0.2678478133999364
0.26778800923358415
0.26772823224172965
0.26766848204807697
0.26760875827388186
0.2675490605379234
0.26748938845647363
0.26742974164327143
0.26737011970949004
0.2673105222637096
0.26725094891188594
0.2671913992573204
0.26713187290062823
0.26707236943970897
0.2670128884697135
0.26695342958301216
0.26689399236916317
0.26683457641487884
0.26677518130399286
0.2667158066174268
0.2666564519331559
0.26659711682617465
0.26653780086846224
0.2664785036289462
0.2664192246734685
0.26635996356474767
0.2663007198623428
0.26624149312261647
0.26618228289869766
0.26612308874044244
0.26606391019439724
0.26600474680375835
0.265945598108333
0.26588646364449936
0.26582734294516686
0.26576823553973333
0.2657091409540458
0.26565005871035596
0.2655909883272803
0.2655319293197552
0.26547288119899304
0.2654138434724401
0.2653548156437292
0.2652957972126361
0.2652367876750327
0.26517778652284163
0.2651187932439875
0.2650598073223507
0.26500082823771814
0.26494185546573534
0.26488288847785507
0.2648239267412889
0.26476496971895636
0.26470601686943146
0.2646470676468927
0.26458812150106886
0.2645291778771866
0.26447023621591503
0.26441129595331125
0.2643523565207649
0.2642934173449419
0.264234477847727
0.26417553744616556
0.2641165955524058
0.26405765157363886
0.2639987049120388
0.26393975496470173
0.2638808011235835
0.2638218427754381
0.26376287930175357
0.26370391007868776
0.2636449344770045
0.2635859518620051
0.26352696159346434
0.2634679630255607
0.26340895550680965
0.26334993837999293
0.2632909109820875
0.26323187264419645
0.26317282269147424
0.26311376044305573
0.26305468521198
0.2629955963051164
0.2629364930230883
0.2628773746601947
0.26281824050433367
0.2627590898369218
0.2626999219328141
0.262640736060223
0.26258153148063623
0.2625223074487313
0.2624630632122929
0.26240379801212554
0.2623445110819681
0.26228520164840374
0.2622258689307717
0.26216651214107656
0.26210713048389644
0.26204772315629027
0.2619882893477017
0.2619288282398663
0.2618693390067132
0.2618098208142665
0.26175027282054725
0.26169069417547086
0.2616310840207467
0.2615714414897728
0.2615117657075329
0.2614520557904878
0.26139231084646963
0.2613325299745709
0.261272712265035
0.2612128567991434
0.26115296264910154
0.26109302887792385
0.2610330545393176
0.2609730386775627
0.2609129803273938
0.26085287851387634
0.2607927322522849
0.2607325405479777
0.26067230239626943
0.2606120167823033
0.2605516826809207
0.26049129905652907
0.2604308648629691
0.26037037904337756
0.26030984053005146
0.26024924824430773
0.26018860109634256
0.26012789798508884
0.26006713779807006
0.2600063194112542
0.2599454416889043
0.25988450348342806
0.2598235036352245
0.2597624409725287
0.2597013143112547
0.2596401224548371
0.25957886419406784
0.25951753830693475
0.2594561435584536
0.2593946787005015
0.2593331424716462
0.25927153359697314
0.259209850787911
0.25914809274205414
0.25908625814298186
0.25902434566007937
0.25896235394834977
0.25890028164822876
0.2588381273853954
0.2587758897705794
0.258713567399367
0.25865115885200335
0.2585886626931926
0.25852607747189604
0.2584634017211264
0.258400633957741
0.2583377726822292
0.25827481637850097
0.2582117635136696
0.258148612537833
0.25808536188385167
0.2580220099671235
0.257958555185357
0.25789499591833914
0.25783133052770313
0.2577675573566901
0.25770367472991046
0.2576396809531001
0.25757557431287487
0.2575113530764806
0.2574470154915413
0.25738255978580354
0.2573179841668769
0.257253286821972
0.25718846591763467
0.25712351959947766
0.257058445991908
0.25699324319785094
0.2569279092984707
0.25686244235288935
0.2567968403978978
0.25673110144766964
0.2566652234934649
0.25659920450333457
0.25653304242182007
0.2564667351696493
0.2564002806434279
0.25633367671533
0.25626692123278044
0.25620001201813736
0.2561329468683695
0.25606572355472934
0.25599833982242315
0.255930793390277
0.2558630819503984
0.255795203167835
0.2557271546802288
0.2556589340974661
0.255590539001326
0.25552196694512
0.2554532154533339
0.25538428202125957
0.25531516411462885
0.25524585916923814
0.255176364590573
0.25510667775342566
0.2550367960015112
0.25496671664707915
0.2548964369705192
0.25482595421996546
0.254755265610897
0.25468436832573027
0.25461325951341385
0.25454193628901484
0.2544703957333028
0.2543986348923297
0.25432665077700706
0.25425444036267786
0.254182000588686
0.2541093283579409
0.2540364205364797
0.2539632739530244
0.253889885398538
0.25381625162577376
0.25374236934882427
0.25366823524266535
0.2535938459426962
0.2535191980442797
0.2534442881022749
0.25336911263056994
0.25329366810161097
0.2532179509459284
0.2531419575516603
0.253065684264073
0.25298912738508034
0.25291228317275943
0.2528351478408645
0.2527577175583397
0.25267998844882833
0.2526019565901809
0.25252361801396467
0.2524449687049659
0.2523660046006963
0.2522867215908966
0.25220711551703767
0.2521271821718247
0.2520469172986977
0.2519663165913348
0.2518853756931531
0.25180409019681155
0.25172245564371515
0.2516404675235187
0.2515581212736327
0.25147541227873105
0.2513923358702608
0.2513088873259534
0.2512250618693397
0.2511408546692678
0.25105626083942467
0.2509712754378598
0.25088589346651724
0.25080010987076695
0.2507139195389469
0.2506273173019067
0.25054029793255966
0.25045285614544144
0.2503649865962744
0.25027668388154245
0.2501879425380715
0.2500987570426206
0.25000912181148244
0.24991903120009448
0.24982847950265902
0.24973746095177815
0.24964596971809722
0.2495539999099659
0.2494615455731078
0.24936860069030942
0.24927515918112142
0.24918121490157674
0.24908676164392846
0.24899179313639974
0.2488963030429591
0.24880028496311207
0.2487037324317133
0.2486066389188016
0.2485089978294574
0.24841080250368536
0.24831204621631797
0.24821272217695056
0.24811282352989858
0.24801234335418615
0.24791127466356289
0.24780961040655178
0.24770734346652867
0.24760446666183594
0.2475009727459289
0.24739685440755976
0.2472921042709984
0.2471867148962904
0.24708067877955708
0.2469739883533365
0.2468666359869653
0.2467586139870085
0.24664991459773183
0.24654053000162418
0.24643045231996719
0.2463196736134567
0.24620818588287624
0.2460959810698221
0.24598305105748958
0.2458693876715092
0.24575498268084764
0.24563982779876545
0.24552391468383924
0.245407234941047
0.2452897801229186
0.24517154173075456
0.24505251121591304
0.24493267998116858
0.24481203938214413
0.24469058072881342
0.24456829528708363
0.24444517428045498
0.2443212088917571
0.2441963902649691
0.24407070950712031
0.24394415769027733
0.24381672585361394
0.2436884050055712
0.24355918612610453
0.24342906016902094
0.24329801806440837
0.243166050721159
0.24303314902958317
0.24289930386412287
0.24276450608615843
0.24262874654691396
0.242492016090461
0.24235430555682141
0.24221560578516949
0.24207590761713527
0.24193520190020829
0.24179347949124394
0.24165073126006925
0.2415069480931918
0.24136212089761097
0.24121624060472882
0.24106929817436323
0.2409212845988613
0.24077219090731228
0.24062200816985974
0.24047072750211185
0.24031834006964647
0.24016483709261371
0.24001020985042998
0.2398544496865629
0.23969754801340734
0.23953949631724553
0.23938028616329318
0.2392199092008252
0.2390583571683797
0.23889562189903646
0.23873169532576577
0.23856656948684307
0.23840023653132741
0.2382326887245962
0.2380639184539325
0.23789391823416145
0.23772268071332814
0.23755019867841076
0.237376465061065
0.23720147294339355
0.23702521556373102
0.23684768632243974
0.23666887878771126
0.23648878670135876
0.23630740398460304
0.23612472474383428
0.23594074327634768
0.23575545407604118
0.235568851839069
0.23538093146943906
0.23519168808454644
0.23500111702063636
0.2348092138381805
0.2346159743271634
0.2344213945122655
0.2342254706579333
0.2340281992733272
0.23382957711713634
0.23362960120225057
0.23342826880027623
0.23322557744589337
0.23302152494103218
0.23281610935886962
0.23260932904762838
0.23240118263417286
0.23219166902738797
0.23198078742133627
0.23176853729817554
0.23155491843083895
0.2313399308854564
0.23112357502351683
0.23090585150376167
0.23068676128379467
0.23046630562141052
0.23024448607562678
0.23002130450741676
0.22979676308013391
0.22957086425962503
0.22934361081402455
0.2291150058132247
0.22888505262802128
0.22865375492892726
0.2284211166846517
0.2281871421602463
0.22795183591491336
0.2277152027994751
0.22747724795350738
0.22723797680213415
0.22699739505248978
0.22675550868984462
0.2265123239734043
0.22626784743177972
0.22602208585813816
0.22577504630503747
0.22552673607894966
0.22527716273448484
0.22502633406831535
0.2247742581128203
0.22452094312944598
0.2242663976018037
0.22401063022851017
0.22375364991578228
0.22349546576979934
0.22323608708884407
0.22297552335523593
0.22271378422707416
0.22245087952979398
0.22218681924756742
0.22192161351454537
0.22165527260597245
0.2213878069291778
0.22111922701446687
0.2208495435059263
0.22057876715215746
0.220306908796959
0.2200339793699716
0.21975998987730327
0.21948495139215213
0.21920887504544306
0.2189317720164937
0.21865365352372773
0.21837453081545216
0.21809441516071054
0.21781331784023403
0.21753125013749916
0.2172482233299135
0.21696424868013708
0.2166793374275598
0.21639350077994424
0.21610674990524736
0.21581909592363746
0.21553054989970966
0.21524112283492342
0.21495082566026064
0.2146596692291197
0.21436766431045787
0.2140748215821846
0.21378115162481443
0.2134866649153919
0.2131913718216897
0.21289528259668522
0.21259840737332472
0.21230075615957633
0.21200233883377478
0.2117031651402638
0.21140324468533417
0.21110258693346118
0.21080120120384271
0.21049909666723537
0.21019628234309123
0.20989276709698929
0.2095885596383649
0.20928366851853275
0.20897810212899615
0.2086718687000469
0.20836497629964307
0.20805743283256894
0.20774924603986117
0.20744042349850822
0.20713097262140395
0.20682090065756129
0.20651021469256858
0.20619892164929027
0.20588702828879799
0.2055745412115279
0.2052614668586572
0.20494781151368768
0.20463358130423215
0.2043187822039937
0.20400342003492852
0.2036875004695855
0.20337102903361157
0.20305401110841642
0.20273645193398582
0.20241835661183663
0.20209973010810126
0.20178057725673823
0.20146090276285483
0.20114071120613702
0.20082000704437394
0.2004987946170746
0.2001770781491623
0.19985486175474262
0.19953214944093425
0.1992089451117588
0.1988852525720749
0.198561075531559
0.19823641760871397
0.1979112823349095
0.1975856731584386
0.19725959344858948
0.19693304649972326
0.1966060355353515
0.1962785637122082
0.19595063412431124
0.19562224980700532
0.1952934137409843
0.19496412885628375
0.19463439803624366
0.19430422412143128
0.1939736099135263
0.19364255817915646
0.1933110716536871
0.1929791530449552
0.1926468050369474
0.19231403029341987
0.1919808314614511
0.1916472111749339
0.19131317205799486
0.1909787167283444
0.19064384780055493
0.190308567889262
0.18997287961228998
0.1896367855936964
0.1893002884667399
0.18896339087676456
0.1886260954840011
0.1882884049662865
0.1879503220216963
0.18761184937109535
0.1872729897605997
0.18693374596395412
0.18659412078482251
0.186254117058993
0.18591373765649438
0.18557298548362863
0.185231863484914
0.18489037464494668
0.18454852199017163
0.18420630859057252
0.18386373756127444
0.18352081206406495
0.1831775353088295
0.182833910554907
0.18248994111236283
0.18214563034318032
0.18180098166237468
0.1814559985390276
0.18111068449724374
0.1807650431170323
0.18041907803511303
0.1800727929456485
0.17972619160090403
0.17937927781183544
0.17903205544860973
0.17868452844105331
0.17833670077903668
0.1779885765127918
0.1776401597531651
0.17729145467180846
0.176942465501308
0.17659319653525363
0.17624365212825047
0.17589383669587216
0.17554375471455963
0.17519341072146608
0.17484280931424873
0.1744919551508104
0.1741408529489909
0.17378950748621014
0.17343792359906698
0.17308610618288905
0.17273406019124216
0.17238179063539702
0.17202930258375376
0.17167660116122796
0.17132369154859928
0.1709705789818227
0.17061726875130506
0.17026376620114755
0.1699100767283559
0.16955620578201885
0.16920215886245843
0.16884794152034932
0.16849355935581328
0.1681390180174859
0.16778432320155906
0.16742948065080107
0.16707449615355158
0.16671937554269828
0.1663641246946323
0.1660087495281845
0.16565325600354425
0.1652976501211614
0.1649419379206327
0.1645861254795739
0.164230218912478
0.16387422436956
0.163518148035593
0.16316199612872986
0.16280577489931752
0.16244949062870323
0.1620931496280298
0.16173675823702766
0.16138032282279793
0.16102384977859172
0.1606673455225848
0.16031081649664702
0.15995426916511155
0.15959771001353967
0.15924114554748572
0.15888458229125926
0.15852802678669037
0.15817148559189187
0.15781496528002667
0.15745847243807362
0.15710201366559884
0.15674559557352769
0.1563892247829228
0.15603290792376462
0.15567665163373798
0.15532046255702311
0.15496434734309447
0.15460831264552202
0.15425236512078552
0.1538965114270895
0.1535407582231907
0.15318511216723266
0.15282957991558702
0.1524741681217068
0.15211888343498747
0.1517637324996374
0.15140872195355995
0.15105385842724464
0.1506991485426708
0.15034459891221996
0.14999021613760255
0.149636006808794
0.14928197750298453
0.14892813478353992
0.14857448519897598
0.1482210352819444
0.14786779154823337
0.14751476049578058
0.14716194860369833
0.1468093623313153
0.1464570081172287
0.1461048923783733
0.1457530215091028
0.14540140188028622
0.14505003983841802
0.14469894170474498
0.14434811377440362
0.14399756231557698
0.14364729356866332
0.14329731374546098
0.14294762902836813
0.14259824556959688
0.14224916949040428
0.14190040688033723
0.14155196379649343
0.1412038462627963
0.14085606026928835
0.1405086117714363
0.14016150668945437
0.13981475090764162
0.13946835027373564
0.13912231059828073
0.13877663765401285
0.13843133717525863
0.13808641485735046
0.137741876356058
0.13739772728703242
0.13705397322526933
0.13671061970458362
0.13636767221710236
0.13602513621277146
0.13568301709887712
0.1353413202395841
0.1350000509554863
0.13465921452317497
0.13431881617481953
0.1339788610977654
0.13363935443414365
0.13330030128049797
0.13296170668742402
0.13262357565922495
0.13228591315357918
0.13194872408122443
0.1316120133056533
0.13127578564282602
0.13094004586089325
0.13060479867993594
0.13027004877171605
0.12993580075944322
0.1296020592175519
0.12926882867149386
0.12893611359754284
0.12860391842261198
0.12827224752408428
0.12794110522965568
0.12761049581718953
0.12728042351458518
0.1269508924996573
0.1266219069000269
0.12629347079302586
0.12596558820561146
0.12563826311429313
0.12531149944507056
0.1249853010733822
0.12465967182406673
0.1243346154713327
0.12401013573874063
0.12368623629919576
0.12336292077494977
0.12304019273761417
0.1227180557081829
0.12239651315706435
0.12207556850412415
0.12175522511873735
0.12143548631984824
0.12111635537604176
0.12079783550562254
0.12047992987670193
0.12016264160729617
0.11984597376543116
0.11952992936925491
0.11921451138716044
0.1188997227379148
0.11858556629079672
0.118272044865741
0.11795916123349195
0.11764691811576211
0.11733531818539988
0.1170243640665628
0.11671405833489877
0.11640440351773249
0.11609540209425988
0.1157870564957472
0.11547936910573797
0.11517234226026489
0.11486597824806662
0.11456027931081289
0.11425524764333213
0.11395088539384637
0.11364719466421061
0.1133441775101573
0.1130418359415455
0.11274017192261523
0.11243918737224541
0.11213888416421758
0.11183926412748277
0.11154032904643266
0.11124208066117532
0.11094452066781406
0.11064765071873002
0.11035147242286919
0.11005598734603124
0.10976119701116364
0.10946710289865637
0.10917370644664226
0.10888100905129837
0.10858901206715066
0.10829771680738179
0.10800712454414027
0.10771723650885259
0.10742805389253829
0.10713957784612577
0.10685180948077092
0.10656474986817736
0.10627840004091844
0.10599276099276142
0.10570783367899163
0.10542361901674069
0.10514011788531274
0.10485733112651502
0.10457525954498717
0.10429390390853288
0.10401326494845235
0.10373334335987422
0.1034541398020905
0.10317565489888972
0.10289788923889241
0.102620843375886
0.10234451782916029
0.1020689130838434
0.10179402959123734
0.10151986776915452
0.10124642800225331
0.10097371064237406
0.1007017160088752
0.10043044438896814
0.10015989603805289
0.09989007118005264
0.0996209700077488
0.09935259268311325
0.09908493933764345
0.09881801007269363
0.09855180495980755
0.09828632404104862
0.09802156732933129
0.09775753480874945
0.09749422643490507
0.09723164213523561
0.09696978180934027
0.09670864532930509
0.0964482325400269
0.09618854325953609
0.09592957727931817
0.09567133436463385
0.09541381425483775
0.09515701666369636
0.09490094127970289
0.09464558776639294
0.09439095576265655
0.09413704488304989
0.09388385471810537
0.09363138483463945
0.09337963477605865
0.09312860406266557
0.09287829219196057
0.09262869863894402
0.09237982285641563
0.09213166427527181
0.0918842223048014
0.09163749633298043
0.09139148572676364
0.09114618983237496
0.09090160797559513
0.09065773946204903
0.09041458357748894
0.09017213958807795
0.08993040674066961
0.08968938426308612
0.08944907136439534
0.08920946723518436
0.08897057104783215
0.08873238195677917
0.08849489909879588
0.08825812159324833
0.08802204854236237
0.08778667903148452
0.08755201212934252
0.08731804688830234
0.08708478234462341
0.08685221751871183
0.0866203514153715
0.08638918302405317
0.08615871131910052
0.08592893525999587
0.08569985379160121
0.0854714658443995
0.08524377033473238
0.08501676616503626
0.08479045222407594
0.08456482738717618
0.08433989051645169
0.08411564046103355
0.0838920760572954
0.08366919612907583
0.08344699948789938
0.0832254849331954
0.08300465125251455
0.08278449722174352
0.08256502160531727
0.08234622315642923
0.08212810061723927
0.08191065271908052
0.08169387818266213
0.08147777571827257
0.08126234402597797
0.08104758179582108
0.08083348770801597
0.08062006043314277
0.08040729863233764
0.08019520095748395
0.07998376605139888
0.0797729925480192
0.07956287907258439
0.07935342424181888
0.0791446266641112
0.07893648493969144
0.07872899766080693
0.07852216341189605
0.07831598076975987
0.07811044830373204
0.07790556457584645
0.07770132814100368
0.07749773754713482
0.07729479133536345
0.07709248804016705
0.07689082618953431
0.07668980430512251
0.07648942090241255
0.07628967449086156
0.07609056357405468
0.07589208664985425
0.07569424221054766
0.07549702874299331
0.07530044472876497
0.07510448864429449
0.07490915896101212
0.07471445414548593
0.07452037265955959
0.07432691296048724
0.07413407350106871
0.0739418527297813
0.07375024909091041
0.07355926102467983
0.07336888696737806
0.07317912535148521
0.07298997460579754
0.07280143315554949
0.07261349942253617
0.07242617182523234
0.07223944877891114
0.07205332869576105
0.07186780998500049
0.07168289105299286
0.07149857030335752
0.07131484613708206
0.07113171695263087
0.0709491811460537
0.07076723711109217
0.07058588323928529
0.07040511792007283
0.07022493954089849
0.07004534648731087
0.06986633714306319
0.0696879098902117
0.06951006310921337
0.06933279517902131
0.0691561044771799
0.0689799893799174
0.06880444826223903
0.0686294794980167
0.06845508146007964
0.06828125252030204
0.0681079910496906
0.06793529541847051
0.06776316399616993
0.06759159515170408
0.06742058725345734
0.06725013866936443
0.06708024776699122
0.066910912913613
0.06674213247629313
0.0665739048219593
0.0664062283174794
0.06623910132973676
0.06607252222570278
0.06590648937251047
0.06574100113752503
0.06557605588841531
0.06541165199322233
0.06524778782042831
0.06508446173902398
0.06492167211857494
0.06475941732928744
0.06459769574207254
0.0644365057286099
0.06427584566141036
0.06411571391387763
0.06395610886036898
0.06379702887625537
0.06363847233797992
0.06348043762311664
0.06332292311042696
0.06316592717991643
0.06300944821288999
0.06285348459200643
0.0626980347013329
0.06254309692639648
0.062388669654237755
0.0622347512734609
0.06208134017428481
0.06192843474859263
0.06177603338998034
0.061624134493805466
0.06147273645723392
0.061321837679286645
0.06117143656088547
0.061021531504898543
0.06087212091618398
0.06072320320163412
0.06057477677021823
0.060426840033024315
0.06027939140330127
0.06013242929649923
0.05998595213030973
0.05983995832470527
0.05969444630197798
0.05954941448677778
0.05940486130614969
0.05926078518957083
0.059117184568986535
0.05897405787884574
0.05883140355613612
0.05868922004041803
0.05854750577385842
0.05840625920126433
0.0582654787701143
0.05812516293059128
0.05798531013561367
0.05784591884086554
0.05770698750482766
0.05756851458880642
0.0574304985569631
0.057292937876342584
0.057155831016901144
0.057019176451533676
0.056882972656101066
0.056747218109456224
0.056611911293470055
0.05647705069305686
0.05634263479619884
0.05620866209397138
0.056075131080565735
0.055942040253313126
0.05580938811270757
0.05567717316242812
0.05554539390936096
0.055414048863620786
0.05528313653857196
0.055152655450849124
0.05502260412037717
0.05489298107039098
0.05476378482745481
0.054635013921481075
0.05450666688574896
0.05437874225692156
0.054251238575064566
0.054124154383663
0.05399748822963753
0.053871238663361784
0.05374540423867721
0.05361998351290939
0.053494975046883234
0.05337037740493733
0.05324618915493879
0.05312240886829718
0.05299903511997811
0.05287606648851676
0.05275350155603088
0.05263133890823302
0.05250957713444353
0.052388214827601504
0.0522672505842776
0.05214668300468417
0.05202651069268673
0.05190673225581467
0.05178734630527122
0.051668351455943534
0.05154974632641256
0.051431529538961934
0.051313699719587214
0.05119625549800487
0.05107919550766031
0.050962518385736205
0.05084622277316013
0.05073030731461262
0.05061477065853377
0.050499611457130805
0.05038482836638434
0.050270420046055114
0.050156385159690065
0.050042722374628174
0.04992943036200599
