0.5078119058881874
0.5197412720294964
0.5202312311718239
0.5211144866381984
0.52104727409747
0.52176312934022
0.5220897282512672
0.5210968293448417
0.5200679951658332
0.5198336894887403
0.5199718555754774
0.5201644394823388
0.5203356794308929
0.5202849398995377
0.5199844892212733
0.5196755360822072
0.5195257074266463
0.5195068931774112
0.5195332809453991
0.519531431941437
0.5194547039996537
0.5193169194941614
0.5191769442390106
0.51907762787151
0.5190192748218566
0.5189773179079245
0.5189255388317535
0.51885107277684
0.5187597843678156
0.5186679148480435
0.5185875764509742
0.5185197078728925
0.5184571832782383
0.5183918202908142
0.5183197828788395
0.5182428530409837
0.5181656769121804
0.5180917906451488
0.5180215788712641
0.517952962700201
0.5178834561612105
0.5178118602446683
0.517738643842755
0.5176651279744029
0.5175923409821892
0.5175204044863485
0.5174486976147418
0.5173764537270018
0.5173032742485713
0.5172292538704032
0.51715474856753
0.5170800410589879
0.5170051528784316
0.516929882449707
0.5168539769952897
0.5167772871522347
0.5166998093816408
0.5166216216224683
0.5165427852953314
0.5164632872926691
0.5163830478678008
0.5163019698389486
0.5162199850532735
0.5161370688669158
0.5160532227055564
0.515968445421381
0.5158827153329935
0.5157959914627575
0.5157082275396131
0.5156193859751701
0.5155294428121763
0.5154383831324024
0.5153461927304206
0.5152528525650433
0.5151583387860866
0.5150626267051949
0.514965695010397
0.5148675274548818
0.5147681116952723
0.5146674368893779
0.5145654919891071
0.5144622656439404
0.5143577473189584
0.5142519285612085
0.514144803563024
0.5140363688717937
0.5139266226875444
0.5138155643227365
0.5137031941218384
0.5135895137505344
0.5134745265485313
0.5133582376847242
0.5132406540535843
0.5131217840324434
0.5130016372699034
0.5128802246015003
0.5127575580743181
0.5126336509931851
0.5125085179086694
0.5123821745240543
0.512254637553634
0.5121259245829755
0.5119960539622471
0.5118650447299924
0.5117329165427825
0.5115996895867844
0.5114653844634496
0.5113300220583546
0.5111936234086046
0.5110562095791283
0.5109178015482416
0.5107784200959269
0.5106380856879649
0.5104968183536346
0.5103546375598071
0.5102115620863998
0.5100676099068239
0.5099227980740964
0.5097771426110784
0.5096306584030537
0.5094833590921228
0.5093352569744214
0.509186362901839
0.5090366861895358
0.5088862345296384
0.5087350139107725
0.5085830285429374
0.508430280787562
0.5082767710930091
0.5081224979359799
0.5079674577691415
0.5078116449749936
0.5076550518257354
0.5074976684488209
0.5073394827979543
0.5071804806293936
0.5070206454834704
0.506859958671177
0.5066983992655707
0.5065359440976516
0.5063725677563337
0.50620824259215
0.5060429387243501
0.5058766240510695
0.5057092642622274
0.5055408228547784
0.5053712611499183
0.5052005383118381
0.5050286113676308
0.5048554352279659
0.504680962708167
0.5045051445493204
0.5043279294390537
0.5041492640316173
0.5039690929669155
0.5037873588881505
0.5036040024577545
0.5034189623713061
0.5032321753691421
0.5030435762453833
0.5028530978541156
0.5026606711124776
0.5024662250004288
0.5022696865569896
0.5020709808727645
0.5018700310785751
0.5016667583300518
0.5014610817880476
0.5012529185947553
0.5010421838454296
0.5008287905556374
0.5006126496239696
0.500393669790172
0.5001717575886723
0.4999468172974878
0.49971875088252526
0.4994874579372974
0.49925283561809386
0.4990147785746698
0.49877317887651723
0.49852792593481376
0.49827890642014805
0.49802600417613785
0.4977691001290736
0.4975080721937285
0.49724279517549014
0.4969731406689805
0.49669897695333953
0.49642016888435525
0.49613657778363374
0.4958480613250029
0.4955544734183504
0.4952556640910949
0.4949514793674893
0.49464176114594594
0.49432634707456846
0.49400507042505754
0.4936777599651443
0.49334423982967407
0.49300432939044103
0.4926578431248329
0.49230459048329805
0.49194437575560235
0.49157699793577014
0.49120225058554146
0.4908199216960857
0.4904297935476226
0.4900316425664923
0.48962523917909273
0.48921034766197447
0.48878672598722844
0.48835412566214553
0.48791229156194516
0.48746096175418674
0.48699986731326805
0.48652873212320435
0.48604727266665615
0.48555519779793876
0.4850522084975081
0.484537997605177
0.4840122495290717
0.4834746399271085
0.48292483535753905
0.48236249289491046
0.48178725970759273
0.4811987725928737
0.48059665746549496
0.47998052879542086
0.4793499889906072
0.4787046277205555
0.4780440211765361
0.47736773126451504
0.4766753047270622
0.47596627219082743
0.4752401471365694
0.47449642478920534
0.47373458092590537
0.47295407060090566
0.4721543267864301
0.4713347589298952
0.4704947514284183
0.469633662022544
0.4687508201120211
0.46784552499741305
0.466917044052261
0.46596461083145074
0.46498742312232255
0.46398464094590786
0.4629553845164466
0.4618987321680338
0.4608137182578375
0.45969933105582805
0.4585545106313542
0.4573781467471769
0.456169076771771
0.4549260836208025
0.45364789373872844
0.4523331751314619
0.45098053546103967
0.4495885202132528
0.4481556109493092
0.4466802236528499
0.4451607071840832
0.4435953418535324
0.4419823381289649
0.4403198354905836
0.43860590145160366
0.43683853076400503
0.43501564483264354
0.4331350913651353
0.4311946442900943
0.4291920039825267
0.4271247978425523
0.42499058128225853
0.4227868391854513
0.42051098791645963
0.41816037796699296
0.4157322973443761
0.4132239758202622
0.4106325901760489
0.40795527059953346
0.40518910840653055
0.40233116528085133
0.39937848424553096
0.3963281025967347
0.3931770670481697
0.3899224513467022
0.3865613766273622
0.38309103477580597
0.37950871505595085
0.37581183423690306
0.37199797041315547
0.3680649006519935
0.3640106425188458
0.3598334994222687
0.35553210958360426
0.35110549827179194
0.3465531327530584
0.34187497919237203
0.3370715605156064
0.33214401400820004
0.32709414720041846
0.32192449038621274
0.31663834395857243
0.31123981863614747
0.30573386661947377
0.30012630176364136
0.2944238069968161
0.28863392745454686
0.28276504813593245
0.2768263553106714
0.27082778140053265
0.2647799336040168
0.258694007103601
0.252581684262799
0.24645502175601758
0.24032632804944537
0.23420803404015245
0.22811255994180993
0.2220521816632731
0.2160388999518355
0.21008431546486175
0.20419951269786388
0.19839495534732246
0.19268039524238723
0.18706479646578925
0.18155627572888014
0.1761620594979877
0.1708884578178325
0.16574085426838442
0.1607237110457721
0.15584058779163254
0.15109417251835294
0.14648632279353915
0.14201811525344574
0.13768990150482346
0.13350136853676323
0.12945160188523963
0.12553914995869747
0.12176208812865894
0.11811808140141426
0.1146044447034958
0.11121820002495834
0.10795612986290376
0.104814826587775
0.10179073751333612
0.09888020558635251
0.0960795057235945
0.09338487691285179
0.09079255026285096
0.08829877323652546
0.08589983033543239
0.08359206052278295
0.08137187168099698
0.07923575239917888
0.07718028137852599
0.07520213473118065
0.0732980914319918
0.07146503716429445
0.06969996678120788
0.06799998558387714
0.06636230959818265
0.06478426501215657
0.0632632869180259
0.06179691748562958
0.06038280367809273
0.05901869460612226
0.057702438604132475
0.05643198009958051
0.055205356336344255
0.054020694003616074
0.05287620581354686
0.05177018706365581
0.050701012213728434
0.04966713150147032
