2.0443246089032545
2.2879049349177745
2.2197045234179935
2.1560407246870477
2.1168138325801493
2.088951378443758
2.0658727846042795
2.0451918977579884
2.0260822425579876
2.0082318515630053
1.991505569213882
1.9758365965142972
1.9611873773474653
1.947533041845509
1.934853504147364
1.9231294797808745
1.912340466490104
1.902463751871339
1.8934739675924117
1.8853429388229563
1.8780396962096526
1.8715305791188679
1.865779390351158
1.8607475788090093
1.856394435381939
1.8526772924644526
1.849551720870573
1.8469717202687428
1.8448899009823758
1.8432576562407672
1.8420253248116758
1.8411423444716704
1.8405573970425588
1.840218545810794
1.8400733661180726
1.840069069825885
1.840152624267079
1.840270866246215
1.8403706116700214
1.840398761501322
1.8403024049459527
1.8400289211039609
1.8395260807364435
1.8387421503016097
1.8376260009742111
1.8361272259499437
1.834196269912099
1.8317845750560156
1.8288447484748147
1.8253307559481065
1.8211981471778018
1.816404317211404
1.8109088081104245
1.8046736537895156
1.7976637693096182
1.7898473837135846
1.781196512734282
1.7716874644177134
1.7613013669827975
1.7500247042561083
1.7378498400292963
1.7247755090290386
1.7108072492750583
1.6959577488819253
1.6802470802758576
1.6637027967131142
1.6463598701146305
1.62826045556259
1.6094534760565427
1.5899940307333666
1.5699426399052632
1.5493643499976177
1.5283277297873101
1.5069037953951698
1.4851649046837458
1.4631836618229004
1.4410318699661384
1.418779564726547
1.3964941541879203
1.3742396833733943
1.3520762332292624
1.3300594569356579
1.308240250195741
1.286664547329313
1.2653732315569475
1.2444021457103434
1.22378218855495
1.2035394817344758
1.1836955928168873
1.1642678008376801
1.1452693919355608
1.1267099740341417
1.1085958009502594
1.0909300977407732
1.0737133804899757
1.0569437650567923
1.040617260521811
1.0247280441826123
1.0092687159311504
0.9942305307034643
0.9796036084186093
0.9653771214235894
0.9515394599409749
0.9380783763854892
0.9249811096870345
0.9122344909434027
0.8998250318400186
0.8877389973299444
0.8759624640779274
0.8644813661492952
0.8532815293787525
0.8423486957947267
0.8316685394100162
0.8212266746256592
0.8110086584377914
0.8009999875912109
0.7911860917920343
0.781552324077761
0.7720839494482628
0.7627661328866362
0.7535839279447603
0.7445222671339539
0.7355659554443948
0.7266996684145648
0.7179079562787448
0.7091752558293701
0.7004859117320881
0.6918242091122083
0.6831744192763163
0.6745208604234135
0.6658479751144726
0.6571404260837937
0.6483832116650126
0.6395618016447115
0.6306622937265077
0.6216715899741077
0.6125775916002062
0.6033694092916755
0.5940375849430245
0.5845743192659093
0.5749736983349475
0.5652319108264439
0.5553474466348948
0.5453212668517217
0.5351569348993785
0.5248606990502217
0.5144415177035649
0.5039110206692019
0.4932834022631087
0.4825752451345297
0.4718052772120667
0.46099406771966445
0.4501636715782006
0.43933723438269684
0.428538572273905
0.4177917422213905
0.4071206184119354
0.3965484896045173
0.3860976905825205
0.3757892783970969
0.3656427611968206
0.355675884342087
0.34590447546033637
0.3363423473248554
0.3270012550955242
0.31789090264204717
0.3090189914154644
0.3003913046260131
0.2920118192682235
0.28388283872496795
0.2760051391857978
0.2683781238349565
0.260999979611935
0.2538678322462102
0.2469778961574075
0.240325616648093
0.23390580256932642
0.22771274829241864
0.22174034436784318
0.21598217669548084
0.21043161437620006
0.20508188667337682
0.19992614969615072
0.19495754353627404
0.19016924065916793
0.18555448637814606
0.1811066322382832
0.17681916311131995
0.17268571876213004
0.16870011059613516
0.16485633424001783
0.16114857854846099
0.1575712315699423
0.1541188839466121
0.1507863301681839
0.1475685680483757
0.14446079674515122
0.14145841360305372
0.1385570100572395
0.13575236680432573
0.1330404484146014
0.13041739753326773
0.12787952879486078
0.1254233225545488
0.1230454185222892
0.12074260937057839
0.1185118343734311
0.11635017312306109
0.11425483936122237
0.11222317495412595
0.11025264403306971
0.10834082731722386
0.10648541663026825
0.10468420961864201
0.10293510467590755
0.10123609607507819
0.09958526930859106
0.09798079663387525
0.09642093282108072
0.09490401109845731
0.09342843929004704
0.09199269613973392
0.09059532781525602
0.08923494458548685
0.08791021766411428
0.08661987621276628
0.08536270449662305
0.08413753918562783
0.08294326679450276
0.08177882125493986
0.08064318161350634
0.07953536984900936
0.07845444880328077
0.07739952021957247
0.07636972288298263
0.07536423085757797
0.07438225181510846
0.07342302545044864
0.07248582197913542
0.07156994071259438
0.07067470870686805
0.0697994794808776
0.06894363180044928
0.06810656852454271
0.06728771551029841
0.0664865205737159
0.06570245250293555
0.06493500012127229
0.06418367139729932
0.06344799259943566
0.06272750749262747
0.06202177657485183
0.061330376351297955
0.0606528986441984
0.05998894993640084
0.059338150746875276
0.05870013503645581
0.058074549642209206
0.057461053738914365
0.05685931832622296
0.05626902574014954
0.05568986918761803
0.05512155230286016
0.054563788724531576
0.05401630169247068
0.05347882366309209
0.05295109594245239
0.05243286833609088
0.05192389881478728
0.05142395319543257
0.05093280483625028
0.05045023434564813
0.04997602930401767
