0.5302857984198428
0.5614087561680077
0.5205803080009204
0.5345160535233024
0.5423590273680864
0.5236784261962253
0.5084833656123432
0.5109908561852025
0.5138297697313365
0.5114150439476852
0.5109501382008121
0.5120792809582363
0.5107038853492695
0.5079927282449319
0.5068212248134814
0.5069558046000847
0.5070804021489985
0.5070719763397264
0.507010267048611
0.5066052459862983
0.5058870008688936
0.5052540312796979
0.5049013958904223
0.5047164115435803
0.5045555950273632
0.5043421999345896
0.5040315514461088
0.5036357672749954
0.5032279170850081
0.5028720252583266
0.5025748223628467
0.5023047083036212
0.5020269930348129
0.5017214666047131
0.5013882800589655
0.5010441357489541
0.5007079292138873
0.5003874905824205
0.5000780157001272
0.49976922398991486
0.4994530179224839
0.4991273863324885
0.4987958908229574
0.4984639712710744
0.49813498962358127
0.4978086987096647
0.49748243609711673
0.49715340718442336
0.4968203426679236
0.49648376833246627
0.4961451182441839
0.4958055339370888
0.4954651812546787
0.4951233668652732
0.4947791458127925
0.49443190100449785
0.49408155156592004
0.4937283700864427
0.49337263046666474
0.49301435149225237
0.49265326834266027
0.49228898416005257
0.4919211554423285
0.49154958653424974
0.4911742004273001
0.490794938846403
0.4904116737239265
0.4900241820337662
0.4896321815400641
0.4892353874279075
0.4888335480140376
0.4884264426893328
0.4880138537409793
0.4875955369139041
0.48717120940706765
0.4867405576890901
0.4863032542272123
0.4858589695802692
0.48540737303455295
0.4849481241748116
0.48448086291547443
0.48400520440461153
0.4835207402796633
0.48302704322401685
0.48252367046310396
0.48201016371582783
0.4814860460947762
0.48095081829221886
0.4804039562048102
0.4798449106078306
0.47927310796824274
0.47868795098022543
0.4780888179775103
0.4774750613578553
0.47684600578665404
0.4762009469030671
0.475539150743134
0.47485985358525284
0.47416226175678167
0.47344555113871367
0.47270886643904064
0.47195132051379035
0.4711719939901573
0.47036993526773707
0.46954416080529826
0.46869365555638526
0.46781737349680796
0.46691423830479656
0.4659831443201835
0.4650229578916281
0.4640325191555534
0.46301064423667326
0.4619561278538323
0.4608677463493903
0.4597442612010895
0.45858442309156155
0.45738697659623856
0.45615066552200356
0.4548742389080561
0.45355645769675257
0.4521961020890508
0.4507919796025405
0.449342933840229
0.44784785395608523
0.44630568477682175
0.44471543751610876
0.4430762009990839
0.44138715329782496
0.4396475736575438
0.4378568545671381
0.4360145137990471
0.4341202062166175
0.43217373512556273
0.4301750629301785
0.4281243208438072
0.4260218173961351
0.4238680454784018
0.42166368767370066
0.41940961963523554
0.41710691130120225
0.41475682577014766
0.4123608157038179
0.40992051717440514
0.4074377409286887
0.4049144611015958
0.40235280147424546
0.3997550194339684
0.3971234878531941
0.3944606751577596
0.39176912390092933
0.38905142819547583
0.38631021038122726
0.3835480973184715
0.38076769669801047
0.3779715737465442
0.37516222868223786
0.37234207524118595
0.36951342055277514
0.36667844659266596
0.36383919338833076
0.3609975440959227
0.3581552120107926
0.35531372951916645
0.3524744389470032
0.349638485215205
0.3468068101691152
0.3439801484152185
0.3411590244694997
0.33834375100006714
0.33553442793124155
0.3327309421670265
0.32993296768819724
0.32713996577873317
0.3243511851433838
0.32156566168848405
0.31878221775233895
0.3159994605895166
0.31321577993528327
0.31042934450256143
0.3076380972948974
0.30483974965606264
0.30203177402163206
0.2992113953922114
0.2963755816145153
0.29352103263842605
0.29064416901928397
0.287741120059312
0.2848077121349974
0.28183945794327614
0.27883154762291795
0.2757788429717324
0.2726758762859273
0.2695168556917407
0.26629567921172825
0.2630059601900986
0.259641067062361
0.2561941807480987
0.25265837310783457
0.2490267098529766
0.2452923809327215
0.24144886063561272
0.23749009833358214
0.23341073888754327
0.22920636920771234
0.22487378439120032
0.22041126343767062
0.21581884110289037
0.21109855945018477
0.2062546806431266
0.20129384202509
0.19622513596458374
0.19106010047541166
0.18581261207850944
0.18049867923478424
0.17513614214026435
0.16974429180154363
0.1643434272281109
0.15895437364950915
0.15359798658258403
0.14829466636560185
0.14306390572665922
0.13792388948958678
0.1328911611029211
0.12798036573917465
0.12320407463610179
0.11857269047882217
0.11409442925490737
0.10977537041363111
0.10561956451984095
0.10162918601509731
0.09780471817902632
0.09414515781269503
0.09064822835158552
0.08731059182030215
0.08412805201873287
0.08109574335950528
0.07820830168569518
0.07546001506834704
0.0728449539522869
0.07035708106846694
0.06799034227765187
0.06573873999075794
0.06359639107299939
0.061557571231793395
0.059616747858465435
0.057768603181183605
0.056008049423689865
0.054330237476161336
0.05273056038899493
0.051204652809779025
0.04974838730598147
