0.5098679939473559
0.5251231502830012
0.52408912702647
0.5233516693993711
0.5228529569702789
0.5225163541384418
0.5222891890299425
0.5221355983184044
0.5220312878838674
0.5219598648542505
0.5219103033994962
0.5218752090275267
0.5218496368091107
0.5218302900780571
0.521814978745192
0.5218022539620849
0.5217911621985453
0.5217810799946264
0.5217716031183688
0.5217624723591012
0.5217535239562061
0.521744656570825
0.5217358093494635
0.5217269474116966
0.5217180522967702
0.5217091157141884
0.5217001354888534
0.5216911129582468
0.5216820513256937
0.5216729546392392
0.5216638271766199
0.5216546730910478
0.5216454962221404
0.5216363000093598
0.5216270874673041
0.5216178611967097
0.5216086234146066
0.5215993759933382
0.5215901205022223
0.5215808582482582
0.5215715903139359
0.5215623175912427
0.5215530408115869
0.5215437605717166
0.5215344773559156
0.5215251915548431
0.5215159034814187
0.5215066133841493
0.5214973214582577
0.5214880278549531
0.5214787326891273
0.5214694360457323
0.5214601379850585
0.521450838547095
0.5214415377551257
0.521432235618698
0.5214229321360653
0.5214136272962003
0.5214043210804509
0.5213950134639013
0.5213857044164949
0.5213763939039522
0.5213670818885295
0.5213577683296404
0.5213484531843668
0.5213391364078777
0.5213298179537752
0.5213204977743766
0.5213111758209468
0.521301852043889
0.5212925263929019
0.5212831988171074
0.5212738692651562
0.5212645376853144
0.5212552040255346
0.5212458682335135
0.5212365302567397
0.521227190042533
0.5212178475380764
0.521208502690442
0.5211991554466123
0.521189805753498
0.5211804535579522
0.5211710988067816
0.5211617414467569
0.5211523814246192
0.5211430186870879
0.5211336531808638
0.5211242848526346
0.5211149136490779
0.521105539516863
0.5210961624026541
0.5210867822531107
0.5210773990148898
0.5210680126346465
0.5210586230590346
0.5210492302347067
0.5210398341083156
0.5210304346265134
0.5210210317359522
0.5210116253832836
0.5210022155151594
0.5209928020782302
0.5209833850191466
0.5209739642845577
0.5209645398211119
0.5209551115754557
0.520945679494234
0.5209362435240894
0.5209268036116617
0.5209173597035883
0.5209079117465029
0.5208984596870356
0.5208890034718122
0.5208795430474548
0.5208700783605795
0.5208606093577974
0.5208511359857143
0.5208416581909298
0.5208321759200364
0.5208226891196204
0.5208131977362596
0.520803701716525
0.5207942010069795
0.5207846955541763
0.5207751853046604
0.5207656702049672
0.5207561502016219
0.5207466252411398
0.5207370952700251
0.5207275602347713
0.5207180200818597
0.5207084747577607
0.5206989242089312
0.5206893683818159
0.5206798072228463
0.5206702406784404
0.5206606686950015
0.5206510912189193
0.5206415081965682
0.5206319195743074
0.5206223252984811
0.5206127253154164
0.5206031195714244
0.5205935080127992
0.5205838905858184
0.5205742672367408
0.5205646379118077
0.520555002557242
0.5205453611192472
0.5205357135440081
0.5205260597776895
0.5205163997664362
0.5205067334563721
0.520497060793601
0.5204873817242046
0.5204776961942437
0.5204680041497562
0.5204583055367579
0.5204486003012417
0.5204388883891774
0.5204291697465107
0.5204194443191636
0.5204097120530335
0.5203999728939926
0.5203902267878884
0.5203804736805424
0.5203707135177501
0.5203609462452806
0.5203511718088761
0.5203413901542518
0.5203316012270949
0.5203218049730648
0.5203120013377925
0.5203021902668803
0.5202923717059011
0.5202825456003983
0.5202727118958852
0.5202628705378455
0.520253021471731
0.5202431646429632
0.5202332999969316
0.5202234274789943
0.5202135470344766
0.5202036586086715
0.5201937621468388
0.5201838575942046
0.5201739448959618
0.5201640239972684
0.5201540948432477
0.5201441573789892
0.5201342115495458
0.5201242572999346
0.5201142945751378
0.5201043233200995
0.520094343479728
0.520084354998894
0.5200743578224303
0.5200643518951317
0.520054337161755
0.5200443135670174
0.5200342810555975
0.520024239572134
0.520014189061226
0.5200041294674316
0.5199940607352689
0.519983982809214
0.5199738956337026
0.5199637991531273
0.5199536933118396
0.5199435780541475
0.5199334533243163
0.519923319066568
0.5199131752250805
0.519903021743988
0.5198928585673797
0.5198826856392998
0.5198725029037476
0.519862310304677
0.5198521077859947
0.5198418952915619
0.5198316727651926
0.519821440150654
0.5198111973916649
0.5198009444318971
0.5197906812149734
0.5197804076844679
0.5197701237839063
0.5197598294567634
0.5197495246464658
0.5197392092963886
0.519728883349857
0.5197185467501448
0.5197081994404745
0.5196978413640173
0.5196874724638912
0.5196770926831629
0.5196667019648451
0.5196563002518981
0.5196458874872283
0.5196354636136877
0.5196250285740742
0.5196145823111307
0.5196041247675453
0.51959365588595
0.5195831756089214
0.5195726838789793
0.5195621806385872
0.5195516658301512
0.5195411393960202
0.5195306012784849
0.5195200514197782
0.5195094897620743
0.5194989162474881
0.5194883308180753
0.5194777334158318
0.5194671239826939
0.5194565024605364
0.519445868791174
0.5194352229163598
0.5194245647777853
0.5194138943170798
0.5194032114758105
0.5193925161954814
0.5193818084175336
0.5193710880833445
0.5193603551342274
0.5193496095114315
0.5193388511561413
0.5193280800094756
0.5193172960124884
0.5193064991061677
0.5192956892314347
0.5192848663291443
0.5192740303400846
0.5192631812049756
0.5192523188644701
0.5192414432591524
0.5192305543295384
0.5192196520160743
0.5192087362591381
0.5191978069990371
0.5191868641760087
0.5191759077302198
0.5191649376017664
0.5191539537306733
0.519142956056893
0.5191319445203063
0.5191209190607219
0.5191098796178748
0.5190988261314271
0.5190877585409672
0.5190766767860097
0.5190655808059942
0.5190544705402858
0.5190433459281737
0.5190322069088728
0.5190210534215204
0.5190098854051786
0.5189987027988316
0.518987505541387
0.5189762935716749
0.5189650668284467
0.5189538252503757
0.5189425687760566
0.5189312973440046
0.5189200108926554
0.518908709360364
0.5188973926854061
0.5188860608059757
0.5188747136601854
0.5188633511860672
0.51885197332157
0.5188405800045603
0.5188291711728226
0.518817746764057
0.5188063067158808
0.5187948509658266
0.5187833794513428
0.5187718921097926
0.5187603888784544
0.5187488696945207
0.5187373344950972
0.5187257832172039
0.518714215797773
0.5187026321736503
0.5186910322815932
0.5186794160582706
0.5186677834402637
0.5186561343640637
0.5186444687660724
0.5186327865826028
0.5186210877498764
0.5186093722040241
0.5185976398810868
0.5185858907170122
0.5185741246476574
0.5185623416087862
0.5185505415360699
0.5185387243650866
0.5185268900313207
0.5185150384701623
0.5185031696169073
0.5184912834067563
0.5184793797748147
0.518467458656092
0.5184555199855015
0.5184435636978598
0.5184315897278865
0.5184195980102033
0.5184075884793344
0.5183955610697052
0.5183835157156425
0.5183714523513735
0.5183593709110259
0.5183472713286273
0.5183351535381048
0.5183230174732838
0.5183108630678889
0.5182986902555425
0.5182864989697645
0.5182742891439724
0.5182620607114798
0.5182498136054973
0.5182375477591307
0.5182252631053813
0.5182129595771461
0.5182006371072153
0.5181882956282742
0.5181759350729012
0.5181635553735678
0.5181511564626384
0.5181387382723696
0.5181263007349093
0.5181138437822973
0.5181013673464638
0.5180888713592299
0.5180763557523058
0.5180638204572918
0.5180512654056769
0.5180386905288389
0.5180260957580431
0.518013481024443
0.5180008462590787
0.5179881913928774
0.517975516356652
0.5179628210811016
0.5179501054968096
0.5179373695342455
0.5179246131237619
0.5179118361955958
0.517899038679867
0.517886220506579
0.5178733816056164
0.5178605219067469
0.5178476413396187
0.5178347398337612
0.5178218173185841
0.5178088737233772
0.5177959089773096
0.5177829230094295
0.5177699157486628
0.5177568871238145
0.5177438370635659
0.5177307654964759
0.5177176723509795
0.5177045575553885
0.5176914210378888
0.517678262726542
0.5176650825492841
0.5176518804339252
0.517638656308148
0.517625410099509
0.5176121417354367
0.5175988511432316
0.5175855382500651
0.5175722029829803
0.51755884526889
0.5175454650345768
0.5175320622066928
0.517518636711759
0.5175051884761643
0.5174917174261657
0.517478223487887
0.5174647065873188
0.5174511666503181
0.517437603602607
0.5174240173697734
0.5174104078772687
0.5173967750504093
0.5173831188143743
0.5173694390942063
0.51735573581481
0.5173420089009518
0.5173282582772596
0.5173144838682222
0.517300685598188
0.5172868633913656
0.5172730171718223
0.5172591468634844
0.5172452523901356
0.5172313336754174
0.5172173906428281
0.5172034232157222
0.5171894313173098
0.5171754148706567
0.5171613737986827
0.517147308024162
0.5171332174697219
0.517119102057843
0.5171049617108576
0.5170907963509508
0.5170766059001577
0.5170623902803646
0.5170481494133079
0.5170338832205728
0.5170195916235937
0.5170052745436533
0.5169909319018822
0.516976563619257
0.5169621696166018
0.5169477498145861
0.5169333041337251
0.5169188324943779
0.5169043348167479
0.5168898110208825
0.5168752610266711
0.5168606847538464
0.5168460821219814
0.5168314530504912
0.5168167974586306
0.5168021152654947
0.516787406390017
0.5167726707509706
0.5167579082669655
0.5167431188564495
0.516728302437707
0.5167134589288581
0.5166985882478587
0.5166836903124995
0.5166687650404045
0.5166538123490323
0.5166388321556733
0.5166238243774507
0.5166087889313193
0.5165937257340643
0.5165786347023013
0.5165635157524757
0.5165483688008617
0.5165331937635615
0.5165179905565055
0.5165027590954503
0.5164874992959794
0.5164722110735014
0.5164568943432499
0.5164415490202833
0.5164261750194828
0.5164107722555531
0.5163953406430206
0.5163798800962339
0.5163643905293617
0.5163488718563933
0.5163333239911376
0.5163177468472215
0.516302140338091
0.5162865043770086
0.5162708388770543
0.5162551437511229
0.5162394189119257
0.516223664271988
0.5162078797436487
0.5161920652390601
0.516176220670187
0.5161603459488056
0.5161444409865033
0.5161285056946775
0.5161125399845352
0.5160965437670922
0.5160805169531723
0.5160644594534067
0.5160483711782329
0.5160322520378946
0.5160161019424401
0.5159999208017222
0.5159837085253975
0.5159674650229251
0.5159511902035663
0.5159348839763838
0.5159185462502403
0.5159021769337988
0.5158857759355211
0.5158693431636673
0.5158528785262948
0.5158363819312577
0.5158198532862059
0.5158032924985847
0.5157866994756334
0.5157700741243848
0.5157534163516646
0.5157367260640904
0.5157200031680709
0.5157032475698046
0.5156864591752807
0.5156696378902758
0.5156527836203553
0.515635896270871
0.5156189757469616
0.5156020219535509
0.515585034795347
0.5155680141768422
0.5155509600023117
0.5155338721758125
0.5155167506011833
0.5154995951820428
0.5154824058217894
0.5154651824236003
0.5154479248904306
0.515430633125012
0.515413307029853
0.5153959465072371
0.5153785514592218
0.5153611217876387
0.5153436573940918
0.5153261581799572
0.5153086240463813
0.5152910548942811
0.5152734506243424
0.5152558111370197
0.515238136332534
0.5152204261108736
0.515202680371792
0.5151848990148069
0.5151670819392008
0.515149229044018
0.5151313402280651
0.5151134153899096
0.515095454427879
0.5150774572400599
0.5150594237242976
0.5150413537781937
0.5150232472991068
0.5150051041841505
0.5149869243301929
0.5149687076338558
0.5149504539915132
0.5149321632992906
0.5149138354530642
0.51489547034846
0.514877067880852
0.5148586279453624
0.5148401504368598
0.5148216352499588
0.5148030822790183
0.514784491418141
0.5147658625611724
0.5147471956016997
0.5147284904330502
0.5147097469482922
0.514690965040231
0.5146721446014111
0.5146532855241125
0.5146343877003512
0.5146154510218777
0.5145964753801759
0.5145774606664629
0.5145584067716859
0.5145393135865239
0.5145201810013836
0.5145010089064019
0.5144817971914415
0.5144625457460912
0.514443254459666
0.5144239232212038
0.5144045519194655
0.5143851404429345
0.5143656886798145
0.5143461965180284
0.5143266638452184
0.5143070905487434
0.5142874765156793
0.5142678216328166
0.51424812578666
0.5142283888634274
0.5142086107490484
0.5141887913291632
0.5141689304891215
0.5141490281139816
0.5141290840885085
0.5141090982971741
0.5140890706241548
0.5140690009533304
0.5140488891682841
0.5140287351523
0.5140085387883622
0.5139882999591545
0.5139680185470583
0.5139476944341512
0.5139273275022072
0.5139069176326936
0.513886464706771
0.5138659686052929
0.5138454292088015
0.5138248463975299
0.5138042200513986
0.5137835500500152
0.5137628362726734
0.5137420785983505
0.5137212769057076
0.513700431073087
0.5136795409785125
0.5136586064996869
0.5136376275139904
0.5136166038984813
0.5135955355298925
0.5135744222846311
0.5135532640387774
0.5135320606680835
0.513510812047971
0.5134895180535316
0.5134681785595235
0.5134467934403721
0.513425362570167
0.5134038858226626
0.513382363071274
0.5133607941890788
0.513339179048813
0.5133175175228712
0.5132958094833054
0.5132740548018222
0.5132522533497824
0.5132304049982003
0.5132085096177403
0.5131865670787177
0.5131645772510954
0.513142540004484
0.5131204552081396
0.513098322730962
0.5130761424414947
0.5130539142079213
0.5130316378980663
0.5130093133793923
0.5129869405189983
0.5129645191836197
0.5129420492396253
0.5129195305530164
0.5128969629894256
0.5128743464141149
0.5128516806919742
0.5128289656875202
0.5128062012648944
0.5127833872878617
0.5127605236198087
0.5127376101237434
0.5127146466622916
0.5126916330976967
0.5126685692918181
0.5126454551061291
0.5126222904017158
0.5125990750392749
0.5125758088791131
0.5125524917811445
0.5125291236048897
0.5125057042094736
0.5124822334536244
0.5124587111956713
0.5124351372935437
0.5124115116047688
0.5123878339864701
0.5123641042953664
0.5123403223877689
0.5123164881195807
0.5122926013462947
0.5122686619229917
0.512244669704339
0.512220624544588
0.512196526297574
0.5121723748167131
0.5121481699550005
0.5121239115650096
0.51209959949889
0.512075233608365
0.5120508137447312
0.5120263397588548
0.5120018115011721
0.511977228821686
0.5119525915699645
0.51192789959514
0.5119031527459058
0.5118783508705156
0.5118534938167811
0.5118285814320704
0.5118036135633056
0.5117785900569618
0.5117535107590647
0.5117283755151887
0.5117031841704549
0.5116779365695301
0.5116526325566237
0.5116272719754863
0.5116018546694083
0.511576380481217
0.5115508492532755
0.51152526082748
0.5114996150452584
0.5114739117475687
0.5114481507748956
0.5114223319672498
0.5113964551641661
0.5113705202047001
0.5113445269274272
0.5113184751704407
0.5112923647713496
0.5112661955672759
0.5112399673948529
0.5112136800902239
0.511187333489039
0.5111609274264539
0.5111344617371272
0.5111079362552186
0.5110813508143865
0.5110547052477866
0.5110279993880686
0.5110012330673752
0.5109744061173395
0.5109475183690821
0.5109205696532104
0.5108935597998152
0.5108664886384693
0.5108393559982242
0.5108121617076092
0.5107849055946286
0.5107575874867591
0.5107302072109481
0.510702764593611
0.5106752594606293
0.5106476916373482
0.510620060948574
0.5105923672185726
0.5105646102710659
0.5105367899292307
0.5105089060156955
0.5104809583525393
0.510452946761287
0.5104248710629101
0.5103967310778215
0.5103685266258746
0.510340257526361
0.5103119235980069
0.5102835246589721
0.5102550605268463
0.5102265310186476
0.5101979359508195
0.5101692751392284
0.5101405483991613
0.5101117555453235
0.5100828963918355
0.5100539707522309
0.5100249784394539
0.5099959192658562
0.5099667930431953
0.5099375995826307
0.5099083386947231
0.5098790101894297
0.5098496138761031
0.5098201495634882
0.5097906170597194
0.509761016172318
0.5097313467081895
0.5097016084736214
0.5096718012742798
0.5096419249152067
0.5096119792008182
0.5095819639349007
0.5095518789206086
0.5095217239604614
0.5094914988563415
0.50946120340949
0.5094308374205055
0.5094004006893408
0.5093698930152991
0.5093393141970323
0.5093086640325377
0.509277942319155
0.5092471488535639
0.5092162834317804
0.5091853458491546
0.5091543359003673
0.5091232533794273
0.5090920980796687
0.509060869793747
0.5090295683136369
0.5089981934306294
0.5089667449353278
0.5089352226176459
0.5089036262668041
0.5088719556713268
0.5088402106190386
0.5088083908970623
0.5087764962918147
0.508744526589004
0.5087124815736273
0.5086803610299655
0.5086481647415824
0.50861589249132
0.5085835440612958
0.5085511192328995
0.5085186177867902
0.508486039502892
0.5084533841603919
0.5084206515377363
0.5083878414126267
0.508354953562018
0.5083219877621137
0.5082889437883633
0.5082558214154589
0.5082226204173315
0.5081893405671478
0.5081559816373069
0.5081225433994367
0.5080890256243904
0.5080554280822428
0.5080217505422877
0.5079879927730333
0.5079541545421995
0.5079202356167136
0.5078862357627079
0.5078521547455144
0.507817992329663
0.507783748278877
0.507749422356069
0.5077150143233385
0.5076805239419673
0.507645950972416
0.5076112951743205
0.5075765563064879
0.5075417341268932
0.5075068283926757
0.5074718388601343
0.5074367652847246
0.5074016074210548
0.507366365022882
0.5073310378431081
0.507295625633776
0.5072601281460656
0.5072245451302909
0.5071888763358943
0.5071531215114441
0.5071172804046301
0.5070813527622593
0.5070453383302528
0.5070092368536403
0.5069730480765579
0.5069367717422423
0.506900407593028
0.5068639553703427
0.506827414814703
0.5067907856657107
0.5067540676620486
0.5067172605414754
0.5066803640408233
0.5066433778959925
0.5066063018419467
0.50656913561271
0.5065318789413619
0.5064945315600328
0.5064570931999005
0.5064195635911853
0.5063819424631458
0.5063442295440742
0.5063064245612924
0.5062685272411472
0.5062305373090068
0.5061924544892549
0.5061542785052867
0.5061160090795056
0.5060776459333168
0.5060391887871245
0.506000637360326
0.5059619913713078
0.5059232505374407
0.5058844145750762
0.5058454831995398
0.5058064561251285
0.5057673330651049
0.5057281137316927
0.5056887978360721
0.5056493850883751
0.5056098751976806
0.5055702678720094
0.5055305628183204
0.5054907597425042
0.50545085834938
0.5054108583426885
0.5053707594250896
0.5053305612981556
0.505290263662367
0.505249866217107
0.5052093686606577
0.5051687706901936
0.5051280720017779
0.5050872722903565
0.5050463712497532
0.5050053685726651
0.5049642639506564
0.5049230570741547
0.504881747632445
0.5048403353136639
0.5047988198047961
0.5047572007916674
0.5047154779589407
0.5046736509901102
0.5046317195674961
0.5045896833722396
0.504547542084297
0.5045052953824353
0.5044629429442253
0.5044204844460383
0.5043779195630382
0.504335247969179
0.504292469337196
0.504249583338603
0.5042065896436856
0.5041634879214958
0.5041202778398469
0.5040769590653066
0.5040335312631934
0.5039899940975695
0.5039463472312353
0.5039025903257243
0.5038587230412971
0.5038147450369358
0.5037706559703381
0.5037264554979113
0.5036821432747675
0.5036377189547167
0.5035931821902614
0.503548532632591
0.5035037699315756
0.5034588937357606
0.5034139036923597
0.5033687994472504
0.503323580644967
0.503278246928695
0.5032327979402652
0.5031872333201473
0.5031415527074447
0.5030957557398869
0.5030498420538251
0.5030038112842254
0.5029576630646625
0.5029113970273134
0.5028650128029518
0.5028185100209418
0.5027718883092315
0.5027251472943464
0.5026782866013836
0.5026313058540061
0.5025842046744354
0.5025369826834455
0.5024896395003571
0.5024421747430307
0.5023945880278605
0.5023468789697678
0.5022990471821945
0.5022510922770974
0.5022030138649405
0.5021548115546896
0.5021064849538055
0.502058033668237
0.5020094573024152
0.5019607554592461
0.501911927740105
0.5018629737448284
0.5018138930717091
0.5017646853174886
0.5017153500773507
0.5016658869449143
0.5016162955122279
0.5015665753697615
0.5015167261064009
0.5014667473094406
0.5014166385645771
0.5013663994559017
0.5013160295658946
0.5012655284754172
0.5012148957637056
0.5011641310083641
0.5011132337853578
0.5010622036690061
0.5010110402319756
0.5009597430452732
0.5009083116782392
0.5008567456985407
0.5008050446721637
0.5007532081634075
0.5007012357348766
0.500649126947474
0.5005968813603944
0.5005444985311174
0.5004919780153995
0.5004393193672676
0.500386522139013
0.5003335858811822
0.5002805101425714
0.500227294470219
0.500173938409398
0.5001204415036099
0.5000668032945764
0.5000130233222332
0.4999591011247221
0.49990503623838445
0.4998508281977532
0.49979647653554726
0.4997419807826623
0.4996873404681646
0.49963255511928456
0.49957762426140745
0.49952254741806845
0.49946732411094374
0.4994119538598444
0.4993564361827081
0.49930077059559286
0.49924495661266927
0.49918899374621317
0.4991328815065986
0.49907661940229037
0.49902020693983706
0.4989636436238634
0.4989069289570632
0.49885006244019225
0.49879304357206034
0.49873587184952484
0.4986785467674829
0.4986210678188645
0.4985634344946247
0.49850564628373706
0.49844770267318533
0.49838960314795744
0.49833134719103706
0.49827293428339736
0.49821436390399304
0.49815563552975317
0.49809674863557435
0.4980377026943127
0.4979784971767779
0.49791913155172435
0.49785960528584516
0.4977999178437647
0.49774006868803083
0.4976800572791086
0.4976198830753721
0.49755954553309834
0.497499044106459
0.49743837824751447
0.4973775474062052
0.4973165510303463
0.4972553885656193
0.4971940594555656
0.4971325631415787
0.4970708990628981
0.4970090666566016
0.4969470653575989
0.4968848945986236
0.49682255381022755
0.4967600424207729
0.4966973598564254
0.49663450554114796
0.4965714788966933
0.496508279342597
0.49644490629617166
0.49638135917249865
0.4963176373844225
0.49625374034254366
0.496189667455212
0.49612541812852023
0.49606099176629687
0.4959963877700998
0.4959316055392104
0.49586664447062556
0.4958015039590532
0.49573618339690373
0.4956706821742848
0.49560499967899513
0.4955391352965175
0.49547308841001303
0.49540685840031456
0.49534044464592053
0.4952738465229889
0.49520706340533127
0.4951400946644065
0.49507293966931487
0.4950055977867921
0.4949380683812037
0.49487035081453884
0.4948024444464044
0.49473434863401994
0.4946660627322115
0.49459758609340576
0.4945289180676258
0.49446005800248366
0.4943910052431767
0.49432175913248144
0.49425231901074806
0.494182684215896
0.4941128540834082
0.4940428279463259
0.49397260513524494
0.4939021849783084
0.4938315668012049
0.4937607499271608
0.4936897336769377
0.4936185173688272
0.4935471003186459
0.49347548183973156
0.4934036612429389
0.4933316378366341
0.49325941092669284
0.49318697981649423
0.4931143438069178
0.4930415021963397
0.4929684542806284
0.4928951993531416
0.49282173670472207
0.4927480656236951
0.49267418539586394
0.49260009530450766
0.49252579463037754
0.492451282651694
0.4923765586441436
0.4923016218808766
0.4922264716325043
0.4921511071670962
0.4920755277501774
0.4919997326447271
0.49192372111117577
0.4918474924074029
0.49177104578873637
0.49169438050794845
0.4916174958152569
0.49154039095832114
0.49146306518224203
0.4913855177295607
0.4913077478402569
0.4912297547517487
0.49115153769889114
0.4910730959139763
0.4909944286267322
0.4909155350643228
0.49083641445134757
0.4907570660098424
0.49067748895927865
0.49059768251656427
0.49051764589604385
0.4904373783094997
0.49035687896615276
0.4902761470726635
0.4901951818331327
0.49011398244910387
0.4900325481195644
0.4899508780409467
0.4898689714071316
0.48978682740944907
0.4897044452366821
0.4896218240750679
0.4895389631083016
0.48945586151753917
0.48937251848139995
0.4892889331759713
0.4892051047748111
0.48912103244895255
0.48903671536690735
0.4889521526946712
0.48886734359572703
0.48878228723105077
0.48869698275911616
0.48861142933589974
0.4885256261148866
0.48843957224707635
0.48835326688098857
0.48826670916266957
0.48817989823569885
0.48809283324119546
0.48800551331782543
0.48791793760180924
0.48783010522692893
0.48774201532453615
0.48765366702356056
0.48756505945051787
0.4874761917295187
0.48738706298227774
0.48729767232812216
0.48720801888400267
0.48711810176450243
0.48702792008184703
0.4869374729459153
0.4868467594642507
0.4867557787420711
0.4866645298822815
0.4865730119854851
0.4864812241499953
0.48638916547184835
0.48629683504481624
0.48620423196041934
0.48611135530794003
0.48601820417443664
0.4859247776447571
0.4858310748015541
0.48573709472529875
0.4856428364942973
0.485548299184705
0.4854534818705437
0.48535838362371675
0.48526300351402635
0.4851673406091905
0.48507139397486015
0.48497516267463747
0.4848786457700939
0.48478184232078825
0.4846847513842867
0.4845873720161812
0.48448970327010993
0.4843917441977774
0.4842934938489749
0.48419495127160217
0.4840961155116877
0.4839969856134122
0.48389756061913
0.48379783956939204
0.483697821502969
0.48359750545687585
0.48349689046639466
0.4833959755651002
0.4832947597848848
0.4831932421559837
0.48309142170700153
0.4829892974649381
0.4828868684552161
0.4827841337017077
0.48268109222676386
0.48257774305124085
0.4824740851945313
0.48237011767459165
0.4822658395079735
0.48216124970985375
0.48205634729406494
0.48195113127312733
0.48184560065828064
0.4817397544595168
0.4816335916856128
0.4815271113441645
0.48142031244162026
0.48131319398331607
0.481205754973511
0.4810979944154223
0.48098991131126206
0.48088150466227403
0.4807727734687714
0.4806637167301744
0.4805543334450487
0.48044462261114573
0.48033458322544087
0.4802242142841745
0.48011351478289377
0.4800024837164923
0.47989112007925383
0.47977942286489433
0.47966739106660516
0.47955502367709735
0.47944231968864576
0.4793292780931347
0.47921589788210334
0.47910217804679206
0.47898811757818954
0.47887371546708085
0.4787589707040949
0.4786438822797539
0.4785284491845229
0.47841267040885943
0.4782965449432658
0.4781800717783385
0.47806324990482185
0.47794607831366054
0.47782855599605284
0.4777106819435045
0.47759245514788445
0.47747387460147905
0.4773549392970491
0.4772356482278866
0.47711600038787144
0.4769959947715308
0.47687563037409664
0.47675490619156624
0.47663382122076187
0.4765123744593921
0.47639056490611287
0.4762683915605902
0.4761458534235631
0.47602294949690666
0.4758996787836975
0.47577604028827775
0.4756520330163214
0.4755276559749012
0.47540290817255426
0.4752777886193519
0.47515229632696676
0.4750264303087427
0.47490018957976493
0.47477357315693036
0.47464658005901905
0.4745192093067667
0.47439145992293724
0.47426333093239614
0.4741348213621851
0.47400593024159676
0.4738766566022507
0.4737469994781691
0.4736169579058551
0.4734865309243692
0.47335571757540873
0.47322451690338685
0.4730929279555123
0.47296094978187053
0.4728285814355042
0.4726958219724964
0.47256267045205214
0.47242912593658287
0.47229518749179034
0.472160854186751
0.472026125094002
0.4718909992896274
0.4717554758533451
0.47161955386859433
0.471483232422624
0.47134651060658206
0.4712093875156041
0.47107186224890535
0.4709339339098697
0.47079560160614375
0.4706568644497265
0.47051772155706467
0.47037817204914506
0.47023821505158886
0.4700978496947475
0.46995707511379725
0.469815890448836
0.4696742948449797
0.46953228745246056
0.4693898674267242
0.4692470339285292
0.4691037861240457
0.4689601231849557
0.46881604428855395
0.4686715486178481
0.46852663536166117
0.468381303714733
0.46823555287782387
0.4680893820578176
0.4679427904678251
0.4677957773272891
0.46764834186208937
0.4675004833046471
0.46735220089403284
0.4672034938760709
0.4670543615034476
0.4669048030358187
0.4667548177399169
0.46660440488966054
0.4664535637662621
0.4663022936583384
0.4661505938620192
0.46599846368105813
0.4658459024269431
0.4656929094190072
0.46553948398453976
0.46538562545889883
0.4652313331856222
0.4650766065165409
0.46492144481189157
0.4647658474404291
0.4646098137795407
0.4644533432153588
0.4642964351428761
0.46413908896605877
0.46398130409796134
0.46382307996084154
0.46366441598627517
0.463505311615271
0.4633457662983862
0.4631857794958423
0.46302535067764
0.4628644793236758
0.46270316492385744
0.46254140697822
0.4623792049970421
0.46221655850096227
0.4620534670210945
0.46188993009914564
0.4617259472875307
0.46156151814948965
0.46139664225920396
0.4612313192019122
0.46106554857402654
0.46089932998324923
0.460732663048688
0.4605655474009724
0.46039798268236964
0.46022996854689985
0.4600615046604521
0.4598925907008987
0.4597232263582116
0.4595534113345761
0.45938314534450553
0.45921242811495633
0.45904125938544077
0.45886963890814186
0.4586975664480259
0.4585250417829553
0.4583520647038016
0.4581786350145572
0.45800475253244766
0.45783041708804173
0.45765562852536357
0.45748038670200203
0.45730469148922026
0.4571285427720654
0.4569519404494771
0.456774884434395
0.45659737465386663
0.45641941104915373
0.4562409935758386
0.45606212220392883
0.4558827969179625
0.45570301771711186
0.45552278461528595
0.45534209764123357
0.4551609568386443
0.45497936226624897
0.45479731399791956
0.4546148121227684
0.45443185674524456
0.45424844798523323
0.45406458597814925
0.45388027087503335
0.45369550284264587
0.4535102820635592
0.45332460873625013
0.4531384830751901
0.4529519053109348
0.45276487569021245
0.45257739447601103
0.4523894619476645
0.452201078400937
0.45201224414810676
0.4518229595180481
0.4516332248563117
0.45144304052520545
0.451252406903871
0.4510613243883615
0.4508697933917166
0.45067781434403653
0.450485387692554
0.4502925139017051
0.45009919345319965
0.449905426846088
0.4497112145968271
0.44951655723934614
0.44932145532510875
0.44912590942317476
0.44892992012025956
0.4487334880207923
0.4485366137469725
0.44833929793882354
0.4481415412542467
0.44794334436907124
0.44774470797710353
0.4475456327901752
0.4473461195381873
0.44714616896915493
0.44694578184924827
0.44674495896283256
0.4465437011125054
0.4463420091191334
0.44613988382188485
0.44593732607826253
0.4457343367641323
0.4455309167737518
0.4453270670197953
0.4451227884333776
0.4449180819640751
0.4447129485799449
0.4445073892675425
0.4443014050319357
0.4440949968967179
0.44388816590401825
0.44368091311451074
0.44347323960741813
0.4432651464805184
0.44305663485014357
0.44284770585118083
0.44263836063706785
0.44242860037978854
0.4422184262698642
0.4420078395163436
0.4417968413467908
0.44158543300726955
0.4413736157623263
0.44116139089497053
0.4409487597066521
0.44073572351723705
0.44052228366498036
0.4403084415064964
0.44009419841672703
0.439879555788907
0.4396645150345273
0.4394490775832954
0.43923324488309357
0.43901701839993457
0.4388003996179141
0.4385833900391627
0.4383659911837919
0.4381482045898413
0.4379300318132208
0.4377114744276515
0.43749253402460336
0.4372732122132306
0.43705351062030456
0.43683343089014415
0.43661297468454363
0.4363921436826973
0.4361709395811231
0.4359493640935823
0.43572741895099687
0.43550510590136515
0.43528242670967393
0.43505938315780857
0.43483597704446114
0.4346122101850343
0.4343880844115447
0.43416360157252265
0.4339387635329097
0.4337135721739533
0.4334880293930996
0.4332621371038842
0.4330358972358181
0.43280931173427417
0.4325823825603695
0.4323551116908455
0.4321275011179458
0.4318995528492921
0.4316712689077561
0.43144265133133197
0.4312137021730025
0.43098442350060695
0.4307548173967035
0.4305248859584314
0.430294631297369
0.43006405553939137
0.4298331608245243
0.4296019493067967
0.42937042315409035
0.4291385845479881
0.4289064356836193
0.428673978769503
0.4284412160273895
0.4282081496920996
0.4279747820113615
0.4277411152456464
0.427507151668
0.42727289356387504
0.42703834323095974
0.4268035029790046
0.4265683751296471
0.4263329620162356
0.4260972659836502
0.42586128938812184
0.42562503459705003
0.42538850398881883
0.4251516999526102
0.42491462488821635
0.42467728120585096
0.42443967132595667
0.424201797679013
0.4239636627053418
0.42372526885491096
0.42348661858713693
0.42324771437068465
0.42300855868326825
0.42276915401144827
0.42252950285042734
0.4222896077038467
0.4220494710835783
0.4218090955095182
0.42156848350937676
0.4213276376184697
0.42108656037950465
0.42084525434237097
0.4206037220639237
0.4203619661077703
0.4201199890440538
0.4198777934492361
0.41963538190588007
0.41939275700243006
0.4191499213329929
0.4189068774971166
0.4186636280995684
0.41842017575011303
0.418176523063289
0.4179326726581851
0.4176886271582153
0.41744438919089366
0.41719996138760873
0.41695534638339693
0.4167105468167144
0.4164655653292119
0.4162204045655044
0.4159750671729439
0.4157295558013906
0.41548387310298374
0.4152380217319115
0.41499200434418254
0.4147458235973949
0.4144994821505067
0.41425298266360533
0.4140063277976777
0.4137595202143791
0.41351256257580327
0.41326545754425237
0.41301820778200465
0.4127708159510872
0.4125232847130429
0.4122756167287021
0.4120278146579521
0.41177988115950814
0.4115318188906835
0.41128363050716066
0.411035318662763
0.41078688600922647
0.41053833519597127
0.4102896688698755
0.41004088967504726
0.40979200025259876
0.40954300324042103
0.40929390127295834
0.4090446969809839
0.4087953929913756
0.40854599192689334
0.40829649640595717
0.40804690904242474
0.4077972324453713
0.40754746921886925
0.40729762196177005
0.4070476932674848
0.40679768572376884
0.4065476019125036
0.4062974444094829
0.40604721578419867
0.4057969185996274
0.40554655541201845
0.4052961287706834
0.4050456412177866
0.404795095288136
0.40454449350897664
0.40429383839978505
0.40404313247206297
0.40379237822913583
0.4035415781659496
0.40329073476887
0.40303985051548463
0.40278892787440296
0.4025379693050617
0.40228697725752843
0.40203595417230936
0.4017849024801563
0.4015338246018763
0.4012827229481435
0.4010315999193108
0.4007804579052251
0.4005292992850416
0.4002781264270432
0.40002694168845815
0.3997757474152815
0.39952454594209746
0.39927333959190353
0.39902213067593684
0.39877092149350135
0.39851971433179767
0.3982685114657535
0.39801731515785777
0.3977661276579949
0.3975149512032811
0.39726378801790346
0.3970126403129599
0.39676151028630136
0.3965104001223761
0.39625931199207554
0.3960082480525817
0.3957572104472174
0.39550620130529823
0.39525522274198505
0.3950042768581401
0.39475336574018505
0.39450249145995914
0.3942516560745819
0.39400086162631526
0.39375011014242955
0.39349940363507047
0.39324874410112853
0.39299813352211016
0.3927475738640107
0.3924970670771904
0.39224661509625025
0.3919962198399125
0.39174588321090126
0.39149560709582576
0.39124539336506486
0.39099524387265605
0.3907451604561823
0.39049514493666526
0.3902451991184575
0.389995324789137
0.3897455237194064
0.38949579766299
0.38924614835653565
0.38899657751951877
0.3887470868541463
0.3884976780452644
0.38824835276026715
0.38799911264900827
0.38774995934371304
0.3875008944588942
0.3872519195912685
0.38700303631967564
0.38675424620499854
0.38650555079008686
0.3862569515996811
0.3860084501403393
0.385760047900365
0.38551174634973806
0.3852635469400471
0.3850154511044227
0.3847674602574741
0.38451957579522617
0.3842717990950596
0.38402413151565284
0.3837765743969237
0.38352912905997566
0.3832817968070448
0.3830345789214475
0.3827874766675308
0.3825404912906259
0.38229362401700034
0.3820468760538141
0.38180024858907724
0.38155374279160836
0.3813073598109951
0.38106110077755695
0.3808149668023081
0.3805689589769247
0.3803230783737101
0.3800773260455643
0.3798317030259548
0.3795862103288876
0.37934084894888054
0.3790956198609392
0.37885052402053215
0.37860556236356935
0.3783607358063814
0.37811604524570047
0.3778714915586421
0.37762707560268943
0.3773827982156775
0.3771386602157801
0.3768946624014974
0.37665080555164504
0.37640709042534454
0.3761635177620144
0.37592008828136414
0.3756768026833869
0.37543366164835673
0.375190665836823
0.3749478158896106
0.374705112427817
0.3744625560528127
0.37422014734624365
0.37397788687003175
0.3737357751663799
0.37349381275777477
0.3732520001469943
0.3730103378171119
0.3727688262315063
0.37252746583386787
0.37228625704820956
0.3720452002788763
0.37180429591055636
0.37156354430829397
0.3713229458175016
0.3710825007639737
0.3708422094539024
0.37060207217389146
0.3703620891909728
0.37012226075262394
0.3698825870867851
0.36964306840187733
0.36940370488682145
0.36916449671105833
0.36892544402456795
0.3686865469578913
0.36844780562215085
0.368209220109073
0.3679707904910102
0.3677325168209642
0.3674943991326091
0.36725643744031555
0.3670186317391748
0.3667809820050234
0.3665434881944687
0.3663061502449132
0.36606896807458206
0.3658319415825473
0.3655950706487553
0.3653583551340537
0.36512179488021673
0.36488538970997364
0.364649139427036
0.36441304381612405
0.3641771026429952
0.3639413156544707
0.36370568257846525
0.36347020312401235
0.3632348769812941
0.36299970382166813
0.3627646832976957
0.3625298150431698
0.36229509867314197
0.3620605337839517
0.3618261199532517
0.3615918567400374
0.3613577436846734
0.3611237803089205
0.3608899661159622
0.36065630059043235
0.3604227831984413
0.36018941338760146
0.35995619058705297
0.3597231142074909
0.35949018364118773
0.35925739826202047
0.35902475742549395
0.3587922604687644
0.35855990671066396
0.3583276954517225
0.3580956259741912
0.3578636975420638
0.35763190940109785
0.35740026077883635
0.35716875088462696
0.3569373789096427
0.3567061440268997
0.3564750453912764
0.3562440821395305
0.35601325339031575
0.3557825582441993
0.3555519957836745
0.35532156507317797
0.3550912651591014
0.35486109506980534
0.3546310538156312
0.3544011403889107
0.35417135376397846
0.35394169289717947
0.3537121567268767
0.3534827441734603
0.35325345413935194
0.3530242855090103
0.35279523714893557
0.35256630790767185
0.35233749661580865
0.35210880208598194
0.3518802231128738
0.3516517584732097
0.3514234069257565
0.3511951672113171
0.35096703805272533
0.3507390181548397
0.3505111062045342
0.3502833008706889
0.3500556008041797
0.3498280046378652
0.34960051098657274
0.349373118447084
0.3491458255981179
0.34891863100031173
0.34869153319620194
0.3484645307102029
0.3482376220485833
0.34801080569944237
0.34778408013268336
0.34755744379998504
0.3473308951347735
0.3471044325521895
0.3468780544490565
0.3466517592038456
0.34642554517663865
0.34619941070909055
0.34597335412438823
0.34574737372720954
0.34552146780367826
0.34529563462131985
0.34506987242901155
0.34484417945693474
0.34461855391652135
0.34439299400040146
0.34416749788234774
0.34394206371721586
0.3437166896408864
0.34349137377020245
0.34326611420290415
0.343040909017565
0.3428157562735205
0.3425906540107998
0.3423656002500514
0.34214059299246896
0.34191563021971305
0.3416907098938322
0.34146582995718067
0.34124098833233374
0.34101618292200164
0.3407914116089403
0.34056667225585946
0.3403419627053293
0.3401172807796834
0.3398926242809215
0.3396679909906063
0.33944337866976065
0.33921878505876135
0.33899420787722956
0.33876964482392014
0.3385450935766075
0.3383205517919683
0.33809601710546316
0.3378714871312135
0.3376469594618786
0.3374224316685271
0.33719790130050753
0.33697336588531546
0.3367488229284586
0.33652426991331796
0.33629970430100775
0.3360751235302313
0.3358505250171342
0.33562590615515586
0.3354012643148776
0.33517659684386647
0.33495190106651834
0.3347271742838979
0.33450241377357404
0.33427761678945456
0.33405278056161564
0.33382790229613124
0.3336029791748974
0.33337800835545395
0.3331529869708039
0.33292791212923084
0.3327027809141097
0.3324775903837198
0.3322523375710507
0.3320270194836069
0.3318016331032099
0.33157617538579637
0.3313506432612136
0.3311250336330131
0.33089934337823984
0.3306735693472181
0.33044770836333714
0.3302217572228313
0.32999571269455763
0.32976957151977165
0.3295433304118992
0.329316986056306
0.3290905351100636
0.3288639742017138
0.32863729993102814
0.32841050886876644
0.328183597556432
0.32795656250602284
0.3277294001997821
0.327502107089944
0.3272746795984773
0.32704711411682724
0.3268194070056536
0.32659155459456635
0.3263635531818584
0.3261353990342365
0.3259070883865481
0.3256786174415089
0.32544998236942213
0.32522117930790184
0.32499220436158927
0.324763053601868
0.3245337230665779
0.32430420875972554
0.3240745066511918
0.32384461267643944
0.32361452273621566
0.3233842326962552
0.32315373838698025
0.32292303560319696
0.3226921201037928
0.3224609876114298
0.32222963381223746
0.32199805435550277
0.3217662448533586
0.3215342008804721
0.32130191797372953
0.3210693916319209
0.320836617315423
0.3206035904458806
0.3203703064058879
0.32013676053866635
0.31990294814774534
0.3196688644966375
0.31943450480851676
0.31919986426589436
0.3189649380102936
0.3187297211419257
0.31849420871936446
0.3182583957592203
0.3180222772358145
0.31778584808085425
0.3175491031831069
0.31731203738807456
0.31707464549767034
0.31683692226989263
0.3165988624185037
0.3163604606127048
0.31612171147681745
0.3158826095899604
0.3156431494857328
0.3154033256518953
0.31516313253005596
0.3149225645153544
0.3146816159561518
0.3144402811537206
0.3141985543619375
0.3139564297869791
0.3137139015870205
0.3134709638719368
0.31322761070300736
0.3129838360926248
0.31273963400400717
0.3124949983509123
0.31224992299736015
0.31200440175735533
0.3117584283946181
0.31151199662231716
0.31126510010281017
0.31101773244738734
0.3107698872160228
0.31052155791713104
0.3102727380073294
0.31002342089120777
0.30977359992110454
0.30952326839689065
0.3092724195657592
0.3090210466220256
0.30876914270693406
0.30851670090847155
0.3082637142611936
0.30801017574605616
0.307756078290259
0.30750141476709736
0.30724617799582543
0.30699036074152836
0.30673395571500744
0.3064769555726747
0.30621935291645974
0.30596114029373
0.3057023101972203
0.30544285506497953
0.30518276728032695
0.30492203917182326
0.30466066301325817
0.30439863102364806
0.3041359353672533
0.30387256815360714
0.30360852143756356
0.3033437872193593
0.3030783574446942
0.3028122240048275
0.30254537873669385
0.3022778134230349
0.30200951979255247
0.3017404895200788
0.301470714226768
0.30120018548030614
0.30092889479514456
0.30065683363275153
0.30038399340188854
0.30011036545890685
0.299835941108067
0.29956071160188386
0.299284668141493
0.29900780187704257
0.2987301039081111
0.29845156528414934
0.29817217700494864
0.2978919300211374
0.29761081523470245
0.2973288234995399
0.29704594562203385
0.29676217236166413
0.29647749443164345
0.29619190249958366
0.29590538718819465
0.2956179390760134
0.2953295486981633
0.29504020654714813
0.2947499030736785
0.2944586286875295
0.2941663737584352
0.29387312861701564
0.29357888355574085
0.2932836288299278
0.29298735465877657
0.29269005122644026
0.29239170868313424
0.29209231714628314
0.29179186670170404
0.29149034740483126
0.29118774928197755
0.29088406233163766
0.2905792765258305
0.2902733818114823
0.28996636811185145
0.28965822532799407
0.28934894334027295
0.2890385120099072
0.2887269211805662
0.28841416068000625
0.28810022032175076
0.2877850899068142
0.2874687592254705
0.28715121805906774
0.2868324561818836
0.2865124633630302
0.28619122936840297
0.28586874396267387
0.2855449969113317
0.2852199779827696
0.2848936769504153
0.2845660835949118
0.28423718770634115
0.28390697908649754
0.28357544755120356
0.28324258293267685
0.28290837508194067
0.2825728138712816
0.28223588919675413
0.2818975909807315
0.2815579091745018
0.2812168337609112
0.28087435475705225
0.2805304622169986
0.2801851462345827
0.27983839694622165
0.27949020453378415
0.27914055922750475
0.2787894513089389
0.2784368711139629
0.27808280903581606
0.27772725552818445
0.27737020110832555
0.27701163636023585
0.2766515519378557
0.276289938568315
0.2759267870552162
0.27556208828195655
0.2751958332150848
0.27482801290769504
0.2744586185028555
0.2740876412370686
0.2737150724437666
0.2733409035568372
0.2729651261141789
0.2725877317612847
0.2722087122548564
0.2718280594664423
0.2714457653860993
0.27106182212608293
0.27067622192455276
0.27028895714930423
0.2699000203015156
0.26950940401951295
0.269117101082552
0.26872310441461184
0.2683274070882014
0.26793000232817665
0.2675308835155655
0.2671300441913987
0.2667274780605465
0.26632317899555547
0.26591714104048925
0.26550935841476436
0.26509982551698336
0.2646885369287622
0.26427548741855067
0.26386067194543933
0.26344408566295785
0.2630257239228546
0.2626055822788629
0.2621836564904437
0.2617599425265101
0.2613344365691255
0.2609071350171753
0.26047803449000934
0.26004713183105416
0.25961442411138946
0.25917990863328855
0.2587435829337204
0.2583054447878098
0.2578654922122526
0.25742372346868636
0.2569801370670092
0.25653473176865027
0.2560875065897834
0.25563846080448505
0.25518759394783386
0.2547349058189464
0.254280396483953
0.2538240662789013
0.25336591581259504
0.25290594596936056
0.25244415791173813
0.25198055308309786
0.25151513321017704
0.2510479003055365
0.250578856669933
0.25010800489460777
0.24963534786348512
0.24916088875528297
0.24868463104553082
0.24820657850849318
0.2477267352189967
0.24724510555416035
0.24676169419502464
0.24627650612807864
0.2457895466466833
0.24530082135239062
0.24481033615615355
0.24431809727942783
0.2438241112551647
0.24332838492868877
0.24283092545846624
0.24233174031675395
0.24183083729013716
0.24132822447994698
0.24082391030256037
0.24031790348958063
0.23981021308789793
0.23930084845962835
0.23878981928193116
0.23827713554670246
0.23776280756014714
0.23724684594222473
0.23672926162597355
0.2362100658567074
0.23568927019108876
0.23516688649607725
0.23464292694775124
0.23411740403000525
0.23359033053312148
0.23306171955221786
0.23253158448556832
0.23199993903280183
0.2314667971929754
0.23093217326252372
0.2303960818330878
0.2298585377892184
0.22931955630596168
0.22877915284632086
0.22823734315860206
0.22769414327363843
0.22714956950189932
0.22660363843048192
0.22605636691999087
0.22550777210129985
0.22495787137220724
0.2244066823939769
0.22385422308777259
0.2233005116309852
0.22274556645345484
0.22218940623359024
0.22163204989438562
0.22107351659933977
0.22051382574827746
0.21995299697307558
0.21939105013329788
0.2188280053117359
0.2182638828098668
0.21769870314322062
0.21713248703666693
0.21656525541961982
0.21599702942116547
0.215427830365112
0.21485767976496922
0.21428659931885538
0.2137146109043379
0.21314173657320917
0.212567998546199
0.21199341920763048
0.21141802110001612
0.21084182691860404
0.21026485950587112
0.20968714184597048
0.20910869705913182
0.20852954839602406
0.20794971923207584
0.2073692330617621
0.20678811349285836
0.2062063842406651
0.20562406912220493
0.2050411920503983
0.20445777702821694
0.2038738481428213
0.20328942955968254
0.20270454551669506
0.2021192203182789
0.20153347832947824
0.20094734397005704
0.2003608417085959
0.19977399605659235
0.19918683156256836
0.19859937280618659
0.19801164439237942
0.19742367094549446
0.19683547710345636
0.19624708751195125
0.19565852681863427
0.1950698196673628
0.19448099069246086
0.19389206451301383
0.19330306572719738
0.19271401890664536
0.1921249485908546
0.19153587928163476
0.19094683543759983
0.19035784146870816
0.18976892173085183
0.18918010052049616
0.18859140206937453
0.18800285053923838
0.1874144700166643
0.186826284507924
0.1862383179339124
0.18565059412514395
0.1850631368168109
0.184475969643913
0.18388911613645437
0.18330259971471213
0.18271644368457818
0.18213067123297524
0.18154530542334962
0.18096036919123984
0.18037588533992555
0.1797918765361558
0.1792083653059599
0.1786253740305382
0.17804292494223975
0.17746104012062355
0.17687974148860436
0.1762990508086869
0.17571898967928698
0.17513957953114104
0.1745608416238051
0.1739827970422433
0.17340546669350626
0.1728288713035019
0.17225303141385623
0.17167796737886706
0.17110369936254877
0.1705302473357716
0.16995763107349118
0.16938587015207332
0.16881498394670988
0.16824499162892975
0.16767591216420105
0.1671077643096276
0.16654056661173852
0.1659743374043693
0.16540909480663704
0.1648448567210063
0.16428164083144897
0.16371946460169368
0.16315834527356804
0.16259829986543028
0.16203934517069196
0.16148149775643003
0.1609247739620875
0.16036918989826343
0.15981476144558898
0.15926150425369237
0.15870943374024826
0.15815856509011297
0.15760891325454476
0.1570604929505065
0.15651331866005264
0.1559674046297958
0.15542276487045548
0.15487941315648618
0.15433736302578405
0.15379662777947006
0.15325722048175244
0.15271915395986008
0.1521824408040542
0.15164709336771082
0.1511131237674747
0.15058054388348574
0.15004936535967206
0.14951959960411346
0.1489912577894703
0.14846435085347837
0.1479388894995075
0.14741488419718335
0.14689234518307137
0.14637128246141923
0.1458517058049602
0.14533362475577197
0.1448170486261935
0.14430198649979595
0.14378844723240547
0.14327643945318136
0.14276597156574183
0.14225705174934059
0.14174968796009102
0.14124388793223708
0.1407396591794687
0.1402370089962825
0.13973594445938298
0.13923647242912646
0.1387385995510041
0.13824233225716331
0.13774767676796618
0.13725463909358387
0.13676322503562505
0.1362734401887984
0.135785289942605
0.13529877948306326
0.13481391379446206
0.13433069766114125
0.133849135669301
0.13336923220883345
0.1328909914751815
0.13241441747121888
0.1319395140091523
0.13146628471244548
0.13099473301775966
0.13052486217691658
0.1300566752588747
0.1295901751517239
0.12912536456469403
0.12866224603017762
0.12820082190576573
0.12774109437629472
0.12728306545590456
0.1268267369901062
0.1263721106578578
0.12591918797364932
0.12546797028959258
0.12501845879751838
0.12457065453107802
0.12412455836784875
0.12368017103144283
0.12323749309361738
0.12279652497638846
0.122357266954143
0.12191971915575184
0.12148388156668191
0.12104975403110611
0.12061733625401103
0.12018662780330217
0.11975762811190342
0.11933033647985392
0.11890475207639903
0.11848087394207436
0.11805870099078566
0.11763823201187838
0.11721946567220329
0.11680240051816995
0.11638703497779473
0.11597336736273745
0.11556139587032821
0.11515111858558535
0.11474253348322086
0.11433563842963537
0.11393043118490095
0.11352690940473277
0.1131250706424464
0.1127249123509039
0.11232643188444508
0.11192962650080629
0.1115344933630244
0.11114102954132607
0.11074923201500306
0.11035909767427272
0.10997062332212187
0.10958380567613638
0.10919864137031418
0.10881512695686288
0.10843325890797988
0.10805303361761776
0.1076744474032311
0.10729749650750746
0.10692217710008146
0.10654848527923032
0.1061764170735538
0.10580596844363441
0.10543713528368295
0.10506991342316259
0.10470429862839829
0.10434028660416611
0.10397787299526566
0.10361705338807362
0.10325782331207951
0.10290017824140286
0.10254411359629248
0.10218962474460691
0.10183670700327661
0.10148535563974789
0.1011355658734083
0.10078733287699361
0.10044065177797652
0.10009551765993618
0.09975192556391095
0.09940987048973098
0.09906934739733354
0.09873035120805959
0.098392876805933
0.09805691903891982
0.09772247272017122
0.09738953262924742
0.09705809351332394
0.09672815008837932
0.09639969704036587
0.09607272902636244
0.09574724067570906
0.0954232265911241
0.09510068134980468
0.0947795995045089
0.09445997558462067
0.09414180409719919
0.0938250795280078
0.09350979634253051
0.09319594898696769
0.09288353188921755
0.09257253945983968
0.09226296609300327
0.0919548061674186
0.09164805404725167
0.0913427040830245
0.09103875061249747
0.09073618796153772
0.0904350104449712
0.090135212367419
0.08983678802411893
0.08953973170173221
0.08924403767913364
0.0889497002281894
0.08865671361451771
0.08836507209823667
0.08807476993469658
0.08778580137519942
0.08749816066770241
0.08721184205750931
0.08692683978794732
0.08664314810103038
0.08636076123810854
0.08607967344050589
0.08579987895014252
0.08552137201014637
0.08524414686545041
0.08496819776337781
0.08469351895421531
0.08442010469177241
0.0841479492339311
0.08387704684318063
0.0836073917871434
0.08333897833908649
0.08307180077842337
0.082805853391204
0.08254113047059329
0.0822776263173388
0.08201533524022711
0.08175425155653059
0.08149436959244197
0.08123568368350008
0.08097818817500396
0.08072187742241778
0.08046674579176538
0.08021278766001527
0.07995999741545495
0.07970836945805773
0.07945789819983784
0.07920857806519774
0.07896040349126643
0.07871336892822751
0.07846746883964
0.07822269770274948
0.07797905000879071
0.07773652026328295
0.07749510298631518
0.07725479271282501
0.07701558399286844
0.07677747139188218
0.07654044949093874
0.07630451288699229
0.07606965619311953
0.075835874038751
0.07560316106989605
0.07537151194936124
0.07514092135696103
0.07491138398972189
0.0746828945620798
0.07445544780607063
0.07422903847151514
0.0740036613261966
0.07377931115603242
0.07355598276524004
0.07333367097649622
0.07311237063109066
0.07289207658907441
0.07267278372940172
0.07245448695006648
0.0722371811682336
0.0720208613203647
0.07180552236233892
0.07159115926956777
0.0713777670371056
0.07116534067975519
0.07095387523216784
0.07074336574893943
0.0705338073047008
0.07032519499420492
0.0701175239324084
0.06991078925454904
0.06970498611621914
0.06950010969343448
0.06929615518269938
0.0690931178010672
0.0688909927861974
0.06868977539640847
0.06848946091072732
0.06829004462893443
0.06809152187160572
0.06789388798015134
0.06769713831684962
0.06750126826487927
0.06730627322834676
0.06711214863231187
0.06691888992280849
0.06672649256686383
0.06653495205251372
0.06634426388881429
0.06615442360585289
0.0659654267547542
0.06577726890768365
0.06558994565784979
0.06540345261950206
0.0652177854279272
0.06503293973944269
0.06484891123138792
0.06466569560211224
0.06448328857096242
0.0643016858782656
0.06412088328531164
0.0639408765743324
0.06376166154847981
0.06358323403180073
0.06340558986921047
0.06322872492646449
0.06305263509012797
0.06287731626754312
0.06270276438679534
0.06252897539667765
0.06235594526665203
0.06218366998681147
0.0620121455678382
0.06184136804096134
0.061671333457913216
0.0615020378908835
0.06133347743247228
0.061165648195641964
0.06099854631366724
0.060832167940084045
0.060666509248637396
0.06050156643322742
0.06033733570785496
0.060173813306565245
0.06001099548339078
0.059848878512293285
0.059687458687104
0.05952673232146356
0.0593666957487608
0.059207345322069914
0.059048677414087765
0.058890688417069
0.05873337474276165
0.058576732822340855
0.05842075910634216
0.05826545006459412
0.05811080218614974
0.057956811979217954
0.05780347597109342
0.05765079070808631
0.05749875275545133
0.057347358697316005
0.057196605136608375
0.05704648869498416
0.05689700601275331
0.05674815374880632
0.05659992858053922
0.05645232720377964
0.05630534633271038
0.056158982699793976
0.05601323305569687
0.05586809416921219
0.05572356282718319
0.05557963583442536
0.05543631001364942
0.05529358220538269
0.0551514492678909
0.05500990807709984
0.05486895552651617
0.054728588527148514
0.054588804007427896
0.05444959891312842
0.054310970207287236
0.05417291487012496
0.05403542989896495
0.053898512308153707
0.053762159128979956
0.05362636740959442
0.05349113421492904
0.05335645662661628
0.05322233174290827
0.053088756678595896
0.05295572856492807
0.05282324454953016
0.05269130179632381
0.05255989748544521
0.052429028813164275
0.052298692991803605
0.05216888724965745
0.05203960883091072
0.051910854995557885
0.05178262301932193
0.05165491019357414
0.05152771382525214
0.05140103123678026
0.051274859765988154
0.05114919676603047
0.05102403960530646
0.05089938566737935
0.05077523235089628
0.05065157706950816
0.05052841725178965
0.0504057503411591
0.0502835737957993
0.05016188508857736
0.050040681706965524
0.04991996115296223
