1.9558853717882059
2.2522394132600243
2.1901069019287323
2.137474540840244
2.1112023100917074
2.0963030524737842
2.0855050343798984
2.076330988432614
2.067999842401465
2.060247623706874
2.0529713905686093
2.04612474768071
2.0396841227333207
2.033636078271324
2.02797184137104
2.022684728585496
2.017768863708101
2.0132185050239926
2.0090276680595918
2.005189895848684
2.0016981068879423
1.9985444880060217
1.9957204167235671
1.9932164056316657
1.9910220648516592
1.9891260801496573
1.9875162048880286
1.9861792642195153
1.9851011699983863
1.984266944897639
1.9836607542242137
1.9832659439329292
1.9830650833614467
1.983040011246042
1.9831718836325753
1.9834412223696822
1.9838279629624318
1.9843115006750636
1.9848707339014624
1.9854841039723623
1.9861296307394554
1.986784943469429
1.9874273067962223
1.9880336417184556
1.988580541892054
1.989044285756468
1.9894008453473213
1.98962589298887
1.9896948074253822
1.9895826813387703
1.9892643326051564
1.9887143220565706
1.987906980921486
1.9868164514988231
1.9854167449457343
1.9836818202917468
1.981585688882355
1.9791025483450904
1.976206949792898
1.9728740012605934
1.9690796092388263
1.9648007585663148
1.9600158288300833
1.9547049428117058
1.9488503394721217
1.9424367606329243
1.9354518371219491
1.9278864570296725
1.9197350962694981
1.9109960902876075
1.901671825946404
1.891768834636799
1.881297771712377
1.8702732732936838
1.8587136889913118
1.8466406974950584
1.8340788204152196
1.8210548572888872
1.807597270382071
1.7937355511385642
1.7794996004877264
1.7649191527535182
1.7500232680086607
1.7348399110857358
1.7193956279486091
1.703715322616383
1.68782213107747
1.671737383186657
1.6554806397086321
1.639069789520725
1.6225211913785418
1.6058498453053955
1.5890695802428891
1.572193246736109
1.55523290579564
1.5382000074141902
1.521105554326027
1.5039602483655266
1.4867746181559647
1.4695591278439986
1.452324267229872
1.4350806239928051
1.4178389388502985
1.4006101444941903
1.3834053890828668
1.3662360449929174
1.3491137034851237
1.3320501559436422
1.3150573624142918
1.2981474082962252
1.2813324502197425
1.2646246523535758
1.248036114605978
1.2315787943925773
1.215264423818851
1.1991044242481033
1.1831098202837904
1.1672911551802174
1.1516584096063962
1.136220925528339
1.1209873367542482
1.105965507417997
1.0911624793744434
1.0765844291620954
1.0622366348707382
1.048123452948771
1.0342483047094693
1.0206136720568655
1.007221101756487
0.9940712174271072
0.9811637383270306
0.9684975039502817
0.9560705034304599
0.9438799087677814
0.9319221109423554
0.9201927580480248
0.9086867946705304
0.8973985018361985
0.886321536968248
0.8754489734035925
0.8647733391405457
0.8542866546050801
0.8439804693384071
0.8338458976206116
0.8238736531529736
0.8140540830247318
0.8043772012877498
0.794832722553951
0.7854100961142833
0.7760985411527889
0.7668870836928166
0.7577645959616537
0.7487198388912475
0.7397415084819315
0.7308182867381232
0.7219388978345477
0.7130921700829633
0.7042671041375218
0.6954529476972716
0.6866392767343061
0.6778160829950732
0.6689738671935055
0.6601037369446703
0.6511975080883673
0.6422478076401772
0.6332481762046497
0.6241931673175858
0.6150784408806489
0.6059008476417742
0.5966585015872311
0.5873508371693683
0.5779786485140038
0.5685441081387449
0.5590507632615611
0.5495035084679325
0.5399085343024304
0.5302732522138315
0.5206061971613801
0.5109169100304799
0.5012158027571121
0.4915140096763038
0.48182322905579694
0.47215555902950174
0.46252333219858116
0.45293895302762893
0.4434147418488888
0.4339627888284373
0.4245948206815965
0.4153220822906517
0.40615523471644877
0.39710427044371666
0.38817844608968155
0.37938623226151763
0.3707352797874778
0.3622324011788103
0.3538835659072972
0.3456939079033132
0.3376677435838822
0.32980859869847223
0.3221192423195942
0.3146017263923402
0.30725742937902806
0.3000871026801143
0.2930909186702307
0.2862685193499121
0.2796190647724707
0.27314128055645176
0.26683350393360006
0.26069372790811
0.2547196432140005
0.24890867785355578
0.24325803408132635
0.23776472276606464
0.2324255951183643
0.22723737181599318
0.22219666959335427
0.21730002538752213
0.21254391815219287
0.20792478846382995
0.20343905605234897
0.19908313539282355
0.1948534494956818
0.19074644203143665
0.1867585879226921
0.18288640253151073
0.17912644956457083
0.1754753478122453
0.1719297768310186
0.16848648167175065
0.16514227674934168
0.16189404894246504
0.15873876000533801
0.15567344836700556
0.1526952303874229
0.14980130113373277
0.14698893473457442
0.14425548436504526
0.14159838191005586
0.13901513734928564
0.13650333790273614
0.13406064697198625
0.13168480290867457
0.12937361763843955
0.12712497516553026
0.12493682998054438
0.12280720539123285
0.12073419179402645
0.11871594490185601
0.11675068394196479
0.11483668983570196
0.11297230337075788
0.11115592337492004
0.10938600489918529
0.10766105741695323
0.10597964304503395
0.10434037479130964
0.102741914833109
0.10118297282963658
0.09966230427119623
0.09817870886738013
0.09673102897592356
0.09531814807349452
0.09393898926931457
0.09259251386218507
0.0912777199412114
0.08999364103026604
0.08873934477603587
0.08751393167930348
0.08631653386896984
0.0851463139181955
0.08400246370192685
0.08288420329498927
0.08179077990985284
0.08072146687312415
0.07967556263976833
0.07865238984403489
0.07765129438603552
0.07667164455290819
0.0757128301734951
0.07477426180545546
0.07385536995374464
0.07295560431939722
0.07207443307755985
0.0712113421837429
0.07036583470727217
0.06953743019094805
0.06872566403593451
0.06793008691093365
0.06715026418471977
0.06638577538113347
0.06563621365566721
0.0649011852927955
0.06418030922323163
0.06347321656032229
0.06277955015481365
0.06209896416725386
0.06143112365731763
0.06077570418937325
0.06013239145362565
0.05950088090220605
0.05888087739959405
0.0582720948867871
0.05767425605865225
0.057087092053918244
0.056510342157289055
0.05594375351317773
0.05538708085058342
0.054840086218651295
0.054302538732474856
0.053774214328718255
0.05325489553065451
0.05274437122223022
0.05224243643078812
0.05174889211808739
0.05126354497928358
0.050786207249541124
0.05031669651796478
0.04985483554855016
