0.4867491286558312
0.5242302880554003
0.5226198438044792
0.5245106655286247
0.5252250191715719
0.5230208203152795
0.5213494166079221
0.5212854112243537
0.5214614343347443
0.5216627430460679
0.5220440447769532
0.5220849461515087
0.521645286210798
0.5212008458269692
0.5210250769248888
0.5210302914207583
0.5211063451233929
0.5211669248502927
0.5211182843135251
0.5209596199868184
0.520784674090782
0.5206664330338758
0.5206092438909456
0.520581388655377
0.520545086162586
0.520475267445671
0.5203745799741502
0.5202664304535047
0.5201716431443805
0.5200948991622405
0.5200277379222626
0.5199579301773766
0.5198778096341343
0.519788030305861
0.5196949759024854
0.5196047891622433
0.5195193745895534
0.5194365158943124
0.5193525307847728
0.5192650152577416
0.5191740213581191
0.5190813231056091
0.5189887494246233
0.5188969734798103
0.5188054227673453
0.5187130136343238
0.5186189918082169
0.5185233182199331
0.5184264825561449
0.51832902778345
0.5182311802451962
0.5181327946568351
0.5180335546838933
0.5179332240815504
0.5178317727480999
0.5177293332424779
0.517626065241605
0.517522042582221
0.5174172291726876
0.517311532912707
0.5172048798300635
0.5170972548334056
0.5169886926986458
0.5168792397190272
0.5167689193508961
0.5166577227826042
0.5165456231115704
0.5164325970252354
0.5163186378278122
0.5162037539842416
0.5160879583765836
0.5159712579048507
0.5158536499978036
0.5157351262178231
0.5156156785338999
0.5154953034332105
0.5153740018562649
0.5152517762159396
0.5151286272595321
0.5150045528182343
0.5148795486734725
0.5147536103446017
0.5146267343657762
0.5144989183711481
0.5143701602729694
0.5142404573147804
0.5141098056311871
0.5139782004351654
0.5138456365168922
0.5137121086328078
0.5135776115591524
0.5134421398664125
0.5133056876337168
0.5131682482965584
0.5130298146794123
0.5128903791319148
0.5127499336456323
0.512608469877695
0.5124659790893072
0.5123224520595321
0.5121778790329343
0.5120322497208529
0.5118855533359776
0.5117377786245262
0.5115889138721776
0.5114389468833775
0.511287864950292
0.5111356548288952
0.5109823027292253
0.5108277943148637
0.5106721147012627
0.5105152484452452
0.5103571795246702
0.5101978913125083
0.5100373665504592
0.5098755873244848
0.5097125350410969
0.5095481904013954
0.5093825333704197
0.5092155431412623
0.509047198095052
0.5088774757583229
0.5087063527585955
0.5085338047779593
0.5083598065038455
0.5081843315762788
0.5080073525314389
0.5078288407418726
0.5076487663538672
0.5074670982223256
0.5072838038431781
0.5070988492831694
0.5069121991068671
0.5067238163008807
0.506533662195434
0.5063416963834856
0.5061478766375387
0.5059521588241868
0.5057544968163602
0.5055548424032243
0.505353145197703
0.505149352541638
0.5049434094085848
0.5047352583042315
0.504524839164362
0.5043120892502615
0.5040969430414219
0.5038793321254036
0.503659185084696
0.5034364273804062
0.5032109812325773
0.5029827654969092
0.5027516955376247
0.5025176830962019
0.5022806361556773
0.502040458800202
0.5017970510695313
0.5015503088080892
0.5013001235082524
0.5010463821474651
0.50078896701879
0.5005277555544919
0.500262620142236
0.499993427933481
0.4997200406436416
0.4994423143435868
0.4991600992420429
0.4988732394584706
0.49858157278599
0.49828493044393146
0.49798313681960915
0.4976760091989169
0.49736335748537286
0.49704498390725294
0.49672068271248654
0.4963902398510096
0.4960534326443175
0.49571002944199327
0.4953597892650444
0.4950024614359342
0.49463778519526225
0.4942654893051267
0.49388529163928874
0.4934968987603593
0.4931000054843484
0.49269429443304724
0.4922794355748658
0.4918550857549217
0.49142088821537006
0.49097647210719225
0.4905214519949055
0.4900554273559507
0.4895779820768273
0.4890886839484176
0.4885870841633415
0.48807271681864384
0.48754509842762794
0.48700372744521647
0.48644808381185217
0.4858776285216539
0.48529180322131504
0.4846900298470788
0.4840717103080555
0.4834362262251535
0.48278293873599154
0.4821111883773333
0.481420295057835
0.4807095581352302
0.47997825661346005
0.4792256494767004
0.4784509761787096
0.47765345730739955
0.47683229544599154
0.47598667625351077
0.47511576978866066
0.4742187321022397
0.4732947071241485
0.4723428288716223
0.4713622240055051
0.4703520147610844
0.4693113222790977
0.4682392703609273
0.46713498966954803
0.4659976223944362
0.46482632739419383
0.46362028582504805
0.46237870725652425
0.46110083626739895
0.45978595950548873
0.4584334131839175
0.45704259097427963
0.45561295224370274
0.4541440305683815
0.4526354424409785
0.4510868960736909
0.4494982001832093
0.4478692726287458
0.44620014876036657
0.4444909893226871
0.44274208774926566
0.4409538766764672
0.4391269335028751
0.4372619848221245
0.4353599095638829
0.43342174068997996
0.43144866531062703
0.42944202310922885
0.42740330299318596
0.4253341379217803
0.4232362978998574
0.42111168116647324
0.4189623036496227
0.41679028680009944
0.4145978439578594
0.412387265441348
0.4101609025825835
0.40792115095700243
0.40567043307608364
0.4034111808217781
0.40114581790442966
0.39887674262011463
0.39660631116960654
0.39433682178017226
0.39207049984421133
0.38980948425662176
0.3875558150971401
0.3853114227662499
0.3830781186450414
0.38085758731200453
0.37865138031435036
0.37646091145907623
0.37428745356039833
0.37213213655587424
0.3699959468838231
0.3678797279995777
0.3657841818975482
0.3637098714997385
0.361657223768846
0.3596265334048804
0.3576179669878399
0.35563156743481
0.3536672586473805
0.3517248502339763
0.3498040422011202
0.3479044295173669
0.34602550646333696
0.3441666706906238
0.34232722692115963
0.3405063902266983
0.33870328883532214
0.3369169664182196
0.33514638381538553
0.3333904201633802
0.33164787339187446
0.32991746005848394
0.32819781449344454
0.32648748722710824
0.32478494267421343
0.3230885560495407
0.3213966094901461
0.31970728736007553
0.3180186707146256
0.31632873090315394
0.31463532229260205
0.3129361740987685
0.31122888131960064
0.3095108947751229
0.3077795102730023
0.3060318569383128
0.30426488477214714
0.3024753515379549
0.3006598091188015
0.298814589545365
0.2969357909660214
0.2950192639196472
0.2930605983819205
0.2910551121900166
0.28899784161157216
0.2868835350137169
0.28470665080744834
0.2824613610896359
0.2801415626733043
0.27774089747433467
0.2752527844884741
0.2726704658146356
0.2699870693131919
0.26719569047039865
0.26428949579669403
0.26126184953133097
0.25810646447218244
0.2548175763276203
0.25139013906833974
0.24782003638391537
0.24410430166711045
0.2402413362277032
0.23623111306826503
0.23207535201339474
0.2277776517525738
0.2233435658040717
0.2187806126606946
0.21409821522341685
0.2093075704845917
0.20442145641992368
0.19945398821399934
0.19442033943632056
0.1893364451102107
0.18421870275046945
0.17908368481147424
0.17394787231443848
0.1688274155299438
0.16373792418159733
0.15869428715312547
0.15371052026631526
0.14879964023118059
0.1439735630660472
0.13924302580034567
0.13461753079920286
0.13010531237314088
0.12571332535920582
0.12144725508521803
0.11731154763258145
0.11330945870718179
0.10944311882793387
0.10571361204433169
0.10212106506178337
0.09866474351543132
0.09534315218748415
0.09215413618449156
0.08909498044005414
0.08616250534013592
0.08335315673861989
0.08066308910201643
0.07808824096475304
0.07562440226975349
0.07326727350128814
0.07101251678381895
0.06885579932293398
0.06679282970757278
0.06481938768404615
0.06293134806047744
0.06112469941398356
0.0593955582604399
0.057740179315385096
0.056154962430760916
0.05463645674084856
0.05318136249593422
0.0517865310069128
0.050448963070368474
0.04916580619309237
