2.3368156938122002
2.2559468421975652
2.1480569290439844
2.2779724629997866
2.3052901859624866
2.0791833033410176
2.1721918394777497
2.059504027444099
2.328285939051705
2.1574600463676146
2.14825983644422
2.1622435044320976
2.2573987970655454
2.4428024324466024
2.0853563084235245
2.2473053426253906
2.083053430300205
2.255236045433376
2.355633892964607
1.9709346787906117
2.2153838494250664
2.032608306190087
2.2309347888357283
2.3485634926735273
1.9119237702370746
2.141684150149329
1.921337276001596
2.174649003551932
2.172768902899021
1.627736245254097
1.8364633905052254
1.5735805307201645
1.8396874648199888
1.4286662717022414
1.310143424356545
1.3709031757606418
1.14684228042394
1.123918073943774
0.9585452642240453
1.0648220956255958
0.9538701255414475
0.8985443059268898
0.6796739878246436
0.6158128181720788
0.4120213495167631
0.3179495214579735
0.20517646426443778
0.12463454408883887
0.08947670440967856
0.06829486334567007
0.052030043359074914
0.04062610335755319
