0.4942897068321429
0.5418072041008459
0.5390761782005546
0.5368794917419953
0.5353060864001674
0.5341829619815335
0.533380801558207
0.5328056002728714
0.5323899644141579
0.5320860499619853
0.5318601282376002
0.5316885404334815
0.5315547513697502
0.531447235371223
0.5313579746310495
0.5312814001649115
0.5312136486381454
0.5311520427139236
0.5310947286344818
0.5310404239429237
0.5309882421264185
0.5309375708636631
0.5308879875672482
0.5308392008419613
0.5307910099345876
0.5307432766641206
0.5306959060036939
0.5306488326565363
0.5306020117823568
0.5305554125960222
0.5305090139528703
0.5304628013072645
0.53041676461975
0.530370896919
0.5303251933153501
0.5302796503254807
0.5302342654112249
0.5301890366655437
0.5301439625994739
0.5300990419982294
0.5300542738245435
0.5300096571542016
0.5299651911334223
0.5299208749510136
0.5298767078204596
0.5298326889686431
0.5297888176289604
0.529745093037313
0.5297015144299555
0.5296580810425165
0.5296147921097397
0.529571646865648
0.5295286445439367
0.5294857843784768
0.5294430656038498
0.5294004874558682
0.5293580491720625
0.5293157499921153
0.529273589158244
0.5292315659155283
0.5291896795121902
0.5291479291998269
0.5291063142336023
0.5290648338724062
0.5290234873789808
0.5289822740200212
0.5289411930662549
0.5289002437925026
0.528859425477722
0.5288187374050408
0.5287781788617761
0.5287377491394475
0.5286974475337812
0.5286572733447082
0.5286172258763576
0.5285773044370468
0.5285375083392652
0.5284978368996596
0.5284582894390136
0.5284188652822276
0.5283795637582956
0.5283403842002826
0.5283013259452995
0.5282623883344781
0.5282235707129463
0.5281848724298015
0.5281462928380841
0.5281078312947514
0.5280694871606513
0.5280312598004948
0.5279931485828302
0.5279551528800162
0.5279172720681948
0.527879505527266
0.5278418526408605
0.5278043127963136
0.5277668853846395
0.5277295698005051
0.5276923654422048
0.5276552717116334
0.5276182880142631
0.5275814137591159
0.5275446483587399
0.5275079912291845
0.5274714417899748
0.5274349994640886
0.5273986636779302
0.5273624338613083
0.5273263094474105
0.5272902898727807
0.5272543745772942
0.5272185630041368
0.5271828545997788
0.5271472488139536
0.5271117450996348
0.5270763429130132
0.5270410417134754
0.5270058409635795
0.5269707401290347
0.5269357386786793
0.5269008360844585
0.5268660318214025
0.5268313253676058
0.5267967162042064
0.5267622038153633
0.5267277876882366
0.5266934673129668
0.5266592421826543
0.5266251117933379
0.5265910756439767
0.5265571332364275
0.5265232840754273
0.5264895276685716
0.5264558635262961
0.5264222911618566
0.5263888100913097
0.526355419833494
0.5263221199100111
0.5262889098452062
0.5262557891661502
0.5262227574026204
0.5261898140870827
0.5261569587546727
0.5261241909431784
0.5260915101930213
0.5260589160472393
0.5260264080514685
0.5259939857539259
0.5259616487053919
0.525929396459193
0.5258972285711847
0.525865144599734
0.5258331441057031
0.5258012266524327
0.5257693918057245
0.5257376391338257
0.5257059682074114
0.52567437859957
0.5256428698857855
0.525611441643922
0.5255800934542084
0.5255488248992216
0.5255176355638715
0.5254865250353852
0.5254554929032919
0.525424538759407
0.5253936621978175
0.525362862814867
0.5253321402091394
0.525301493981446
0.5252709237348097
0.5252404290744495
0.5252100096077681
0.5251796649443361
0.5251493946958772
0.5251191984762558
0.525089075901461
0.5250590265895937
0.5250290501608523
0.5249991462375196
0.5249693144439482
0.5249395544065469
0.5249098657537683
0.5248802481160946
0.5248507011260239
0.5248212244180583
0.52479181762869
0.524762480396388
0.5247332123615854
0.5247040131666681
0.5246748824559591
0.5246458198757086
0.5246168250740804
0.5245878977011393
0.5245590374088391
0.52453024385101
0.5245015166833471
0.5244728555633976
0.524444260150549
0.5244157301060178
0.5243872650928366
0.5243588647758437
0.52433052882167
0.5243022568987283
0.5242740486772025
0.5242459038290344
0.5242178220279137
0.5241898029492668
0.524161846270245
0.5241339516697139
0.5241061188282419
0.5240783474280902
0.5240506371532012
0.5240229876891876
0.5239953987233226
0.5239678699445285
0.523940401043366
0.5239129917120253
0.5238856416443135
0.523858350535646
0.5238311180830353
0.5238039439850817
0.523776827941962
0.5237497696554209
0.5237227688287598
0.5236958251668277
0.5236689383760113
0.5236421081642244
0.5236153342409
0.523588616316979
0.523561954104901
0.5235353473185959
0.5235087956734729
0.5234822988864125
0.5234558566757568
0.5234294687612995
0.5234031348642783
0.5233768547073642
0.5233506280146536
0.5233244545116591
0.5232983339253001
0.523272265983895
0.5232462504171507
0.523220286956156
0.5231943753333712
0.5231685152826204
0.5231427065390832
0.5231169488392854
0.5230912419210905
0.5230655855236928
0.5230399793876076
0.5230144232546631
0.5229889168679931
0.5229634599720283
0.5229380523124878
0.5229126936363722
0.5228873836919543
0.522862122228772
0.5228369089976208
0.5228117437505446
0.5227866262408294
0.5227615562229947
0.5227365334527864
0.5227115576871686
0.5226866286843166
0.5226617462036091
0.5226369100056207
0.5226121198521155
0.5225873755060373
0.5225626767315052
0.5225380232938044
0.5225134149593802
0.522488851495829
0.5224643326718941
0.5224398582574558
0.5224154280235258
0.5223910417422407
0.5223666991868533
0.5223424001317277
0.522318144352331
0.5222939316252272
0.5222697617280707
0.5222456344395987
0.5222215495396256
0.5221975068090355
0.5221735060297765
0.5221495469848529
0.5221256294583203
0.5221017532352779
0.5220779181018628
0.5220541238452432
0.5220303702536127
0.5220066571161834
0.5219829842231796
0.5219593513658327
0.5219357583363733
0.5219122049280268
0.5218886909350066
0.5218652161525072
0.5218417803767004
0.5218183834047265
0.5217950250346913
0.5217717050656578
0.5217484232976418
0.5217251795316056
0.5217019735694524
0.5216788052140205
0.5216556742690774
0.5216325805393144
0.5216095238303409
0.5215865039486789
0.5215635207017573
0.5215405738979069
0.5215176633463535
0.5214947888572148
0.5214719502414922
0.521449147311068
0.5214263798786984
0.5214036477580091
0.5213809507634892
0.5213582887104865
0.5213356614152026
0.5213130686946869
0.5212905103668322
0.5212679862503689
0.521245496164861
0.5212230399306995
0.5212006173690991
0.5211782283020916
0.5211558725525223
0.5211335499440443
0.5211112603011138
0.5210890034489852
0.5210667792137065
0.5210445874221142
0.5210224279018287
0.5210003004812496
0.5209782049895508
0.520956141256676
0.5209341091133339
0.5209121083909938
0.5208901389218807
0.520868200538971
0.5208462930759882
0.5208244163673972
0.5208025702484016
0.5207807545549377
0.520758969123671
0.5207372137919913
0.5207154883980087
0.5206937927805491
0.5206721267791492
0.5206504902340539
0.5206288829862107
0.5206073048772646
0.5205857557495567
0.5205642354461173
0.5205427438106631
0.520521280687593
0.5204998459219827
0.5204784393595828
0.5204570608468131
0.5204357102307591
0.5204143873591673
0.5203930920804429
0.5203718242436439
0.5203505836984781
0.5203293702952997
0.5203081838851037
0.5202870243195241
0.5202658914508285
0.520244785131915
0.5202237052163082
0.5202026515581555
0.5201816240122228
0.5201606224338922
0.5201396466791561
0.5201186966046156
0.5200977720674758
0.5200768729255418
0.5200559990372164
0.5200351502614947
0.5200143264579622
0.5199935274867901
0.5199727532087324
0.5199520034851218
0.519931278177867
0.5199105771494483
0.519889900262915
0.5198692473818807
0.5198486183705219
0.5198280130935725
0.5198074314163216
0.5197868732046098
0.5197663383248263
0.5197458266439046
0.5197253380293199
0.519704872349086
0.5196844294717518
0.5196640092663972
0.5196436116026316
0.5196232363505893
0.5196028833809263
0.5195825525648183
0.5195622437739567
0.519541956880545
0.5195216917572965
0.5195014482774314
0.5194812263146728
0.5194610257432438
0.5194408464378656
0.5194206882737528
0.5194005511266113
0.5193804348726359
0.5193603393885051
0.5193402645513814
0.519320210238905
0.5193001763291938
0.5192801627008381
0.5192601692328993
0.519240195804906
0.519220242296852
0.5192003085891926
0.5191803945628426
0.5191605000991728
0.5191406250800072
0.5191207693876214
0.5191009329047376
0.5190811155145241
0.5190613171005911
0.5190415375469889
0.5190217767382042
0.5190020345591579
0.5189823108952034
0.5189626056321217
0.5189429186561212
0.5189232498538328
0.5189035991123091
0.518883966319021
0.5188643513618547
0.5188447541291101
0.5188251745094974
0.518805612392135
0.5187860676665464
0.5187665402226584
0.5187470299507984
0.5187275367416915
0.5187080604864581
0.5186886010766121
0.5186691584040574
0.5186497323610865
0.5186303228403768
0.5186109297349897
0.5185915529383667
0.5185721923443285
0.5185528478470712
0.5185335193411644
0.5185142067215499
0.5184949098835374
0.5184756287228038
0.5184563631353902
0.5184371130176998
0.5184178782664948
0.5183986587788958
0.5183794544523775
0.5183602651847683
0.5183410908742467
0.5183219314193397
0.5183027867189205
0.5182836566722058
0.5182645411787546
0.5182454401384654
0.5182263534515731
0.5182072810186488
0.5181882227405961
0.5181691785186496
0.5181501482543726
0.5181311318496548
0.5181121292067106
0.5180931402280763
0.5180741648166091
0.5180552028754839
0.5180362543081919
0.5180173190185382
0.5179983969106401
0.5179794878889243
0.517960591858126
0.517941708723286
0.517922838389749
0.5179039807631611
0.5178851357494691
0.5178663032549173
0.5178474831860455
0.5178286754496878
0.5178098799529702
0.517791096603309
0.5177723253084081
0.5177535659762578
0.5177348185151326
0.5177160828335894
0.5176973588404655
0.5176786464448768
0.5176599455562158
0.5176412560841495
0.5176225779386183
0.5176039110298336
0.5175852552682751
0.5175666105646919
0.5175479768300965
0.5175293539757664
0.5175107419132405
0.5174921405543181
0.5174735498110566
0.5174549695957704
0.5174363998210275
0.5174178403996506
0.5173992912447121
0.5173807522695344
0.5173622233876884
0.5173437045129896
0.5173251955594985
0.5173066964415183
0.5172882070735928
0.5172697273705048
0.5172512572472746
0.5172327966191584
0.517214345401646
0.5171959035104601
0.5171774708615536
0.517159047371109
0.5171406329555354
0.5171222275314682
0.5171038310157671
0.5170854433255132
0.5170670643780101
0.517048694090779
0.5170303323815595
0.5170119791683071
0.5169936343691917
0.5169752979025959
0.5169569696871137
0.5169386496415487
0.5169203376849124
0.516902033736423
0.5168837377155038
0.516865449541781
0.5168471691350833
0.5168288964154393
0.5168106313030765
0.5167923737184196
0.5167741235820895
0.5167558808149008
0.5167376453378609
0.5167194170721687
0.5167011959392129
0.51668298186057
0.5166647747580037
0.5166465745534626
0.5166283811690797
0.5166101945271699
0.5165920145502291
0.5165738411609329
0.5165556742821346
0.516537513836864
0.5165193597483264
0.5165012119399008
0.516483070335138
0.51646493485776
0.5164468054316584
0.5164286819808925
0.5164105644296885
0.5163924527024375
0.5163743467236952
0.5163562464181783
0.5163381517107666
0.5163200625264978
0.516301978790569
0.5162839004283337
0.5162658273653016
0.516247759527136
0.5162296968396534
0.5162116392288222
0.5161935866207601
0.5161755389417346
0.5161574961181605
0.5161394580765984
0.5161214247437542
0.5161033960464776
0.51608537191176
0.5160673522667336
0.5160493370386713
0.5160313261549834
0.5160133195432177
0.5159953171310576
0.515977318846321
0.5159593246169589
0.5159413343710546
0.5159233480368217
0.5159053655426031
0.5158873868168705
0.5158694117882215
0.5158514403853798
0.5158334725371935
0.5158155081726337
0.5157975472207931
0.5157795896108857
0.5157616352722438
0.5157436841343193
0.5157257361266795
0.5157077911790084
0.515689849221104
0.5156719101828776
0.515653973994353
0.5156360405856639
0.5156181098870547
0.5156001818288772
0.5155822563415914
0.5155643333557625
0.5155464128020606
0.5155284946112602
0.5155105787142371
0.5154926650419693
0.5154747535255348
0.5154568440961101
0.5154389366849697
0.5154210312234843
0.5154031276431202
0.5153852258754388
0.515367325852093
0.5153494275048288
0.5153315307654825
0.5153136355659804
0.5152957418383367
0.5152778495146534
0.5152599585271185
0.5152420688080048
0.5152241802896695
0.5152062929045527
0.5151884065851751
0.5151705212641389
0.5151526368741256
0.5151347533478947
0.5151168706182827
0.5150989886182027
0.5150811072806423
0.5150632265386627
0.5150453463253983
0.5150274665740552
0.5150095872179092
0.5149917081903063
0.5149738294246603
0.5149559508544526
0.51493807241323
0.5149201940346052
0.5149023156522541
0.5148844371999158
0.5148665586113909
0.5148486798205409
0.5148308007612868
0.5148129213676083
0.5147950415735418
0.514777161313181
0.5147592805206739
0.5147413991302237
0.514723517076086
0.5147056342925688
0.514687750714031
0.5146698662748814
0.5146519809095781
0.514634094552626
0.514616207138578
0.5145983186020319
0.5145804288776304
0.5145625379000598
0.514544645604049
0.5145267519243681
0.5145088567958284
0.5144909601532794
0.5144730619316104
0.5144551620657468
0.5144372604906509
0.5144193571413203
0.5144014519527862
0.5143835448601138
0.5143656357984001
0.5143477247027728
0.51432981150839
0.5143118961504392
0.5142939785641351
0.5142760586847201
0.5142581364474625
0.514240211787655
0.5142222846406146
0.5142043549416809
0.5141864226262157
0.5141684876296017
0.5141505498872408
0.5141326093345545
0.5141146659069814
0.5140967195399773
0.5140787701690135
0.5140608177295761
0.5140428621571651
0.5140249033872929
0.5140069413554837
0.5139889759972729
0.5139710072482042
0.5139530350438314
0.5139350593197156
0.5139170800114239
0.5138990970545296
0.5138811103846106
0.5138631199372483
0.5138451256480268
0.5138271274525315
0.513809125286349
0.5137911190850648
0.5137731087842637
0.5137550943195275
0.5137370756264351
0.5137190526405606
0.5137010252974727
0.5136829935327343
0.5136649572818996
0.5136469164805161
0.5136288710641204
0.5136108209682395
0.5135927661283888
0.5135747064800711
0.513556641958776
0.5135385724999789
0.5135204980391394
0.5135024185117004
0.5134843338530884
0.5134662439987108
0.5134481488839557
0.5134300484441907
0.5134119426147621
0.5133938313309943
0.5133757145281873
0.5133575921416176
0.5133394641065357
0.5133213303581662
0.5133031908317064
0.5132850454623245
0.5132668941851595
0.5132487369353207
0.5132305736478856
0.5132124042578992
0.5131942287003729
0.5131760469102845
0.5131578588225758
0.5131396643721521
0.5131214634938819
0.513103256122595
0.5130850421930818
0.5130668216400922
0.513048594398335
0.5130303604024763
0.513012119587139
0.5129938718869017
0.5129756172362971
0.5129573555698124
0.512939086821886
0.5129208109269092
0.5129025278192233
0.5128842374331193
0.5128659397028361
0.5128476345625614
0.5128293219464284
0.5128110017885161
0.512792674022848
0.5127743385833912
0.5127559954040553
0.5127376444186911
0.5127192855610899
0.5127009187649829
0.5126825439640391
0.5126641610918654
0.5126457700820046
0.5126273708679351
0.5126089633830697
0.5125905475607544
0.5125721233342677
0.5125536906368189
0.5125352494015478
0.5125167995615239
0.5124983410497439
0.5124798737991322
0.5124613977425394
0.512442912812741
0.512424418942437
0.5124059160642492
0.512387404110723
0.5123688830143236
0.5123503527074367
0.5123318131223663
0.5123132641913348
0.5122947058464812
0.5122761380198599
0.5122575606434404
0.5122389736491058
0.5122203769686515
0.5122017705337849
0.5121831542761235
0.5121645281271942
0.5121458920184325
0.5121272458811814
0.5121085896466899
0.512089923246112
0.512071246610506
0.5120525596708339
0.5120338623579582
0.512015154602644
0.5119964363355554
0.5119777074872554
0.5119589679882047
0.511940217768761
0.5119214567591768
0.5119026848896
0.5118839020900712
0.5118651082905238
0.5118463034207821
0.5118274874105607
0.5118086601894634
0.5117898216869816
0.511770971832494
0.5117521105552646
0.5117332377844429
0.5117143534490607
0.5116954574780336
0.5116765498001576
0.5116576303441096
0.5116386990384452
0.5116197558115984
0.5116008005918796
0.5115818333074758
0.5115628538864481
0.5115438622567313
0.5115248583461325
0.5115058420823306
0.5114868133928742
0.5114677722051812
0.511448718446537
0.511429652044095
0.5114105729248724
0.5113914810157522
0.5113723762434808
0.5113532585346661
0.5113341278157775
0.511314984013144
0.511295827052954
0.5112766568612529
0.5112574733639426
0.5112382764867804
0.5112190661553777
0.511199842295199
0.51118060483156
0.5111613536896275
0.5111420887944177
0.5111228100707947
0.5111035174434699
0.5110842108370005
0.5110648901757883
0.5110455553840786
0.511026206385959
0.5110068431053582
0.5109874654660446
0.5109680733916255
0.5109486668055455
0.5109292456310855
0.5109098097913617
0.5108903592093232
0.5108708938077529
0.5108514135092642
0.5108319182363008
0.5108124079111358
0.5107928824558693
0.5107733417924281
0.5107537858425644
0.5107342145278537
0.5107146277696951
0.5106950254893083
0.5106754076077338
0.5106557740458306
0.5106361247242758
0.5106164595635622
0.5105967784839983
0.5105770814057063
0.5105573682486211
0.5105376389324884
0.5105178933768645
0.5104981315011141
0.5104783532244094
0.5104585584657286
0.510438747143855
0.5104189191773751
0.5103990744846779
0.5103792129839531
0.5103593345931902
0.5103394392301764
0.5103195268124967
0.510299597257531
0.510279650482454
0.5102596864042331
0.5102397049396273
0.5102197060051857
0.5101996895172467
0.5101796553919361
0.5101596035451658
0.5101395338926327
0.5101194463498171
0.5100993408319815
0.510079217254169
0.5100590755312023
0.5100389155776819
0.5100187373079849
0.5099985406362637
0.5099783254764445
0.509958091742226
0.5099378393470776
0.5099175682042388
0.5098972782267169
0.5098769693272861
0.5098566414184861
0.5098362944126202
0.5098159282217547
0.5097955427577165
0.5097751379320924
0.5097547136562273
0.5097342698412227
0.5097138063979358
0.5096933232369775
0.5096728202687106
0.5096522974032492
0.5096317545504572
0.5096111916199455
0.5095906085210724
0.5095700051629407
0.5095493814543968
0.5095287373040289
0.5095080726201663
0.5094873873108767
0.5094666812839656
0.5094459544469739
0.5094252067071783
0.5094044379715866
0.5093836481469397
0.5093628371397072
0.5093420048560875
0.5093211512020059
0.5093002760831125
0.5092793794047811
0.5092584610721083
0.5092375209899103
0.5092165590627231
0.5091955751947996
0.5091745692901086
0.5091535412523331
0.509132490984869
0.5091114183908231
0.5090903233730112
0.5090692058339576
0.5090480656758927
0.5090269028007508
0.5090057171101704
0.5089845085054903
0.5089632768877493
0.5089420221576847
0.5089207442157295
0.5088994429620122
0.5088781182963539
0.5088567701182674
0.5088353983269551
0.508814002821308
0.5087925834999028
0.5087711402610016
0.5087496730025494
0.508728181622172
0.5087066660171763
0.5086851260845455
0.50866356172094
0.5086419728226943
0.5086203592858163
0.5085987210059845
0.5085770578785469
0.508555369798519
0.5085336566605823
0.5085119183590823
0.5084901547880268
0.5084683658410846
0.5084465514115828
0.5084247113925056
0.5084028456764929
0.5083809541558375
0.5083590367224845
0.508337093268028
0.5083151236837113
0.5082931278604231
0.5082711056886968
0.5082490570587085
0.5082269818602749
0.508204879982852
0.5081827513155326
0.5081605957470451
0.5081384131657508
0.508116203459643
0.5080939665163445
0.508071702223106
0.5080494104668044
0.5080270911339402
0.5080047441106361
0.5079823692826354
0.5079599665352997
0.5079375357536069
0.5079150768221496
0.507892589625133
0.5078700740463727
0.5078475299692939
0.5078249572769278
0.5078023558519106
0.5077797255764819
0.5077570663324821
0.5077343780013501
0.507711660464123
0.5076889136014318
0.5076661372935009
0.5076433314201463
0.5076204958607726
0.5075976304943717
0.5075747351995208
0.5075518098543795
0.5075288543366894
0.5075058685237704
0.5074828522925199
0.50745980551941
0.5074367280804855
0.5074136198513627
0.5073904807072261
0.5073673105228276
0.5073441091724832
0.5073208765300716
0.5072976124690324
0.5072743168623631
0.5072509895826183
0.5072276305019058
0.5072042394918865
0.5071808164237709
0.5071573611683172
0.5071338735958298
0.5071103535761565
0.5070868009786865
0.5070632156723485
0.5070395975256086
0.5070159464064674
0.5069922621824593
0.506968544720648
0.5069447938876273
0.5069210095495161
0.5068971915719583
0.5068733398201193
0.5068494541586844
0.5068255344518567
0.5068015805633541
0.5067775923564082
0.506753569693761
0.5067295124376634
0.5067054204498729
0.506681293591651
0.5066571317237609
0.5066329347064661
0.5066087023995268
0.5065844346621989
0.5065601313532306
0.5065357923308617
0.506511417452819
0.5064870065763163
0.5064625595580504
0.5064380762542001
0.5064135565204231
0.5063890002118537
0.5063644071831008
0.5063397772882454
0.5063151103808383
0.5062904063138978
0.5062656649399071
0.5062408861108123
0.5062160696780201
0.506191215492395
0.5061663234042569
0.5061413932633796
0.5061164249189872
0.5060914182197527
0.5060663730137953
0.5060412891486774
0.5060161664714036
0.5059910048284165
0.5059658040655959
0.5059405640282552
0.5059152845611395
0.5058899655084239
0.5058646067137093
0.5058392080200215
0.505813769269808
0.5057882903049358
0.5057627709666892
0.5057372110957665
0.5057116105322788
0.5056859691157461
0.5056602866850959
0.5056345630786603
0.5056087981341737
0.5055829916887696
0.5055571435789795
0.5055312536407293
0.5055053217093366
0.5054793476195092
0.5054533312053419
0.5054272723003141
0.5054011707372876
0.5053750263485032
0.5053488389655791
0.5053226084195082
0.5052963345406548
0.5052700171587534
0.5052436561029049
0.5052172512015743
0.505190802282589
0.505164309173135
0.5051377716997555
0.5051111896883473
0.5050845629641592
0.5050578913517885
0.5050311746751787
0.5050044127576176
0.5049776054217342
0.5049507524894952
0.5049238537822045
0.5048969091204987
0.504869918324345
0.5048428812130392
0.504815797605203
0.5047886673187805
0.5047614901710361
0.5047342659785523
0.5047069945572269
0.5046796757222698
0.5046523092882009
0.5046248950688474
0.5045974328773415
0.5045699225261168
0.5045423638269064
0.5045147565907409
0.5044871006279439
0.5044593957481313
0.5044316417602075
0.504403838472363
0.5043759856920721
0.50434808322609
0.5043201308804499
0.504292128460461
0.5042640757707051
0.5042359726150344
0.5042078187965691
0.5041796141176939
0.5041513583800561
0.5041230513845629
0.5040946929313787
0.5040662828199213
0.5040378208488614
0.5040093068161184
0.503980740518858
0.5039521217534898
0.5039234503156647
0.5038947260002716
0.5038659486014359
0.5038371179125155
0.5038082337260997
0.5037792958340045
0.5037503040272722
0.5037212580961671
0.5036921578301736
0.5036630030179935
0.5036337934475429
0.5036045289059501
0.5035752091795528
0.5035458340538955
0.5035164033137263
0.5034869167429955
0.5034573741248516
0.5034277752416392
0.5033981198748969
0.5033684078053542
0.5033386388129284
0.5033088126767231
0.5032789291750241
0.503248988085299
0.5032189891841918
0.5031889322475226
0.5031588170502836
0.5031286433666378
0.5030984109699148
0.5030681196326093
0.5030377691263787
0.5030073592220394
0.5029768896895654
0.5029463602980851
0.5029157708158786
0.5028851210103755
0.5028544106481527
0.5028236394949309
0.5027928073155727
0.5027619138740795
0.5027309589335904
0.5026999422563778
0.5026688636038459
0.5026377227365278
0.5026065194140842
0.5025752533952985
0.5025439244380768
0.5025125322994437
0.5024810767355411
0.5024495575016243
0.5024179743520609
0.5023863270403276
0.5023546153190082
0.5023228389397904
0.502290997653464
0.5022590912099185
0.5022271193581409
0.5021950818462121
0.502162978421306
0.5021308088296861
0.502098572816704
0.5020662701267958
0.5020339005034812
0.5020014636893598
0.5019689594261101
0.501936387454486
0.501903747514315
0.5018710393444963
0.5018382626829975
0.5018054172668537
0.5017725028321638
0.501739519114089
0.5017064658468511
0.501673342763729
0.5016401495970575
0.5016068860782247
0.5015735519376696
0.5015401469048807
0.5015066707083928
0.5014731230757863
0.5014395037336827
0.5014058124077454
0.5013720488226756
0.5013382127022106
0.5013043037691217
0.5012703217452131
0.5012362663513187
0.5012021373073003
0.5011679343320459
0.5011336571434676
0.5010993054584997
0.5010648789930964
0.50103037746223
0.5009958005798896
0.5009611480590781
0.5009264196118114
0.5008916149491152
0.5008567337810248
0.5008217758165813
0.500786740763832
0.5007516283298268
0.5007164382206174
0.5006811701412547
0.500645823795788
0.5006103988872629
0.500574895117719
0.5005393121881894
0.5005036497986974
0.500467907648257
0.5004320854348693
0.5003961828555215
0.5003601996061862
0.5003241353818186
0.5002879898763553
0.5002517627827138
0.500215453792789
0.5001790625974536
0.5001425888865555
0.500106032348917
0.5000693926723332
0.5000326695435701
0.49999586264836404
0.49995897167141967
0.49992199629640927
0.49988493620597085
0.4998477910817072
0.49981056060418433
0.4997732444529308
0.49973584230643586
0.4996983538421488
0.49966077873647724
0.49962311666478665
0.49958536730139846
0.49954753031958987
0.49950960539159184
0.499471592188589
0.4994334903807177
0.4993952996370655
0.4993570196256704
0.49931865001351966
0.49928019046654876
0.4992416406496402
0.49920300022662406
0.4991642688602753
0.4991254462123143
0.4990865319434052
0.499047525713156
0.4990084271801166
0.49896923600177967
0.4989299518345788
0.4988905743338878
0.4988511031540209
0.49881153794823163
0.4987718783687119
0.4987321240665924
0.4986922746919411
0.4986523298937631
0.49861228932000073
0.49857215261753207
0.4985319194321713
0.4984915894086679
0.4984511621907064
0.4984106374209063
0.4983700147408215
0.4983292937909397
0.4982884742106829
0.49824755563840634
0.4982065377113993
0.49816542006588327
0.49812420233701404
0.4980828841588796
0.49804146516450093
0.49799994498583183
0.497958323253759
0.49791659959810153
0.49787477364761124
0.4978328450299731
0.4977908133718043
0.4977486782986552
0.497706439435009
0.49766409640428183
0.49762164882882376
0.4975790963299171
0.49753643852777885
0.4974936750415589
0.4974508054893421
0.4974078294881469
0.497364746653927
0.49732155660157046
0.4972782589449013
0.4972348532966784
0.4971913392685974
0.49714771647129025
0.4971039845143254
0.49706014300620904
0.4970161915543852
0.49697212976523586
0.4969279572440821
0.4968836735951845
0.4968392784217431
0.49679477132589867
0.4967501519087335
0.49670541977027094
0.49666057450947676
0.4966156157242601
0.4965705430114734
0.49652535596691366
0.4964800541853227
0.4964346372603883
0.49638910478474446
0.49634345634997257
0.4962976915466018
0.4962518099641107
0.49620581119092655
0.4961596948144272
0.4961134604209419
0.49606710759575184
0.49602063592309076
0.49597404498614617
0.49592733436706016
0.4958805036469298
0.49583355240580906
0.49578648022270855
0.4957392866755967
0.4956919713414012
0.4956445337960093
0.4955969736142691
0.49554929036998985
0.4955014836359436
0.49545355298386584
0.495405497984456
0.4953573182073789
0.4953090132212653
0.4952605825937132
0.495212025891288
0.49516334267952467
0.49511453252292686
0.4950655949849697
0.49501652962809917
0.49496733601373377
0.49491801370226507
0.49486856225305864
0.4948189812244552
0.4947692701737708
0.4947194286572986
0.4946694562303082
0.49461935244704797
0.494569116860745
0.49451874902360615
0.49446824848681825
0.49441761480054974
0.49436684751395055
0.4943159461751532
0.4942649103312729
0.49421373952840963
0.4941624333116468
0.4941109912250531
0.4940594128116825
0.4940076976135752
0.4939558451717576
0.4939038550262433
0.4938517267160333
0.4937994597791156
0.4937470537524672
0.49369450817205285
0.49364182257282585
0.49358899648872917
0.4935360294526939
0.4934829209966407
0.49342967065147936
0.49337627794710914
0.49332274241241864
0.4932690635752852
0.493215240962576
0.49316127410014676
0.4931071625128421
0.4930529057244948
0.4929985032579262
0.4929439546349455
0.49288925937634864
0.49283441700191877
0.49277942703042504
0.49272428897962217
0.4926690023662498
0.4926135667060316
0.4925579815136741
0.49250224630286643
0.4924463605862789
0.49239032387556153
0.492334135681344
0.4922777955132329
0.4922213028798118
0.49216465728863895
0.4921078582462458
0.4920509052581364
0.49199379782878394
0.4919365354616309
0.49187911765908565
0.49182154392252114
0.4917638137522734
0.4917059266476379
0.4916478821068686
0.49158967962717504
0.4915313187047201
0.4914727988346171
0.4914141195109269
0.4913552802266561
0.49129628047375307
0.49123711974310563
0.49117779752453694
0.49111831330680367
0.491058666577591
0.4909988568235108
0.4909388835300964
0.49087874618179966
0.49081844426198706
0.49075797725293574
0.4906973446358288
0.49063654589075145
0.4905755804966866
0.4905144479315101
0.4904531476719861
0.49039167919376225
0.49033004197136476
0.4902682354781931
0.4902062591865147
0.49014411256745977
0.49008179509101557
0.49001930622602025
0.48995664544015793
0.48989381219995154
0.48983080597075784
0.48976762621675957
0.48970427240096026
0.48964074398517665
0.4895770404300324
0.48951316119495075
0.48944910573814737
0.489384873516623
0.48932046398615636
0.4892558766012952
0.4891911108153501
0.48912616608038506
0.48906104184721
0.4889957375653719
0.48893025268314655
0.48886458664752974
0.488798738904228
0.48873270889764964
0.4886664960708954
0.4886000998657492
0.488533519722668
0.4884667550807722
0.4883998053778351
0.48833267005027314
0.4882653485331357
0.48819784026009316
0.48813014466342725
0.48806226117401985
0.4879941892213408
0.487925928233438
0.48785747763692394
0.48778883685696534
0.48772000531727033
0.48765098244007654
0.4875817676461384
0.48751236035471446
0.4874427599835551
0.48737296594888824
0.48730297766540764
0.48723279454625795
0.48716241600302246
0.4870918414457076
0.48702107028273056
0.4869501019209035
0.4868789357654201
0.4868075712198407
0.4867360076860764
0.48666424456437524
0.48659228125330645
0.4865201171497445
0.4864477516488542
0.4863751841440739
0.48630241402709984
0.4862294406878699
0.48615626351454644
0.4860828818935006
0.4860092952092945
0.4859355028446644
0.48586150418050345
0.48578729859584385
0.48571288546783964
0.48563826417174816
0.4855634340809124
0.4854883945667426
0.48541314499869737
0.4853376847442655
0.4852620131689472
0.48518612963623386
0.4851100335075904
0.48503372414243456
0.4849572008981183
0.48488046312990674
0.48480351019095974
0.48472634143231047
0.4846489562028452
0.48457135384928385
0.48449353371615816
0.48441549514579124
0.48433723747827706
0.4842587600514583
0.4841800622009059
0.4841011432598974
0.484022002559395
0.48394263942802374
0.48386305319205025
0.48378324317536
0.48370320869943567
0.48362294908333403
0.48354246364366427
0.4834617516945649
0.48338081254768106
0.4832996455121424
0.48321824989453865
0.48313662499889803
0.4830547701266633
0.4829726845766684
0.4828903676451157
0.4828078186255518
0.48272503680884393
0.4826420214831574
0.48255877193393015
0.48247528744385015
0.4823915672928317
0.48230761075798995
0.4822234171136187
0.48213898563116486
0.4820543155792052
0.4819694062234219
0.48188425682657804
0.48179886664849386
0.4817132349460221
0.48162736097302383
0.4815412439803439
0.4814548832157872
0.48136827792409337
0.48128142734691326
0.481194330722784
0.48110698728710544
0.48101939627211476
0.4809315569068634
0.48084346841719144
0.48075513002570475
0.4806665409517499
0.4805777004113903
0.48048860761738243
0.4803992617791513
0.4803096621027673
0.4802198077909212
0.4801296980429016
0.48003933205457083
0.4799487090183411
0.4798578281231516
0.47976668855444493
0.47967528949414345
0.47958363012062744
0.47949170960871074
0.47939952712961953
0.479307081850968
0.4792143729367375
0.4791213995472534
0.4790281608391633
0.47893465596541496
0.47884088407523484
0.47874684431410697
0.47865253582375056
0.47855795774210025
0.47846310920328483
0.47836798933760616
0.47827259727152016
0.47817693212761525
0.47808099302459384
0.47798477907725245
0.47788828939646205
0.47779152308914996
0.47769447925828085
0.4775971570028385
0.4774995554178078
0.4774016735941575
0.4773035106188226
0.4772050655746878
0.4771063375405703
0.4770073255912046
0.4769080287972258
0.47680844622515534
0.47670857693738455
0.4766084199921616
0.4765079744435764
0.4764072393415466
0.4763062137318058
0.4762048966558892
0.47610328715112243
0.4760013842506084
0.47589918698321754
0.47579669437357514
0.4756939054420521
0.4755908192047551
0.47548743467351656
0.4753837508558864
0.475279766755123
0.4751754813701865
0.4750708936957309
0.4749660027220979
0.47486080743531023
0.4747553068170668
0.4746494998447377
0.4745433854913603
0.47443696272563524
0.4743302305119234
0.4742231878102442
0.47411583357627335
0.474008166761342
0.4739001863124367
0.47379189117219955
0.4736832802789295
0.47357435256658326
0.4734651069647792
0.4733555423987995
0.4732456577895943
0.4731354520537865
0.47302492410367714
0.47291407284725173
0.4728028971881872
0.4726913960258593
0.4725795682553515
0.4724674127674644
0.4723549284487256
0.472242114181401
0.4721289688435063
0.47201549130882
0.47190168044689634
0.47178753512308064
0.4716730541985233
0.47155823653019713
0.4714430809709131
0.47132758636933964
0.47121175157002043
0.47109557541339403
0.4709790567358155
0.4708621943695773
0.4707449871429313
0.47062743388011324
0.47050953340136703
0.4703912845229694
0.4702726860572569
0.4701537368126529
0.4700344355936964
0.4699147812010712
0.4697947724316358
0.46967440807845523
0.46955368693083355
0.469432607774347
0.4693111693908786
0.4691893705586534
0.4690672100522758
0.4689446866427663
0.4688217990976009
0.4686985461807506
0.46857492665272193
0.4684509392706001
0.46832658278809053
0.4682018559555642
0.46807675752010247
0.4679512862255438
0.4678254408125307
0.46769922001855907
0.4675726225780276
0.46744564722228876
0.4673182926797018
0.4671905576756841
0.46706244093276766
0.4669339411706533
0.46680505710626863
0.46667578745382443
0.46654613092487557
0.46641608622838
0.4662856520707609
0.466154827155969
0.4660236101855472
0.4658919998586956
0.46575999487233655
0.46562759392118414
0.4654947956978116
0.46536159889272183
0.46522800219441873
0.46509400428947983
0.46495960386262875
0.4648247995968122
0.4646895901732748
0.4645539742716361
0.46441795056997065
0.46428151774488696
0.46414467447160906
0.4640074194240583
0.46386975127493807
0.4637316686958177
0.4635931703572197
0.4634542549287055
0.4633149210789665
0.4631751674759119
0.4630349927867612
0.4628943956781359
0.4627533748161542
0.46261192886652475
0.4624700564946441
0.4623277563656933
0.4621850271447373
0.4620418674968243
0.4618982760870883
0.4617542515808497
0.46160979264372104
0.46146489794171086
0.46131956614133046
0.4611737959097011
0.4610275859146632
0.4608809348248857
0.4607338413099787
0.46058630404060363
0.4604383216885897
0.4602898929270465
0.46014101643048166
0.45999169087491765
0.45984191493801035
0.45969168729916887
0.4595410066396769
0.45938987164281453
0.4592382809939815
0.45908623338082244
0.4589337274933519
0.4587807620240819
0.4586273356681493
0.4584734471234457
0.45831909509074753
0.45816427827384765
0.4580089953796882
0.4578532451184935
0.45769702620390645
0.4575403373531234
0.4573831772870314
0.4572255447303468
0.4570674384117545
0.4569088570640477
0.45674979942426996
0.4565902642338575
0.45643025023878225
0.4562697561896967
0.45610878084207945
0.455947322956382
0.45578538129817503
0.4556229546382983
0.45546004175300947
0.4552966414241342
0.45513275243921775
0.454968373591677
0.45480350368095435
0.45463814151267046
0.45447228589877975
0.4543059356577263
0.4541390896146001
0.4539717466012945
0.4538039054566648
0.45363556502668667
0.453466724164616
0.4532973817311496
0.45312753659458627
0.45295718763098936
0.4527863337243483
0.45261497376674265
0.4524431066585064
0.4522707313083914
0.4520978466337343
0.45192445156062105
0.45175054502405365
0.4515761259681172
0.45140119334614753
0.4512257461208995
0.45104978326471445
0.45087330375969004
0.4506963065978498
0.45051879078131224
0.45034075532246143
0.4501621992441178
0.4499831215797087
0.44980352137343993
0.4496233976804669
0.4494427495670672
0.4492615761108118
0.44907987640073765
0.44889764953752037
0.4487148946336466
0.4485316108135869
0.44834779721396834
0.448163452983748
0.44797857728438506
0.4477931692900146
0.44760722818762066
0.4474207531772083
0.4472337434719774
0.4470461982984947
0.4468581168968675
0.44666949852091486
0.446480342438341
0.44629064793090667
0.44610041429460157
0.4459096408398148
0.4457183268915079
0.44552647178938404
0.44533407488805915
0.4451411355572321
0.44494765318185414
0.44475362716229805
0.44455905691452713
0.4443639418702622
0.4441682814771504
0.4439720751989311
0.4437753225156027
0.4435780229235874
0.44338017593589696
0.4431817810822958
0.4429828379094647
0.442783345981163
0.4425833048783902
0.4423827141995468
0.44218157356059284
0.4419798825952085
0.4417776409549499
0.4415748483094067
0.4413715043463577
0.4411676087719243
0.44096316131072477
0.4407581617060259
0.4405526097198934
0.44034650513334184
0.4401398477464828
0.4399326373786714
0.4397248738686523
0.43951655707470294
0.43930768687477684
0.4390982631666441
0.4388882858680313
0.4386777549167591
0.43846667027087854
0.43825503190880627
0.43804283982945663
0.4378300940523733
0.4376167946178591
0.4374029415871028
0.43718853504230604
0.4369735750868058
0.43675806184519816
0.43654199546345684
0.43632537610905164
0.43610820397106526
0.4358904792603062
0.4356722022094212
0.4354533730730051
0.43523399212770764
0.4350140596723393
0.4347935760279749
0.43457254153805325
0.4343509565684766
0.4341288215077059
0.4339061367668556
0.43368290277978405
0.4334591200031827
0.4332347889166627
0.4330099100228383
0.43278448384740864
0.4325585109392357
0.43233199187042126
0.4321049272363797
0.4318773176559093
0.43164916377125934
0.43142046624819624
0.431191225776066
0.4309614430678532
0.43073111886023885
0.430500253913653
0.4302688490123275
0.4300369049643425
0.4298044226016732
0.42957140278023126
0.42933784637990363
0.4291037543045899
0.4288691274822341
0.42863396686485633
0.42839827342857806
0.42816204817364767
0.4279252921244593
0.42768800632957227
0.42745019186172395
0.4272118498178415
0.42697298131904976
0.42673358751067586
0.42649366956225016
0.4262532286675049
0.426012266044369
0.4257707829349583
0.4255287806055654
0.42528626034664396
0.42504322347278806
0.42479967132271335
0.424555605259229
0.4243110266692108
0.4240659369635674
0.4238203375772056
0.4235742299689911
0.4233276156217051
0.4230804960420002
0.422832872760348
0.4225847473309893
0.42233612133187515
0.42208699636460867
0.42183737405438043
0.4215872560499022
0.42133664402333654
0.4210855396702228
0.42083394470939967
0.42058186088292415
0.4203292899559883
0.42007623371682956
0.41982269397664124
0.4195686725694764
0.41931417135215054
0.4190591922041391
0.4188037370274726
0.41854780774662803
0.41829140630841655
0.4180345346818677
0.41777719485811166
0.41751938885025475
0.41726111869325594
0.4170023864437959
0.4167431941801449
0.41648354400202797
0.4162234380304834
0.41596287840772306
0.4157018672969836
0.4154404068823788
0.41517849936874757
0.4149161469814969
0.41465335196644315
0.4143901165896514
0.41412644313726754
0.4138623339153525
0.4135977912497085
0.41333281748570483
0.4130674149881011
0.41280158614086504
0.41253533334698866
0.41226865902830223
0.41200156562528345
0.41173405559686566
0.4114661314202404
0.4111977955906607
0.4109290506212383
0.4106598990427402
0.4103903434033806
0.4101203862686128
0.40985003022091515
0.40957927785957604
0.4093081318004773
0.4090365946758729
0.4087646691341661
0.4084923578396843
0.40821966347245137
0.4079465887279562
0.407673136316922
0.40739930896506926
0.40712510941287966
0.4068505404153561
0.40657560474178056
0.40630030517547117
0.40602464451353487
0.4057486255666203
0.40547225115866653
0.4051955241266521
0.40491844732034027
0.4046410236020232
0.4043632558462638
0.40408514693963654
0.4038066997804661
0.403527917278564
0.4032488023549645
0.402969357941658
0.40268958698132307
0.4024094924270575
0.4021290772421077
0.40184834439959694
0.40156729688225073
0.40128593768212334
0.40100426980032167
0.400722296246728
0.40044002003972223
0.40015744420590194
0.3998745717798028
0.39959140580361774
0.3993079493269137
0.39902420540635003
0.398740177105394
0.39845586749403683
0.3981712796485083
0.39788641665099145
0.3976012815893358
0.397315877556771
0.3970302076516195
0.3967442749770093
0.396458082640585
0.3961716337542205
0.3958849314337301
0.39559797879858
0.3953107789715998
0.3950233350786921
0.39473565024854684
0.39444772761234864
0.39415957030349114
0.3938711814572867
0.39358256421067833
0.3932937217019526
0.3930046570704508
0.3927153734562808
0.3924258740000327
0.39213616184248945
0.391846240124342
0.39155611198590456
0.3912657805668285
0.3909752490058188
0.39068452044035096
0.39039359800638795
0.3901024848380984
0.389811184067576
0.38951969882455934
0.38922803223615293
0.38893618742654906
0.38864416751675157
0.3883519756242991
0.38805961486299134
0.38776708834261525
0.38747439916867304
0.3871815504421116
0.3868885452590529
0.3865953867105254
0.3863020778821986
0.38600862185411733
0.3857150217004377
0.38542128048916613
0.3851274012818985
0.3848333871335611
0.384539241092154
0.384244966198496
0.3839505654859705
0.3836560419802742
0.38336139869916785
0.38306663865222657
0.38277176484059594
0.38247678025674664
0.38218168788423235
0.3818864906974512
0.3815911916614055
0.3812957937314676
0.38100029985314604
0.3807047129618536
0.38040903598267717
0.38011327183015275
0.37981742340803815
0.37952149360909204
0.3792254853148529
0.3789294013954215
0.378633244709245
0.3783370181029034
0.3780407244108999
0.3777443664554511
0.3774479470462826
0.3771514689804243
0.37685493504200995
0.3765583480020792
0.3762617106183813
0.3759650256351815
0.3756682957830716
0.3753715237787804
0.37507471232498923
0.3747778641101486
0.37448098180829825
0.37418406807888965
0.3738871255666113
0.373590156901216
0.3732931646973521
0.3729961515543963
0.3726991200562898
0.3724020727713773
0.3721050122522478
0.3718079410355799
0.37151086164198743
0.3712137765758706
0.3709166883252677
0.3706195993617105
0.37032251214008216
0.37002542909847913
0.36972835265807386
0.3694312852229813
0.3691342291801291
0.3688371868991284
0.3685401607321497
0.36824315301380006
0.36794616606100367
0.36764920217288544
0.3673522636306567
0.3670553526975038
0.36675847161848035
0.3664616226204014
0.3661648079117409
0.36586802968253096
0.36557129010426487
0.3652745913298034
0.3649779354932823
0.3646813247100229
0.364384761076447
0.36408824666999207
0.36379178354903174
0.36349537375279606
0.36319901930129767
0.3629027221952583
0.362606484416038
0.3623103079255698
0.36201419466629264
0.36171814656108986
0.3614221655132307
0.36112625340631255
0.36083041210420636
0.36053464345100555
0.36023894927097616
0.35994333136851064
0.359647791528083
0.3593523315142084
0.3590569530714024
0.35876165792414566
0.3584664477768484
0.3581713243138198
0.3578762891992375
0.3575813440771211
0.3572864905713075
0.3569917302854284
0.3566970648028896
0.3564024956868552
0.3561080244802298
0.35581365270564735
0.35551938186545834
0.3552252134417226
0.35493114889620175
0.35463718967035607
0.3543433371853405
0.3540495928420056
0.35375595802089954
0.35346243408227185
0.3531690223660793
0.3528757241919945
0.352582540859415
0.35228947364747726
0.35199652381506796
0.35170369260084244
0.3514109812232406
0.35111839088050767
0.3508259227507151
0.35053357799178375
0.35024135774150966
0.34994926311759006
0.3496572952176523
0.34936545511928446
0.34907374388006573
0.34878216253760175
0.34849071210955895
0.34819939359370106
0.3479082079679278
0.34761715619031436
0.3473262391991533
0.3470354579129965
0.3467448132307003
0.3464543060314701
0.3461639371749084
0.3458737075010628
0.3455836178304755
0.3452936689642347
0.34500386168402675
0.34471419675218934
0.34442467491176676
0.3441352968865662
0.3438460633812132
0.34355697508121197
0.3432680326530031
0.3429792367440254
0.3426905879827753
0.342402086978872
0.3421137343231183
0.3418255305875668
0.3415374763255849
0.3412495720719194
0.3409618183427667
0.34067421563583766
0.34038676443042803
0.34009946518748824
0.33981231834969294
0.3395253243415114
0.3392384835692814
0.3389517964212793
0.3386652632677949
0.3383788844612042
0.3380926603360438
0.33780659120908596
0.3375206773794139
0.3372349191284979
0.3369493167202712
0.3366638704012072
0.33637858040039725
0.3360934469296269
0.33580847018345594
0.3355236503392945
0.3352389875574839
0.3349544819813747
0.33467013373740634
0.33438594293518586
0.33410190966756925
0.33381803401073973
0.3335343160242892
0.3332507557512982
0.3329673532184159
0.33268410843594126
0.3324010213979032
0.3321180920821411
0.33183532045038616
0.3315527064483422
0.33127025000576443
0.33098795103654266
0.33070580943878
0.3304238250948741
0.3301419978715971
0.32986032762017653
0.32957881417637397
0.3292974573605665
0.329016256977825
0.32873521281799434
0.328454324655772
0.3281735922507875
0.32789301534768045
0.32761259367617934
0.32733232695117864
0.32705221487281694
0.3267722571265544
0.3264924533832485
0.3262128032992314
0.32593330651638536
0.325653962662218
0.32537477134993786
0.32509573217852833
0.324816844732821
0.3245381085835709
0.32425952328752694
0.3239810883875059
0.3237028034124635
0.323424667877565
0.32314668128425605
0.32286884312033226
0.32259115286000756
0.322313609963984
0.3220362138795181
0.3217589640404878
0.32148185986745903
0.3212049007677511
0.32092808613550095
0.3206514153517269
0.32037488778439177
0.32009850278846486
0.31982225970598366
0.3195461578661132
0.3192701965852065
0.31899437516686324
0.31871869290198607
0.3184431490688398
0.3181677429331039
0.3178924737479303
0.31761734075399584
0.3173423431795551
0.31706748024049236
0.3167927511403727
0.316518155070491
0.31624369120992146
0.315969358725565
0.3156951567721949
0.31542108449250356
0.3151471410171459
0.3148733254647828
0.31459963694212284
0.3143260745439636
0.31405263735323097
0.31377932444101786
0.31350613486662143
0.3132330676775787
0.31296012190970185
0.31268729658711225
0.3124145907222714
0.31214200331601344
0.3118695333575735
0.31159717982461776
0.3113249416832695
0.3110528178881347
0.3107808073823272
0.31050890909749235
0.3102371219538269
0.30996544486010125
0.3096938767136775
0.3094224164005277
0.30915106279524873
0.3088798147610789
0.3086086711499097
0.30833763080229887
0.30806669254747926
0.3077958552033697
0.30752511757658063
0.3072544784624217
0.30698393664490464
0.30671349089674727
0.30644313997937406
0.3061728826429168
0.30590271762621246
0.3056326436567992
0.30536265945091234
0.30509276371347843
0.3048229551381052
0.3045532324070735
0.3042835941913256
0.3040140391504517
0.3037445659326759
0.3034751731748397
0.30320585950238355
0.3029366235293284
0.3026674638582522
0.3023983790802698
0.3021293677750054
0.30186042851056766
0.30159155984352043
0.30132276031885413
0.3010540284699523
0.30078536281855905
0.3005167618747441
0.3002482241368639
0.2999797480915252
0.2997113322135418
0.2994429749658939
0.29917467479968224
0.2989064301540834
0.2986382394562993
0.29837010112151013
0.2981020135528199
0.29783397514120413
0.2975659842654534
0.29729803929211657
0.2970301385754405
0.29676228045730896
0.2964944632671787
0.29622668532201524
0.2959589449262244
0.29569124037158356
0.2954235699371702
0.29515593188928896
0.29488832448139596
0.29462074595402205
0.2943531945346923
0.2940856684378466
0.2938181658647544
0.2935506850034307
0.2932832240285479
0.2930157811013459
0.29274835436954166
0.29248094196723434
0.2922135420148098
0.2919461526188433
0.2916787718719991
0.2914113978529281
0.29114402862616373
0.29087666224201586
0.2906092967364622
0.29034193013103754
0.2900745604327208
0.28980718563382046
0.2895398037118573
0.2892724126294447
0.28900501033416776
0.28873759475845967
0.2884701638194751
0.28820271541896275
0.2879352474431356
0.2876677577625372
0.28740024423190863
0.2871327046900497
0.286865136959682
0.28659753884730643
0.2863299081430597
0.286062242620569
0.2857945400368044
0.28552679813192744
0.2852590146291405
0.2849911872345313
0.2847233136369154
0.284455391507679
0.2841874185006165
0.28391939225176666
0.28365131037924857
0.28338317048309214
0.28311497014506914
0.2828467069285204
0.28257837837818184
0.28230998202000746
0.2820415153609906
0.2817729758889833
0.28150436107251303
0.2812356683605972
0.2809668951825564
0.2806980389478243
0.28042909704575597
0.2801600668454347
0.2798909456954762
0.27962173092383
0.2793524198375807
0.2790830097227447
0.2788134978440673
0.27854388144481684
0.2782741577465756
0.27800432394903213
0.27773437722976657
0.2774643147440403
0.27719413362457784
0.2769238309813507
0.27665340390135873
0.27638284944840796
0.27611216466288946
0.2758413465615536
0.2755703921372853
0.27529929835887634
0.275028062170795
0.27475668049295743
0.2744851502204938
0.2742134682235154
0.27394163134688065
0.2736696364099566
0.27339748020638377
0.273125159503836
0.2728526710437808
0.2725800115412385
0.2723071776845408
0.27203416613508663
0.271760973527099
0.27148759646738074
0.27121403153506785
0.27094027528138503
0.27066632422939746
0.270392174873765
0.2701178236804939
0.2698432670866894
0.2695685015003069
0.2692935232999054
0.26901832883439747
0.26874291442280246
0.26846727635399814
0.2681914108864735
0.26791531424808146
0.26763898263579206
0.2673624122154475
0.2670855991215157
0.2668085394568479
0.26653122929243456
0.26625366466716405
0.2659758415875823
0.26569775602765366
0.2654194039285243
0.2651407811982872
0.2648618837117477
0.26458270731019407
0.2643032478011678
0.2640235009582383
0.26374346252077824
0.2634631281937459
0.2631824936474649
0.2629015545174127
0.26262030640400924
0.26233874487241093
0.2620568654523075
0.2617746636377259
0.26149213488683376
0.2612092746217525
0.26092607822837277
0.26064254105617624
0.2603586584180611
0.2600744255901767
0.25978983781176007
0.25950489028498286
0.25921957817480135
0.2589338966088167
0.25864784067713925
0.25836140543226277
0.2580745858889465
0.25778737702410265
0.2574997737766969
0.25721177104765336
0.25692336369977214
0.2566345465576553
0.25634531440764113
0.256055661997753
0.25576558403765404
0.2554750751986169
0.25518413011350244
0.25489274337675233
0.25460090954439185
0.25430862313404917
0.2540158786249827
0.253722670458127
0.25342899303615
0.2531348407235257
0.2528402078466224
0.2525450886938052
0.2522494775155556
0.2519533685246076
0.25165675589610065
0.25135963376775017
0.25106199624003545
0.25076383737640695
0.25046515120351365
0.2501659317114477
0.24986617285401064
0.24956586854900112
0.2492650126785222
0.24896359908931273
0.24866162159309818
0.2483590739669676
0.2480559499537727
0.24775224326255116
0.2474479475689747
0.2471430565158238
0.24683756371348564
0.24653146274048351
0.246224747144027
0.2459174104405969
0.24560944611655258
0.24530084762877324
0.24499160840532544
0.24468172184616344
0.24437118132385854
0.2440599801843627
0.24374811174780073
0.24343556930929844
0.24312234613984418
0.24280843548718162
0.24249383057674093
0.24217852461260325
0.2418625107785009
0.24154578223885562
0.24122833213985356
0.2409101536105559
0.24059123976405242
0.24027158369864884
0.23995117849909714
0.23963001723786514
0.23930809297644554
0.23898539876670855
0.23866192765229208
0.23833767267003936
0.23801262685147534
0.23768678322432624
0.23736013481408508
0.23703267464561978
0.2367043957448251
0.23637529114031974
0.23604535386518968
0.2357145769587751
0.23538295346850502
0.2350504764517753
0.23471713897787672
0.23438293412996564
0.23404785500708392
0.23371189472622522
0.23337504642444673
0.2330373032610307
0.23269865841969056
0.232359105110825
0.23201863657381927
0.23167724607939338
0.23133492693199703
0.23099167247225114
0.23064747607943514
0.23030233117402232
0.22995623122025852
0.2296091697287884
0.22926114025932484
0.22891213642336486
0.2285621518869479
0.22821118037345786
0.22785921566646875
0.22750625161263083
0.22715228212459937
0.22679730118400301
0.22644130284445194
0.22608428123458424
0.22572623056114965
0.22536714511213038
0.22500701925989627
0.22464584746439437
0.22428362427637025
0.2239203443406223
0.22355600239928405
0.22319059329513538
0.2228241119749406
0.22245655349281057
0.22208791301358982
0.22171818581626335
0.22134736729738275
0.22097545297451218
0.22060243848968725
0.2202283196128883
0.21985309224552577
0.21947675242393258
0.2190992963228659
0.21872072025900965
0.21834102069448258
0.21796019424034274
0.21757823766009032
0.21719514787316366
0.21681092195842794
0.21642555715765047
0.21603905087896325
0.2156514007003093
0.21526260437286596
0.2148726598244481
0.2144815651628847
0.21408931867936484
0.2136959188517541
0.21330136434787356
0.21290565402874073
0.21250878695177025
0.21211076237392776
0.21171157975483668
0.21131123875983315
0.21090973926296797
0.21050708134994728
0.21010326532101492
0.20969829169376866
0.2092921612059101
0.20888487481792142
0.20847643371566857
0.2080668393129279
0.20765609325383066
0.2072441974152236
0.20683115390894308
0.20641696508399734
0.20600163352865777
0.20558516207245106
0.20516755378805437
0.20474881199308634
0.2043289402517937
0.2039079423766313
0.20348582242972818
0.20306258472424457
0.2026382338256101
0.2022127745526454
0.20178621197856272
0.20135855143184428
0.20092979849699483
0.20049995901516987
0.20006903908467125
0.19963704506131674
0.1992039835586741
0.1987698614481635
0.19833468585902447
0.19789846417814647
0.19746120404976206
0.19702291337500288
0.19658360031131503
0.19614327327173703
0.1957019409240338
0.19525961218969484
0.19481629624278834
0.19437200250867523
0.19392674066258314
0.19348052062804008
0.19303335257516735
0.19258524691883389
0.1921362143166715
0.19168626566695318
0.1912354121063345
0.19078366500745933
0.19033103597643167
0.18987753685015735
0.18942317969355044
0.18896797679661587
0.1885119406714023
0.1880550840488315
0.1875974198754049
0.18713896130979124
0.1866797217192954
0.18621971467621454
0.18575895395408182
0.18529745352380028
0.1848352275496734
0.1843722903853311
0.18390865656955863
0.18344434082202776
0.18297935803893733
0.1825137232885652
0.18204745180673493
0.18158055899220163
0.18111306040196037
0.180644971746482
0.18017630888488018
0.17970708782001152
0.17923732469351641
0.17876703578080258
0.17829623748597484
0.17782494633671916
0.1773531789791382
0.176880952172552
0.1764082827842583
0.17593518778426506
0.17546168423999348
0.1749877893109599
0.1745135202434377
0.17403889436510556
0.1735639290796864
0.17308864186157835
0.17261305025048632
0.17213717184605315
0.17166102430250005
0.1711846253232753
0.17070799265571754
0.17023114408573783
0.1697540974325235
0.1692768705432666
0.1687994812879234
0.16832194755400542
0.16784428724140701
0.16736651825727342
0.1668886585109107
0.16641072590874254
0.16593273834931702
0.1654547137183643
0.1649766698839102
0.16449862469144766
0.1640205959591699
0.16354260147326488
0.16306465898327624
0.16258678619753358
0.1621090007786512
0.16163132033909952
0.1611537624368521
0.16067634457110758
0.1601990841780898
0.15972199862692882
0.1592451052156208
0.15876842116707393
0.1582919636252341
0.15781574965129982
0.15733979622002028
0.15686412021608248
0.15638873843058496
0.15591366755760225
0.1554389241908371
0.15496452482036296
0.15449048582945832
0.15401682349152976
0.1535435539671289
0.1530706933010565
0.1525982574195626
0.15212626212763447
0.15165472310637673
0.15118365591048358
0.15071307596579997
0.15024299856697396
0.14977343887519917
0.14930441191604651
0.1488359325773841
0.14836801560738658
0.14790067561263065
0.14743392705627786
0.14696778425634394
0.14650226138405184
0.1460373724622691
0.1455731313640299
0.14510955181113638
0.14464664737284305
0.14418443146462068
0.14372291734699824
0.14326211812448225
0.14280204674455294
0.14234271599673545
0.14188413851174464
0.14142632676070147
0.14096929305442146
0.14051304954277263
0.14005760821410165
0.139602980894727
0.13914917924849682
0.13869621477641342
0.1382440988163171
0.13779284254263408
0.13734245696618289
0.13689295293403922
0.13644434112945858
0.13599663207185356
0.13554983611682608
0.13510396345625184
0.13465902411841524
0.13421502796819704
0.1337719847073059
0.13332990387456192
0.13288879484622196
0.13244866683635134
0.13200952889723805
0.13157138991984732
0.13113425863431924
0.1306981436105014
0.13026305325852314
0.12982899582940277
0.1293959794156922
0.1289640119521539
0.12853310121647143
0.1281032548299906
0.12767448025849099
0.12724678481298696
0.12682017565055598
0.12639465977519312
0.12597024403869303
0.12554693514155432
0.1251247396339092
0.1247036639164735
0.12428371424152031
0.1238648967138731
0.12344721729191716
0.12303068178863158
0.1226152958726377
0.12220106506926381
0.1217879947616265
0.121376090191726
0.12096535646155719
0.12055579853423187
0.12014742123511465
0.11974022925297034
0.11933422714112249
0.11892941931862148
0.11852581007142267
0.11812340355357336
0.11772220378840673
0.11732221466974563
0.11692343996311066
0.1165258833069359
0.11612954821379017
0.11573443807160268
0.11534055614489422
0.11494790557601098
0.11455648938636365
0.11416631047766694
0.11377737163318424
0.1133896755189721
0.11300322468512777
0.11261802156703657
0.11223406848662132
0.11185136765358988
0.11146992116668529
0.11108973101493323
0.11071079907888906
0.11033312713188503
0.10995671684127319
0.10958156976966874
0.1092076873761908
0.10883507101769924
0.10846372195003026
0.10809364132922789
0.10772483021277268
0.10735728956080624
0.10699102023735275
0.10662602301153548
0.1062622985587887
0.10589984746206683
0.10553867021304661
0.10517876721332564
0.10482013877561513
0.10446278512492822
0.1041067063997616
0.10375190265327178
0.10339837385444615
0.10304611988926754
0.10269514056187228
0.10234543559570285
0.10199700463465322
0.10164984724420835
0.10130396291257641
0.10095935105181497
0.10061601099894928
0.10027394201708488
0.09993314329651162
0.09959361395580214
0.09925535304290102
0.09891835953620921
0.09858263234565831
0.09824817031377958
0.09791497221676412
0.09758303676551548
0.09725236260669513
0.09692294832376025
0.09659479243799231
0.09626789340952027
0.09594224963833328
0.095617859465287
0.09529472117310189
0.09497283298735285
0.09465219307745103
0.09433279955761795
0.09401465048785107
0.09369774387488108
0.09338207767312204
0.09306764978561195
0.09275445806494577
0.09244250031420104
0.09213177428785357
0.0918222776926863
0.09151400818868977
0.09120696338995327
0.09090114086554898
0.09059653814040719
0.09029315269618363
0.08999098197211844
0.08969002336588594
0.08939027423443847
0.08909173189483913
0.08879439362508862
0.0884982566649426
0.08820331821672112
0.0879095754461097
0.08761702548295335
0.08732566542203993
0.0870354923238784
0.08674650321546647
0.08645869509105145
0.08617206491288254
0.08588660961195524
0.08560232608874743
0.08531921121394793
0.08503726182917588
0.08475647474769393
0.08447684675511194
0.08419837461008312
0.083921055044993
0.08364488476663953
0.08336986045690573
0.08309597877342491
0.08282323635023706
0.08255162979843929
0.08228115570682595
0.08201181064252408
0.08174359115161851
0.0814764937597711
0.08121051497283158
0.08094565127744116
0.08068189914162864
0.08041925501539877
0.08015771533131352
0.07989727650506571
0.07963793493604573
0.07937968700790017
0.07912252908908385
0.07886645753340463
0.07861146868056045
0.07835755885666992
0.07810472437479538
0.07785296153545898
0.07760226662715206
0.07735263592683689
0.07710406570044243
0.07685655220335237
0.07661009168088667
0.07636468036877671
0.07612031449363296
0.07587699027340637
0.07563470391784342
0.07539345162893386
0.07515322960135268
0.07491403402289493
0.07467586107490462
0.07443870693269679
0.07420256776597348
0.07396743973923361
0.07373331901217593
0.07350020174009668
0.07326808407428041
0.07303696216238474
0.07280683214881967
0.07257769017512042
0.07234953238031394
0.07212235490128069
0.07189615387310949
0.07167092542944707
0.07144666570284158
0.07122337082508115
0.07100103692752582
0.07077966014143453
0.07055923659828628
0.07033976243009633
0.07012123376972618
0.06990364675118883
0.0696869975099484
0.06947128218321433
0.06925649691023122
0.06904263783256204
0.06882970109436787
0.06861768284268095
0.06840657922767437
0.06819638640292519
0.067987100525674
0.06777871775707885
0.06757123426246456
0.06736464621156717
0.06715894977877392
0.06695414114335876
0.06675021648971255
0.06654717200756913
0.06634500389222725
0.06614370834476761
0.06594328157226514
0.06574371978799802
0.06554501921165157
0.06534717606951759
0.06515018659469086
0.06495404702726006
0.06475875361449522
0.06456430261103131
0.0643706902790475
0.0641779128884424
0.06398596671700586
0.06379484805058638
0.06360455318325516
0.06341507841746584
0.0632264200642113
0.06303857444317609
0.06285153788288582
0.06266530672085215
0.062479877303715466
0.062295245987382945
0.06211140913716385
0.061928363127901044
0.061746104344099745
0.061564629180052226
0.06138393403995982
0.061204015338051726
0.0610248694986998
0.060846492956531856
0.060668882156540184
0.060492033554188196
0.06031594361551357
0.06014060881722826
0.05996602564681644
0.059792190602628886
0.059619100193974234
0.059446750941208604
0.059275139375821406
0.05910426204051885
0.058934115489304884
0.05876469628755954
0.0585960010121145
0.0584280262513261
0.058260768605145966
0.058094224685189474
0.05792839111480123
0.057763264529118015
0.05759884157513088
0.05743511891174273
0.05727209320982532
0.05710976115227325
0.05694811943405611
0.05678716476226795
0.05662689385617533
0.056467303447262696
0.056308390279275894
0.05615015110826373
0.05599258270261756
0.05583568184310845
0.055679445322923266
0.05552386994769814
0.05536895253555027
0.055214689917108054
0.05506107893553941
0.05490811644657779
0.05475579931854764
0.05460412443238661
0.05445308868166765
0.054302688972618
0.054152922224137846
0.0540037853678165
0.05385527534794747
0.053707389121541854
0.05356012365834013
0.05341347594082265
0.05326744296421905
0.053122021736514924
0.05297720927845888
0.05283300262356688
0.05268939881812605
0.05254639492119645
0.052403988004612226
0.052262175152981344
0.05212095346368365
0.05198032004686828
0.0518402720254497
0.05170080653510224
0.05156192072425414
0.05142361175407976
0.05128587679849159
0.051148713044129775
0.05101211769035263
0.05087608794922386
0.05074062104550077
0.05060571421661993
0.05047136471268306
0.05033756979644119
0.05020432674327824
0.050071632841193814
0.04993948539078463
