0.5719254030329687
0.5613656630412444
0.5488051482860528
0.5393944939489
0.5325822567453881
0.5277834180157268
0.5244711904559235
0.522218966561215
0.5207040962435934
0.5196933165285915
0.5190229760680942
0.518580545457574
0.518289689923053
0.5180991072829135
0.5179745457255861
0.5178932497921163
0.5178401622950677
0.5178053559521338
0.5177823093776729
0.5177667556406078
0.5177559159668468
0.5177479911400354
0.5177418247042189
0.517736680407342
0.5177320954587115
0.5177277840135408
0.5177235738790695
0.5177193651565679
0.5177151033390355
0.5177107619128778
0.5177063311900564
0.5177018112100199
0.5176972072879005
0.5176925272733024
0.5176877799064364
0.5176829738711407
0.5176781172844852
0.5176732174547833
0.5176682808001821
0.5176633128594175
0.5176583183519154
0.517653301260969
0.5176482649242978
0.5176432121230322
0.5176381451643468
0.5176330659555516
0.5176279760689743
0.5176228767978412
0.5176177692038273
0.5176126541571471
0.5176075323701279
0.517602404425172
0.5175972707979484
0.517592131876566
0.5175869879773818
0.5175818393580072
0.5175766862279919
0.5175715287575893
0.5175663670849359
0.5175612013219321
0.5175560315590512
0.5175508578692726
0.5175456803112963
0.5175404989321677
0.5175353137694222
0.5175301248528357
0.5175249322058548
0.5175197358467625
0.5175145357896288
0.5175093320450906
0.517504124620982
0.5174989135228535
0.5174936987543923
0.5174884803177672
0.5174832582139091
0.517478032442739
0.5174728030033561
0.5174675698941886
0.5174623331131187
0.5174570926575833
0.5174518485246574
0.5174466007111206
0.5174413492135118
0.5174360940281755
0.517430835151296
0.5174255725789292
0.5174203063070257
0.5174150363314509
0.5174097626480012
0.5174044852524167
0.5173992041403922
0.5173939193075863
0.5173886307496274
0.5173833384621209
0.5173780424406526
0.517372742680793
0.5173674391781007
0.5173621319281246
0.5173568209264059
0.5173515061684795
0.5173461876498764
0.5173408653661233
0.5173355393127446
0.5173302094852625
0.517324875879198
0.5173195384900705
0.5173141973133994
0.5173088523447033
0.5173035035795005
0.5172981510133093
0.5172927946416486
0.5172874344600363
0.5172820704639919
0.5172767026490335
0.5172713310106809
0.5172659555444534
0.5172605762458706
0.5172551931104523
0.5172498061337185
0.5172444153111893
0.5172390206383848
0.5172336221108251
0.5172282197240305
0.5172228134735211
0.5172174033548171
0.5172119893634378
0.5172065714949028
0.5172011497447315
0.5171957241084424
0.5171902945815541
0.5171848611595842
0.5171794238380498
0.5171739826124683
0.5171685374783546
0.5171630884312246
0.5171576354665922
0.5171521785799709
0.5171467177668732
0.5171412530228103
0.5171357843432925
0.5171303117238291
0.517124835159928
0.5171193546470956
0.5171138701808371
0.5171083817566564
0.5171028893700557
0.5170973930165357
0.5170918926915956
0.5170863883907324
0.517080880109442
0.5170753678432182
0.5170698515875525
0.5170643313379351
0.5170588070898537
0.5170532788387942
0.5170477465802401
0.5170422103096728
0.5170366700225713
0.517031125714412
0.5170255773806696
0.5170200250168157
0.5170144686183193
0.5170089081806474
0.5170033436992635
0.5169977751696286
0.5169922025872011
0.5169866259474367
0.5169810452457874
0.5169754604777026
0.5169698716386288
0.5169642787240091
0.5169586817292833
0.5169530806498881
0.5169474754812566
0.5169418662188192
0.5169362528580015
0.5169306353942268
0.5169250138229139
0.5169193881394788
0.5169137583393331
0.5169081244178845
0.5169024863705374
0.5168968441926916
0.5168911978797432
0.5168855474270849
0.5168798928301037
0.5168742340841838
0.5168685711847045
0.516862904127041
0.5168572329065638
0.5168515575186392
0.5168458779586289
0.5168401942218901
0.5168345063037749
0.5168288141996313
0.5168231179048022
0.5168174174146256
0.5168117127244346
0.5168060038295574
0.5168002907253171
0.5167945734070316
0.5167888518700139
0.5167831261095716
0.5167773961210066
0.5167716618996162
0.5167659234406918
0.5167601807395192
0.5167544337913786
0.5167486825915453
0.5167429271352881
0.5167371674178701
0.5167314034345492
0.5167256351805767
0.5167198626511983
0.5167140858416538
0.5167083047471766
0.5167025193629942
0.5166967296843277
0.5166909357063921
0.5166851374243963
0.5166793348335421
0.5166735279290254
0.5166677167060356
0.5166619011597552
0.51665608128536
0.5166502570780197
0.5166444285328966
0.5166385956451464
0.5166327584099175
0.5166269168223522
0.5166210708775849
0.5166152205707436
0.5166093658969484
0.516603506851313
0.5165976434289429
0.5165917756249372
0.5165859034343868
0.5165800268523759
0.5165741458739802
0.5165682604942687
0.5165623707083022
0.5165564765111342
0.5165505778978099
0.5165446748633669
0.516538767402835
0.5165328555112358
0.5165269391835833
0.5165210184148827
0.5165150932001317
0.5165091635343195
0.5165032294124268
0.5164972908294263
0.5164913477802822
0.5164854002599502
0.5164794482633773
0.5164734917855023
0.516467530821255
0.5164615653655564
0.5164555954133192
0.5164496209594469
0.5164436419988341
0.5164376585263664
0.5164316705369205
0.516425678025364
0.5164196809865553
0.5164136794153438
0.5164076733065691
0.5164016626550625
0.5163956474556441
0.5163896277031267
0.5163836033923119
0.5163775745179926
0.5163715410749519
0.5163655030579631
0.5163594604617895
0.5163534132811853
0.516347361510894
0.5163413051456496
0.5163352441801762
0.5163291786091875
0.5163231084273872
0.5163170336294691
0.5163109542101162
0.5163048701640016
0.5162987814857882
0.5162926881701282
0.5162865902116629
0.516280487605024
0.516274380344832
0.5162682684256965
0.5162621518422171
0.5162560305889823
0.5162499046605694
0.5162437740515453
0.5162376387564658
0.5162314987698755
0.516225354086308
0.516219204700286
0.5162130506063208
0.5162068917989122
0.5162007282725496
0.5161945600217097
0.5161883870408589
0.5161822093244517
0.5161760268669308
0.5161698396627277
0.516163647706262
0.5161574509919417
0.5161512495141629
0.51614504326731
0.5161388322457559
0.5161326164438602
0.5161263958559722
0.5161201704764278
0.5161139402995518
0.5161077053196559
0.5161014655310403
0.5160952209279924
0.5160889715047876
0.5160827172556886
0.5160764581749459
0.5160701942567971
0.516063925495468
0.5160576518851705
0.5160513734201051
0.5160450900944589
0.5160388019024063
0.5160325088381086
0.5160262108957148
0.5160199080693602
0.5160136003531677
0.5160072877412466
0.5160009702276934
0.5159946478065913
0.5159883204720104
0.5159819882180071
0.5159756510386247
0.5159693089278934
0.5159629618798292
0.5159566098884351
0.5159502529477004
0.515943891051601
0.5159375241940984
0.515931152369141
0.5159247755706634
0.5159183937925862
0.5159120070288155
0.5159056152732449
0.5158992185197523
0.5158928167622028
0.5158864099944467
0.5158799982103204
0.5158735814036459
0.5158671595682309
0.5158607326978694
0.5158543007863398
0.5158478638274073
0.5158414218148217
0.515834974742319
0.5158285226036198
0.5158220653924307
0.5158156031024431
0.5158091357273342
0.5158026632607662
0.515796185696386
0.515789703027826
0.5157832152487036
0.5157767223526211
0.5157702243331659
0.5157637211839103
0.5157572128984109
0.5157506994702098
0.5157441808928332
0.5157376571597927
0.5157311282645839
0.5157245942006872
0.5157180549615676
0.5157115105406743
0.5157049609314412
0.5156984061272869
0.5156918461216136
0.5156852809078081
0.5156787104792415
0.5156721348292691
0.5156655539512305
0.5156589678384486
0.5156523764842311
0.5156457798818698
0.5156391780246398
0.5156325709058003
0.5156259585185946
0.5156193408562497
0.5156127179119763
0.5156060896789687
0.5155994561504047
0.5155928173194462
0.5155861731792383
0.5155795237229096
0.5155728689435723
0.5155662088343221
0.5155595433882378
0.5155528725983818
0.5155461964577991
0.5155395149595192
0.5155328280965534
0.5155261358618972
0.5155194382485284
0.5155127352494084
0.5155060268574814
0.5154993130656745
0.5154925938668979
0.5154858692540443
0.5154791392199896
0.5154724037575924
0.5154656628596934
0.5154589165191173
0.5154521647286703
0.5154454074811415
0.5154386447693029
0.5154318765859085
0.5154251029236949
0.5154183237753817
0.5154115391336701
0.5154047489912439
0.5153979533407693
0.5153911521748947
0.5153843454862509
0.5153775332674507
0.5153707155110886
0.5153638922097419
0.5153570633559694
0.5153502289423124
0.5153433889612941
0.5153365434054189
0.515329692267174
0.5153228355390278
0.5153159732134308
0.5153091052828151
0.515302231739595
0.5152953525761657
0.5152884677849044
0.5152815773581705
0.5152746812883036
0.515267779567626
0.5152608721884412
0.515253959143034
0.5152470404236703
0.5152401160225979
0.515233185932046
0.5152262501442243
0.5152193086513248
0.5152123614455199
0.5152054085189632
0.5151984498637902
0.5151914854721167
0.5151845153360399
0.5151775394476381
0.5151705577989705
0.5151635703820769
0.5151565771889787
0.515149578211678
0.5151425734421571
0.5151355628723798
0.5151285464942907
0.5151215242998148
0.515114496280858
0.5151074624293066
0.5151004227370279
0.5150933771958697
0.5150863257976601
0.5150792685342083
0.5150722053973035
0.5150651363787156
0.5150580614701947
0.5150509806634718
0.5150438939502577
0.5150368013222438
0.5150297027711019
0.515022598288484
0.5150154878660224
0.5150083714953294
0.5150012491679976
0.5149941208755998
0.5149869866096891
0.514979846361798
0.5149727001234401
0.5149655478861082
0.5149583896412754
0.5149512253803945
0.5149440550948988
0.5149368787762011
0.5149296964156942
0.5149225080047506
0.5149153135347225
0.5149081129969426
0.5149009063827228
0.5148936936833546
0.5148864748901095
0.5148792499942388
0.5148720189869733
0.5148647818595231
0.5148575386030786
0.5148502892088092
0.5148430336678637
0.5148357719713714
0.5148285041104399
0.5148212300761574
0.5148139498595905
0.5148066634517858
0.5147993708437694
0.5147920720265462
0.5147847669911012
0.514777455728398
0.5147701382293801
0.5147628144849699
0.5147554844860689
0.5147481482235584
0.5147408056882987
0.5147334568711288
0.5147261017628673
0.5147187403543121
0.5147113726362399
0.5147039985994066
0.5146966182345469
0.5146892315323752
0.5146818384835841
0.5146744390788459
0.5146670333088117
0.5146596211641112
0.5146522026353537
0.5146447777131267
0.5146373463879973
0.5146299086505111
0.5146224644911924
0.5146150139005449
0.5146075568690506
0.5146000933871706
0.5145926234453448
0.5145851470339917
0.5145776641435091
0.5145701747642724
0.5145626788866371
0.5145551765009364
0.5145476675974825
0.5145401521665665
0.5145326301984581
0.5145251016834053
0.5145175666116348
0.5145100249733526
0.5145024767587425
0.5144949219579671
0.5144873605611677
0.5144797925584641
0.5144722179399547
0.5144646366957162
0.5144570488158042
0.5144494542902525
0.5144418531090733
0.5144342452622577
0.5144266307397747
0.5144190095315724
0.5144113816275769
0.5144037470176928
0.5143961056918029
0.5143884576397693
0.5143808028514313
0.5143731413166073
0.5143654730250939
0.5143577979666663
0.5143501161310774
0.5143424275080594
0.5143347320873219
0.5143270298585534
0.5143193208114206
0.5143116049355685
0.5143038822206203
0.5142961526561776
0.5142884162318203
0.5142806729371066
0.5142729227615727
0.5142651656947334
0.5142574017260818
0.514249630845089
0.5142418530412043
0.5142340683038555
0.5142262766224486
0.5142184779863678
0.5142106723849751
0.5142028598076115
0.5141950402435957
0.5141872136822249
0.514179380112774
0.5141715395244967
0.5141636919066246
0.5141558372483677
0.5141479755389137
0.5141401067674292
0.5141322309230585
0.5141243479949242
0.5141164579721271
0.5141085608437466
0.5141006565988393
0.5140927452264411
0.5140848267155653
0.5140769010552038
0.5140689682343265
0.5140610282418815
0.5140530810667949
0.5140451266979718
0.5140371651242946
0.514029196334624
0.5140212203177994
0.5140132370626379
0.514005246557935
0.5139972487924643
0.513989243754978
0.5139812314342059
0.5139732118188565
0.5139651848976161
0.5139571506591496
0.5139491090920997
0.513941060185088
0.5139330039267135
0.5139249403055539
0.5139168693101654
0.5139087909290819
0.5139007051508158
0.5138926119638578
0.5138845113566768
0.5138764033177199
0.5138682878354128
0.5138601648981589
0.5138520344943407
0.5138438966123179
0.5138357512404297
0.5138275983669929
0.5138194379803029
0.5138112700686331
0.5138030946202359
0.5137949116233412
0.513786721066158
0.5137785229368733
0.5137703172236525
0.5137621039146398
0.513753882997957
0.5137456544617052
0.5137374182939632
0.513729174482789
0.5137209230162181
0.5137126638822652
0.5137043970689237
0.5136961225641643
0.5136878403559377
0.5136795504321721
0.5136712527807743
0.5136629473896301
0.513654634246604
0.5136463133395378
0.5136379846562535
0.513629648184551
0.5136213039122086
0.5136129518269836
0.5136045919166119
0.5135962241688077
0.5135878485712644
0.513579465111654
0.5135710737776269
0.5135626745568125
0.5135542674368188
0.513545852405233
0.5135374294496204
0.5135289985575259
0.5135205597164723
0.5135121129139621
0.5135036581374761
0.5134951953744746
0.513486724612396
0.5134782458386582
0.5134697590406581
0.5134612642057712
0.5134527613213519
0.5134442503747342
0.5134357313532306
0.5134272042441332
0.5134186690347124
0.5134101257122183
0.51340157426388
0.5133930146769057
0.5133844469384827
0.5133758710357779
0.5133672869559361
0.5133586946860834
0.5133500942133234
0.5133414855247402
0.5133328686073961
0.5133242434483337
0.5133156100345744
0.5133069683531191
0.5132983183909483
0.5132896601350221
0.5132809935722791
0.5132723186896389
0.513263635473999
0.5132549439122378
0.5132462439912124
0.5132375356977602
0.5132288190186975
0.5132200939408209
0.5132113604509062
0.513202618535709
0.5131938681819654
0.51318510937639
0.5131763421056783
0.5131675663565047
0.5131587821155243
0.513149989369372
0.5131411881046618
0.5131323783079886
0.5131235599659268
0.5131147330650311
0.5131058975918361
0.5130970535328564
0.5130882008745866
0.5130793396035022
0.5130704697060579
0.5130615911686891
0.5130527039778114
0.5130438081198209
0.5130349035810937
0.5130259903479861
0.5130170684068356
0.5130081377439588
0.5129991983456541
0.5129902501981997
0.5129812932878544
0.5129723276008573
0.5129633531234288
0.5129543698417692
0.5129453777420601
0.5129363768104631
0.512927367033121
0.5129183483961577
0.5129093208856772
0.5129002844877645
0.5128912391884861
0.5128821849738889
0.5128731218300007
0.5128640497428305
0.5128549686983684
0.5128458786825856
0.5128367796814342
0.5128276716808474
0.5128185546667401
0.5128094286250083
0.5128002935415287
0.51279114940216
0.5127819961927421
0.512772833899096
0.5127636625070247
0.512754482002312
0.5127452923707237
0.5127360935980074
0.5127268856698914
0.5127176685720868
0.5127084422902858
0.5126992068101621
0.5126899621173714
0.5126807081975516
0.5126714450363223
0.5126621726192846
0.5126528909320219
0.5126435999600998
0.5126342996890654
0.5126249901044486
0.5126156711917608
0.5126063429364958
0.51259700532413
0.5125876583401213
0.5125783019699108
0.5125689361989212
0.5125595610125584
0.5125501763962099
0.5125407823352464
0.5125313788150209
0.5125219658208688
0.5125125433381084
0.5125031113520406
0.5124936698479495
0.5124842188111012
0.512474758226745
0.5124652880801135
0.5124558083564213
0.5124463190408672
0.512436820118632
0.5124273115748801
0.5124177933947587
0.5124082655633988
0.5123987280659139
0.5123891808874014
0.5123796240129416
0.5123700574275986
0.5123604811164191
0.5123508950644347
0.5123412992566592
0.5123316936780906
0.5123220783137108
0.5123124531484845
0.5123028181673615
0.5122931733552738
0.5122835186971386
0.5122738541778562
0.5122641797823116
0.5122544954953729
0.5122448013018929
0.5122350971867082
0.5122253831346399
0.5122156591304933
0.5122059251590574
0.5121961812051061
0.5121864272533977
0.5121766632886747
0.5121668892956643
0.512157105259078
0.512147311163612
0.5121375069939474
0.5121276927347498
0.5121178683706696
0.512108033886342
0.5120981892663871
0.5120883344954101
0.512078469558001
0.5120685944387349
0.5120587091221722
0.512048813592858
0.5120389078353234
0.5120289918340841
0.5120190655736412
0.5120091290384815
0.5119991822130772
0.5119892250818858
0.5119792576293508
0.5119692798399007
0.5119592916979502
0.5119492931878996
0.5119392842941349
0.5119292650010282
0.5119192352929374
0.511909195154206
0.5118991445691643
0.5118890835221281
0.5118790119973997
0.5118689299792675
0.511858837452006
0.5118487343998765
0.5118386208071262
0.511828496657989
0.5118183619366854
0.5118082166274225
0.5117980607143937
0.5117878941817794
0.5117777170137467
0.5117675291944498
0.5117573307080292
0.5117471215386129
0.5117369016703155
0.5117266710872389
0.5117164297734723
0.511706177713092
0.511695914890161
0.5116856412887305
0.5116753568928383
0.5116650616865104
0.5116547556537598
0.5116444387785873
0.511634111044981
0.5116237724369171
0.5116134229383593
0.5116030625332595
0.5115926912055571
0.5115823089391792
0.511571915718042
0.5115615115260486
0.5115510963470907
0.5115406701650485
0.5115302329637899
0.5115197847271719
0.5115093254390388
0.5114988550832246
0.5114883736435507
0.511477881103828
0.5114673774478556
0.5114568626594214
0.5114463367223021
0.5114357996202634
0.5114252513370595
0.511414691856434
0.5114041211621196
0.5113935392378376
0.5113829460672988
0.5113723416342036
0.511361725922241
0.51135109891509
0.5113404605964187
0.5113298109498847
0.5113191499591355
0.5113084776078077
0.5112977938795281
0.5112870987579131
0.5112763922265688
0.5112656742690916
0.5112549448690673
0.5112442040100722
0.5112334516756726
0.5112226878494247
0.5112119125148755
0.5112011256555616
0.5111903272550108
0.5111795172967404
0.511168695764259
0.5111578626410656
0.5111470179106491
0.5111361615564902
0.5111252935620599
0.5111144139108196
0.5111035225862227
0.5110926195717121
0.5110817048507232
0.5110707784066818
0.5110598402230048
0.5110488902831002
0.5110379285703681
0.5110269550681992
0.5110159697599759
0.5110049726290722
0.5109939636588537
0.5109829428326775
0.5109719101338925
0.5109608655458396
0.5109498090518513
0.5109387406352517
0.5109276602793573
0.510916567967477
0.5109054636829115
0.5108943474089529
0.5108832191288867
0.5108720788259907
0.5108609264835342
0.5108497620847796
0.510838585612982
0.5108273970513884
0.510816196383239
0.510804983591767
0.5107937586601974
0.5107825215717491
0.5107712723096334
0.5107600108570547
0.5107487371972108
0.5107374513132921
0.5107261531884825
0.5107148428059591
0.5107035201488925
0.5106921852004468
0.510680837943779
0.5106694783620402
0.5106581064383754
0.5106467221559221
0.5106353254978129
0.5106239164471733
0.5106124949871234
0.5106010611007765
0.5105896147712403
0.5105781559816167
0.510566684715002
0.5105552009544858
0.5105437046831529
0.5105321958840822
0.5105206745403467
0.5105091406350143
0.5104975941511475
0.510486035071803
0.5104744633800327
0.5104628790588827
0.5104512820913945
0.5104396724606043
0.5104280501495431
0.510416415141237
0.5104047674187073
0.5103931069649708
0.5103814337630386
0.5103697477959178
0.510358049046611
0.5103463374981156
0.5103346131334251
0.5103228759355284
0.5103111258874096
0.5102993629720491
0.5102875871724228
0.5102757984715025
0.5102639968522558
0.5102521822976461
0.5102403547906333
0.5102285143141732
0.5102166608512172
0.510204794384714
0.5101929148976074
0.5101810223728387
0.5101691167933449
0.5101571981420595
0.5101452664019128
0.5101333215558316
0.5101213635867395
0.5101093924775566
0.5100974082112002
0.5100854107705836
0.5100734001386185
0.5100613762982121
0.5100493392322697
0.510037288923693
0.5100252253553814
0.5100131485102317
0.5100010583711372
0.5099889549209893
0.5099768381426768
0.5099647080190856
0.5099525645330995
0.5099404076675997
0.5099282374054652
0.5099160537295732
0.5099038566227982
0.5098916460680123
0.5098794220480862
0.5098671845458882
0.509854933544285
0.5098426690261412
0.5098303909743194
0.509818099371681
0.509805794201085
0.5097934754453893
0.5097811430874502
0.5097687971101222
0.5097564374962587
0.5097440642287112
0.5097316772903304
0.5097192766639657
0.5097068623324648
0.5096944342786748
0.5096819924854411
0.5096695369356088
0.5096570676120216
0.5096445844975223
0.5096320875749528
0.5096195768271543
0.5096070522369675
0.5095945137872315
0.5095819614607863
0.5095693952404696
0.5095568151091199
0.5095442210495745
0.5095316130446708
0.5095189910772455
0.5095063551301351
0.509493705186176
0.5094810412282041
0.5094683632390552
0.5094556712015658
0.5094429650985713
0.5094302449129076
0.509417510627411
0.5094047622249176
0.5093919996882633
0.5093792230002853
0.50936643214382
0.5093536271017051
0.5093408078567778
0.5093279743918764
0.5093151266898397
0.5093022647335068
0.5092893885057174
0.5092764979893121
0.5092635931671319
0.5092506740220191
0.5092377405368159
0.5092247926943665
0.5092118304775154
0.5091988538691076
0.5091858628519901
0.5091728574090105
0.5091598375230174
0.5091468031768602
0.5091337543533907
0.5091206910354605
0.5091076132059239
0.5090945208476354
0.5090814139434514
0.5090682924762298
0.5090551564288297
0.5090420057841121
0.5090288405249391
0.5090156606341746
0.5090024660946847
0.5089892568893363
0.5089760330009987
0.5089627944125424
0.5089495411068407
0.5089362730667677
0.5089229902752
0.5089096927150163
0.5088963803690967
0.5088830532203237
0.5088697112515821
0.5088563544457585
0.5088429827857415
0.5088295962544225
0.5088161948346945
0.5088027785094531
0.5087893472615962
0.5087759010740242
0.5087624399296392
0.5087489638113466
0.5087354727020538
0.5087219665846707
0.5087084454421099
0.5086949092572863
0.5086813580131178
0.5086677916925242
0.5086542102784289
0.5086406137537577
0.5086270021014385
0.5086133753044026
0.5085997333455843
0.50858607620792
0.5085724038743493
0.5085587163278149
0.5085450135512624
0.5085312955276395
0.5085175622398981
0.5085038136709927
0.5084900498038802
0.5084762706215213
0.5084624761068798
0.5084486662429217
0.5084348410126173
0.5084210003989393
0.5084071443848638
0.5083932729533702
0.5083793860874413
0.5083654837700626
0.5083515659842234
0.508337632712916
0.5083236839391361
0.5083097196458829
0.5082957398161588
0.5082817444329697
0.5082677334793246
0.5082537069382365
0.5082396647927213
0.5082256070257984
0.5082115336204911
0.5081974445598259
0.5081833398268328
0.5081692194045453
0.5081550832760006
0.5081409314242393
0.5081267638323055
0.5081125804832471
0.5080983813601155
0.5080841664459657
0.5080699357238562
0.5080556891768492
0.5080414267880108
0.5080271485404103
0.508012854417121
0.5079985444012194
0.5079842184757862
0.5079698766239057
0.5079555188286655
0.5079411450731572
0.5079267553404762
0.5079123496137209
0.5078979278759941
0.5078834901104023
0.5078690363000555
0.5078545664280671
0.5078400804775547
0.5078255784316392
0.5078110602734458
0.5077965259861024
0.5077819755527416
0.5077674089564993
0.507752826180515
0.5077382272079318
0.5077236120218969
0.5077089806055606
0.5076943329420777
0.5076796690146055
0.5076649888063058
0.5076502923003443
0.5076355794798894
0.5076208503281137
0.5076061048281932
0.5075913429633078
0.5075765647166404
0.5075617700713786
0.507546959010712
0.5075321315178349
0.5075172875759449
0.507502427168243
0.5074875502779336
0.5074726568882246
0.5074577469823275
0.5074428205434569
0.5074278775548315
0.5074129179996725
0.5073979418612053
0.5073829491226582
0.5073679397672626
0.5073529137782538
0.50733787113887
0.5073228118323524
0.5073077358419462
0.5072926431508988
0.5072775337424615
0.5072624075998885
0.5072472647064369
0.5072321050453671
0.5072169285999426
0.5072017353534296
0.5071865252890972
0.507171298390218
0.5071560546400671
0.5071407940219221
0.5071255165190641
0.5071102221147764
0.5070949107923455
0.50707958253506
0.5070642373262119
0.5070488751490949
0.5070334959870062
0.5070180998232448
0.5070026866411125
0.5069872564239133
0.5069718091549538
0.5069563448175426
0.5069408633949909
0.5069253648706121
0.5069098492277215
0.5068943164496367
0.5068787665196769
0.5068631994211642
0.5068476151374218
0.5068320136517752
0.5068163949475516
0.5068007590080797
0.5067851058166906
0.5067694353567163
0.5067537476114908
0.5067380425643493
0.5067223201986286
0.5067065804976669
0.506690823444804
0.5066750490233802
0.5066592572167375
0.506643448008219
0.5066276213811683
0.5066117773189308
0.5065959158048521
0.5065800368222785
0.5065641403545578
0.5065482263850374
0.5065322948970663
0.5065163458739933
0.5065003792991676
0.5064843951559391
0.5064683934276574
0.5064523740976729
0.5064363371493354
0.5064202825659949
0.5064042103310016
0.5063881204277052
0.5063720128394548
0.5063558875495995
0.5063397445414877
0.5063235837984676
0.5063074053038861
0.5062912090410897
0.5062749949934238
0.506258763144233
0.5062425134768607
0.5062262459746489
0.5062099606209389
0.5061936573990699
0.5061773362923798
0.5061609972842053
0.5061446403578806
0.5061282654967387
0.5061118726841101
0.5060954619033236
0.5060790331377055
0.5060625863705802
0.5060461215852693
0.5060296387650919
0.5060131378933646
0.5059966189534006
0.5059800819285113
0.5059635268020038
0.5059469535571828
0.5059303621773494
0.5059137526458012
0.5058971249458326
0.5058804790607335
0.5058638149737911
0.5058471326682873
0.5058304321275009
0.5058137133347059
0.5057969762731721
0.5057802209261647
0.505763447276944
0.505746655308766
0.5057298450048808
0.5057130163485342
0.5056961693229663
0.505679303911412
0.5056624200971003
0.5056455178632544
0.5056285971930919
0.5056116580698243
0.5055947004766564
0.505577724396787
0.5055607298134087
0.505543716709706
0.505526685068858
0.505509634874036
0.505492566108404
0.505475478755119
0.5054583727973299
0.5054412482181783
0.5054241050007974
0.5054069431283128
0.5053897625838409
0.5053725633504907
0.5053553454113618
0.5053381087495451
0.5053208533481226
0.5053035791901666
0.5052862862587405
0.5052689745368976
0.5052516440076817
0.5052342946541264
0.5052169264592552
0.5051995394060808
0.5051821334776058
0.5051647086568214
0.5051472649267081
0.5051298022702353
0.50511232067036
0.5050948201100289
0.5050773005721754
0.5050597620397218
0.5050422044955776
0.5050246279226397
0.5050070323037924
0.5049894176219067
0.5049717838598409
0.504954131000439
0.5049364590265318
0.5049187679209366
0.5049010576664554
0.5048833282458768
0.5048655796419742
0.5048478118375064
0.5048300248152164
0.5048122185578329
0.5047943930480681
0.5047765482686184
0.5047586842021647
0.5047408008313706
0.5047228981388837
0.5047049761073343
0.5046870347193357
0.504669073957484
0.504651093804357
0.5046330942425152
0.5046150752545002
0.5045970368228357
0.5045789789300261
0.5045609015585568
0.5045428046908944
0.5045246883094852
0.5045065523967556
0.5044883969351126
0.5044702219069419
0.5044520272946086
0.5044338130804568
0.5044155792468092
0.5043973257759671
0.5043790526502092
0.5043607598517926
0.5043424473629515
0.5043241151658973
0.504305763242818
0.5042873915758783
0.5042690001472192
0.5042505889389572
0.5042321579331847
0.504213707111969
0.5041952364573525
0.5041767459513522
0.5041582355759592
0.5041397053131383
0.5041211551448287
0.5041025850529418
0.5040839950193623
0.5040653850259477
0.5040467550545277
0.5040281050869031
0.5040094351048472
0.5039907450901038
0.5039720350243878
0.5039533048893844
0.503934554666749
0.5039157843381066
0.5038969938850515
0.5038781832891471
0.5038593525319254
0.5038405015948866
0.5038216304594986
0.5038027391071971
0.5037838275193846
0.5037648956774303
0.50374594356267
0.5037269711564054
0.5037079784399032
0.5036889653943959
0.5036699320010805
0.5036508782411179
0.5036318040956336
0.5036127095457162
0.5035935945724179
0.5035744591567526
0.5035553032796974
0.5035361269221913
0.5035169300651338
0.5034977126893863
0.5034784747757702
0.5034592163050677
0.50343993725802
0.5034206376153281
0.5034013173576514
0.5033819764656081
0.5033626149197741
0.5033432327006826
0.5033238297888245
0.5033044061646466
0.503284961808552
0.5032654967008997
0.5032460108220034
0.503226504152132
0.5032069766715088
0.5031874283603102
0.5031678591986664
0.5031482691666602
0.503128658244327
0.5031090264116536
0.5030893736485783
0.5030696999349906
0.5030500052507301
0.5030302895755863
0.5030105528892976
0.5029907951715523
0.5029710164019859
0.5029512165601825
0.502931395625673
0.5029115535779354
0.5028916903963938
0.5028718060604181
0.5028519005493233
0.5028319738423692
0.5028120259187594
0.5027920567576417
0.5027720663381066
0.5027520546391863
0.5027320216398563
0.5027119673190329
0.5026918916555726
0.5026717946282733
0.5026516762158717
0.5026315363970438
0.5026113751504044
0.5025911924545063
0.5025709882878393
0.5025507626288299
0.5025305154558416
0.5025102467471728
0.502489956481057
0.5024696446356626
0.5024493111890911
0.5024289561193779
0.5024085794044905
0.5023881810223284
0.5023677609507231
0.502347319167436
0.5023268556501593
0.5023063703765142
0.502285863324051
0.5022653344702481
0.5022447837925116
0.5022242112681744
0.502203616874496
0.5021830005886608
0.5021623623877792
0.502141702248885
0.5021210201489361
0.5021003160648133
0.5020795899733197
0.5020588418511797
0.5020380716750394
0.5020172794214646
0.5019964650669405
0.5019756285878716
0.5019547699605806
0.5019338891613071
0.5019129861662083
0.5018920609513567
0.5018711134927407
0.501850143766263
0.5018291517477402
0.5018081374129023
0.5017871007373915
0.501766041696762
0.5017449602664787
0.5017238564219171
0.5017027301383614
0.5016815813910052
0.50166041015495
0.5016392164052045
0.5016180001166836
0.501596761264208
0.5015754998225033
0.5015542157661994
0.5015329090698291
0.5015115797078282
0.5014902276545339
0.5014688528841846
0.5014474553709187
0.5014260350887743
0.5014045920116873
0.501383126113492
0.5013616373679195
0.5013401257485965
0.5013185912290457
0.5012970337826835
0.5012754533828202
0.5012538500026591
0.5012322236152947
0.5012105741937132
0.5011889017107908
0.5011672061392927
0.5011454874518727
0.5011237456210724
0.5011019806193202
0.5010801924189294
0.5010583809920995
0.5010365463109132
0.5010146883473363
0.5009928070732175
0.5009709024602863
0.5009489744801527
0.5009270231043065
0.5009050483041154
0.5008830500508258
0.5008610283155599
0.5008389830693161
0.5008169142829677
0.5007948219272618
0.5007727059728183
0.5007505663901298
0.5007284031495587
0.5007062162213386
0.5006840055755717
0.5006617711822285
0.5006395130111466
0.5006172310320297
0.5005949252144465
0.5005725955278303
0.5005502419414771
0.5005278644245452
0.5005054629460545
0.5004830374748839
0.5004605879797729
0.5004381144293178
0.5004156167919724
0.5003930950360468
0.5003705491297055
0.5003479790409672
0.5003253847377034
0.5003027661876369
0.500280123358342
0.5002574562172423
0.5002347647316098
0.500212048868564
0.5001893085950707
0.5001665438779412
0.5001437546838311
0.5001209409792383
0.5000981027305036
0.500075239903808
0.5000523524651724
0.5000294403804563
0.5000065036153566
0.4999835421354064
0.4999605559059742
0.4999375448922621
0.49991450905930546
0.4998914483719709
0.4998683627949559
0.4998452522927868
0.4998221168298187
0.49979895637023286
0.49977577087803693
0.4997525603170626
0.4997293246509656
0.49970606384322286
0.4996827778571326
0.4996594666558133
0.4996361302022005
0.49961276845904845
0.49958938138892633
0.49956596895421834
0.4995425311171222
0.49951906783964756
0.4994955790836153
0.49947206481065565
0.49944852498220704
0.49942495955951527
0.49940136850363204
0.4993777517754129
0.49935410933551727
0.4993304411444057
0.4993067471623397
0.4992830273493797
0.4992592816653842
0.4992355100700079
0.4992117125227009
0.49918788898270705
0.49916403940906234
0.49914016376059445
0.49911626199592
0.49909233407344444
0.4990683799513599
0.499044399587644
0.4990203929400586
0.4989963599661484
0.49897230062323894
0.4989482148684359
0.4989241026586235
0.49889996395046265
0.4988757987003902
0.4988516068646168
0.49882738839912577
0.49880314325967157
0.49877887140177873
0.49875457278073954
0.4987302473516132
0.49870589506922414
0.4986815158881607
0.4986571097627731
0.4986326766471727
0.4986082164952296
0.49858372926057204
0.4985592148965839
0.49853467335640383
0.49851010459292383
0.49848550855878687
0.498460885206386
0.4984362344878627
0.4984115563551051
0.49838685075974637
0.4983621176531635
0.4983373569864752
0.4983125687105406
0.4982877527759575
0.4982629091330607
0.4982380377319206
0.49821313852234145
0.4981882114538594
0.49816325647574133
0.49813827353698276
0.4981132625863064
0.4980882235721607
0.49806315644271737
0.49803806114587057
0.4980129376292347
0.4979877858401428
0.4979626057256449
0.497937397232506
0.497912160307205
0.4978868948959319
0.4978616009445873
0.4978362783987795
0.4978109272038233
0.49778554730473823
0.4977601386462465
0.4977347011727718
0.49770923482843643
0.49768373955706036
0.49765821530215937
0.49763266200694284
0.49760707961431183
0.4975814680668579
0.49755582730686043
0.49753015727628547
0.49750445791678327
0.49747872916968694
0.4974529709760098
0.4974271832764447
0.49740136601136076
0.4973755191208023
0.49734964254448677
0.4973237362218022
0.4972978000918063
0.49727183409322406
0.49724583816444534
0.4972198122435231
0.497193756268172
0.4971676701757661
0.49714155390333586
0.4971154073875682
0.49708923056480225
0.497063023371029
0.49703678574188825
0.49701051761266746
0.4969842189182984
0.4969578895933563
0.4969315295720574
0.4969051387882563
0.4968787171754452
0.49685226466675003
0.4968257811949298
0.4967992666923737
0.4967727210910994
0.4967461443227503
0.49671953631859406
0.49669289700952035
0.496666226326038
0.4966395241982734
0.4966127905559685
0.49658602532847795
0.49655922844476735
0.4965323998334108
0.49650553942258935
0.49647864714008716
0.4964517229132912
0.49642476666918733
0.4963977783343594
0.4963707578349857
0.4963437050968378
0.4963166200452772
0.49628950260525373
0.4962623527013035
0.4962351702575449
0.4962079551976788
0.49618070744498355
0.49615342692231496
0.49612611355210207
0.4960987672563457
0.4960713879566162
0.4960439755740502
0.49601653002934903
0.49598905124277576
0.495961539134153
0.49593399362285995
0.4959064146278312
0.49587880206755286
0.4958511558600603
0.4958234759229365
0.49579576217330873
0.49576801452784625
0.4957402329027578
0.49571241721378934
0.4956845673762204
0.49565668330486323
0.4956287649140587
0.49560081211767437
0.49557282482910203
0.4955448029612545
0.49551674642656335
0.4954886551369766
0.49546052900395543
0.4954323679384721
0.49540417185100627
0.4953759406515435
0.49534767424957227
0.4953193725540805
0.4952910354735536
0.4952626629159713
0.49523425478880545
0.4952058109990165
0.49517733145305126
0.49514881605684
0.4951202647157935
0.4950916773348005
0.49506305381822424
0.4950343940699004
0.4950056979931341
0.4949769654906964
0.49494819646482224
0.4949193908172071
0.49489054844900404
0.49486166926082054
0.4948327531527167
0.49480380002420116
0.49477480977422844
0.4947457823011961
0.49471671750294155
0.4946876152767393
0.494658475519298
0.4946292981267567
0.49460008299468294
0.4945708300180689
0.49454153909132836
0.49451221010829394
0.49448284296221356
0.49445343754574844
0.4944239937509681
0.4943945114693491
0.4943649905917704
0.49433543100851157
0.4943058326092484
0.49427619528305033
0.4942465189183771
0.49421680340307567
0.4941870486243766
0.49415725446889147
0.4941274208226086
0.4940975475708911
0.494067634598472
0.49403768178945257
0.4940076890272975
0.49397765619483286
0.4939475831742418
0.49391746984706164
0.4938873160941803
0.49385712179583285
0.4938268868315985
0.49379661108039663
0.493766294420484
0.49373593672945004
0.4937055378842151
0.4936750977610257
0.4936446162354513
0.4936140931823809
0.4935835284760198
0.4935529219898851
0.4935222735968033
0.49349158316890585
0.493460850577626
0.4934300756936949
0.49339925838713816
0.4933683985272723
0.49333749598270066
0.49330655062131
0.4932755623102668
0.4932445309160137
0.49321345630426555
0.49318233834000536
0.4931511768874812
0.49311997181020234
0.4930887229709343
0.4930574302316969
0.49302609345375886
0.49299471249763493
0.4929632872230815
0.4929318174890927
0.49290030315389705
0.4928687440749526
0.49283714010894397
0.49280549111177824
0.4927737969385799
0.4927420574436884
0.49271027248065336
0.4926784419022302
0.49264656556037706
0.49261464330624966
0.49258267499019814
0.49255066046176255
0.49251859956966887
0.49248649216182466
0.4924543380853149
0.49242213718639843
0.492389889310503
0.4923575943022215
0.49232525200530763
0.4922928622626717
0.4922604249163762
0.492227939807632
0.4921954067767933
0.4921628256633543
0.49213019630594385
0.4920975185423217
0.49206479220937416
0.4920320171431095
0.49199919317865365
0.4919663201502456
0.49193339789123336
0.49190042623406927
0.491867405010305
0.4918343340505882
0.49180121318465686
0.49176804224133563
0.49173482104853056
0.49170154943322514
0.4916682272214752
0.4916348542384047
0.4916014303082007
0.49156795525410935
0.4915344288984299
0.4915008510625121
0.49146722156674955
0.4914335402305756
0.4913998068724591
0.4913660213098993
0.49133218335942075
0.49129829283656845
0.49126434955590415
0.49123035333099985
0.49119630397443426
0.491162201297787
0.4911280451116342
0.4910938352255441
0.4910595714480703
0.4910252535867487
0.4909908814480915
0.4909564548375825
0.49092197355967204
0.49088743741777185
0.4908528462142501
0.4908181997504262
0.4907834978265654
0.49074874024187476
0.49071392679449644
0.49067905728150346
0.49064413149889474
0.49060914924158916
0.4905741103034205
0.49053901447713266
0.490503861554374
0.4904686513256916
0.49043338358052685
0.4903980581072097
0.4903626746929531
0.4903272331238477
0.4902917331848565
0.49025617465980986
0.490220557331399
0.4901848809811715
0.4901491453895255
0.4901133503357039
0.4900774955977891
0.4900415809526979
0.49000560617617456
0.48996957104278677
0.4899334753259191
0.48989731879776754
0.4898611012293338
0.4898248223904201
0.4897884820496223
0.48975207997432596
0.48971561593069857
0.48967908968368534
0.489642500997003
0.48960584963313325
0.48956913535331775
0.4895323579175522
0.48949551708458
0.4894586126118867
0.48942164425569423
0.48938461177095427
0.4893475149113431
0.4893103534292551
0.48927312707579695
0.4892358356007813
0.4891984787527215
0.48916105627882417
0.48912356792498474
0.48908601343577995
0.4890483925544624
0.4890107050229545
0.48897295058184187
0.4889351289703669
0.48889723992642387
0.4888592831865511
0.4888212584859254
0.48878316555835577
0.48874500413627714
0.48870677395074436
0.48866847473142466
0.48863010620659264
0.4885916681031232
0.48855316014648487
0.4885145820607343
0.4884759335685086
0.48843721439102034
0.4883984242480495
0.4883595628579378
0.48832062993758224
0.4882816252024281
0.4882425483664628
0.4882033991422087
0.4881641772407171
0.48812488237156165
0.488085514242831
0.48804607256112215
0.48800655703153495
0.4879669673576641
0.4879273032415928
0.4878875643838858
0.4878477504835835
0.48780786123819375
0.48776789634368634
0.4877278554944851
0.4876877383834619
0.48764754470192934
0.48760727413963345
0.4875669263847477
0.4875265011238654
0.4874859980419932
0.4874454168225434
0.4874047571473273
0.48736401869654905
0.48732320114879696
0.48728230418103785
0.4872413274686097
0.48720027068521327
0.4871591335029074
0.48711791559209966
0.48707661662154056
0.4870352362583156
0.4869937741678385
0.48695223001384447
0.486910603458382
0.4868688941618058
0.48682710178277055
0.48678522597822294
0.4867432664033939
0.4867012227117923
0.4866590945551971
0.4866168815836502
0.48657458344544907
0.48653219978713913
0.4864897302535066
0.48644717448757185
0.48640453213058055
0.4863618028219975
0.4863189861994983
0.4862760818989631
0.48623308955446776
0.4861900087982773
0.48614683926083807
0.48610358057077074
0.48606023235486223
0.48601679423805816
0.4859732658434562
0.48592964679229744
0.4858859367039596
0.485842135195949
0.4857982418838937
0.48575425638153485
0.4857101783007203
0.48566600725139597
0.48562174284159887
0.48557738467744954
0.48553293236314415
0.4854883855009467
0.4854437436911818
0.4853990065322271
0.4853541736205049
0.48530924455047564
0.4852642189146292
0.4852190963034777
0.4851738763055478
0.48512855850737346
0.4850831424934872
0.48503762784641313
0.4849920141466593
0.48494630097271024
0.48490048790101814
0.48485457450599667
0.48480856036001213
0.48476244503337584
0.48471622809433773
0.4846699091090768
0.48462348764169455
0.48457696325420735
0.4845303355065378
0.4844836039565081
0.4844367681598318
0.48438982767010635
0.48434278203880504
0.4842956308152699
0.4842483735467032
0.4842010097781607
0.4841535390525433
0.4841059609105898
0.48405827489086894
0.48401048052977186
0.4839625773615046
0.4839145649180805
0.4838664427293119
0.48381821032280337
0.4837698672239439
0.4837214129558992
0.48367284703960395
0.4836241689937544
0.48357537833480113
0.483526474576941
0.48347745723210955
0.48342832580997425
0.48337907981792655
0.4833297187610739
0.48328024214223314
0.48323064946192285
0.4831809402183556
0.48313111390743035
0.4830811700227263
0.4830311080554938
0.4829809274946486
0.48293062782676355
0.48288020853606156
0.4828296691044086
0.48277900901130605
0.48272822773388363
0.4826773247468925
0.4826262995226976
0.4825751515312712
0.48252388024018533
0.48247248511460444
0.4824209656172789
0.48236932120853815
0.4823175513462832
0.48226565548597966
0.48221363308065157
0.4821614835808738
0.4821092064347659
0.48205680108798454
0.48200426698371734
0.4819516035626762
0.4818988102630899
0.48184588652069904
0.4817928317687477
0.481739645437978
0.4816863269566236
0.4816328757504025
0.48157929124251175
0.4815255728536204
0.48147172000186333
0.48141773210283534
0.4813636085695846
0.4813093488126069
0.48125495223983916
0.48120041825665416
0.48114574626585344
0.4810909356676632
0.4810359858597262
0.48098089623709844
0.48092566619224136
0.48087029511501783
0.4808147823926856
0.48075912740989224
0.4807033295486696
0.48064738818842884
0.4805913027059543
0.4805350724753995
0.4804786968682806
0.48042217525347325
0.4803655069972057
0.4803086914630551
0.4802517280119423
0.48019461600212726
0.48013735478920466
0.48007994372609875
0.4800223821630593
0.4799646694476575
0.47990680492478116
0.47984878793663077
0.4797906178227159
0.4797322939198499
0.4796738155621474
0.4796151820810205
0.47955639280517337
0.4794974470606014
0.47943834417058484
0.4793790834556879
0.47931966423375405
0.47926008581990315
0.47920034752652896
0.479140448663295
0.47908038853713397
0.47902016645224227
0.4789597817100796
0.4788992336093659
0.47883852144607836
0.4787776445134504
0.4787166021019687
0.4786553934993718
0.4785940179906481
0.4785324748580338
0.4784707633810127
0.47840888283631305
0.4783468324979079
0.4782846116370125
0.4782222195220853
0.47815965541882477
0.478096918590171
0.4780340082963036
0.4779709237946421
0.47790766433984583
0.4778442291838134
0.4777806175756831
0.47771682876183347
0.4776528619858832
0.4775887164886921
0.4775243915083619
0.47745988628023733
0.47739520003690683
0.4773303320082045
0.47726528142121083
0.47720004750025513
0.47713462946691676
0.4770690265400278
0.4770032379356751
0.4769372628672024
0.47687110054521337
0.476804750177574
0.4767382109694162
0.4766714821231406
0.47660456283842034
0.4765374523122041
0.47647014973872087
0.4764026543094834
0.47633496521329216
0.4762670816362413
0.4761990027617212
0.47613072777042553
0.4760622558403554
0.47599358614682424
0.47592471786246504
0.47585565015723436
0.47578638219842057
0.4757169131506477
0.47564724217588394
0.47557736843344833
0.47550729108001677
0.4754370092696305
0.47536652215370273
0.4752958288810277
0.47522492859778753
0.47515382044756155
0.47508250357133464
0.4750109771075061
0.4749392401918985
0.4748672919577681
0.4747951315358138
0.47472275805418757
0.4746501706385045
0.4745773684118534
0.4745043504948085
0.47443111600543925
0.47435766405932334
0.4742839937695567
0.47421010424676785
0.4741359945991285
0.47406166393236665
0.4739871113497803
0.47391233595225046
0.4738373368382541
0.4737621131038792
0.4736866638428391
0.4736109881464858
0.473535085103826
0.47345895380153696
0.47338259332398097
0.47330600275322143
0.4732291811690407
0.4731521276489545
0.4730748412682312
0.47299732109990733
0.472919566214807
0.4728415756815585
0.4727633485666142
0.4726848839342684
0.4726061808466768
0.47252723836387633
0.4724480555438053
0.4723686314423229
0.4722889651132311
0.47220905560829485
0.47212890197726437
0.47204850326789644
0.4719678585259767
0.4718869667953437
0.47180582711790964
0.4717244385336865
0.4716428000808082
0.47156091079555534
0.47147876971238073
0.4713963758639334
0.47131372828108586
0.471230825992958
0.47114766802694596
0.471064253408747
0.47098058116238806
0.4708966503102529
0.4708124598731114
0.47072800887014704
0.4706432963189864
0.4705583212357292
0.4704730826349777
0.4703875795298683
0.47030181093210083
0.4702157758519716
0.4701294732984041
0.4700429022789825
0.46995606179998345
0.4698689508664103
0.4697815684820261
0.46969391364938873
0.46960598536988485
0.46951778264376565
0.46942930447018283
0.4693405498472242
0.4692515177719511
0.46916220724043556
0.4690726172477969
0.46898274678824214
0.46889259485510315
0.4688021604408761
0.46871144253726216
0.46862044013520665
0.46852915222494074
0.46843757779602246
0.46834571583737894
0.4682535653373483
0.4681611252837224
0.46806839466379146
0.46797537246438703
0.4678820576719267
0.46778844927245977
0.46769454625171186
0.46760034759513214
0.4675058522879392
0.467411059315169
0.4673159676617219
0.4672205763124119
0.4671248842520146
0.46702889046531754
0.4669325939371697
0.46683599365253214
0.46673908859652935
0.4666418777545003
0.466544360112052
0.46644653465511104
0.46634840036997716
0.4662499562433779
0.46615120126252274
0.46605213441515797
0.4659527546896224
0.4658530610749039
0.46575305256069593
0.46565272813745523
0.46555208679645926
0.46545112752986484
0.46534984933076823
0.46524825119326285
0.4651463321125014
0.4650440910847556
0.464941527107478
0.46483863917936424
0.4647354263004145
0.46463188747199785
0.46452802169691565
0.4644238279794651
0.464319305325505
0.4642144527425209
0.464109269239691
0.46400375382795245
0.46389790552006943
0.46379172333069973
0.46368520627646426
0.4635783533760146
0.46347116365010366
0.4633636361216552
0.46325576981583366
0.46314756376011756
0.46303901698436795
0.4629301285209037
0.46282089740457316
0.46271132267282644
0.46260140336579153
0.4624911385263473
0.4623805272001992
0.4622695684359545
0.4621582612851992
0.4620466048025736
0.4619345980458506
0.46182224007601325
0.4617095299573326
0.46159646675744737
0.4614830495474428
0.4613692774019309
0.4612551493991306
0.46114066462094894
0.46102582215306265
0.46091062108500047
0.4607950605102248
0.4606791395262156
0.46056285723455354
0.46044621274100433
0.4603292051556026
0.4602118335927378
0.46009409717123906
0.4599759950144615
0.45985752625037274
0.45973869001163936
0.4596194854357153
0.45949991166492793
0.4593799678465685
0.45925965313297934
0.45913896668164356
0.4590179076552749
0.45889647522190713
0.45877466855498517
0.45865248683345605
0.4585299292418591
0.45840699497041887
0.4582836832151367
0.45815999317788303
0.45803592406649074
0.4579114750948472
0.45778664548298975
0.4576614344571982
0.4575358412500889
0.4574098651007103
0.45728350525463773
0.45715676096406793
0.45702963148791553
0.4569021160919081
0.4567742140486827
0.4566459246378827
0.4565172471462538
0.4563881808677416
0.45625872510358845
0.45612887916243117
0.45599864236039855
0.4558680140212096
0.4557369934762713
0.4556055800647778
0.45547377313380794
0.45534157203842457
0.4552089761417737
0.45507598481518274
0.45494259743826054
0.45480881339899637
0.45467463209385967
0.4545400529278991
0.4544050753148431
0.45426969867719885
0.4541339224463527
0.4539977460626696
0.4538611689755938
0.45372419064374797
0.45358681053503425
0.4534490281267333
0.45331084290560525
0.4531722543679889
0.45303326201990257
0.45289386537714377
0.4527540639653886
0.4526138573202919
0.4524732449875882
0.45233222652318894
0.4521908014932843
0.45204896947444145
0.45190673005370396
0.45176408282869174
0.4516210274076984
0.4514775634097915
0.45133369046491034
0.45118940821396464
0.4510447163089323
0.4508996144129576
0.45075410220044865
0.4506081793571747
0.45046184558036295
0.4503151005787957
0.4501679440729064
0.45002037579487536
0.4498723954887264
0.4497240029104207
0.449575197827953
0.44942598002144546
0.44927634928324167
0.44912630541799997
0.4489758482427875
0.4488249775871719
0.44867369329331375
0.44852199521605823
0.44836988322302607
0.44821735719470496
0.4480644170245374
0.44791106261901265
0.44775729389775376
0.44760311079360615
0.44744851325272533
0.44729350123466394
0.4471380747124568
0.44698223367270784
0.44682597811567437
0.44666930805535027
0.4465122235195505
0.4463547245499927
0.44619681120237953
0.44603848354647957
0.4458797416662067
0.4457205856597005
0.4455610156394037
0.4454010317321401
0.44524063407919107
0.445079822836372
0.4449185981741061
0.444756960277498
0.4445949093464088
0.44443244559552475
0.4442695692544313
0.4441062805676808
0.443942579794862
0.44377846721066844
0.44361394310496394
0.44344900778284924
0.4432836615647262
0.4431179047863609
0.4429517377989466
0.44278516096916337
0.44261817467923953
0.44245077932700944
0.4422829753259718
0.4421147631053445
0.4419461431101206
0.4417771158011222
0.4416076816550525
0.4414378411645463
0.4412675948382215
0.44109694320072546
0.44092588679278394
0.4407544261712462
0.4405825619091289
0.4404102945956598
0.4402376248363188
0.4400645532528788
0.43989108048344294
0.43971720718248397
0.4395429340208781
0.4393682616859399
0.4391931908814557
0.43901772232771386
0.4388418567615349
0.43866559493629975
0.4384889376219758
0.43831188560514317
0.4381344396890165
0.43795660069346776
0.4377783694550463
0.4375997468269974
0.4374207336792791
0.4372413308985772
0.4370615393883198
0.43688136006868816
0.4367007938766276
0.4365198417658552
0.43633850470686814
0.4361567836869473
0.43597467971016124
0.4357921937973682
0.43560932698621485
0.4354260803311356
0.4352424549033483
0.43505845179084857
0.43487407209840334
0.4346893169475405
0.43450418747653996
0.4343186848404189
0.4341328102109187
0.43394656477648796
0.43375994974226434
0.4335729663300554
0.433385615778315
0.43319789934212133
0.43300981829315055
0.4328213739196488
0.4326325675264043
0.4324434004347146
0.4322538739823543
0.43206398952354075
0.4318737484288952
0.4316831520854061
0.4314922018963873
0.4313008992814363
0.43110924567638875
0.4309172425332724
0.4307248913202604
0.43053219352161887
0.4303391506376562
0.4301457641846687
0.4299520356948849
0.42975796671640787
0.4295635588131554
0.42936881356479817
0.4291737325666969
0.42897831742983683
0.4287825697807596
0.42858649126149584
0.42839008352949276
0.4281933482575412
0.42799628713370197
0.42779890186122815
0.42760119415848735
0.42740316575888015
0.42720481841075986
0.4270061538773458
0.42680717393663964
0.42660788038133646
0.42640827501873513
0.42620835967064774
0.42600813617330524
0.4258076063772631
0.42560677214730414
0.42540563536233966
0.4252041979153102
0.4250024617130816
0.4248004286763422
0.4245981007394971
0.4243954798505599
0.42419256797104465
0.42398936707585433
0.42378587915316773
0.423582106204327
0.4233780502437192
0.4231737132986609
0.42296909740927785
0.42276420462838393
0.42255903702135905
0.42235359666602557
0.4221478856525212
0.4219419060831728
0.4217356600723672
0.4215291497464212
0.42132237724344873
0.4211153447132284
0.4209080543170682
0.42070050822766886
0.4204927086289868
0.42028465771609386
0.42007635769503715
0.4198678107826971
0.41965901920664356
0.41944998520499116
0.41924071102625315
0.41903119892919416
0.41882145118268027
0.4186114700655308
0.41840125786636495
0.4181908168834506
0.4179801494245501
0.41776925780676466
0.41755814435637917
0.41734681140870433
0.4171352613079181
0.41692349640690574
0.4167115190671004
0.41649933165832026
0.41628693655860605
0.41607433615405714
0.415861532838667
0.4156485290141576
0.415435327089812
0.41522192948230774
0.41500833861554687
0.41479455692048806
0.4145805868349761
0.4143664308035694
0.4141520912773698
0.41393757071384907
0.4137228715766762
0.4135079963355421
0.413292947465986
0.4130777274492192
0.4128623387719496
0.41264678392620413
0.412431065409152
0.41221518572292676
0.4119991473744471
0.41178295287523947
0.4115666047412569
0.41135010549269957
0.41113345765383535
0.4109166637528175
0.4106997263215051
0.41048264789528033
0.41026543101286694
0.41004807821614825
0.4098305920499845
0.4096129750620304
0.4093952298025521
0.40917735882424366
0.4089593646820446
0.40874124993295496
0.40852301713585426
0.4083046688513148
0.40808620764142023
0.40786763606958065
0.4076489567003489
0.40743017209923704
0.40721128483253277
0.4069922974671157
0.40677321257027244
0.4065540327095154
0.40633476045239714
0.40611539836632904
0.405895949018397
0.4056764149751795
0.40545679880256413
0.4052371030655665
0.40501733032814685
0.40479748315303016
0.40457756410152274
0.40435757573333225
0.40413752060638797
0.4039174012766591
0.40369722029797545
0.40347698022184897
0.40325668359729383
0.40303633297064867
0.4028159308853989
0.4025954798819993
0.4023749824976971
0.4021544412663566
0.4019338587182831
0.4017132373800486
0.40149257977431707
0.40127188841967215
0.40105116583044237
0.40083041451653145
0.40060963698324575
0.4003888357311237
0.400168013255767
0.39994717204767094
0.3997263145920559
0.3995054433687021
0.3992845608517806
0.39906366950969036
0.398842771804892
0.39862187019374457
0.3984009671263433
0.3981800650463578
0.39795916639087103
0.39773827359021907
0.3975173890678343
0.397296515240085
0.39707565451612126
0.39685480929771777
0.39663398197912014
0.39641317494689066
0.3961923905797568
0.39597163124846013
0.39575089931560603
0.395530197135514
0.395309527054071
0.3950888914085854
0.3948682925276397
0.39464773273094866
0.39442721432921485
0.3942067396239876
0.39398631090752273
0.39376593046264297
0.39354560056260074
0.39332532347094024
0.3931051014413642
0.39288493671759783
0.39266483153325726
0.3924447881117181
0.39222480866598536
0.39200489539856415
0.39178505050133366
0.3915652761554194
0.3913455745310701
0.391125947787534
0.3909063980729367
0.3906869275241607
0.3904675382667275
0.3902482324146777
0.39002901207045676
0.3898098793247995
0.3895908362566164
0.38937188493288144
0.38915302740852253
0.38893426572631157
0.38871560191675664
0.3884970379979967
0.3882785759756952
0.3880602178429388
0.38784196558013345
0.38762382115490573
0.38740578652200247
0.38718786362319385
0.38697005438717724
0.38675236072948305
0.38653478455238066
0.3863173277447881
0.38609999218218033
0.38588277972650187
0.38566569222607827
0.3854487315155317
0.3852318994156958
0.38501519773353265
0.38479862826205186
0.3845821927802307
0.3843658930529349
0.3841497308308427
0.3839337078503687
0.38371782583358915
0.38350208648817063
0.3832864915072979
0.38307104256960434
0.3828557413391041
0.38264058946512425
0.38242558858224057
0.3822107403102123
0.3819960462539206
0.38178150800330585
0.3815671271333109
0.3813529052038187
0.3811388437595989
0.38092494433024965
0.3807112084301457
0.3804976375583832
0.380284233198731
0.3800709968195779
0.37985792987388645
0.3796450337991438
0.3794323100173166
0.3792197599348062
0.37900738494240555
0.37879518641525683
0.37858316571281125
0.37837132417878955
0.3781596631411435
0.37794818391202034
0.377736887787726
0.3775257760486916
0.3773148499594411
0.37710411076855815
0.376893559708657
0.37668319799635247
0.37647302683223316
0.37626304740083316
0.37605326087060775
0.37584366839390837
0.3756342711069599
0.37542507012983883
0.3752160665664513
0.37500726150451524
0.3747986560155405
0.3745902511548119
0.3743820479613728
0.37417404745801064
0.37396625065124206
0.3737586585313001
0.3735512720721225
0.37334409223134135
0.373137119950272
0.3729303561539053
0.37272380175090003
0.3725174576335755
0.3723113246779063
0.3721054037435174
0.37189969567368036
0.37169420129531094
0.37148892141896667
0.37128385683884674
0.37107900833279106
0.37087437666228223
0.3706699625724462
0.3704657667920567
0.3702617900335371
0.370058032992966
0.3698544963500821
0.3696511807682904
0.3694480868946696
0.36924521535997895
0.3690425667786681
0.3688401417488851
0.3686379408524878
0.368435964655054
0.3682342137058931
0.368032688538059
0.3678313896683624
0.36763031759738524
0.367429472809495
0.3672288557728594
0.3670284669394632
0.36682830674512346
0.3666283756095077
0.3664286739361507
0.3662292021124737
0.3660299605098027
0.3658309494833882
0.3656321693724252
0.36543362050007405
0.3652353031734812
0.36503721768380115
0.3648393643062191
0.36464174329997273
0.36444435490837623
0.36424719935884325
0.364050276862912
0.3638535876162693
0.3636571317987751
0.36346090957448873
0.36326492109169467
0.3630691664829285
0.3628736458650037
0.36267835933903836
0.36248330699048364
0.36228848888914994
0.36209390508923606
0.3618995556293569
0.3617054405325732
0.3615115598064193
0.3613179134429328
0.3611245014186846
0.3609313236948078
0.3607383802170287
0.36054567091569667
0.36035319570581387
0.3601609544870672
0.3599689471438585
0.35977717354533567
0.35958563354542455
0.35939432698285845
0.3592032536812123
0.3590124134489328
0.35882180607937003
0.3586314313508103
0.35844128902650785
0.35825137885471625
0.35806170056872216
0.35787225388687527
0.3576830385126236
0.357494054134543
0.35730530042637143
0.35711677704704087
0.3569284836407092
0.3567404198367935
0.3565525852500019
0.35636497948036594
0.35617760211327393
0.3559904527195014
0.3558035308552454
0.3556168360621555
0.35543036786736626
0.3552441257835289
0.3550581093088447
0.3548723179270945
0.3546867511076728
0.354501408305618
0.3543162889616438
0.35413139250217185
0.3539467183393617
0.353762265871142
0.35357803448124214
0.353394023539222
0.35321023240050314
0.35302666040639863
0.3528433068841438
0.35266017114692516
0.3524772524939109
0.35229455021027983
0.3521120635672511
0.3519297918221121
0.35174773421824834
0.35156588998517146
0.3513842583385463
0.35120283848022055
0.35102162959825095
0.3508406308669311
0.3506598414468185
0.3504792604847605
0.3502988871139214
0.3501187204538082
0.3499387596102958
0.34975900367565294
0.3495794517285667
0.349400102834167
0.34922095604405157
0.34904201039630856
0.34886326491554076
0.3486847186128893
0.34850637048605465
0.34832821951932
0.3481502646835739
0.3479725049363293
0.34779493922174654
0.3476175664706541
0.34744038560056717
0.34726339551570873
0.34708659510702833
0.34690998325222067
0.3467335588157448
0.3465573206488407
0.34638126758954846
0.34620539846272314
0.3460297120800536
0.3458542072400761
0.3456788827281915
0.34550373731667994
0.3453287697647144
0.3451539788183763
0.34497936321066747
0.34480492166152377
0.34463065287782796
0.34445655555342025
0.3442826283691117
0.3441088699926934
0.3439352790789474
0.34376185426965605
0.3435885941936124
0.34341549746662736
0.34324256269153897
0.34306978845821906
0.3428971733435809
0.3427247159115855
0.3425524147132468
0.34238026828663815
0.3422082751568955
0.34203643383622295
0.3418647428238954
0.3416932006062614
0.3415218056567457
0.34135055643585177
0.34117945139116107
0.34100848895733527
0.34083766755611566
0.340666985596322
0.34049644147385166
0.34032603357167757
0.340155760259846
0.3399856198954722
0.3398156108227387
0.3396457313728888
0.33947597986422207
0.3393063546020901
0.33913685387888837
0.33896747597404986
0.3387982191540382
0.3386290816723383
0.3384600617694478
0.3382911576728683
0.3381223675970946
0.33795368974360324
0.3377851223008428
0.33761666344421953
0.33744831133608605
0.3372800641257284
0.33711191994934997
0.3369438769300584
0.33677593317784993
0.33660808678959264
0.33644033584901023
0.33627267842666475
0.33610511257993814
0.33593763635301355
0.33577024777685605
0.33560294486919295
0.335435725634492
0.33526858806394116
0.33510153013542554
0.3349345498135057
0.33476764504939316
0.3346008137809265
0.33443405393254727
0.33426736341527385
0.33410074012667573
0.3339341819508461
0.3337676867583752
0.33360125240632144
0.33343487673818295
0.3332685575838681
0.3331022927596648
0.3329360800682106
0.3327699172984602
0.33260380222565306
0.33243773261128207
0.33227170620305824
0.3321057207348772
0.3319397739267844
0.3317738634849392
0.33160798710157857
0.3314421424549804
0.3312763272094258
0.3311105390151608
0.330944775508357
0.33077903431107253
0.3306133130312112
0.33044760926248234
0.3302819205843579
0.3301162445620314
0.32995057874637357
0.3297849206738905
0.3296192678666775
0.3294536178323756
0.32928796806412475
0.3291223160405182
0.32895665922555545
0.3287909950685947
0.32862532100430414
0.32845963445261406
0.3282939328186655
0.3281282134927621
0.3279624738503181
0.32779671125180687
0.3276309230427089
0.3274651065534595
0.3272992590993942
0.3271333779806962
0.3269674604823407
0.32680150387404006
0.32663550541018743
0.32646946232980056
0.3263033718564644
0.3261372311982742
0.32597103754777546
0.32580478808190666
0.3256384799619384
0.3254721103334143
0.325305676326089
0.3251391750538678
0.3249726036147442
0.32480595909073806
0.3246392385478308
0.32447243903590384
0.32430555758867313
0.3241385912236244
0.3239715369419482
0.3238043917284732
0.3236371525516011
0.3234698163632381
0.32330238009872864
0.3231348406767864
0.32296719499942644
0.3227994399518955
0.3226315724026032
0.32246358920305096
0.3222954871877626
0.32212726317421214
0.3219589139627529
0.3217904363365456
0.32162182706148584
0.32145308288613095
0.3212842005416269
0.3211151767416347
0.3209460081822558
0.3207766915419581
0.3206072234815004
0.32043760064385735
0.3202678196541443
0.3200978771195398
0.3199277696292103
0.31975749375423385
0.31958704604752136
0.3194164230437408
0.3192456212592384
0.3190746371919612
0.3189034673213791
0.3187321081084059
0.3185605559953209
0.3183888074056895
0.3182168587442843
0.31804470639700655
0.3178723467308051
0.3176997760935982
0.31752699081419317
0.3173539872022065
0.3171807615479839
0.3170073101225201
0.31683362917737967
0.31665971494461553
0.3164855636366903
0.3163111714463951
0.3161365345467697
0.3159616490910243
0.31578651121245616
0.3156111170243736
0.31543546262001426
0.315259544072466
0.3150833574345885
0.3149068987389334
0.31473016399766623
0.31455314920248806
0.3143758503245572
0.3141982633144115
0.3140203841018915
0.3138422085960635
0.31366373268514314
0.31348495223641915
0.3133058630961792
0.3131264610896345
0.31294674202084555
0.31276670167264947
0.31258633580658723
0.3124056401628313
0.31222461046011507
0.3120432423956627
0.31186153164512
0.3116794738624848
0.31149706468004196
0.3113142997082953
0.3111311745359033
0.3109476847296144
0.3107638258342051
0.31057959337241864
0.3103949828449039
0.3102099897301577
0.3100246094844673
0.3098388375418538
0.3096526693140199
0.30946610019029613
0.3092791255375906
0.30909174070033996
0.3089039410004627
0.3087157217373135
0.3085270781876417
0.3083380056055484
0.3081484992224496
0.3079585542470383
0.30776816586525146
0.30757732924023806
0.30738603951232946
0.3071942917990144
0.30700208119491323
0.30680940277175844
0.30661625157837613
0.3064226226406703
0.3062285109616123
0.3060339115212304
0.3058388192766057
0.3056432291618687
0.305447136088202
0.3052505349438442
0.3050534205940999
0.30485578788135115
0.3046576316250743
0.30445894662186174
0.30425972764544507
0.30405996944672536
0.30385966675380693
0.3036588142720348
0.3034574066840383
0.3032554386497789
0.30305290480660185
0.3028497997692957
0.3026461181301543
0.3024418544590458
0.3022370033034865
0.3020315591887206
0.3018255166178053
0.3016188700717042
0.3014116140093822
0.301203742867912
0.3009952510625827
0.30078613298701806
0.30057638301329914
0.3003659954920969
0.30015496475280756
0.29994328510369894
0.2997309508320635
0.2995179562043776
0.29930429546646925
0.29908996284369466
0.29887495254112173
0.2986592587437221
0.2984428756165721
0.29822579730506266
0.29800801793511644
0.29778953161341626
0.29757033242764086
0.29735041444671084
0.29712977172104515
0.2969083982828248
0.2966862881462696
0.296463435307923
0.2962398337469478
0.29601547742543294
0.29579036028871036
0.29556447626568355
0.29533781926916713
0.29511038319623567
0.2948821619285885
0.29465314933292197
0.29442333926131653
0.2941927255516331
0.2939613020279255
0.2937290625008616
0.2934960007681614
0.2932621106150432
0.29302738581468707
0.2927918201287095
0.29255540730765206
0.29231814109148385
0.2920800152101187
0.2918410233839442
0.2916011593243679
0.29136041673437585
0.29111878930910673
0.29087627073644057
0.2906328546976037
0.2903885348677859
0.29014330491677714
0.2898971585096165
0.289650089307258
0.28940209096725283
0.2891531571444472
0.28890328149169653
0.28865245766059555
0.2884006793022251
0.2881479400679181
0.28789423361003663
0.2876395535827728
0.28738389364296135
0.2871272474509122
0.2868696086712602
0.28661097097383104
0.2863513280345262
0.2860906735362245
0.28582900116970256
0.2855663046345709
0.28530257764023137
0.2850378139068497
0.284772007166347
0.2845051511634102
0.2842372396565194
0.2839682664189943
0.2836982252400587
0.28342710992592324
0.28315491430088624
0.2828816322084527
0.2826072575124732
0.28233178409829796
0.2820552058739517
0.28177751677132684
0.281498710747392
0.28121878178542214
0.28093772389624494
0.28065553111950425
0.2803721975249433
0.28008771721370457
0.2798020843196473
0.2795152930106826
0.27922733749012607
0.2789382119980676
0.27864791081275697
0.27835642825200896
0.2780637586746218
0.2777698964818143
0.2774748361186786
0.27717857207564844
0.2768810988899834
0.27658241114726784
0.276282503482927
0.27598137058375505
0.2756790071894599
0.275375408094221
0.2750705681482612
0.2747644822594321
0.27445714539481314
0.2741485525823216
0.2738386989123368
0.2735275795393348
0.2732151896835355
0.2729015246325599
0.27258657974309747
0.27227035044258563
0.2719528322308955
0.2716340206820297
0.2713139114458263
0.27099250024967114
0.2706697829002198
0.2703457552851217
0.2700204133747547
0.2696937532239627
0.2693657709737991
0.2690364628532742
0.2687058251811063
0.26837385436747563
0.26804054691577994
0.2677058994243936
0.2673699085884248
0.2670325712014745
0.26669388415739537
0.2663538444520466
0.2660124491850497
0.2656696955615396
0.2653255808939123
0.2649801026035682
0.2646332582226497
0.264285045395773
0.2639354618817536
0.2635845055553215
0.2632321744088313
0.2628784665539594
0.26252338022339355
0.26216691377250817
0.2618090656810311
0.2614498345546932
0.2610892191268681
0.26072721826019474
0.2603638309481827
0.25999905631680587
0.25963289362607256
0.2592653422715818
0.2588964017860572
0.2585260718408625
0.25815435224749483
0.2577812429590552
0.257406744071698
0.25703085582605434
0.25665357860863103
0.2562749129531847
0.25589485954206836
0.25551341920754866
0.25513059293309903
0.25474638185465814
0.2543607872618615
0.2539738105992404
0.2535854534673888
0.25319571762409765
0.25280460498545526
0.2524121176269115
0.25201825778430953
0.2516230278548772
0.2512264303981851
0.2508284681370635
0.2504291439584823
0.25002846091439024
0.24962642222251527
0.249223031267121
0.24881829159972574
0.24841220693977378
0.24800478117526747
0.2475960183633531
0.24718592273086365
0.24677449867481482
0.24636175076285674
0.2459476837336773
0.24553230249736113
0.24511561213569785
0.24469761790244451
0.24427832522353926
0.24385773969726385
0.24343586709435908
0.24301271335808866
0.2425882846042533
0.242162587121154
0.2417356273695029
0.24130741198228506
0.24087794776456598
0.24044724169324866
0.2400153009167777
0.23958213275479057
0.23914774469771655
0.23871214440632274
0.2382753397112072
0.23783733861223827
0.23739814927794084
0.23695778004483048
0.23651623941669245
0.23607353606380901
0.23562967882213226
0.23518467669240528
0.23473853883922802
0.23429127459007323
0.23384289343424708
0.23339340502179862
0.23294281916237647
0.23249114582403338
0.2320383951319791
0.23158457736728272
0.23112970296552177
0.23067378251538345
0.230216826757213
0.2297588465815136
0.2292998530273968
0.22883985728098377
0.22837887067375762
0.22791690468086986
0.2274539709193969
0.22699008114655245
0.22652524725785278
0.22605948128523576
0.22559279539513785
0.22512520188652488
0.22465671318888022
0.22418734186015093
0.22371710058465344
0.22324600217093535
0.2227740595496007
0.22230128577109423
0.22182769400344754
0.221353297529989
0.22087810974701677
0.2204021441614361
0.2199254143883623
0.21944793414869157
0.21896971726663692
0.21849077766723496
0.21801112937382178
0.21753078650547886
0.2170497632744513
0.21656807398353867
0.21608573302346018
0.21560275487019492
0.21511915408229754
0.21463494529819255
0.2141501432334459
0.21366476267801732
0.21317881849349252
0.2126923256102978
0.21220529902489782
0.21171775379697863
0.21122970504661373
0.21074116795142062
0.21025215774370168
0.20976268970757678
0.20927277917610504
0.20878244152839825
0.20829169218672827
0.20780054661362585
0.20730902030897919
0.20681712880712272
0.20632488767392954
0.20583231250389947
0.2053394189172471
0.20484622255699236
0.20435273908605317
0.20385898418434084
0.20336497354586155
0.20287072287582203
0.20237624788774491
0.2018815643005896
0.20138668783588387
0.2008916342148669
0.20039641915564108
0.1999010583703396
0.19940556756230643
0.19890996242329023
0.19841425863065607
0.1979184718446136
0.1974226177054614
0.19692671183085297
0.1964307698130811
0.19593480721638368
0.195438839574271
0.19494288238687654
0.19444695111833074
0.1939510611941611
0.1934552279987154
0.19295946687261256
0.19246379311022183
0.19196822195716806
0.19147276860786672
0.19097744820308882
0.190482275827556
0.18998726650756612
0.18949243520865194
0.18899779683327064
0.18850336621852803
0.1880091581339352
0.18751518727920094
0.18702146828205793
0.18652801569612454
0.18603484399880402
0.18554196758921854
0.18504940078618148
0.1845571578262066
0.1840652528615552
0.18357369995832293
0.1830825130945627
0.18259170615844997
0.18210129294648486
0.18161128716173516
0.1811217024121199
0.18063255220873198
0.1801438499642032
0.17965560899110766
0.17916784250040893
0.17868056359994566
0.17819378529296048
0.17770752047667077
0.17722178194087757
0.1767365823666206
0.1762519343248716
0.17576785027527125
0.17528434256490705
0.17480142342713262
0.17431910498042963
0.17383739922731017
0.173356318053262
0.1728758732257344
0.17239607639316512
0.17191693908404926
0.17143847270604873
0.17096068854514265
0.17048359776481906
0.17000721140530572
0.1695315403828429
0.16905659548899418
0.16858238738999914
0.16810892662616359
0.16763622361129035
0.16716428863214836
0.16669313184798018
0.16622276329004762
0.1657531928612156
0.16528443033557372
0.1648164853580935
0.16434936744432496
0.16388308598012605
0.16341765022143118
0.16295306929405312
0.16248935219352087
0.16202650778495215
0.16156454480295865
0.16110347185158766
0.16064329740429384
0.1601840298039454
0.15972567726286255
0.15926824786288651
0.15881174955548105
0.1583561901618637
0.15790157737316754
0.15744791875063244
0.15699522172582603
0.15654349360089184
0.1560927415488273
0.1556429726137876
0.1551941937114174
0.15474641162920882
0.15429963302688493
0.1538538644368085
0.1534091122644167
0.15296538278867738
0.15252268216257236
0.15208101641360036
0.15164039144430538
0.15120081303282423
0.1507622868334586
0.15032481837726455
0.1498884130726651
0.14945307620608056
0.1490188129425798
0.1485856283265478
0.14815352728237363
0.14772251461515418
0.14729259501141653
0.14686377303985448
0.1464360531520829
0.14600943968340668
0.14558393685360463
0.14515954876772763
0.1447362794169097
0.1443141326791945
0.14389311232037222
0.14347322199482979
0.14305446524641327
0.14263684550929961
0.1422203661088821
0.14180503026266317
0.14139084108115846
0.14097780156880993
0.14056591462490797
0.1401551830445215
0.13974560951943643
0.13933719663910016
0.138929946891576
0.13852386266450106
0.1381189462460519
0.13771519982591615
0.137312625496268
0.13691122525275048
0.1365110009954605
0.13611195452993916
0.1357140875681652
0.13531740172955226
0.13492189854194814
0.13452757944263788
0.13413444577934824
0.13374249881125463
0.13335173970998887
0.13296216956064844
0.13257378936280773
0.13218660003152694
0.13180060239836494
0.13141579721238944
0.13103218514118747
0.13064976677187504
0.13026854261210682
0.12988851309108265
0.129509678560555
0.1291320392958325
0.12875559549678256
0.12838034728883133
0.12800629472396113
0.12763343778170577
0.1272617763701412
0.1268913103268754
0.12652203942003185
0.12615396334923284
0.12578708174657538
0.12542139417760556
0.12505690014228732
0.1246935990759678
0.12433149035033718
0.12397057327438375
0.1236108470953455
0.12325231099965395
0.12289496411387506
0.12253880550564412
0.12218383418459433
0.12183004910328005
0.12147744915809477
0.12112603319018209
0.1207757999863424
0.12042674827993052
0.12007887675174991
0.11973218403093908
0.11938666869585077
0.11904232927492646
0.11869916424756247
0.11835717204497051
0.11801635105102976
0.11767669960313373
0.11733821599302949
0.11700089846764897
0.1166647452299346
0.11632975443965637
0.11599592421422263
0.11566325262948299
0.11533173772052385
0.11500137748245706
0.11467216987120049
0.11434411280425172
0.11401720416145325
0.11369144178575152
0.113366823483947
0.1130433470274381
0.11272101015295585
0.11239981056329222
0.1120797459280205
0.11176081388420733
0.11144301203711823
0.11112633796091458
0.11081078919934334
0.1104963632664187
0.11018305764709665
0.1098708697979415
0.1095597971477848
0.1092498370983768
0.10894098702503008
0.10863324427725526
0.10832660617939043
0.1080210700312213
0.10771663310859467
0.10741329266402454
0.10711104592729075
0.10680989010602876
0.10650982238631472
0.10621083993323985
0.10591293989148035
0.10561611938585781
0.10532037552189409
0.10502570538635717
0.10473210604780123
0.10443957455709829
0.10414810794796392
0.10385770323747537
0.10356835742658159
0.10328006750060803
0.10299283042975296
0.10270664316957792
0.10242150266149029
0.10213740583322004
0.10185434959928827
0.10157233086147147
0.1012913465092555
0.10101139342028662
0.10073246846081337
0.10045456848612298
0.10017769034097099
0.09990183086000469
0.09962698686817993
0.09935315518117156
0.09908033260577773
0.09880851594031842
0.0985377019750269
0.09826788749243523
0.09799906926775491
0.09773124406924974
0.0974644086586042
0.09719855979128508
0.09693369421689832
0.0966698086795377
0.09640689991813158
0.09614496466678037
0.09588399965509042
0.09562400160850212
0.09536496724861182
0.09510689329348936
0.09484977645798903
0.09459361345405645
0.09433840099102936
0.09408413577593339
0.09383081451377316
0.09357843390781745
0.0933269906598802
0.09307648147059644
0.09282690303969218
0.09257825206625173
0.09233052524897721
0.09208371928644665
0.09183783087736419
0.09159285672080879
0.09134879351647524
0.09110563796491332
0.09086338676776126
0.09062203662797444
0.09038158425005056
0.0901420263402507
0.08990335960681481
0.08966558076017453
0.08942868651316101
0.08919267358120878
0.08895753868255608
0.08872327853844039
0.08848988987329082
0.08825736941491638
0.08802571389468995
0.0877949200477294
0.08756498461307427
0.08733590433385907
0.08710767595748314
0.08688029623577621
0.08665376192516168
0.08642806978681536
0.08620321658682131
0.08597919909632387
0.08575601409167696
0.08553365835459005
0.08531212867227042
0.08509142183756231
0.08487153464908322
0.08465246391135775
0.08443420643494633
0.08421675903657364
0.0840001185392519
0.08378428177240266
0.0835692455719741
0.08335500678055802
0.08314156224750144
0.0829289088290171
0.08271704338829051
0.08250596279558473
0.08229566392834253
0.08208614367128544
0.08187739891651089
0.08166942656358671
0.08146222351964258
0.08125578669946033
0.0810501130255602
0.08084519942828632
0.08064104284588863
0.08043764022460342
0.08023498851873137
0.08003308469071282
0.07983192571120178
0.07963150855913731
0.07943183022181262
0.0792328876949428
0.07903467798272987
0.07883719809792555
0.07864044506189345
0.07844441590466791
0.0782491076650116
0.07805451739047095
0.07786064213743023
0.07766747897116341
0.07747502496588402
0.07728327720479417
0.07709223278013067
0.07690188879321046
0.07671224235447414
0.07652329058352711
0.07633503060918065
0.07614745956948928
0.07596057461178893
0.07577437289273181
0.07558885157832099
0.07540400784394205
0.07521983887439526
0.0750363418639246
0.07485351401624629
0.07467135254457592
0.07448985467165374
0.07430901762976914
0.07412883866078364
0.07394931501615286
0.07377044395694668
0.07359222275386867
0.07341464868727424
0.07323771904718761
0.0730614311333172
0.0728857822550709
0.07271076973156873
0.07253639089165631
0.07236264307391531
0.07218952362667395
0.07201702990801681
0.07184515928579265
0.07167390913762159
0.07150327685090169
0.07133325982281431
0.07116385546032834
0.07099506118020392
0.07082687440899481
0.07065929258305054
0.07049231314851674
0.07032593356133579
0.0701601512872454
0.06999496380177754
0.06983036859025572
0.06966636314779209
0.0695029449792831
0.06934011159940541
0.0691778605326098
0.0690161893131157
0.06885509548490407
0.0686945766017097
0.06853463022701345
0.06837525393403332
0.06821644530571472
0.06805820193472067
0.06790052142342087
0.0677434013838807
0.06758683943784904
0.06743083321674585
0.0672753803616494
0.06712047852328237
0.06696612536199786
0.06681231854776493
0.06665905576015307
0.0665063346883172
0.0663541530309805
0.06620250849641905
0.06605139880244386
0.06590082167638366
0.0657507748550669
0.06560125608480348
0.06545226312136578
0.06530379372996915
0.06515584568525305
0.0650084167712601
0.06486150478141668
0.06471510751851108
0.06456922279467306
0.06442384843135221
0.06427898225929617
0.0641346221185282
0.06399076585832496
0.06384741133719359
0.06370455642284858
0.06356219899218847
0.06342033693127166
0.06327896813529327
0.06313809050856008
0.06299770196446652
0.06285780042546922
0.06271838382306305
0.06257945009775463
0.0624409971990376
0.06230302308536653
0.06216552572413109
0.062028503091629536
0.061891953173042774
0.06175587396240738
0.061620263462589114
0.06148511968525548
0.06135044065084887
0.06121622438855934
0.06108246893629657
0.06094917234066276
0.06081633265692438
0.06068394794898428
0.06055201628935369
0.0604205357591236
0.060289504447936765
0.0601589204539589
0.060028781883849754
0.059899086852734915
0.059769833484176305
0.05964101991014344
0.05951264427098436
0.05938470471539631
0.059257199400396296
0.05913012649129167
0.05900348416165103
0.05887727059327415
0.05875148397616238
0.058626122508489226
0.058501184396570274
0.058376667854833336
0.05825257110578844
0.05812889237999819
0.05800562991604756
0.057882781960513295
0.057760346767934706
0.05763832260078269
0.05751670772942996
0.05739550043212051
0.057274698994939754
0.05715430171178369
0.05703430688432874
0.056914712822001716
0.05679551784194907
0.056676720269006484
0.056558318435668685
0.0564403106820591
0.05632269535589908
0.05620547081247778
0.05608863541462147
0.0559721875326635
0.05585612554441358
0.05574044783512745
0.055625152797476346
0.0555102388315169
0.055395704344660644
0.05528154775164364
0.055167767474495866
0.05505436194251156
0.054941329592218285
0.05482866886734683
0.05471637821880152
0.054604456104629204
0.05449290098998935
0.05438171134712445
0.05427088565532903
0.05416042240092038
0.05405032007720792
0.05394057718446369
0.053831192229892286
0.053722163727600664
0.05361349019856862
0.053505170170619246
0.053397202178388475
0.053289584763296025
0.05318231647351551
0.053075395863944816
0.05296882149617671
0.05286259193846933
0.05275670576571705
0.052651161559420304
0.05254595790765734
0.05244109340505443
0.05233656665275674
0.05223237625839952
0.05212852083607883
0.05202499900632257
0.05192180939606185
0.05181895063860202
0.05171642137359403
0.0516142202470056
0.0515123459110927
0.05141079702437127
0.051309572251588345
0.0512086702636943
0.05110808973781383
0.05100782935721837
0.05090788781129767
0.050808263795531765
0.05070895601146315
0.05060996316666885
0.05051128397473242
0.05041291715521675
0.05031486143363563
0.050217115541427076
0.0501196782159252
0.050022548200333194
0.04992572424369607
