0.5285249148438498
0.5562251712040787
0.5306431416307696
0.5460447233387915
0.548976176440285
0.5326368858132833
0.5244550966621976
0.5273772921097137
0.5270150469255288
0.5252436686998284
0.5266829558241097
0.5273728941341264
0.5253458563725606
0.5234859370507888
0.5231138375241803
0.5231384625599776
0.5231952328317979
0.5234185559055473
0.5233923349936541
0.5229045982334171
0.5223312635548117
0.5219841055018516
0.5218344652600908
0.5217752563944471
0.5217215619724147
0.521582259906752
0.5213339147623465
0.5210490298421033
0.5208059331762661
0.520624614993066
0.5204821218030111
0.5203429375613069
0.5201787203877193
0.5199842282254206
0.5197770471630312
0.5195788053178401
0.5193988016776443
0.5192324283045505
0.5190685996449913
0.51889816635096
0.5187190717742207
0.518535851873196
0.5183547510780607
0.5181790658623733
0.5180079177331051
0.5178380601315986
0.5176665862155534
0.5174926569484201
0.5173174391752317
0.5171427502964413
0.5169696661243648
0.5167980264681049
0.5166268832283349
0.5164553184472269
0.5162830072016265
0.5161102387173914
0.5159375334752281
0.5157652209405215
0.5155932650769313
0.5154213779787318
0.515249263555058
0.5150767963895151
0.5149040387394389
0.5147311309078788
0.5145581627972704
0.5143851158934938
0.5142118930635463
0.5140383912792177
0.5138645574691116
0.5136903958949633
0.5135159361409132
0.5133411939921632
0.513166152886812
0.5129907721608521
0.5128150089348908
0.5126388353207602
0.5124622409576729
0.5122852234008874
0.5121077761687641
0.5119298829907795
0.5117515202549363
0.5115726636597957
0.5113932934379194
0.5112133950744641
0.5110329563105568
0.5108519634616326
0.5106703996699935
0.5104882456746471
0.5103054818370536
0.5101220896828539
0.5099380520382079
0.509753352040677
0.5095679719772662
0.5093818927458258
0.5091950940901111
0.5090075551953723
0.5088192551054396
0.50863017269481
0.5084402863040439
0.5082495733423495
0.5080580100961487
0.507865571774282
0.5076722326505112
0.5074779661365199
0.5072827447121455
0.5070865397564515
0.506889321377439
0.5066910583104351
0.506491717887476
0.5062912660297937
0.5060896672121974
0.5058868843808167
0.5056828788418188
0.5054776101525669
0.5052710360349659
0.5050631123087022
0.504853792827767
0.5046430294047958
0.5044307717192079
0.5042169672160899
0.5040015610057812
0.5037844957693091
0.5035657116677104
0.5033451462494527
0.5031227343513576
0.5028984079924039
0.502672096262995
0.5024437252126608
0.5022132177372682
0.5019804934645709
0.5017454686360145
0.5015080559833933
0.5012681646002974
0.5010256998091576
0.5007805630246085
0.5005326516131586
0.5002818587484826
0.5000280732614777
0.499771179484545
0.49951105708998544
0.49924758092261146
0.49898062082656225
0.49871004146604675
0.4984357021395533
0.49815745658705074
0.49787515278984734
0.49758863276289966
0.4972977323394091
0.4970022809474848
0.4967021013785722
0.49639700954730537
0.496086814242475
0.49577131686886367
0.4954503111797591
0.49512358299997894
0.49479090993924085
0.49445206109571915
0.4941067967496632
0.493754868047012
0.493396016673012
0.4930299745159217
0.49265646332096114
0.49227519433474
0.49188586794049716
0.49148817328460337
0.49108178789491885
0.4906663772917616
0.49024159459241357
0.4898070801102999
0.48936246095019403
0.4889073506010541
0.4884413485283971
0.4879640397684317
0.4874749945265435
0.4869737677831305
0.4864598989102369
0.4859329113029319
0.4853923120299412
0.4848375915086459
0.48426822321023966
0.4836836634015673
0.4830833509309723
0.4824667070663426
0.48183313539447997
0.4811820217919138
0.4805127344783445
0.47982462416501503
0.47911702431147374
0.4783892515053919
0.4776406059813129
0.4768703722954325
0.47607782017468553
0.4752622055595508
0.47442277186099246
0.47355875145284004
0.4726693674215653
0.47175383559581563
0.4708113668781164
0.46984116990078634
0.46884245402724667
0.4678144327184214
0.46675632728177835
0.46566737101759414
0.4645468137732112
0.46339392691124953
0.4622080086919165
0.4609883900626396
0.4597344408402228
0.4584455762615926
0.45712126386901175
0.45576103068447993
0.454364470616077
0.45293125202642326
0.4514611253805366
0.44995393087746643
0.4484096059576155
0.44682819256606726
0.44520984404205033
0.4435548314964332
0.441863549533446
0.44013652117019253
0.438374401808521
0.43657798211886945
0.434748189705166
0.4328860894339324
0.4309928823294318
0.42906990295984343
0.4271186152666404
0.4251406068199322
0.4231375815157106
0.4211113507656171
0.41906382326486624
0.4169969934580143
0.4149129288540318
0.4128137563703437
0.41070164790899216
0.4085788053858685
0.4064474454453405
0.40430978409713536
0.40216802150991166
0.40002432718676856
0.39788082573250955
0.3957395834015671
0.39360259559008554
0.39147177540687367
0.3893489434269939
0.3872358186998326
0.38513401105178846
0.3830450146932192
0.38097020311092195
0.3789108252018863
0.3768680025818379
0.37484272798353524
0.37283586464498053
0.37084814657664517
0.36888017958929287
0.366932442959723
0.36500529161039147
0.3630989586799557
0.3612135583649113
0.3593490889171862
0.3575054356884055
0.3556823741181764
0.35387957257077807
0.35209659493184114
0.35033290288368324
0.3485878577847811
0.3468607220852855
0.3451506602164335
0.3434567388971999
0.3417779268065645
0.3401130935744676
0.33846100804897195
0.33682033580155857
0.3351896358370419
0.33356735647955826
0.3319518304117408
0.3303412688508851
0.3287337548539253
0.32712723575279284
0.3255195147335145
0.3239082415865874
0.32229090267301375
0.32066481017010057
0.31902709068387547
0.31737467334072667
0.31570427749959407
0.31401240025752697
0.31229530395557126
0.31054900392867113
0.30876925678292966
0.30695154952699616
0.30509108993336126
0.3031827985628481
0.30122130295596616
0.299200934583667
0.29711572926397867
0.2949594318964053
0.2927255065474123
0.29040715313803933
0.28799733223165375
0.2854887996786655
0.2828741531154779
0.280145892493047
0.2772964968701329
0.27431851958421616
0.2712047035467223
0.2679481177480325
0.26454231507526127
0.26098151025020006
0.2572607751366337
0.2533762469388962
0.24932534304793463
0.2451069746427849
0.24072174978744174
0.23617215582781526
0.23146271051543257
0.22660007154876502
0.221593095168705
0.21645283606442933
0.21119248308837227
0.20582722805262677
0.20037406805407473
0.19485154518488734
0.18927943092537114
0.18367836575242757
0.17806946727473785
0.1724739222735514
0.16691257916778174
0.1614055574846899
0.15597188985289517
0.15062920991059348
0.14539349652378586
0.14027888111832887
0.13529752108517512
0.13045953847041925
0.12577301982438877
0.12124407039665794
0.1168769139697877
0.11267402856606953
0.10863630799062078
0.10476323957452457
0.101053089395573
0.09750308750904668
0.09410960715191849
0.09086833334926325
0.08777441774188831
0.08482261769406443
0.08200741878672868
0.07932314063854384
0.07676402662909268
0.07432431854339436
0.07199831744095918
0.06978043220510882
0.06766521727848292
0.0656474010653452
0.06372190640369106
0.061883864399336574
0.060128622785134186
0.058451749832504965
0.05684903470766252
0.05531648503667271
0.05385032232520355
0.0524469757722686
0.05110307492311468
0.049815441524524925
