0.5003552684945854
0.554502061022575
0.5454128676587253
0.5385299770640603
0.5335990260637391
0.5301359100153543
0.5277374059859817
0.5260915297295791
0.5249681799005261
0.5242030534821814
0.5236813788994532
0.5233241703304731
0.5230776169406344
0.5229053097596591
0.5227827285484111
0.5226934117107027
0.5226263312399209
0.5225741096505068
0.5225318160872872
0.5224961567724861
0.5224649321184027
0.5224366733464543
0.5224103995675613
0.5223854555300549
0.5223614033089481
0.5223379500293764
0.5223148996454763
0.5222921207707373
0.5222695252158969
0.5222470536683822
0.5222246661345756
0.5222023355585674
0.5221800435596209
0.5221577775830832
0.5221355289945069
0.5221132918034205
0.5220910618076462
0.5220688360186788
0.5220466122750624
0.5220243889816436
0.5220021649332132
0.5219799391948144
0.5219577110201732
0.5219354797958381
0.5219132450027053
0.5218910061893449
0.5218687629533657
0.5218465149282863
0.5218242617741985
0.5218020031710582
0.5217797388138125
0.5217574684088213
0.5217351916711984
0.5217129083228119
0.5216906180907662
0.521668320706236
0.5216460159035612
0.52162370341954
0.52160138299287
0.5215790543637038
0.5215567172732953
0.5215343714637138
0.5215120166776129
0.5214896526580441
0.5214672791483036
0.5214448958918083
0.5214225026319925
0.5214000991122252
0.5213776850757396
0.5213552602655769
0.521332824424537
0.5213103772951412
0.5212879186195967
0.5212654481397709
0.5212429655971667
0.5212204707329031
0.5211979632876986
0.5211754430018567
0.5211529096152531
0.5211303628673247
0.5211078024970613
0.5210852282429956
0.5210626398431971
0.5210400370352642
0.5210174195563189
0.5209947871430002
0.5209721395314599
0.5209494764573573
0.5209267976558536
0.520904102861609
0.5208813918087776
0.5208586642310031
0.5208359198614154
0.5208131584326264
0.5207903796767263
0.5207675833252795
0.5207447691093217
0.5207219367593553
0.5206990860053466
0.5206762165767221
0.5206533282023642
0.5206304206106085
0.5206074935292403
0.5205845466854898
0.5205615798060307
0.5205385926169748
0.5205155848438694
0.5204925562116938
0.5204695064448555
0.5204464352671869
0.5204233424019421
0.5204002275717922
0.5203770904988234
0.5203539309045324
0.5203307485098236
0.5203075430350051
0.520284314199785
0.5202610617232688
0.5202377853239548
0.5202144847197315
0.5201911596278735
0.5201678097650382
0.5201444348472621
0.5201210345899577
0.5200976087079097
0.5200741569152711
0.5200506789255603
0.5200271744516572
0.5200036432058001
0.519980084899581
0.5199564992439438
0.5199328859491792
0.5199092447249223
0.5198855752801478
0.5198618773231679
0.519838150561628
0.5198143947025027
0.5197906094520932
0.5197667945160228
0.5197429495992345
0.5197190744059864
0.5196951686398482
0.5196712320036987
0.519647264199721
0.5196232649293995
0.5195992338935163
0.5195751707921478
0.519551075324661
0.5195269471897095
0.5195027860852308
0.5194785917084425
0.5194543637558378
0.5194301019231834
0.5194058059055148
0.5193814753971335
0.5193571100916031
0.5193327096817458
0.5193082738596386
0.5192838023166102
0.5192592947432376
0.5192347508293416
0.5192101702639842
0.5191855527354647
0.5191608979313164
0.5191362055383026
0.519111475242414
0.5190867067288635
0.5190618996820846
0.5190370537857265
0.5190121687226517
0.5189872441749308
0.5189622798238415
0.5189372753498626
0.5189122304326722
0.5188871447511433
0.5188620179833406
0.5188368498065177
0.518811639897112
0.5187863879307428
0.5187610935822072
0.5187357565254769
0.518710376433694
0.5186849529791688
0.5186594858333753
0.5186339746669482
0.5186084191496793
0.5185828189505145
0.5185571737375505
0.5185314831780304
0.5185057469383414
0.5184799646840106
0.5184541360797024
0.5184282607892146
0.5184023384754755
0.5183763688005398
0.5183503514255864
0.518324286010914
0.5182981722159381
0.5182720096991887
0.5182457981183055
0.518219537130035
0.5181932263902285
0.5181668655538372
0.51814045427491
0.5181139922065897
0.5180874790011105
0.5180609143097938
0.5180342977830461
0.5180076290703548
0.5179809078202857
0.5179541336804802
0.5179273062976508
0.5179004253175803
0.5178734903851155
0.5178465011441676
0.5178194572377064
0.5177923583077586
0.5177652039954047
0.5177379939407756
0.51771072778305
0.5176834051604513
0.5176560257102438
0.5176285890687318
0.5176010948712544
0.5175735427521843
0.5175459323449237
0.5175182632819025
0.5174905351945748
0.517462747713416
0.5174349004679208
0.5174069930865993
0.5173790251969752
0.5173509964255825
0.5173229063979634
0.5172947547386645
0.5172665410712358
0.5172382650182261
0.5172099262011826
0.5171815242406459
0.5171530587561494
0.5171245293662161
0.5170959356883555
0.5170672773390623
0.5170385539338127
0.5170097650870626
0.5169809104122458
0.5169519895217702
0.5169230020270166
0.5168939475383358
0.516864825665047
0.5168356360154347
0.5168063781967464
0.5167770518151918
0.516747656475939
0.5167181917831132
0.5166886573397944
0.5166590527480153
0.5166293776087598
0.5165996315219595
0.5165698140864936
0.5165399249001857
0.5165099635598025
0.5164799296610514
0.516449822798579
0.51641964256597
0.5163893885557435
0.5163590603593531
0.5163286575671848
0.5162981797685549
0.5162676265517083
0.5162369975038179
0.5162062922109816
0.5161755102582221
0.516144651229485
0.5161137147076369
0.5160827002744645
0.5160516075106738
0.5160204359958871
0.5159891853086439
0.5159578550263977
0.5159264447255166
0.5158949539812807
0.5158633823678819
0.5158317294584225
0.515799994824914
0.515768178038277
0.5157362786683397
0.5157042962838365
0.5156722304524084
0.5156400807406012
0.5156078467138654
0.5155755279365551
0.5155431239719283
0.5155106343821441
0.5154780587282656
0.5154453965702561
0.5154126474669806
0.515379810976205
0.5153468866545958
0.5153138740577196
0.5152807727400428
0.5152475822549322
0.5152143021546535
0.5151809319903732
0.5151474713121563
0.5151139196689689
0.5150802766086757
0.5150465416780419
0.5150127144227328
0.5149787943873148
0.5149447811152541
0.514910674148919
0.514876473029579
0.5148421772974057
0.5148077864914733
0.5147733001497601
0.5147387178091477
0.5147040390054223
0.5146692632732763
0.5146343901463081
0.5145994191570233
0.5145643498368361
0.5145291817160698
0.5144939143239582
0.5144585471886469
0.5144230798371942
0.5143875117955723
0.5143518425886693
0.5143160717402896
0.5142801987731569
0.5142442232089139
0.5142081445681255
0.5141719623702795
0.5141356761337887
0.5140992853759928
0.5140627896131602
0.5140261883604896
0.5139894811321126
0.5139526674410957
0.5139157467994415
0.5138787187180923
0.5138415827069317
0.5138043382747869
0.5137669849294313
0.5137295221775862
0.5136919495249251
0.5136542664760751
0.5136164725346193
0.5135785672031001
0.5135405499830228
0.5135024203748566
0.5134641778780398
0.5134258219909809
0.5133873522110628
0.5133487680346462
0.5133100689570722
0.5132712544726655
0.513232324074739
0.5131932772555956
0.5131541135065332
0.5131148323178479
0.5130754331788372
0.513035915577804
0.5129962790020617
0.5129565229379355
0.5129166468707689
0.5128766502849265
0.5128365326637987
0.5127962934898054
0.5127559322444004
0.5127154484080765
0.5126748414603683
0.5126341108798589
0.5125932561441826
0.5125522767300305
0.5125111721131549
0.5124699417683742
0.5124285851695781
0.5123871017897321
0.5123454911008822
0.5123037525741613
0.5122618856797927
0.5122198898870962
0.5121777646644943
0.5121355094795156
0.5120931237988018
0.5120506070881126
0.5120079588123316
0.5119651784354714
0.5119222654206804
0.5118792192302474
0.511836039325608
0.5117927251673512
0.5117492762152241
0.5117056919281393
0.5116619717641799
0.5116181151806072
0.5115741216338651
0.5115299905795878
0.5114857214726065
0.5114413137669547
0.511396766915875
0.5113520803718276
0.5113072535864936
0.5112622860107855
0.5112171770948511
0.5111719262880818
0.5111265330391195
0.511080996795863
0.511035317005476
0.5109894931143933
0.5109435245683289
0.5108974108122823
0.5108511512905469
0.5108047454467166
0.5107581927236933
0.5107114925636949
0.5106646444082626
0.5106176476982682
0.5105705018739224
0.5105232063747819
0.5104757606397576
0.5104281641071224
0.510380416214519
0.5103325163989677
0.5102844640968746
0.5102362587440394
0.5101878997756641
0.5101393866263602
0.5100907187301578
0.5100418955205129
0.5099929164303167
0.5099437808919032
0.5098944883370575
0.5098450381970249
0.5097954299025181
0.5097456628837271
0.5096957365703272
0.5096456503914867
0.5095954037758768
0.5095449961516791
0.5094944269465953
0.509443695587855
0.5093928015022248
0.5093417441160168
0.5092905228550979
0.5092391371448981
0.5091875864104194
0.5091358700762447
0.5090839875665467
0.5090319383050967
0.5089797217152735
0.5089273372200729
0.5088747842421152
0.5088220622036556
0.5087691705265924
0.5087161086324764
0.5086628759425195
0.508609471877604
0.508555895858291
0.5085021473048305
0.5084482256371692
0.5083941302749604
0.5083398606375726
0.5082854161440986
0.5082307962133642
0.5081760002639379
0.508121027714139
0.5080658779820475
0.508010550485512
0.50795504464216
0.5078993598694057
0.5078434955844592
0.5077874512043358
0.5077312261458646
0.5076748198256972
0.507618231660317
0.5075614610660478
0.5075045074590621
0.5074473702553909
0.5073900488709316
0.5073325427214568
0.5072748512226233
0.5072169737899807
0.5071589098389795
0.5071006587849802
0.5070422200432614
0.5069835930290288
0.5069247771574232
0.5068657718435288
0.5068065765023816
0.5067471905489779
0.506687613398282
0.5066278444652356
0.5065678831647639
0.5065077289117851
0.5064473811212186
0.5063868392079913
0.5063261025870472
0.5062651706733543
0.5062040428819122
0.5061427186277603
0.5060811973259844
0.5060194783917258
0.5059575612401865
0.505895445286639
0.5058331299464311
0.5057706146349954
0.5057078987678543
0.5056449817606278
0.5055818630290412
0.5055185419889309
0.505455018056251
0.5053912906470811
0.5053273591776308
0.5052632230642489
0.5051988817234263
0.5051343345718059
0.5050695810261854
0.5050046205035253
0.5049394524209545
0.5048740761957754
0.5048084912454702
0.5047426969877058
0.5046766928403402
0.5046104782214271
0.5045440525492213
0.5044774152421834
0.5044105657189857
0.504343503398516
0.5042762276998828
0.5042087380424201
0.504141033845691
0.5040731145294932
0.5040049795138625
0.5039366282190764
0.5038680600656592
0.5037992744743847
0.5037302708662805
0.5036610486626312
0.5035916072849818
0.5035219461551408
0.5034520646951842
0.503381962327457
0.5033116384745768
0.5032410925594367
0.503170324005207
0.5030993322353384
0.5030281166735634
0.5029566767438992
0.502885011870649
0.5028131214784042
0.5027410049920448
0.502668661836743
0.5025960914379626
0.5025232932214609
0.5024502666132897
0.5023770110397963
0.5023035259276231
0.50222981070371
0.5021558647952931
0.5020816876299055
0.5020072786353778
0.5019326372398368
0.5018577628717067
0.5017826549597078
0.5017073129328555
0.5016317362204613
0.5015559242521297
0.5014798764577586
0.5014035922675377
0.501327071111947
0.5012503124217556
0.5011733156280193
0.5010960801620798
0.5010186054555622
0.5009408909403723
0.5008629360486953
0.5007847402129926
0.5007063028659992
0.5006276234407216
0.5005487013704348
0.5004695360886778
0.5003901270292525
0.5003104736262186
0.5002305753138914
0.5001504315268369
0.5000700416998696
0.4999894052680464
0.4999085216666646
0.49982739033125656
0.4997460106975853
0.4996643822016406
0.4995825042796336
0.4995003763679928
0.4994179979033586
0.49933536832257863
0.49925248706270214
0.4991693535609751
0.49908596725483473
0.4990023275819037
0.4989184339799847
0.49883428588705464
0.49874988274125903
0.49866522398090507
0.49858030904445666
0.49849513737052753
0.4984097083978749
0.49832402156539324
0.498238076312108
0.49815187207716827
0.49806540829984086
0.4979786844195029
0.49789169987563486
0.4978044541078147
0.49771694655570925
0.4976291766590679
0.4975411438577157
0.49745284759154523
0.49736428730050963
0.49727546242461584
0.4971863724039157
0.4970970166784997
0.497007394688489
0.4969175058740274
0.4968273496752743
0.49673692553239623
0.4966462328855601
0.4965552711749244
0.49646403984063187
0.49637253832280154
0.49628076606152105
0.4961887224968387
0.49609640706875513
0.49600381921721587
0.49591095838210353
0.49581782400322943
0.49572441552032614
0.49563073237303895
0.49553677400091933
0.4954425398434149
0.4953480293398643
0.49525324192948667
0.4951581770513758
0.49506283414449187
0.49496721264765325
0.49487131199952966
0.4947751316386337
0.4946786710033144
0.49458192953174857
0.49448490666193445
0.4943876018316836
0.4942900144786144
0.4941921440401442
0.49409398995348236
0.49399555165562375
0.49389682858334183
0.4937978201731811
0.49369852586145135
0.49359894508422075
0.49349907727730924
0.49339892187628276
0.4932984783164468
0.49319774603284017
0.4930967244602293
0.4929954130331028
0.4928938111856659
0.4927919183518344
0.4926897339652301
0.4925872574591755
0.4924844882666886
0.49238142582047917
0.49227806955294323
0.49217441889615904
0.49207047328188325
0.4919662321415468
0.49186169490625137
0.49175686100676563
0.491651729873522
0.49154630093661433
0.4914405736257939
0.4913345473704681
0.4912282215996976
0.49112159574219405
0.4910146692263187
0.49090744148008086
0.4907999119311365
0.4906920800067875
0.49058394513398024
0.49047550673930673
0.4903667642490029
0.49025771708894955
0.4901483646846732
0.4900387064613458
0.48992874184378715
0.4898184702564654
0.4897078911234992
0.48959700386865995
0.4894858079153738
0.48937430268672527
0.48926248760545915
0.48915036209398516
0.48903792557438097
0.48892517746839753
0.4888121171974622
0.4886987441826849
0.48858505784486306
0.4884710576044869
0.48835674288174674
0.4882421130965382
0.4881271676684701
0.48801190601687106
0.4878963275607986
0.4877804317190451
0.48766421791014875
0.48754768555240124
0.4874308340638571
0.4873136628623446
0.48719617136547533
0.48707835899065505
0.4869602251550955
0.4868417692758251
0.48672299076970216
0.4866038890534272
0.4864844635435556
0.4863647136565116
0.4862446388086027
0.48612423841603325
0.4860035118949209
0.48588245866131036
0.4857610781311912
0.48563936972051325
0.48551733284520415
0.48539496692118633
0.4852722713643963
0.4851492455908021
0.4850258890164224
0.48490220105734727
0.4847781811297571
0.48465382864994433
0.4845291430343338
0.4844041236995051
0.48427877006221487
0.4841530815394195
0.4840270575482988
0.4839006975062798
0.4837740008310615
0.4836469669406396
0.4835195952533329
0.48339188518780857
0.4832638361631101
0.4831354475986839
0.48300671891440705
0.48287764953061724
0.4827482388681402
0.4826184863483207
0.48248839139305233
0.4823579534248081
0.48222717186667297
0.48209604614237456
0.4819645756763171
0.48183275989361424
0.4817005982201224
0.48156809008247625
0.48143523490812357
0.4813020321253598
0.48116848116336647
0.4810345814522462
0.4809003324230615
0.4807657335078722
0.48063078413977467
0.480495483752941
0.480359831782659
0.48022382766537297
0.48008747083872516
0.47995076074159704
0.47981369681415226
0.47967627849787986
0.4795385052356375
0.4794003764716966
0.4792618916517867
0.479123050223141
0.4789838516345436
0.47884429533637496
0.4787043807806609
0.4785641074211192
0.47842347471320945
0.47828248211418256
0.47814112908312967
0.4779994150810335
0.47785733957082016
0.47771490201740957
0.47757210188776933
0.4774289386509675
0.4772854117782256
0.477141520742974
0.4769972650209066
0.4768526440900357
0.4767076574307494
0.47656230452586773
0.47641658486070015
0.47627049792310383
0.4761240432035422
0.47597722019514427
0.4758300283937643
0.47568246729804287
0.4755345364094671
0.47538623523243334
0.4752375632743086
0.47508852004549385
0.4749391050594875
0.47478931783294925
0.4746391578857651
0.47448862474111214
0.47433771792552437
0.4741864369689597
0.4740347814048661
0.47388275077024944
0.4737303446057417
0.47357756245566945
0.473424403868123
0.4732708683950261
0.47311695559220646
0.4729626650194665
0.4728079962406543
0.47265294882373604
0.47249752234086784
0.47234171636846944
0.47218553048729683
0.47202896428251706
0.47187201734378154
0.47171468926530224
0.47155697964592613
0.47139888808921204
0.471240414203506
0.4710815576020192
0.47092231790290395
0.4707626947293334
0.470602687709578
0.4704422964770851
0.47028152067055806
0.47012035993403517
0.4699588139169707
0.46979688227431404
0.4696345646665917
0.4694718607599876
0.46930877022642503
0.469145292743649
0.4689814279953072
0.4688171756710344
0.4686525354665348
0.468487507083665
0.4683220902305177
0.46815628462150716
0.4679900899774515
0.46782350602565875
0.46765653250001193
0.467489169141053
0.46732141569606955
0.46715327191918005
0.4669847375714206
0.4668158124208297
0.4666464962425365
0.46647678881884624
0.4663066899393278
0.46613619940090023
0.4659653170079213
0.4657940425722732
0.4656223759134516
0.4654503168586529
0.46527786524286185
0.46510502090894
0.4649317837077137
0.4647581534980621
0.4645841301470057
0.46440971352979477
0.4642349035299973
0.46405970003958796
0.4638841029590364
0.4637081121973957
0.4635317276723906
0.4633549493105062
0.46317777704707663
0.4630002108263727
0.46282225060169113
0.46264389633544173
0.46246514799923644
0.4622860055739767
0.4621064690499417
0.4619265384268757
0.46174621371407615
0.4615654949304806
0.4613843821047543
0.4612028752753764
0.461020974490728
0.46083867980917737
0.4606559912991667
0.46047290903929866
0.4602894331184209
0.46010556363571237
0.45992130070076764
0.459736644433682
0.4595515949651365
0.45936615243647955
0.459180316999813
0.4589940888180733
0.45880746806511596
0.4586204549257961
0.45843304959605075
0.4582452522829803
0.4580570632049288
0.4578684825915644
0.4576795106839592
0.4574901477346669
0.4573003940078031
0.457110249779122
0.45691971533609366
0.45672879097798097
0.45653747701591474
0.4563457737729699
0.45615368158423875
0.4559612007969058
0.4557683317703203
0.45557507487606774
0.4553814304980426
0.455187399032518
0.45499298088821555
0.4547981764863746
0.4546029862608201
0.4544074106580295
0.45421145013719966
0.45401510517031146
0.45381837624219473
0.4536212638505906
0.4534237685062157
0.4532258907328216
0.4530276310672565
0.45282899005952426
0.4526299682728417
0.4524305662836975
0.4522307846819063
0.45203062407066497
0.4518300850666063
0.4516291682998503
0.4514278744140572
0.4512262040664765
0.4510241579279968
0.4508217366831927
0.45061894103037164
0.4504157716816193
0.45021222936284266
0.4500083148138134
0.4498040287882091
0.4495993720536521
0.4493943453917487
0.4491889495981264
0.4489831854824689
0.44877705386855077
0.4485705555942703
0.44836369151168026
0.44815646248701824
0.44794886940073486
0.44774091314751996
0.4475325946363293
0.44732391479040656
0.4471148745473064
0.4469054748589151
0.44669571669146946
0.4464856010255732
0.4462751288562146
0.4460643011927783
0.44585311905905983
0.44564158349327465
0.44542969554806844
0.44521745629052345
0.4450048668021651
0.44479192817896496
0.4445786415313434
0.4443650079841704
0.44415102867676326
0.44393670476288405
0.4437220374107347
0.44350702780295
0.4432916771365892
0.44307598662312614
0.44285995748843554
0.442643590972781
0.4424268883307976
0.4422098508314747
0.44199247975813616
0.4417747764084191
0.4415567420942503
0.44133837814182086
0.4411196858915589
0.44090066669810113
0.4406813219302608
0.4404616529709958
0.44024166121737274
0.44002134808053134
0.4398007149856445
0.4395797633718785
0.43935849469235017
0.4391369104140817
0.43891501201795524
0.4386928009986633
0.43847027886465917
0.4382474471381038
0.4380243073548124
0.43780086106419686
0.4375771098292087
0.43735305522627815
0.43712869884525163
0.4369040422893289
0.43667908717499526
0.4364538351319549
0.4362282878030603
0.4360024468442396
0.4357763139244242
0.4355498907254717
0.4353231789420882
0.435096180281749
0.4348688964646169
0.43464132922345833
0.43441348030355786
0.4341853514626313
0.43395694447073535
0.43372826111017787
0.4334993031754234
0.4332700724729992
0.43304057082139735
0.4328108000509774
0.4325807620038645
0.43235045853384824
0.4321198915062774
0.4318890627979546
0.4316579742970282
0.43142662790288266
0.4311950255260273
0.43096316908798304
0.43073106052116766
0.43049870176877886
0.430266094784676
0.4300332415332602
0.42980014398935235
0.42956680413807
0.429333223974702
0.42909940550458153
0.42886535074295845
0.42863106171486837
0.4283965404550023
0.4281617890075723
0.42792680942617783
0.42769160377366866
0.42745617412200776
0.4272205225521322
0.4269846511538118
0.42674856202550754
0.4265122572742278
0.42627573901538385
0.42603900937264233
0.42580207047777935
0.4255649244705298
0.42532757349843764
0.4250900197167046
0.42485226528803666
0.42461431238249026
0.42437616317731636
0.424137819856805
0.42389928461212645
0.4236605596411726
0.42342164714839736
0.42318254934465493
0.4229432684470384
0.4227038066787156
0.4224641662687655
0.4222243494520129
0.42198435846886234
0.4217441955651306
0.4215038629918789
0.42126336300524425
0.42102269786626945
0.42078186984073224
0.42054088119897487
0.4202997342157305
0.4200584311699522
0.41981697434463744
0.41957536602665557
0.4193336085065714
0.41909170407847124
0.4188496550397851
0.41860746369111135
0.4183651323360393
0.41812266328097036
0.4178800588349416
0.4176373213094461
0.41739445301825345
0.4171514562772317
0.4169083334041666
0.41666508671858155
0.4164217185415574
0.4161782311955521
0.4159346270042189
0.41569090829222666
0.415447077385077
0.41520313660892416
0.4149590882903926
0.4147149347563955
0.41447067833395435
0.4142263213500149
0.413981866131268
0.4137373150039659
0.41349267029374154
0.4132479343254275
0.41300310942287366
0.41275819790876667
0.4125132021044484
0.41226812432973586
0.41202296690273915
0.4117777321396831
0.4115324223547254
0.4112870398597781
0.41104158696432747
0.4107960659752557
0.4105504791966614
0.41030482892968234
0.4100591174723175
0.40981334711924966
0.40956752016166853
0.4093216388870955
0.4090757055792067
0.40882972251765926
0.40858369197791644
0.4083376162310736
0.40809149754368546
0.4078453381775943
0.4075991403897571
0.40735290643207567
0.407106638551226
0.40686033898848917
0.4066140099795829
0.40636765375449346
0.4061212725373095
0.40587486854605553
0.4056284439925273
0.40538200108212735
0.4051355420137024
0.4048890689793806
0.404642584164411
0.40439608974700286
0.40414958789816663
0.4039030807815561
0.4036565705533114
0.40341005936190316
0.4031635493479769
0.4029170426442009
0.40267054137511243
0.402424047656967
0.4021775635975879
0.4019310912962179
0.40168463284337036
0.40143819032068434
0.4011917658007774
0.40094536134710335
0.4006989790138088
0.40045262084559186
0.4002062888775616
0.3999599851351004
0.3997137116337251
0.3994674703789518
0.3992212633661616
0.3989750925804656
0.39872895999657454
0.3984828675786676
0.39823681728026283
0.3979908110440905
0.3977448508019654
0.3974989384746633
0.39725307597179654
0.3970072651916924
0.3967615080212729
0.39651580633593475
0.3962701619994335
0.3960245768637656
0.3957790527690553
0.3955335915434404
0.3952881950029616
0.39504286495145213
0.3947976031804287
0.39455241146898556
0.3943072915836877
0.3940622452784682
0.39381727429452507
0.39357238036022
0.39332756519097967
0.39308283048919834
0.39283817794414
0.39259360923184505
0.392349126015037
0.3921047299430304
0.39186042265164056
0.3916162057630961
0.39137208088595055
0.39112804961499803
0.3908841135311891
0.390640274201548
0.3903965331790922
0.3901528920027535
0.38990935219729933
0.3896659152732578
0.38942258272684227
0.3891793560398783
0.3889362366797323
0.3886932260992415
0.38845032573664484
0.38820753701551747
0.3879648613447031
0.38772230011825115
0.38747985471535495
0.3872375265002895
0.38699531682235216
0.38675322701580483
0.3865112583998179
0.38626941227841416
0.38602768994041514
0.38578609265939057
0.3855446216936049
0.38530327828597033
0.3850620636639981
0.38482097903975154
0.3845800256098014
0.38433920455518233
0.3840985170413499
0.38385796421814095
0.3836175472197326
0.3833772671646054
0.38313712515550497
0.3828971222794082
0.3826572596074874
0.3824175381950791
0.382177959081651
0.3819385232907728
0.3816992318300864
0.3814600856912793
0.38122108585005643
0.38098223326611685
0.38074352888312846
0.38050497362870556
0.3802665684143878
0.38002831413561866
0.37979021167172805
0.3795522618859125
0.3793144656252194
0.3790768237205312
0.3788393369865499
0.3786020062217853
0.3783648322085406
0.37812781571290277
0.3778909574847318
0.37765425825765064
0.3774177187490386
0.37718133966002326
0.3769451216754749
0.37670906546400035
0.3764731716779408
0.37623744095336675
0.37600187391007706
0.375766471151597
0.3755312332651783
0.37529616082179984
0.3750612543761689
0.374826514466723
0.3745919416156343
0.3743575363288124
0.37412329909591074
0.37388923039032995
0.37365533066922707
0.37342160037352057
0.37318803992790006
0.3729546497408336
0.37272143020457843
0.37248838169519083
0.37225550457253614
0.3720227991803023
0.3717902658460098
0.3715579048810268
0.37132571658058144
0.3710937012237763
0.37086185907360286
0.37063019037695805
0.37039869536465875
0.3701673742514593
0.3699362272360678
0.3697052545011651
0.3694744562134205
0.36924383252351284
0.3690133835661481
0.36878310946007875
0.36855301030812493
0.36832308619719345
0.3680933371982994
0.3678637633665872
0.3676343647413516
0.36740514134606095
0.36717609318837713
0.36694722026018095
0.36671852253759285
0.36648999998099674
0.36626165253506426
0.36603348012877723
0.36580548267545243
0.3655776600727658
0.36535001220277663
0.36512253893195196
0.36489524011119195
0.36466811557585493
0.3644411651457814
0.3642143886253208
0.36398778580335606
0.36376135645332924
0.3635351003332671
0.36330901718580677
0.36308310673822175
0.36285736870244717
0.3626318027751061
0.3624064086375351
0.36218118595581006
0.36195613438077173
0.36173125354805236
0.3615065430781004
0.36128200257620624
0.3610576316325288
0.3608334298221199
0.3606093967049502
0.36038553182593436
0.3601618347149556
0.3599383048868914
0.359714941841639
0.35949174506413717
0.3592687140243941
0.35904584817750923
0.35882314696369827
0.3586006098083163
0.35837823612188213
0.3581560253001006
0.3579339767238864
0.357712089759385
0.35749036375799764
0.357268798056401
0.3570473919765699
0.35682614482579805
0.35660505589672
0.3563841244673299
0.3561633498010039
0.35594273114651775
0.3557222677380678
0.35550195879528834
0.3552818035232713
0.35506180111258345
0.3548419507392844
0.35462225156494254
0.3544027027366529
0.3541833033870523
0.3539640526343342
0.3537449495822649
0.35352599332019674
0.3533071829230823
0.35308851745148695
0.3528699959516024
0.35265161745525775
0.35243338097993093
0.35221528552875897
0.351997330090549
0.3517795136397869
0.351561835136645
0.3513442935269919
0.35112688774239775
0.3509096167001426
0.3506924793032196
0.350475474440343
0.35025860098594985
0.35004185780020475
0.34982524372900203
0.34960875760396776
0.3493923982424604
0.3491761644475716
0.348960055008125
0.348744068698675
0.34852820427950376
0.3483124604966187
0.3480968360817484
0.34788132975233627
0.3476659402115357
0.3474506661482027
0.34723550623688815
0.3470204591378284
0.3468055234969367
0.34659069794579
0.3463759811016196
0.34616137156729665
0.34594686793131935
0.34573246876779656
0.34551817263643325
0.34530397808251245
0.345089883636878
0.3448758878159137
0.3446619891215248
0.34444818604111516
0.34423447704756494
0.34402086059920717
0.3438073351398022
0.3435938990985121
0.3433805508898729
0.34316728891376586
0.34295411155538835
0.3427410171852226
0.3425280041590028
0.3423150708176823
0.34210221548739916
0.34188943647943826
0.3416767320901965
0.34146410060114185
0.3412515402787743
0.34103904937458474
0.34082662612501136
0.34061426875139644
0.34040197545994033
0.34018974444165434
0.339977573872313
0.3397654619124041
0.33955340670707734
0.33934140638609184
0.3391294590637622
0.3389175628389024
0.33870571579476905
0.3384939159990034
0.3382821615035698
0.33807045034469535
0.3378587805428061
0.3376471501024624
0.33743555701229266
0.33722399924492497
0.3370124747569187
0.33680098148869075
0.33658951736444664
0.33637808029210226
0.3361666681632106
0.33595527885288173
0.3357439102197053
0.3355325601056679
0.33532122633607075
0.33510990671944507
0.33489859904746583
0.3346873010948634
0.3344760106193335
0.33426472536144636
0.3340534430445522
0.3338421613746858
0.3336308780404714
0.3334195907130214
0.3332082970458372
0.33299699467470545
0.33278568121759444
0.3325743542745466
0.33236301142757174
0.3321516502405359
0.33194026825904915
0.3317288630103519
0.33151743200319883
0.3313059727277412
0.3310944826554062
0.3308829592387759
0.33067139991146305
0.3304598020879853
0.3302481631636369
0.33003648051435935
0.3298247514966102
0.32961297344722684
0.329401143683293
0.3291892595019991
0.32897731818050296
0.32876531697578726
0.3285532531245158
0.32834112384288594
0.3281289263264819
0.327916657750123
0.3277043152677115
0.3274918960120778
0.32727939709482357
0.327066815606163
0.326854148614761
0.32664139316757124
0.3264285462896699
0.32621560498408786
0.3260025662316425
0.3257894269907644
0.3255761841973246
0.3253628347644577
0.3251493755823846
0.32493580351823126
0.32472211541584733
0.3245083080956207
0.3242943783542912
0.3240803229647618
0.32386613867590774
0.3236518222123832
0.32343737027442615
0.3232227795376622
0.3230080466529035
0.32279316824594895
0.32257814091737935
0.3223629612423527
0.32214762577039696
0.32193213102519946
0.32171647350439575
0.32150064967935615
0.32128465599497
0.321068488869428
0.3208521446940025
0.320635619832827
0.3204189106226713
0.3202020133727176
0.31998492436433307
0.3197676398508403
0.3195501560572874
0.3193324691802156
0.31911457538742427
0.3188964708177357
0.31867815158075713
0.31845961375664217
0.31824085339584884
0.3180218665188989
0.31780264911613254
0.31758319714746336
0.31736350654213236
0.317143573198459
0.3169233929835921
0.3167029617332594
0.3164822752515151
0.31626132931048684
0.31604011965012235
0.3158186419779327
0.3155968919687378
0.31537486526440794
0.3151525574736064
0.3149299641715308
0.3147070808996534
0.31448390316546165
0.31426042644219687
0.31403664616859334
0.3138125577486177
0.3135881565512057
0.3133634379100022
0.31313839712309777
0.3129130294527671
0.3126873301252076
0.31246129433027725
0.3122349172212324
0.3120081939144692
0.31178111948926046
0.311553688987498
0.31132589741343175
0.31109773973341376
0.31086921087563973
0.3106403057298927
0.3104110191472905
0.31018134594003066
0.3099512808811391
0.3097208187042214
0.3094899541032133
0.30925868173213605
0.3090269962048525
0.3087948920948251
0.30856236393487657
0.3083294062169566
0.30809601339190523
0.30786217986922476
0.3076279000168524
0.30739316816093676
0.3071579785856182
0.30692232553281285
0.30668620320200124
0.3064496057500205
0.30621252729086096
0.3059749618954682
0.3057369035915504
0.305498346363389
0.3052592841516567
0.30501971085324026
0.3047796203210697
0.30453900636395276
0.3042978627464171
0.304056183188558
0.3038139613658938
0.3035711909092288
0.3033278654045223
0.3030839783927678
0.30283952336987724
0.30259449378657777
0.3023488830483123
0.30210268451515376
0.3018558915017262
0.30160849727713546
0.3013604950649106
0.3011118780429569
0.3008626393435165
0.30061277205314274
0.3003622692126853
0.30011112381728583
0.2998593288163877
0.299606877113757
0.2993537615675166
0.2990999749901928
0.29884551014877814
0.29859035976480475
0.2983345165144351
0.2980779730285654
0.2978207218929463
0.29756275564831774
0.2973040667905596
0.2970446477708607
0.2967844909959039
0.29652358882806656
0.29626193358564284
0.29599951754308024
0.29573633293123786
0.2954723719376617
0.29520762670688094
0.29494208934072375
0.2946757518986536
0.294408606398127
0.2941406448149717
0.293871859083788
0.2936022410983723
0.2933317827121625
0.2930604757387077
0.2927883119521621
0.2925152830878022
0.292241380842569
0.2919665968756369
0.2916909228090059
0.29141435022812284
0.2911368706825267
0.2908584756865239
0.2905791567198881
0.29029890522859186
0.29001771262556403
0.2897355702914772
0.2894524695755657
0.2891684017964724
0.28888335824312705
0.2885973301756548
0.288310308826317
0.2880222854004835
0.287733251077638
0.2874431970124138
0.28715211433566756
0.2868599941555816
0.2865668275588036
0.2862726056116197
0.28597731936116266
0.28568095983665553
0.28538351805069023
0.28508498500054336
0.2847853516695276
0.28448460902838063
0.2841827480366899
0.28387975964435613
0.28357563479309317
0.2832703644179677
0.28296393944897585
0.28265635081265783
0.2823475894337529
0.28203764623689237
0.28172651214833133
0.2814141780977218
0.2811006350199217
0.28078587385684756
0.28046988555936403
0.2801526610892142
0.27983419142099086
0.2795144675441447
0.2791934804650371
0.27887122120902785
0.2785476808226057
0.2782228503755592
0.27789672096318513
0.27756928370853773
0.27724052976471725
0.27691045031719863
0.2765790365861965
0.27624627982907246
0.27591217134277846
0.2755767024663393
0.27523986458337246
0.2749016491246455
0.2745620475706714
0.2742210514543385
0.27387865236357883
0.27353484194406946
0.27318961190197116
0.27284295400669933
0.2724948600937306
0.27214532206744
0.27179433190397323
0.2714418816541475
0.2710879634463853
0.2707325694896766
0.2703756920765705
0.2700173235861953
0.2696574564873042
0.26929608334134825
0.2689331968055738
0.2685687896361437
0.2682028546912811
0.26783538493443443
0.2674663734374635
0.26709581338384475
0.26672369807189145
0.2663500209179938
0.2659747754598727
0.26559795535984515
0.26521955440810413
0.2648395665260089
0.2644579857693812
0.2640748063318133
0.26369002254797824
0.26330362889694575
0.2629156200055006
0.26252599065146043
0.262134735766994
0.26174185044193554
0.2613473299270953
0.2609511696375621
0.26055336515599836
0.2601539122359243
0.25975280680499124
0.2593500449682384
0.25894562301133456
0.25853953740380176
0.25813178480221805
0.25772236205339794
0.2573112661975483
0.25689849447139873
0.25648404431130184
0.2560679133563033
0.2556500994511803
0.2552306006494421
0.2548094152162969
0.25438654163157703
0.25396197859262426
0.25353572501712923
0.2531077800459289
0.25267814304575237
0.252246813611919
0.2518137915709845
0.2513790769833319
0.25094267014570615
0.250504571593692
0.25006478210412847
0.24962330269746466
0.24918013464004818
0.24873527944634782
0.24828873888110833
0.24784051496143478
0.2473906099588036
0.24693902640100004
0.24648576707397984
0.24603083502365325
0.2455742335575886
0.24511596624663443
0.24465603692645999
0.24419444969900905
0.2437312089338693
0.24326631926955272
0.24279978561468732
0.24233161314911678
0.2418618073249103
0.2413903738672772
0.24091731877538627
0.24044264832309134
0.23996636905955757
0.23948848780979123
0.23900901167506866
0.2385279480332664
0.23804530453908887
0.23756108912419638
0.23707530999722745
0.23658797564372075
0.2360990948259306
0.23560867658254006
0.23511673022826704
0.2346232653533672
0.23412829182302913
0.23363181977666528
0.23313385962709532
0.23263442205962398
0.23213351803101415
0.2316311587683496
0.23112735576779722
0.23062212079325856
0.2301154658749187
0.2296074033076892
0.2290979456495458
0.22858710571976187
0.2280748965970393
0.2275613316175349
0.22704642437278522
0.22653018870753036
0.2260126387174359
0.2254937887467163
0.22497365338565875
0.22445224746805054
0.22392958606850832
0.22340568449971449
0.22288055830955678
0.2223542232781779
0.22182669541493272
0.22129799095525496
0.22076812635743814
0.22023711829932713
0.21970498367492725
0.2191717395909279
0.21863740336314702
0.21810199251289378
0.21756552476325436
0.21702801803530328
0.21648949044423701
0.21594996029544047
0.2154094460804802
0.21486796647303036
0.21432554032473372
0.21378218666099974
0.2132379246767397
0.2126927737320431
0.21214675334779887
0.21159988320125994
0.21105218312155727
0.21050367308516213
0.2099543732113032
0.20940430375733662
0.20885348511407448
0.2083019378010727
0.20774968246188047
0.20719673985925466
0.20664313087034286
0.20608887648183227
0.2055339977850747
0.2049785159711837
0.2044224523261082
0.20386582822568752
0.20330866513068704
0.2027509845818189
0.20219280819474794
0.20163415765508963
0.2010750547133977
0.2005155211801469
0.19995557892071278
0.19939524985034818
0.1988345559291654
0.198273519157119
0.19771216156899463
0.19715050522940952
0.1965885722278207
0.19602638467354724
0.19546396469081015
0.19490133441378615
0.19433851598168478
0.1937755315338459
0.19321240320486177
0.19264915311972555
0.19208580338900888
0.19152237610406833
0.19095889333228688
0.1903953771123475
0.18983184944954504
0.18926833231113488
0.1887048476217236
0.18814141725869987
0.1875780630477107
0.1870148067581824
0.18645167009888877
0.18588867471356862
0.1853258421765937
0.18476319398868846
0.18420075157270294
0.1836385362694422
0.18307656933355068
0.18251487192945412
0.181953465127363
0.18139236989933347
0.18083160711539142
0.18027119753971885
0.17971116182690489
0.17915152051826053
0.17859229403820015
0.17803350269069046
0.1774751666557654
0.1769173059861126
0.17635994060372667
0.17580309029663424
0.17524677471569078
0.17469101337144627
0.17413582563108734
0.17358123071544806
0.17302724769609756
0.17247389549249978
0.17192119286924734
0.17136915843337142
0.17081781063172588
0.1702671677484467
0.16971724790248588
0.16916806904522436
0.16861964895815715
0.1680720052506565
0.16752515535780965
0.16697911653833516
0.16643390587257215
0.1658895402605478
0.1653460364201189
0.16480341088519082
0.16426168000401034
0.1637208599375351
0.16318096665787601
0.16264201594681707
0.16210402339440708
0.16156700439762559
0.16103097415912354
0.16049594768603626
0.15996193978886733
0.15942896508044804
0.1588970379749644
0.1583661726870575
0.15783638323099303
0.15730768341990048
0.15678008686508157
0.15625360697538654
0.15572825695665826
0.1552040498112422
0.15468099833756305
0.1541591151297669
0.15363841257742636
0.15311890286531032
0.15260059797321548
0.15208350967586093
0.15156764954284113
0.15105302893864186
0.1505396590227118
0.1500275507495955
0.14951671486912024
0.14900716192664176
0.14849890226334211
0.14799194601658439
0.14748630312031882
0.146981983305541
0.14647899610080264
0.1459773508327688
0.1454770566268285
0.14497812240774977
0.1444805569003827
0.1439843686304084
0.1434895659251324
0.142996156914321
0.1425041495310813
0.14201355151278194
0.14152437040201388
0.14103661354759126
0.1405502881055899
0.14006540104042303
0.13958195912595317
0.13909996894663873
0.13861943689871495
0.13814036919140713
0.13766277184817632
0.13718665070799504
0.13671201142665354
0.1362388594780932
0.13576720015576954
0.13529703857404043
0.13482837966958028
0.13436122820281882
0.13389558875940294
0.1334314657516825
0.13296886342021566
0.1325077858352969
0.13204823689850323
0.1315902203442595
0.1311337397414217
0.13067879849487765
0.13022539984716142
0.12977354688008577
0.12932324251638658
0.12887448952138086
0.1284272905046383
0.12798164792166256
0.1275375640755849
0.127095041118867
0.12665408105501208
0.12621468574028566
0.12577685688544285
0.12534059605746306
0.12490590468128987
0.12447278404157612
0.12404123528443467
0.12361125941919208
0.12318285732014418
0.12275602972831696
0.12233077725322632
0.12190710037464057
0.12148499944434277
0.12106447468789308
0.12064552620638991
0.12022815397823063
0.11981235786086927
0.11939813759257216
0.11898549279417081
0.11857442297081046
0.11816492751369517
0.11775700570182811
0.11735065670374645
0.1169458795792511
0.11654267328112954
0.11614103665687378
0.11574096845038967
0.11534246730369924
0.11494553175863653
0.11455016025853375
0.1141563511498992
0.11376410268408724
0.11337341301895766
0.11298428022052663
0.11259670226460666
0.11221067703843735
0.11182620234230496
0.11144327589115095
0.11106189531617024
0.11068205816639717
0.11030376191028031
0.109927003937246
0.10955178155924773
0.1091780920123061
0.10880593245803351
0.10843529998514792
0.10806619161097261
0.10769860428292408
0.10733253487998469
0.10696798021416412
0.10660493703194562
0.10624340201571897
0.10588337178520014
0.10552484289883635
0.10516781185519691
0.1048122750943506
0.10445822899922835
0.10410566989697118
0.1037545940602643
0.10340499770865681
0.10305687700986564
0.10271022808106647
0.10236504699016866
0.10202132975707641
0.10167907235493438
0.10133827071135901
0.10099892070965502
0.10066101819001674
0.10032455895071511
0.09998953874926941
0.09965595330360473
0.09932379829319339
0.09899306936018386
0.09866376211051224
0.09833587211500061
0.09800939491044099
0.0976843260006627
0.09736066085758727
0.09703839492226805
0.09671752360591365
0.09639804229089985
0.09607994633176464
0.09576323105619004
0.09544789176596945
0.09513392373796038
0.0948213222250236
0.09451008245694775
0.09420019964136019
0.09389166896462395
0.09358448559272058
0.09327864467211963
0.09297414133063409
0.09267097067826255
0.09236912780801776
0.09206860779674178
0.0917694057059083
0.09147151658241082
0.0911749354593388
0.09087965735674036
0.09058567728237216
0.09029299023243653
0.09000159119230604
0.08971147513723554
0.08942263703306187
0.08913507183689087
0.08884877449777309
0.08856373995736654
0.08827996315058749
0.08799743900625082
0.08771616244769675
0.08743612839340716
0.0871573317576106
0.08687976745087495
0.0866034303806902
0.08632831545203846
0.08605441756795493
0.08578173163007669
0.08551025253918076
0.08523997519571276
0.08497089450030365
0.08470300535427658
0.0844363026601445
0.08417078132209632
0.08390643624647356
0.08364326234223748
0.08338125452142613
0.08312040769960179
0.08286071679628919
0.08260217673540406
0.08234478244567274
0.08208852886104231
0.08183341092108193
0.08157942357137574
0.0813265617639061
0.08107482045742861
0.08082419461783918
0.08057467921853204
0.08032626924074909
0.08007895967392237
0.07983274551600739
0.0795876217738089
0.07934358346329892
0.07910062560992728
0.07885874324892353
0.07861793142559292
0.07837818519560388
0.07813949962526864
0.07790186979181687
0.07766529078366192
0.07742975770066043
0.07719526565436495
0.07696180976827013
0.07672938517805167
0.07649798703180018
0.07626761049024655
0.07603825072698286
0.07580990292867631
0.07558256229527723
0.07535622404022084
0.07513088339062354
0.07490653558747312
0.07468317588581361
0.07446079955492371
0.07423940187849111
0.07401897815477988
0.0737995236967938
0.0735810338324337
0.07336350390464953
0.07314692927158875
0.07293130530673765
0.07271662739906007
0.07250289095312888
0.07229009138925521
0.07207822414361184
0.07186728466835118
0.07165726843172113
0.07144817091817436
0.07123998762847474
0.07103271407979837
0.0708263458058318
0.07062087835686534
0.07041630729988249
0.07021262821864566
0.070009836713778
0.06980792840284154
0.06960689892041143
0.0694067439181473
0.06920745906485931
0.06900904004657359
0.06881148256659118
0.06861478234554622
0.06841893512145883
0.06822393664978654
0.06802978270347138
0.06783646907298416
0.06764399156636626
0.06745234600926783
0.06726152824498358
0.06707153413448522
0.06688235955645196
0.06669400040729724
0.06650645260119376
0.0663197120700955
0.066133774763757
0.06594863664975051
0.06576429371348087
0.0655807419581972
0.06539797740500324
0.06521599609286484
0.06503479407861526
0.06485436743695856
0.0646747122604707
0.06449582465959841
0.06431770076265649
0.0641403367158224
0.06396372868312986
0.06378787284645981
0.0636127654055296
0.06343840257788076
0.06326478059886487
0.06309189572162736
0.06291974421709004
0.06274832237393209
0.0625776264985688
0.062407652915129314
0.06223839796543319
0.062069858008964335
0.061902029422844465
0.061734908601804965
0.06156849195815734
0.061402775921761896
0.061237756939995724
0.06107343147771946
0.06090979601724205
0.06074684705828532
0.06058458111794652
0.06042299473066007
0.06026208444815852
0.060101846839431955
0.059942278490686396
0.0597833760053018
0.059625136003787986
0.05946755512374066
0.05931063001979611
0.05915435736358465
0.05899873384368364
0.05884375616556982
0.05868942105156988
0.05853572524081178
0.05838266548917349
0.058230238569232616
0.05807844127021408
0.05792727039793788
0.05777672277476589
0.05762679523954789
0.05747748464756717
0.05732878787048532
0.057180701796286995
0.05703322332922285
0.05688634938975351
0.05674007691449216
0.056594402856146156
0.056449324183459146
0.056304837881152515
0.056160940949865616
0.05601763040609636
0.055874903282141175
0.05573275662603445
0.05559118750148782
0.05545019298782851
0.055309770179938295
0.055169916188191316
0.055030628138391754
0.05489190317171165
0.054753738444627845
0.05461613112885878
0.0544790784113015
0.054342577493967724
0.05420662559392043
0.05407121994320937
0.05393635778880718
0.05380203639254466
0.05366825303104675
0.053535004995667025
0.053402289592423144
0.05327010414193189
0.05313844597934382
0.053007312454278005
0.052876700930756616
0.05274660878713939
0.052617033416058105
0.05248797222435087
0.05235942263299615
0.05223138207704744
0.05210384800556699
0.05197681788156032
0.05185028918190981
0.05172425939730923
0.05159872603219762
0.05147368660469324
0.05134913864652783
0.05122507970298064
0.051101507332812296
0.05097841910819935
0.05085581261466808
0.0507336854510288
0.0506120352293102
0.050490859574693694
0.05037015612544762
0.0502499225328617
0.050130156461182025
0.05001085558754491
0.049892017601912204
