0.5189235918105528
0.5696869225045126
0.5592790885377942
0.5508013617901115
0.5441770649032758
0.5391076621631705
0.535292218986523
0.5324574541906704
0.5303716907155015
0.5288477488411782
0.5277395112535681
0.526935711354241
0.526353134503449
0.5259303591492428
0.5256224854655935
0.5253969255426343
0.5252301544730738
0.5251052600019835
0.5250101235535316
0.5249360849395933
0.5248769699232108
0.5248283861199767
0.5247872153625377
0.5247512488844546
0.5247189257942777
0.524689145969741
0.5246611364196777
0.5246343559766597
0.5246084274211719
0.5245830892090719
0.5245581611905134
0.5245335203034527
0.5245090833700765
0.524484794945379
0.5244606187547752
0.5244365316778626
0.5244125195356709
0.524388574153053
0.5243646913207468
0.5243408693905978
0.524317108315032
0.5242934089970878
0.524269772856579
0.5242462015458278
0.5242226967681908
0.5241992601666046
0.5241758932592734
0.5241525974066217
0.5241293737985422
0.5241062234544346
0.5240831472309366
0.5240601458339393
0.5240372198326393
0.5240143696741874
0.5239915956980353
0.5239688981494599
0.5239462771919825
0.5239237329185662
0.5239012653615736
0.5238788745015348
0.5238565602748013
0.5238343225801878
0.523812161284706
0.5237900762284955
0.523768067229047
0.5237461340848135
0.5237242765782874
0.5237024944786204
0.5236807875438494
0.523659155522784
0.5236375981566082
0.5236161151802353
0.5235947063234547
0.5235733713119014
0.5235521098678747
0.5235309217110306
0.5235098065589648
0.523488764127706
0.5234677941321298
0.5234468962863101
0.5234260703038132
0.5234053158979455
0.523384632781963
0.523364020669247
0.5233434792734519
0.5233230083086282
0.5233026074893282
0.5232822765306919
0.5232620151485209
0.5232418230593394
0.5232216999804451
0.5232016456299522
0.5231816597268262
0.5231617419909134
0.5231418921429658
0.5231221099046608
0.5231023949986169
0.5230827471484079
0.523063166078573
0.523043651514626
0.5230242031830614
0.5230048208113602
0.5229855041279934
0.5229662528624244
0.5229470667451122
0.5229279455075113
0.5229088888820725
0.5228898966022426
0.5228709684024645
0.5228521040181755
0.522833303185806
0.5228145656427783
0.5227958911275044
0.5227772793793841
0.522758730138803
0.5227402431471295
0.522721818146713
0.5227034548808805
0.522685153093935
0.5226669125311516
0.5226487329387753
0.5226306140640182
0.5226125556550558
0.5225945574610249
0.52257661923202
0.5225587407190904
0.5225409216742374
0.5225231618504107
0.5225054610015057
0.5224878188823598
0.5224702352487499
0.5224527098573888
0.522435242465922
0.5224178328329249
0.5224004807178989
0.5223831858812692
0.5223659480843801
0.522348767089493
0.5223316426597833
0.5223145745593356
0.5222975625531421
0.5222806064070986
0.5222637058880012
0.5222468607635429
0.5222300708023114
0.5222133357737841
0.5221966554483259
0.5221800295971863
0.5221634579924949
0.522146940407259
0.5221304766153599
0.5221140663915502
0.5220977095114495
0.522081405751542
0.5220651548891733
0.5220489567025455
0.522032810970716
0.5220167174735934
0.5220006759919334
0.5219846863073371
0.5219687482022455
0.5219528614599387
0.5219370258645311
0.5219212412009676
0.5219055072550223
0.5218898238132932
0.5218741906631998
0.5218586075929801
0.5218430743916864
0.5218275908491831
0.521812156756142
0.521796771904041
0.5217814360851586
0.5217661490925722
0.5217509107201547
0.5217357207625698
0.5217205790152705
0.521705485274495
0.5216904393372634
0.5216754410013746
0.5216604900654032
0.5216455863286952
0.5216307295913666
0.5216159196542988
0.5216011563191352
0.5215864393882791
0.5215717686648893
0.5215571439528777
0.5215425650569054
0.5215280317823798
0.5215135439354521
0.5214991013230124
0.5214847037526877
0.5214703510328388
0.5214560429725564
0.5214417793816584
0.5214275600706862
0.5214133848509026
0.5213992535342871
0.5213851659335336
0.5213711218620476
0.5213571211339422
0.5213431635640352
0.5213292489678463
0.5213153771615938
0.5213015479621909
0.5212877611872435
0.5212740166550461
0.52126031418458
0.5212466535955083
0.5212330347081744
0.5212194573435986
0.5212059213234744
0.5211924264701658
0.5211789726067042
0.5211655595567853
0.5211521871447662
0.5211388551956619
0.5211255635351428
0.5211123119895316
0.521099100385799
0.5210859285515629
0.5210727963150835
0.5210597035052618
0.5210466499516343
0.5210336354843728
0.5210206599342798
0.5210077231327854
0.5209948249119449
0.5209819651044357
0.5209691435435544
0.5209563600632136
0.5209436144979389
0.5209309066828667
0.5209182364537399
0.520905603646907
0.5208930080993167
0.5208804496485173
0.5208679281326523
0.5208554433904582
0.5208429952612614
0.5208305835849751
0.5208182082020973
0.5208058689537071
0.5207935656814617
0.520781298227595
0.5207690664349125
0.520756870146791
0.5207447092071734
0.520732583460568
0.5207204927520444
0.5207084369272308
0.520696415832312
0.5206844293140259
0.5206724772196611
0.5206605593970539
0.5206486756945861
0.5206368259611813
0.5206250100463033
0.5206132277999531
0.5206014790726651
0.5205897637155061
0.5205780815800715
0.5205664325184831
0.5205548163833862
0.520543233027947
0.5205316823058501
0.5205201640712958
0.5205086781789976
0.5204972244841792
0.5204858028425723
0.5204744131104136
0.5204630551444431
0.5204517288019002
0.5204404339405222
0.5204291704185413
0.5204179380946823
0.5204067368281597
0.5203955664786758
0.5203844269064168
0.5203733179720527
0.5203622395367321
0.5203511914620818
0.5203401736102029
0.5203291858436694
0.5203182280255254
0.520307300019282
0.520296401688916
0.520285532898866
0.5202746935140322
0.5202638833997717
0.520253102421897
0.5202423504466742
0.5202316273408198
0.5202209329714985
0.5202102672063214
0.5201996299133428
0.5201890209610586
0.5201784402184033
0.5201678875547482
0.5201573628398992
0.5201468659440938
0.5201363967379992
0.5201259550927104
0.5201155408797478
0.5201051539710537
0.5200947942389921
0.5200844615563448
0.5200741557963103
0.5200638768325008
0.5200536245389399
0.5200433987900616
0.5200331994607064
0.5200230264261205
0.5200128795619531
0.5200027587442541
0.5199926638494717
0.5199825947544519
0.5199725513364334
0.5199625334730484
0.5199525410423191
0.5199425739226555
0.5199326319928537
0.5199227151320935
0.5199128232199368
0.519902956136325
0.5198931137615772
0.5198832959763884
0.5198735026618269
0.5198637336993326
0.5198539889707152
0.5198442683581515
0.5198345717441841
0.5198248990117192
0.5198152500440246
0.5198056247247271
0.5197960229378121
0.5197864445676199
0.5197768894988446
0.5197673576165327
0.5197578488060798
0.5197483629532298
0.5197388999440727
0.5197294596650424
0.5197200420029153
0.519710646844808
0.5197012740781761
0.5196919235908111
0.5196825952708395
0.5196732890067213
0.5196640046872465
0.5196547422015357
0.5196455014390364
0.5196362822895213
0.5196270846430877
0.5196179083901546
0.5196087534214615
0.5195996196280663
0.5195905069013437
0.5195814151329836
0.5195723442149889
0.5195632940396742
0.5195542644996639
0.5195452554878905
0.5195362668975932
0.5195272986223154
0.5195183505559036
0.5195094225925063
0.5195005146265705
0.5194916265528422
0.5194827582663635
0.5194739096624709
0.519465080636794
0.5194562710852542
0.5194474809040626
0.519438709989718
0.5194299582390066
0.519421225548999
0.5194125118170496
0.5194038169407944
0.5193951408181496
0.5193864833473104
0.519377844426749
0.5193692239552132
0.5193606218317252
0.5193520379555792
0.5193434722263408
0.5193349245438452
0.5193263948081955
0.5193178829197613
0.5193093887791774
0.5193009122873421
0.5192924533454156
0.5192840118548193
0.5192755877172331
0.5192671808345953
0.5192587911091003
0.5192504184431971
0.5192420627395884
0.5192337239012293
0.519225401831325
0.5192170964333302
0.5192088076109477
0.5192005352681264
0.5191922793090605
0.5191840396381882
0.5191758161601897
0.5191676087799865
0.5191594174027399
0.5191512419338494
0.5191430822789519
0.5191349383439193
0.5191268100348589
0.5191186972581104
0.5191105999202461
0.5191025179280677
0.5190944511886075
0.519086399609125
0.5190783630971065
0.5190703415602642
0.5190623349065343
0.5190543430440758
0.5190463658812701
0.5190384033267182
0.5190304552892415
0.5190225216778789
0.5190146024018862
0.5190066973707353
0.518998806494112
0.5189909296819165
0.5189830668442599
0.5189752178914655
0.5189673827340657
0.518959561282802
0.5189517534486232
0.5189439591426845
0.5189361782763471
0.5189284107611751
0.5189206565089368
0.5189129154316023
0.5189051874413417
0.518897472450526
0.518889770371724
0.5188820811177024
0.5188744046014245
0.5188667407360491
0.5188590894349291
0.5188514506116109
0.5188438241798333
0.518836210053526
0.5188286081468095
0.5188210183739932
0.5188134406495741
0.5188058748882375
0.5187983210048539
0.5187907789144796
0.5187832485323546
0.5187757297739022
0.5187682225547283
0.5187607267906196
0.518753242397543
0.5187457692916451
0.5187383073892506
0.518730856606862
0.5187234168611577
0.518715988068992
0.5187085701473937
0.5187011630135654
0.5186937665848823
0.5186863807788918
0.5186790055133121
0.5186716407060314
0.5186642862751073
0.5186569421387657
0.5186496082153997
0.5186422844235694
0.5186349706819999
0.5186276669095823
0.5186203730253706
0.5186130889485827
0.5186058145985983
0.518598549894959
0.518591294757367
0.5185840491056845
0.5185768128599321
0.5185695859402892
0.518562368267093
0.5185551597608364
0.5185479603421692
0.5185407699318951
0.5185335884509732
0.5185264158205155
0.5185192519617868
0.5185120967962045
0.5185049502453366
0.5184978122309016
0.5184906826747683
0.518483561498954
0.5184764486256248
0.5184693439770941
0.518462247475822
0.5184551590444153
0.5184480786056255
0.5184410060823493
0.5184339413976278
0.518426884474645
0.5184198352367274
0.5184127936073442
0.5184057595101051
0.5183987328687611
0.5183917136072033
0.5183847016494614
0.5183776969197045
0.5183706993422396
0.518363708841511
0.5183567253421
0.5183497487687236
0.518342779046235
0.5183358160996221
0.5183288598540069
0.5183219102346451
0.5183149671669259
0.5183080305763708
0.5183011003886332
0.5182941765294978
0.5182872589248801
0.5182803475008262
0.518273442183511
0.5182665428992393
0.5182596495744439
0.5182527621356859
0.5182458805096535
0.518239004623162
0.5182321344031526
0.5182252697766931
0.518218410670976
0.518211557013319
0.5182047087311631
0.518197865752074
0.5181910280037405
0.5181841954139734
0.518177367910707
0.5181705454219963
0.5181637278760174
0.5181569152010682
0.5181501073255663
0.5181433041780492
0.5181365056871736
0.5181297117817154
0.5181229223905689
0.518116137442746
0.5181093568673769
0.5181025805937083
0.5180958085511038
0.5180890406690436
0.5180822768771229
0.5180755171050531
0.5180687612826603
0.5180620093398849
0.518055261206782
0.5180485168135203
0.5180417760903815
0.5180350389677606
0.5180283053761655
0.5180215752462157
0.5180148485086432
0.5180081250942906
0.5180014049341124
0.5179946879591736
0.5179879741006492
0.5179812632898246
0.5179745554580949
0.5179678505369645
0.5179611484580462
0.5179544491530623
0.5179477525538432
0.5179410585923266
0.517934367200559
0.517927678310693
0.5179209918549893
0.5179143077658147
0.5179076259756425
0.5179009464170525
0.51789426902273
0.5178875937254654
0.5178809204581555
0.5178742491538009
0.5178675797455071
0.5178609121664848
0.517854246350048
0.5178475822296148
0.517840919738707
0.5178342588109499
0.5178275993800715
0.5178209413799028
0.5178142847443776
0.517807629407532
0.517800975303504
0.5177943223665338
0.517787670530963
0.5177810197312349
0.5177743699018938
0.5177677209775853
0.5177610728930554
0.5177544255831512
0.5177477789828199
0.5177411330271087
0.5177344876511655
0.517727842790237
0.5177211983796702
0.5177145543549118
0.5177079106515072
0.5177012672051008
0.5176946239514366
0.5176879808263569
0.5176813377658025
0.5176746947058128
0.5176680515825258
0.517661408332177
0.5176547648911001
0.5176481211957271
0.5176414771825872
0.5176348327883074
0.5176281879496116
0.517621542603322
0.5176148966863573
0.5176082501357333
0.5176016028885629
0.517594954882056
0.5175883060535188
0.5175816563403542
0.5175750056800623
0.5175683540102387
0.517561701268576
0.5175550473928626
0.5175483923209834
0.5175417359909189
0.5175350783407463
0.5175284193086382
0.5175217588328631
0.5175150968517855
0.5175084333038653
0.5175017681276586
0.5174951012618162
0.5174884326450855
0.5174817622163084
0.5174750899144227
0.517468415678462
0.5174617394475547
0.5174550611609245
0.5174483807578907
0.5174416981778678
0.5174350133603653
0.5174283262449881
0.5174216367714364
0.5174149448795052
0.517408250509085
0.5174015536001614
0.5173948540928149
0.5173881519272214
0.517381447043652
0.5173747393824726
0.5173680288841442
0.5173613154892236
0.5173545991383621
0.5173478797723065
0.5173411573318987
0.517334431758076
0.5173277029918706
0.5173209709744104
0.517314235646918
0.5173074969507122
0.5173007548272065
0.5172940092179097
0.5172872600644269
0.5172805073084579
0.5172737508917983
0.5172669907563394
0.5172602268440682
0.5172534590970674
0.5172466874575155
0.5172399118676861
0.5172331322699502
0.5172263486067732
0.5172195608207181
0.5172127688544426
0.5172059726507013
0.5171991721523455
0.517192367302322
0.5171855580436742
0.5171787443195428
0.5171719260731642
0.5171651032478721
0.5171582757870973
0.5171514436343663
0.517144606733304
0.5171377650276312
0.5171309184611673
0.517124066977828
0.5171172105216266
0.5171103490366743
0.51710348246718
0.5170966107574497
0.5170897338518884
0.5170828516949982
0.51707596423138
0.5170690714057327
0.5170621731628536
0.5170552694476387
0.5170483602050829
0.5170414453802796
0.5170345249184212
0.5170275987647995
0.517020666864805
0.5170137291639284
0.5170067856077594
0.5169998361419876
0.5169928807124022
0.5169859192648932
0.5169789517454498
0.516971978100162
0.5169649982752204
0.516958012216916
0.5169510198716407
0.5169440211858876
0.5169370161062508
0.5169300045794254
0.5169229865522086
0.516915961971499
0.5169089307842971
0.5169018929377052
0.5168948483789282
0.516887797055273
0.5168807389141492
0.5168736739030693
0.5168666019696487
0.516859523061606
0.5168524371267629
0.5168453441130445
0.5168382439684801
0.5168311366412026
0.5168240220794491
0.5168169002315605
0.516809771045983
0.516802634471267
0.5167954904560678
0.5167883389491459
0.5167811798993671
0.5167740132557026
0.5167668389672295
0.5167596569831308
0.5167524672526951
0.5167452697253181
0.5167380643505017
0.5167308510778543
0.5167236298570919
0.516716400638037
0.5167091633706199
0.5167019180048786
0.5166946644909586
0.5166874027791137
0.5166801328197057
0.5166728545632053
0.5166655679601917
0.5166582729613529
0.5166509695174862
0.5166436575794984
0.5166363370984055
0.516629008025334
0.5166216703115197
0.5166143239083092
0.5166069687671595
0.516599604839638
0.5165922320774234
0.516584850432306
0.5165774598561863
0.5165700603010775
0.5165626517191048
0.5165552340625041
0.5165478072836255
0.5165403713349301
0.5165329261689929
0.5165254717385013
0.516518007996256
0.5165105348951715
0.516503052388276
0.5164955604287108
0.5164880589697329
0.5164805479647122
0.5164730273671343
0.5164654971305992
0.5164579572088221
0.5164504075556334
0.5164428481249794
0.5164352788709219
0.5164276997476387
0.5164201107094242
0.5164125117106889
0.5164049027059601
0.5163972836498822
0.5163896544972169
0.5163820152028427
0.5163743657217563
0.5163667060090722
0.5163590360200228
0.5163513557099587
0.5163436650343495
0.5163359639487828
0.516328252408966
0.5163205303707251
0.516312797790006
0.5163050546228737
0.5162973008255137
0.5162895363542311
0.5162817611654514
0.5162739752157208
0.5162661784617061
0.5162583708601949
0.5162505523680964
0.5162427229424409
0.51623488254038
0.5162270311191877
0.5162191686362598
0.5162112950491139
0.5162034103153906
0.5161955143928532
0.5161876072393868
0.5161796888130009
0.5161717590718274
0.5161638179741219
0.5161558654782634
0.5161479015427554
0.5161399261262244
0.516131939187422
0.5161239406852236
0.5161159305786297
0.516107908826765
0.5160998753888801
0.5160918302243498
0.5160837732926744
0.5160757045534803
0.516067623966519
0.5160595314916678
0.5160514270889309
0.5160433107184377
0.5160351823404443
0.5160270419153334
0.5160188894036148
0.5160107247659244
0.5160025479630256
0.5159943589558088
0.5159861577052919
0.5159779441726201
0.5159697183190666
0.5159614801060316
0.5159532294950442
0.5159449664477608
0.5159366909259663
0.515928402891574
0.5159201023066255
0.5159117891332912
0.5159034633338697
0.5158951248707896
0.515886773706607
0.5158784098040081
0.5158700331258076
0.5158616436349504
0.5158532412945099
0.5158448260676896
0.5158363979178224
0.515827956808371
0.5158195027029275
0.5158110355652147
0.5158025553590847
0.51579406204852
0.515785555597633
0.5157770359706665
0.5157685031319937
0.5157599570461181
0.5157513976776734
0.515742824991424
0.5157342389522649
0.5157256395252217
0.5157170266754503
0.5157084003682377
0.5156997605690017
0.5156911072432904
0.5156824403567835
0.5156737598752906
0.5156650657647529
0.5156563579912421
0.5156476365209609
0.5156389013202429
0.5156301523555529
0.5156213895934862
0.5156126130007692
0.5156038225442593
0.515595018190945
0.5155861999079449
0.5155773676625093
0.5155685214220195
0.5155596611539863
0.5155507868260529
0.5155418984059924
0.5155329958617088
0.5155240791612363
0.5155151482727405
0.515506203164517
0.5154972438049923
0.5154882701627226
0.5154792822063952
0.5154702799048273
0.5154612632269663
0.51545223214189
0.5154431866188054
0.5154341266270503
0.5154250521360917
0.5154159631155268
0.5154068595350816
0.5153977413646122
0.515388608574104
0.5153794611336708
0.5153702990135564
0.515361122184133
0.5153519306159018
0.5153427242794921
0.5153335031456623
0.5153242671852986
0.5153150163694152
0.5153057506691547
0.5152964700557869
0.5152871745007095
0.5152778639754473
0.5152685384516522
0.5152591979011033
0.5152498422957063
0.515240471607493
0.5152310858086218
0.5152216848713772
0.5152122687681694
0.515202837471534
0.5151933909541317
0.5151839291887486
0.5151744521482955
0.5151649598058076
0.5151554521344438
0.5151459291074878
0.5151363906983464
0.5151268368805496
0.5151172676277505
0.515107682913725
0.5150980827123712
0.5150884669977099
0.5150788357438825
0.5150691889251526
0.5150595265159045
0.5150498484906431
0.5150401548239938
0.5150304454907018
0.5150207204656319
0.5150109797237681
0.515001223240213
0.5149914509901881
0.5149816629490319
0.5149718590922017
0.514962039395271
0.5149522038339303
0.5149423523839864
0.5149324850213625
0.514922601722096
0.5149127024623402
0.5149027872183627
0.5148928559665448
0.5148829086833816
0.5148729453454811
0.5148629659295642
0.5148529704124633
0.5148429587711224
0.5148329309825972
0.5148228870240532
0.5148128268727661
0.5148027505061208
0.5147926579016117
0.5147825490368406
0.5147724238895179
0.5147622824374609
0.5147521246585934
0.5147419505309452
0.5147317600326515
0.5147215531419529
0.5147113298371931
0.5147010900968205
0.5146908338993862
0.5146805612235428
0.5146702720480457
0.5146599663517507
0.5146496441136144
0.5146393053126926
0.5146289499281407
0.5146185779392118
0.5146081893252574
0.5145977840657254
0.5145873621401604
0.514576923528202
0.514566468209585
0.5145559961641383
0.514545507371784
0.5145350018125369
0.5145244794665034
0.5145139403138814
0.5145033843349588
0.5144928115101128
0.5144822218198098
0.5144716152446042
0.5144609917651365
0.5144503513621347
0.5144396940164119
0.5144290197088656
0.5144183284204769
0.5144076201323107
0.5143968948255133
0.5143861524813121
0.5143753930810155
0.5143646166060111
0.5143538230377649
0.5143430123578205
0.5143321845477985
0.5143213395893953
0.5143104774643823
0.5142995981546046
0.5142887016419806
0.5142777879085008
0.5142668569362265
0.5142559087072897
0.5142449432038908
0.5142339604082993
0.514222960302851
0.514211942869949
0.5142009080920603
0.5141898559517171
0.5141787864315142
0.5141676995141085
0.514156595182218
0.5141454734186213
0.5141343342061546
0.5141231775277134
0.5141120033662488
0.5141008117047685
0.5140896025263344
0.5140783758140614
0.5140671315511178
0.5140558697207221
0.5140445903061436
0.5140332932907006
0.5140219786577583
0.5140106463907299
0.5139992964730733
0.5139879288882906
0.5139765436199274
0.5139651406515711
0.51395371996685
0.5139422815494316
0.5139308253830221
0.5139193514513646
0.5139078597382378
0.5138963502274557
0.5138848229028651
0.5138732777483448
0.5138617147478048
0.5138501338851847
0.5138385351444521
0.5138269185096015
0.5138152839646536
0.5138036314936528
0.513791961080667
0.5137802727097859
0.5137685663651189
0.5137568420307951
0.5137450996909614
0.5137333393297803
0.51372156093143
0.5137097644801017
0.5136979499599994
0.5136861173553373
0.5136742666503394
0.5136623978292375
0.5136505108762701
0.5136386057756809
0.5136266825117171
0.5136147410686281
0.513602781430665
0.5135908035820765
0.5135788075071113
0.5135667931900133
0.5135547606150213
0.5135427097663676
0.5135306406282774
0.5135185531849651
0.5135064474206346
0.5134943233194775
0.5134821808656705
0.5134700200433756
0.5134578408367371
0.5134456432298802
0.5134334272069107
0.5134211927519114
0.5134089398489425
0.5133966684820394
0.5133843786352096
0.5133720702924337
0.5133597434376618
0.5133473980548128
0.513335034127772
0.513322651640391
0.5133102505764843
0.5132978309198286
0.5132853926541607
0.5132729357631771
0.5132604602305303
0.5132479660398284
0.5132354531746336
0.5132229216184596
0.5132103713547711
0.5131978023669806
0.5131852146384481
0.5131726081524786
0.5131599828923202
0.5131473388411635
0.5131346759821386
0.5131219942983138
0.513109293772694
0.5130965743882192
0.5130838361277616
0.5130710789741254
0.5130583029100438
0.5130455079181776
0.5130326939811141
0.5130198610813631
0.5130070092013587
0.512994138323454
0.512981248429921
0.512968339502949
0.5129554115246413
0.5129424644770153
0.5129294983419991
0.5129165131014304
0.5129035087370545
0.512890485230522
0.5128774425633884
0.5128643807171095
0.5128512996730428
0.5128381994124428
0.512825079916461
0.5128119411661428
0.5127987831424262
0.5127856058261403
0.5127724091980019
0.5127591932386153
0.5127459579284689
0.5127327032479346
0.512719429177265
0.5127061356965912
0.5126928227859218
0.5126794904251402
0.5126661385940028
0.5126527672721375
0.5126393764390408
0.5126259660740767
0.5126125361564741
0.5125990866653249
0.5125856175795827
0.5125721288780595
0.512558620539425
0.5125450925422038
0.5125315448647735
0.5125179774853629
0.5125043903820494
0.5124907835327581
0.5124771569152585
0.5124635105071629
0.5124498442859249
0.5124361582288364
0.5124224523130261
0.5124087265154575
0.5123949808129268
0.5123812151820601
0.5123674295993123
0.5123536240409644
0.5123397984831219
0.5123259529017121
0.5123120872724823
0.5122982015709978
0.5122842957726398
0.5122703698526025
0.5122564237858928
0.5122424575473254
0.5122284711115239
0.5122144644529159
0.5122004375457322
0.5121863903640046
0.5121723228815636
0.5121582350720361
0.5121441269088431
0.5121299983651985
0.5121158494141053
0.512101680028355
0.5120874901805244
0.5120732798429739
0.5120590489878454
0.5120447975870596
0.5120305256123138
0.5120162330350807
0.5120019198266051
0.511987585957902
0.5119732313997545
0.5119588561227114
0.5119444600970856
0.511930043292951
0.5119156056801406
0.5119011472282445
0.5118866679066073
0.5118721676843261
0.5118576465302486
0.5118431044129695
0.51182854130083
0.5118139571619145
0.5117993519640482
0.5117847256747957
0.5117700782614578
0.5117554096910699
0.511740719930399
0.5117260089459428
0.5117112767039255
0.5116965231702967
0.5116817483107294
0.5116669520906166
0.5116521344750697
0.5116372954289167
0.5116224349166981
0.5116075529026669
0.5115926493507842
0.5115777242247187
0.5115627774878428
0.511547809103231
0.5115328190336579
0.5115178072415949
0.5115027736892093
0.5114877183383602
0.5114726411505971
0.5114575420871585
0.5114424211089672
0.51142727817663
0.5114121132504345
0.5113969262903469
0.5113817172560092
0.5113664861067375
0.5113512328015193
0.5113359572990107
0.5113206595575351
0.5113053395350796
0.5112899971892934
0.5112746324774847
0.5112592453566194
0.5112438357833177
0.5112284037138521
0.5112129491041445
0.5111974719097646
0.5111819720859271
0.511166449587489
0.5111509043689476
0.5111353363844375
0.511119745587729
0.5111041319322249
0.5110884953709582
0.5110728358565905
0.5110571533414079
0.5110414477773201
0.5110257191158569
0.5110099673081666
0.5109941923050128
0.5109783940567723
0.5109625725134322
0.5109467276245884
0.5109308593394416
0.5109149676067963
0.510899052375058
0.5108831135922289
0.5108671512059085
0.5108511651632887
0.5108351554111519
0.510819121895869
0.510803064563396
0.5107869833592729
0.5107708782286189
0.5107547491161327
0.5107385959660873
0.5107224187223289
0.5107062173282747
0.5106899917269091
0.5106737418607814
0.5106574676720049
0.5106411691022517
0.5106248460927523
0.5106084985842916
0.5105921265172073
0.5105757298313869
0.5105593084662651
0.5105428623608207
0.5105263914535754
0.5105098956825895
0.5104933749854608
0.5104768292993209
0.5104602585608328
0.5104436627061886
0.5104270416711068
0.5104103953908294
0.5103937238001196
0.5103770268332586
0.5103603044240438
0.510343556505785
0.5103267830113031
0.5103099838729257
0.5102931590224866
0.5102763083913211
0.5102594319102641
0.5102425295096481
0.5102256011192992
0.5102086466685349
0.5101916660861625
0.5101746593004741
0.5101576262392458
0.5101405668297345
0.5101234809986745
0.5101063686722755
0.5100892297762194
0.5100720642356577
0.5100548719752085
0.5100376529189546
0.5100204069904396
0.5100031341126654
0.50998583420809
0.5099685071986236
0.5099511530056273
0.5099337715499086
0.5099163627517201
0.5098989265307555
0.509881462806147
0.5098639714964632
0.5098464525197055
0.5098289057933052
0.5098113312341209
0.509793728758436
0.5097760982819546
0.5097584397198
0.5097407529865107
0.5097230379960382
0.5097052946617435
0.5096875228963951
0.5096697226121649
0.5096518937206252
0.5096340361327476
0.5096161497588978
0.5095982345088332
0.5095802902917016
0.5095623170160353
0.5095443145897505
0.5095262829201432
0.5095082219138864
0.5094901314770267
0.509472011514982
0.5094538619325377
0.509435682633844
0.5094174735224124
0.5093992345011137
0.5093809654721734
0.5093626663371694
0.5093443369970294
0.5093259773520263
0.5093075873017763
0.5092891667452353
0.5092707155806957
0.5092522337057832
0.5092337210174536
0.5092151774119897
0.5091966027849983
0.509177997031406
0.5091593600454574
0.5091406917207106
0.5091219919500342
0.5091032606256048
0.5090844976389026
0.5090657028807088
0.509046876241102
0.509028017609455
0.5090091268744312
0.5089902039239812
0.5089712486453404
0.5089522609250238
0.5089332406488242
0.5089141877018083
0.5088951019683123
0.5088759833319404
0.5088568316755594
0.5088376468812961
0.508818428830534
0.5087991774039093
0.5087798924813076
0.5087605739418604
0.5087412216639411
0.5087218355251624
0.5087024154023712
0.5086829611716466
0.5086634727082954
0.508643949886848
0.5086243925810563
0.5086048006638879
0.5085851740075245
0.5085655124833565
0.5085458159619806
0.5085260843131946
0.5085063174059953
0.5084865151085733
0.5084666772883101
0.5084468038117734
0.5084268945447146
0.5084069493520633
0.5083869680979247
0.5083669506455749
0.5083468968574576
0.5083268065951796
0.5083066797195072
0.508286516090362
0.5082663155668175
0.5082460780070935
0.5082258032685542
0.5082054912077022
0.508185141680176
0.5081647545407446
0.5081443296433045
0.5081238668408737
0.5081033659855905
0.5080828269287062
0.5080622495205829
0.5080416336106883
0.508020979047592
0.5080002856789607
0.5079795533515543
0.5079587819112212
0.5079379712028944
0.5079171210705864
0.5078962313573854
0.5078753019054509
0.5078543325560088
0.5078333231493468
0.507812273524811
0.5077911835207992
0.5077700529747595
0.5077488817231824
0.5077276696015982
0.507706416444572
0.5076851220856985
0.5076637863575978
0.5076424090919109
0.5076209901192938
0.507599529269414
0.507578026370945
0.5075564812515616
0.5075348937379351
0.5075132636557284
0.5074915908295909
0.5074698750831541
0.5074481162390254
0.5074263141187842
0.5074044685429767
0.5073825793311105
0.5073606463016495
0.507338669272009
0.5073166480585503
0.5072945824765756
0.5072724723403227
0.5072503174629601
0.5072281176565808
0.507205872732198
0.5071835824997392
0.5071612467680408
0.5071388653448424
0.5071164380367823
0.5070939646493908
0.5070714449870856
0.5070488788531654
0.507026266049805
0.5070036063780496
0.5069808996378086
0.5069581456278498
0.506935344145795
0.5069124949881121
0.5068895979501116
0.5068666528259379
0.506843659408567
0.5068206174897969
0.5067975268602443
0.5067743873093372
0.5067511986253093
0.5067279605951936
0.506704673004817
0.5066813356387929
0.5066579482805164
0.5066345107121568
0.506611022714652
0.5065874840677022
0.506563894549763
0.5065402539380393
0.5065165620084789
0.5064928185357661
0.5064690232933144
0.506445176053261
0.5064212765864592
0.5063973246624724
0.506373320049567
0.5063492625147057
0.5063251518235404
0.5063009877404062
0.5062767700283136
0.5062524984489417
0.5062281727626317
0.5062037927283792
0.5061793581038279
0.5061548686452613
0.5061303241075964
0.5061057242443766
0.5060810688077637
0.5060563575485307
0.506031590216055
0.5060067665583103
0.5059818863218597
0.5059569492518473
0.5059319550919918
0.5059069035845773
0.5058817944704478
0.5058566274889966
0.5058314023781616
0.5058061188744144
0.5057807767127551
0.5057553756267026
0.5057299153482872
0.5057043956080425
0.5056788161349969
0.5056531766566663
0.505627476899045
0.5056017165865977
0.5055758954422511
0.5055500131873859
0.5055240695418276
0.5054980642238385
0.5054719969501094
0.5054458674357502
0.5054196753942812
0.5053934205376254
0.5053671025760986
0.5053407212184012
0.5053142761716087
0.5052877671411633
0.5052611938308641
0.5052345559428586
0.5052078531776336
0.5051810852340052
0.5051542518091103
0.5051273525983966
0.5051003872956137
0.5050733555928034
0.5050462571802896
0.5050190917466697
0.5049918589788038
0.5049645585618062
0.5049371901790342
0.5049097535120786
0.504882248240755
0.5048546740430918
0.5048270305953211
0.5047993175718691
0.5047715346453445
0.5047436814865294
0.5047157577643678
0.5046877631459561
0.5046596972965326
0.5046315598794653
0.5046033505562442
0.504575068986467
0.5045467148278312
0.5045182877361218
0.5044897873652004
0.5044612133669946
0.5044325653914865
0.5044038430867019
0.5043750460986984
0.5043461740715547
0.5043172266473589
0.5042882034661967
0.5042591041661407
0.5042299283832375
0.5042006757514974
0.504171345902881
0.5041419384672885
0.5041124530725477
0.504082889344401
0.5040532469064938
0.5040235253803629
0.5039937243854231
0.5039638435389556
0.503933882456095
0.5039038407498173
0.5038737180309266
0.5038435139080429
0.5038132279875891
0.5037828598737784
0.5037524091686001
0.5037218754718086
0.5036912583809081
0.5036605574911417
0.5036297723954747
0.5035989026845851
0.5035679479468469
0.5035369077683187
0.5035057817327282
0.5034745694214601
0.5034432704135406
0.503411884285625
0.503380410611982
0.5033488489644815
0.5033171989125783
0.5032854600232992
0.503253631861228
0.5032217139884909
0.5031897059647424
0.5031576073471496
0.5031254176903788
0.5030931365465786
0.5030607634653672
0.5030282979938152
0.5029957396764321
0.5029630880551498
0.502930342669307
0.5028975030556354
0.5028645687482421
0.5028315392785953
0.5027984141755074
0.5027651929651198
0.5027318751708869
0.5026984603135595
0.5026649479111687
0.5026313374790103
0.502597628529627
0.502563820572793
0.502529913115497
0.5024959056619256
0.5024617977134455
0.5024275887685881
0.5023932783230312
0.5023588658695823
0.5023243508981615
0.5022897328957832
0.50225501134654
0.5022201857315838
0.5021852555291088
0.5021502202143332
0.5021150792594821
0.502079832133768
0.5020444783033738
0.5020090172314347
0.5019734483780183
0.501937771200108
0.5019019851515825
0.501866089683199
0.5018300842425726
0.501793968274158
0.5017577412192312
0.5017214025158688
0.50168495159893
0.5016483879000362
0.5016117108475522
0.501574919866566
0.5015380143788694
0.5015009938029376
0.5014638575539098
0.5014266050435685
0.5013892356803198
0.5013517488691722
0.501314144011717
0.5012764205061073
0.501238577747037
0.5012006151257199
0.5011625320298697
0.5011243278436776
0.5010860019477921
0.5010475537192968
0.5010089825316891
0.5009702877548597
0.5009314687550693
0.5008925248949277
0.5008534555333715
0.5008142600256422
0.5007749377232639
0.5007354879740209
0.5006959101219355
0.5006562035072448
0.5006163674663788
0.5005764013319371
0.5005363044326658
0.5004960760934348
0.5004557156352146
0.5004152223750524
0.500374595626049
0.5003338346973356
0.5002929388940496
0.5002519075173106
0.5002107398641968
0.5001694352277213
0.5001279928968065
0.5000864121562616
0.5000446922867564
0.500002832564798
0.4999608322627054
0.49991869064858463
0.4998764069863047
0.49983398053547035
0.49979141055139975
0.49974869628509694
0.4997058369832268
0.49966283188809035
0.4996196802375978
0.49957638126524356
0.4995329342000799
0.49948933826669095
0.49944559268516653
0.4994016966710757
0.49935764943544003
0.49931345018470746
0.4992690981207256
0.4992245924407145
0.49917993233723956
0.49913511699818536
0.49909014560672726
0.49904501734130524
0.4989997313755953
0.49895428687848276
0.4989086830140341
0.4988629189414693
0.4988169938151342
0.4987709067844715
0.49872465699399415
0.4986782435832554
0.4986316656868217
0.4985849224342431
0.49853801295002587
0.4984909363536024
0.4984436917593036
0.4983962782763289
0.4983486950087176
0.4983009410553202
0.4982530155097679
0.4982049174604448
0.4981566459904562
0.4981082001776014
0.4980595790943421
0.4980107818077738
0.4979618073795947
0.497912654866077
0.4978633233180355
0.4978138117807981
0.4977641192941756
0.49771424489243055
0.4976641876042469
0.49761394645270035
0.4975635204552261
0.4975129086235894
0.4974621099638535
0.4974111234763496
0.49735994815564516
0.4973085829905133
0.49725702696390056
0.4972052790528969
0.4971533382287035
0.49710120345660086
0.49704887369591855
0.49699634790000224
0.4969436250161826
0.49689070398574386
0.49683758374389103
0.4967842632197191
0.4967307413361798
0.49667701701005107
0.4966230891519036
0.49656895666606926
0.49651461845060924
0.4964600733972807
0.49640532039150637
0.49635035831233965
0.4962951860324343
0.49623980241801136
0.49618420632882615
0.49612839661813635
0.4960723721326695
0.49601613171258985
0.49595967419146636
0.49590299839623975
0.49584610314718974
0.49578898725790316
0.49573164953524007
0.4956740887793019
0.4956163037833985
0.4955582933340154
0.49550005621078164
0.4954415911864364
0.49538289702679594
0.4953239724907226
0.49526481633009045
0.49520542728975314
0.49514580410751197
0.49508594551408214
0.49502585023306117
0.49496551698089614
0.49490494446685074
0.49484413139297334
0.4947830764540644
0.4947217783376444
0.49466023572392126
0.49459844728575797
0.4945364116886411
0.4944741275906481
0.4944115936424158
0.49434880848710805
0.49428577076038427
0.49422247909036765
0.4941589320976135
0.49409512839507774
0.4940310665880851
0.49396674527429907
0.4939021630436892
0.4938373184785013
0.4937722101532257
0.493706836634567
0.4936411964814134
0.4935752882448061
0.49350911046790913
0.49344266168597906
0.4933759404263356
0.49330894520833124
0.49324167454332174
0.4931741269346369
0.4931063008775518
0.49303819485925693
0.49296980735883045
0.49290113684720877
0.4928321817871587
0.49276294063324994
0.4926934118318257
0.4926235938209772
0.4925534850305144
0.4924830838819404
0.492412388788425
0.4923413981547762
0.4922701103774161
0.4921985238443546
0.49212663693516295
0.4920544480209499
0.4919819554643361
0.49190915761942916
0.4918360528318009
0.49176263943846177
0.4916889157678389
0.49161488013975274
0.4915405308653932
0.49146586624729915
0.49139088457933566
0.4913155841466725
0.49123996322576363
0.4911640200843256
0.4910877529813197
0.4910111601669292
0.49093423988254326
0.490856990360736
0.49077940982524976
0.49070149649097666
0.4906232485639416
0.49054466424128584
0.49046574171125124
0.4903864791531636
0.4903068747374196
0.49022692662547046
0.4901466329698092
0.4900659919139577
0.48998500159245373
0.4899036601308392
0.4898219656456486
0.4897399162443988
0.48965751002557895
0.48957474507864157
0.48949161948399267
0.4894081313129864
0.48932427862791483
0.48924005948200444
0.48915547191940895
0.48907051397520407
0.48898518367538485
0.48889947903686143
0.48881339806745655
0.48872693876590434
0.48864009912184914
0.4885528771158459
0.4884652707193606
0.4883772778947726
0.48828889659537705
0.48820012476538815
0.4881109603399446
0.48802140124511423
0.4879314453979006
0.48784109070625103
0.4877503350690644
0.4876591763762007
0.48756761250849157
0.487475641337752
0.48738326072679217
0.4872904685294323
0.4871972625905163
0.4871036407459281
0.4870096008226084
0.48691514063857305
0.4868202580029322
0.4867249507159104
0.4866292165688688
0.48653305334432795
0.4864364588159913
0.4863394307487713
0.4862419668988154
0.486144065013534
0.48604572283163033
0.48594693808312983
0.4858477084894126
0.48574803176324705
0.48564790560882326
0.4855473277217901
0.4854462957892919
0.4853448074900068
0.48524286049418863
0.48514045246370674
0.48503758105209
0.48493424390457157
0.48483043865813485
0.4847261629415609
0.4846214143754784
0.4845161905724133
0.4844104891368429
0.48430430766524846
0.48419764374617086
0.48409049496026896
0.4839828588803775
0.48387473307156803
0.4837661150912112
0.48365700248904137
0.48354739280722103
0.483437283580409
0.4833266723358302
0.4832155565933461
0.48310393386552725
0.48299180165772865
0.4828791574681655
0.48276599878799253
0.4826523231013826
0.482538127885611
0.4824234106111366
0.4823081687416907
0.48219239973436256
0.4820761010396903
0.48195927010175243
0.4818419043582615
0.48172400124065967
0.4816055581742166
0.48148657257812955
0.481367041865624
0.4812469634440588
0.4811263347150316
0.4810051530744862
0.4808834159128237
0.48076112061501386
0.4806382645607095
0.48051484512436404
0.480390859675348
0.480266305578072
0.48014118019210783
0.4800154808723148
0.47988920496896637
0.4797623498278797
0.479634912790548
0.4795068911942737
0.47937828237230473
0.4792490836539733
0.47911929236483647
0.4789889058268186
0.4788579213583572
0.47872633627454997
0.47859414788730514
0.4784613535054921
0.4783279504350974
0.47819393597938026
0.47805930743903247
0.47792406211233796
0.4777881972953383
0.4776517102819973
0.47751459836436994
0.4773768588327715
0.47723848897595267
0.4770994860812722
0.4769598474348765
0.47681957032187744
0.47667865202653603
0.47653708983244625
0.4763948810227215
0.476252022880184
0.47610851268755594
0.4759643477276534
0.47581952528358173
0.4756740426389344
0.47552789707799326
0.47538108588593125
0.47523360634901757
0.4750854557548247
0.47493663139243875
0.47478713055267036
0.47463695052826926
0.4744860886141405
0.47433454210756254
0.47418230830840824
0.4740293845193679
0.47387576804617326
0.47372145619782563
0.4735664462868252
0.47341073562940106
0.4732543215457461
0.4730972013602517
0.47293937240174533
0.4727808320037307
0.47262157750462885
0.4724616062480211
0.4723009155828956
0.4721395028638947
0.47197736545156305
0.47181450071260045
0.4716509060201134
0.47148657875387107
0.47132151630056174
0.4711557160540501
0.47098917541563884
0.47082189179433004
0.47065386260708797
0.47048508527910465
0.47031555724406676
0.4701452759444238
0.4699742388316567
0.4698024433665507
0.4696298870194673
0.46945656727061724
0.4692824816103376
0.4691076275393674
0.4689320025691254
0.46875560422199003
0.4685784300315786
0.4684004775430302
0.46822174431328645
0.46804222791137645
0.46786192591870057
0.467680835929316
0.46749895555022336
0.4673162824016529
0.46713281411735375
0.46694854834488164
0.466763482745888
0.46657761499641065
0.4663909427871633
0.46620346382382677
0.4660151758273413
0.46582607653419617
0.4656361636967238
0.46544543508339087
0.4652538884790909
0.4650615216854369
0.46486833252105414
0.4646743188218728
0.4644794784414203
0.46428380925111357
0.4640873091405513
0.4638899760178072
0.4636918078097191
0.4634928024621828
0.46329295794044034
0.46309227222937255
0.46289074333378655
0.46268836927870594
0.4624851481096587
0.46228107789296413
0.4620761567160194
0.46187038268758496
0.46166375393806913
0.4614562686198108
0.4612479249073624
0.46103872099776944
0.4608286551108507
0.4606177254894766
0.4604059303998449
0.46019326813175593
0.45997973699888506
0.45976533533905656
0.4595500615145102
0.4593339139121721
0.4591168909439177
0.45889899104683823
0.4586802126835007
0.4584605543422078
0.4582400145372558
0.45801859180918886
0.4577962847250512
0.45757309187863787
0.45734901189074195
0.4571240434093983
0.4568981851101268
0.45667143569617114
0.45644379389873435
0.45621525847721345
0.45598582821942846
0.4557555019418497
0.4555242784898231
0.455292156737789
0.45505913558950006
0.45482521397823605
0.45459039086701303
0.4543546652487909
0.45411803614667606
0.4538805026141215
0.4536420637351218
0.45340271862440545
0.4531624664276223
0.4529213063215276
0.45267923751416217
0.4524362592450275
0.4521923707852573
0.4519475714377847
0.4517018605375059
0.4514552374514371
0.45120770157886947
0.4509592523515187
0.45070988923366884
0.4504596117223135
0.4502084193472914
0.44995631167141575
0.44970328829060113
0.44944934883398474
0.449194492964041
0.4489387203766948
0.44868203080142455
0.4484244240013656
0.4481658997734048
0.44790645794827044
0.4476460983906187
0.44738482099911253
0.44712262570649663
0.4468595124796668
0.44659548131973276
0.44633053226207775
0.44606466537641
0.4457978807668104
0.44553017857177424
0.44526155896424635
0.4449920221516522
0.44472156837592264
0.4444501979135109
0.44417791107540777
0.4439047082071476
0.4436305896888103
0.4433555559350165
0.4430796073949172
0.4428027445521785
0.44252496792495805
0.44224627806587846
0.4419666755619923
0.4416861610347427
0.4414047351399172
0.4411223985675963
0.4408391520420947
0.4405549963218984
0.44026993219959404
0.43998396050179356
0.43969708208905156
0.4394092978557781
0.4391206087301441
0.4388310156739814
0.43854051968267727
0.43824912178506137
0.43795682304328876
0.4376636245527148
0.437369527441766
0.4370745328718032
0.43677864203698014
0.4364818561640949
0.43618417651243724
0.4358856043736268
0.43558614107144933
0.4352857879616836
0.43498454643192513
0.43468241790140194
0.43437940382078655
0.4340755056719997
0.433770724968011
0.43346506325263195
0.4331585221003046
0.4328511031158825
0.4325428079344092
0.4322336382208879
0.4319235956700484
0.43161268200610575
0.43130089898251633
0.4309882483817259
0.4306747320149142
0.4303603517217329
0.43004510937004004
0.42972900685562604
0.42941204610193867
0.4290942290597989
0.4287755577071147
0.42845603404858823
0.4281356601154183
0.42781443796499785
0.42749236968060794
0.4271694573711038
0.4268457031705992
0.42652110923814524
0.42619567775740363
0.42586941093631586
0.42554231100676904
0.42521438022425495
0.4248856208675267
0.4245560352382502
0.4242256256606517
0.42389439448116073
0.4235623440680497
0.42322947681106765
0.422895795121073
0.42256130142965953
0.42222599818877904
0.4218898878703627
0.421552972965935
0.4212152559862267
0.4208767394607832
0.4205374259375693
0.420197317982572
0.4198564181793965
0.41951472912886334
0.419172253448599
0.41882899377262484
0.4184849527509428
0.4181401330491176
0.41779453734785693
0.41744816834258747
0.4171010287430302
0.4167531212727702
0.41640444866882687
0.4160550136812191
0.4157048190725294
0.4153538676174657
0.4150021621024195
0.41464970532502354
0.4142965000937051
0.4139425492272409
0.4135878555543048
0.413232421913018
0.41287625115049603
0.4125193461223919
0.4121617096924416
0.4118033447320033
0.41144425411959873
0.41108444074045114
0.4107239074860224
0.41036265725354826
0.4100006929455724
0.4096380174694807
0.40927463373703205
0.40891054466388893
0.4085457531691483
0.4081802621748698
0.40781407460560337
0.4074471933879167
0.40707962144992194
0.40671136172080097
0.40634241713033026
0.40597279060840596
0.405602485084567
0.4052315034875201
0.40485984874466163
0.4044875237816007
0.40411453152168264
0.4037408748855104
0.4033665567904677
0.40299158015024106
0.40261594787434146
0.40223966286762763
0.40186272802982803
0.40148514625506315
0.40110692043136836
0.4007280534402174
0.4003485481560455
0.3999684074457729
0.3995876341683295
0.39920623117417864
0.39882420130484364
0.3984415473924323
0.39805827225916435
0.3976743787168969
0.39728986956665424
0.39690474759815536
0.3965190155893429
0.39613267630591453
0.3957457325008522
0.39535818691395663
0.3949700422713789
0.39458130128515445
0.3941919666527388
0.3938020410565437
0.39341152716347405
0.39302042762446737
0.3926287450740326
0.39223648212979273
0.3918436413920253
0.39145022544320734
0.39105623684756047
0.39066167815059716
0.3902665518786681
0.3898708605385127
0.38947460661680966
0.3890777925797289
0.38868042087248666
0.38828249391889924
0.387884014120943
0.3874849838583107
0.387085405487974
0.38668528134374447
0.38628461373583867
0.3858834049504434
0.3854816572492837
0.3850793728691919
0.38467655402167983
0.38427320289251093
0.3838693216412762
0.38346491240097125
0.3830599772775755
0.3826545183496315
0.38224853766783057
0.3818420372545961
0.3814350191036717
0.38102748517970925
0.3806194374178609
0.3802108777233726
0.3798018079711798
0.37939223000550476
0.37898214563945654
0.3785715566546334
0.37816046480072746
0.377748871795131
0.37733677932254545
0.376924189034593
0.3765111025494304
0.376097521451364
0.37568344729046954
0.37526888158221144
0.37485382580706794
0.37443828141015495
0.37402224980085497
0.3736057323524485
0.3731887304017461
0.3727712452487247
0.37235327815616637
0.3719348303492986
0.37151590301543813
0.37109649730363786
0.37067661432433496
0.3702562551490028
0.3698354208098063
0.36941411229925747
0.36899233056987724
0.3685700765338571
0.36814735106272506
0.36772415498701494
0.36730048909593765
0.36687635413705505
0.3664517508159586
0.36602667979594944
0.36560114169772157
0.36517513709904964
0.36474866653447835
0.3643217304950156
0.3638943294278283
0.3634664637359435
0.36303813377794963
0.3626093398677034
0.3621800822740401
0.361750361220486
0.3613201768849746
0.36088952939956787
0.3604584188501789
0.36002684527630013
0.3595948086707337
0.359162308979327
0.35872934610070994
0.35829591988603876
0.35786203013874196
0.3574276766142696
0.3569928590198495
0.356557577014244
0.3561218302075132
0.35568561816078187
0.3552489403860104
0.35481179634576976
0.3543741854530225
0.353936107070906
0.353497560512522
0.3530585450407298
0.35261905986794495
0.35217910415594267
0.35173867701566464
0.3512977775070338
0.3508564046387705
0.3504145573682178
0.3499722346011683
0.34952943519169866
0.3490861579420087
0.3486424016022668
0.34819816487045957
0.34775344639224864
0.3473082447608326
0.3468625585168145
0.34641638614807724
0.3459697260896623
0.3455225767236574
0.34507493637908954
0.34462680333182427
0.34417817580447196
0.3437290519663009
0.34327942993315796
0.3428293077673945
0.34237868347780187
0.3419275550195519
0.3414759202941483
0.3410237771493802
0.34057112337929
0.34011795672414413
0.3396642748704139
0.3392100754507655
0.33875535604405643
0.33830011417534195
0.33784434731589064
0.3373880528832068
0.33693122824106414
0.33647387069954926
0.3360159775151114
0.33555754589062525
0.33509857297546236
0.33463905586557263
0.3341789916035758
0.33371837717886405
0.33325720952771626
0.3327954855334201
0.33233320202640915
0.3318703557844084
0.33140694353259315
0.33094296194375955
0.3304784076385055
0.3300132771854277
0.3295475671013261
0.32908127385142605
0.32861439384961083
0.32814692345866864
0.32767885899055177
0.3272101967066519
0.32674093281808786
0.3262710634860087
0.3258005848219103
0.3253294928879697
0.3248577836973913
0.3243854532147711
0.32391249735647637
0.3234389119910407
0.3229646929395769
0.3224898359762062
0.32201433682850317
0.3215381911779618
0.3210613946604751
0.3205839428668365
0.32010583134325704
0.3196270555919034
0.3191476110714545
0.3186674931976765
0.3181866973440201
0.31770521884223585
0.31722305298301123
0.316740195016629
0.31625664015364596
0.3157723835655942
0.31528742038570434
0.3148017457096513
0.31431535459632315
0.3138282420686123
0.3133404031142322
0.3128518326865557
0.3123625257054806
0.311872477058318
0.3113816816007065
0.3108901341575526
0.3103978295239967
0.3099047624664052
0.3094109277233906
0.30891632000685854
0.30842093400308057
0.30792476437379834
0.3074278057573545
0.30693005276985197
0.30643150000634345
0.30593214204205066
0.3054319734336139
0.30493098872037055
0.304429182425666
0.3039265490581971
0.30342308311338323
0.30291877907477294
0.30241363141548316
0.30190763459966885
0.3014007830840265
0.3008930713193342
0.30038449375202025
0.2998750448257713
0.2993647189831715
0.2988535106673784
0.2983414143238329
0.2978284244020058
0.29731453535718005
0.29679974165226797
0.29628403775966633
0.2957674181631471
0.29524987735978575
0.29473140986192603
0.294212010199183
0.2936916729204825
0.29317039259613875
0.2926481638199703
0.2921249812114534
0.29160083941791415
0.29107573311675744
0.29054965701773583
0.29002260586525624
0.28949457444072446
0.2889655575649283
0.28843555010045946
0.28790454695417345
0.2873725430796873
0.2868395334799161
0.28630551320964653
0.2857704773781493
0.2852344211518274
0.2846973397569037
0.2841592284821446
0.28362008268161876
0.28307989777749554
0.28253866926287596
0.28199639270466137
0.28145306374645646
0.2809086781115057
0.280363231605665
0.27981672012040665
0.2792691396358554
0.27872048622385825
0.27817075605108355
0.2776199453821526
0.27706805058279815
0.27651506812305343
0.2759609945804682
0.2754058266433504
0.27484956111403536
0.27429219491217643
0.27373372507806226
0.2731741487759523
0.27261346329743635
0.27205166606481135
0.2714887546344754
0.27092472670034085
0.27035958009725897
0.2697933128044613
0.26922592294900777
0.26865740880925143
0.26808776881830376
0.267517001567512
0.26694510580993747
0.2663720804638382
0.2657979246161499
0.2652226375259676
0.2646462186280205
0.2640686675361435
0.2634899840467377
0.262910168142223
0.2623292199944747
0.2617471399682459
0.2611639286245729
0.26057958672415754
0.2599941152307286
0.2594075153143756
0.25881978835485603
0.2582309359448679
0.2576409598932925
0.2570498622283967
0.2564576452009967
0.2558643112875797
0.255269863193378
0.25467430385539636
0.2540776364453865
0.25347986437276676
0.25288099128748454
0.2522810210828166
0.2516799578981077
0.25107780612143826
0.25047457039222565
0.24987025560374915
0.2492648669055997
0.24865840970604916
0.24805088967433678
0.2474423127428707
0.24683268510933792
0.2462220132387248
0.24561030386523952
0.24499756399413886
0.24438380090345074
0.2437690221455946
0.24315323554889365
0.2425364492189769
0.24191867154006805
0.24129991117615918
0.24068017707206454
0.24005947845435496
0.23943782483216802
0.23881522599789085
0.23819169202771573
0.2375672332820646
0.23694186040587825
0.23631558432877509
0.23568841626506692
0.23506036771363942
0.23443145045769018
0.23380167656432443
0.23317105838400612
0.23253960854986347
0.23190733997684834
0.23127426586074604
0.230640399677037
0.2300057551796088
0.22937034639931558
0.22873418764238806
0.22809729348869068
0.22745967878982717
0.2268213586670929
0.2261823485092766
0.22554266397030875
0.22490232096675858
0.22426133567518036
0.22361972452931017
0.22297750421710905
0.22233469167766395
0.22169130409793453
0.22104735890935928
0.2204028737843144
0.21975786663243013
0.21911235559676628
0.2184663590498488
0.21781989558956982
0.217172984034953
0.2165256434217852
0.2158778929981219
0.21522975221966406
0.2145812407450101
0.21393237843079044
0.2132831853266817
0.2126336816703086
0.21198388788203468
0.2113338245596453
0.21068351247292919
0.21003297255815861
0.20938222591247585
0.2087312937881861
0.20808019758696544
0.20742895885398444
0.2067775992719531
0.20612614065509197
0.2054746049430322
0.20482301419465276
0.2041713905818544
0.2035197563832792
0.2028681339779778
0.20221654583903054
0.20156501452712713
0.20091356268410848
0.20026221302647707
0.1996109883388779
0.19895991146756087
0.19830900531382112
0.19765829282742853
0.19700779700004933
0.19635754085866178
0.19570754745897717
0.1950578398788632
0.19440844121177847
0.19375937456022507
0.1931106630292171
0.19246232971977537
0.19181439772245032
0.19116689011087887
0.1905198299353762
0.18987324021657115
0.18922714393908563
0.18858156404526394
0.18793652342895642
0.18729204492935747
0.1866481513249081
0.18600486532725924
0.18536220957530547
0.18472020662928917
0.18407887896497863
0.18343824896792388
0.18279833892779437
0.18215917103279775
0.18152076736418749
0.18088314989085671
0.18024634046402624
0.17961036081202322
0.17897523253515804
0.17834097710069927
0.17770761583794661
0.17707516993340827
0.17644366042608048
0.17581310820283313
0.17518353399390116
0.17455495836848567
0.17392740173046287
0.1733008843142045
0.17267542618050966
0.1720510472126481
0.17142776711251856
0.17080560539691866
0.17018458139393072
0.16956471423942182
0.168946022873659
0.16832852603803988
0.16771224227193757
0.1670971899096639
0.16648338707754357
0.16587085169110838
0.16525960145240218
0.1646496538474027
0.16404102614355756
0.1634337353874313
0.16282779840246958
0.16222323178687095
0.1616200519115747
0.1610182749183552
0.16041791671802905
0.15981899298877034
0.15922151917453276
0.15862551048357942
0.1580309818871183
0.15743794811804185
0.15684642366976934
0.15625642279519258
0.15566795950572015
0.1550810475704238
0.15449570051527933
0.15391193162250677
0.15332975393000367
0.1527491802308723
0.15217022307304007
0.15159289475896823
0.1510172073454506
0.15044317264349977
0.1498708022183175
0.14930010738935062
0.14873109923042893
0.14816378856998208
0.14759818599133834
0.1470343018330983
0.14647214618958468
0.1459117289113669
0.14535305960585715
0.14479614763797685
0.14424100213089253
0.14368763196681836
0.1431360457878844
0.14258625199706826
0.14203825875918863
0.14149207400196057
0.14094770541710697
0.1404051604615295
0.13986444635853312
0.13932557009910565
0.13878853844324804
0.13825335792135615
0.13772003483565093
0.13718857526165534
0.1366589850497178
0.13613126982657917
0.1356054349969817
0.1350814857453202
0.13455942703733087
0.13403926362182
0.1335210000324274
0.13300464058942515
0.13249018940155105
0.13197765036787198
0.13146702717967967
0.13095832332241492
0.13045154207761891
0.1299466865249132
0.1294437595440015
0.1289427638166991
0.12844370182898124
0.12794657587305522
0.12745138804945094
0.126958140269131
0.12646683425561817
0.1259774715471385
0.12549005349878084
0.12500458128466888
0.12452105590014734
0.12403947816397833
0.12355984872055095
0.12308216804209704
0.12260643643091902
0.12213265402162178
0.12166082078335405
0.12119093652205393
0.1207230008826983
0.12025701335155779
0.11979297325845273
0.11933087977901119
0.11887073193692964
0.11841252860623078
0.11795626851352335
0.1175019502402593
0.11704957222498785
0.11659913276560768
0.11615063002161499
0.11570406201634631
0.1152594266392166
0.11481672164795116
0.1143759446708112
0.11393709320881133
0.11350016463792989
0.11306515621131061
0.11263206506145429
0.11220088820240187
0.11177162253190662
0.11134426483359532
0.11091881177911914
0.11049525993029102
0.11007360574121205
0.10965384556038477
0.10923597563281257
0.10881999210208626
0.10840589101245678
0.10799366831089126
0.10758331984911751
0.10717484138565038
0.10676822858780446
0.10636347703368952
0.10596058221419061
0.10555953953493102
0.10516034431821912
0.104762991804977
0.10436747715665276
0.10397379545711492
0.10358194171452818
0.10319191086321258
0.10280369776548297
0.10241729721347076
0.10203270393092702
0.10164991257500645
0.10126891773803257
0.10088971394924387
0.10051229567652001
0.10013665732809035
0.09976279325422087
0.09939069774888298
0.09902036505140231
0.09865178934808752
0.09828496477383958
0.09791988541374096
0.09755654530462537
0.0971949384366267
0.09683505875470935
0.09647690016017708
0.0961204565121625
0.09576572162909752
0.0954126892901618
0.09506135323671291
0.09471170717369594
0.09436374477103338
0.09401745966499439
0.09367284545954549
0.09332989572768002
0.09298860401272938
0.09264896382965358
0.09231096866631217
0.09197461198471638
0.09163988722226098
0.09130678779293781
0.09097530708852908
0.0906454384797815
0.09031717531756271
0.08999051093399751
0.08966543864358496
0.0893419517442978
0.0890200435186636
0.08869970723482531
0.08838093614758621
0.08806372349943446
0.08774806252155082
0.08743394643479821
0.08712136845069307
0.08681032177235931
0.08650079959546565
0.08619279510914343
0.08588630149689026
0.08558131193745344
0.0852778196056991
0.08497581767346332
0.08467529931038711
0.08437625768473445
0.0840786859641951
0.0837825773166704
0.08348792491104409
0.08319472191793625
0.08290296151044291
0.08261263686485981
0.08232374116139052
0.08203626758483994
0.08175020932529369
0.08146555957878084
0.08118231154792474
0.08090045844257701
0.08061999348043919
0.08034090988766998
0.08006320089947772
0.07978685976070071
0.07951187972637298
0.0792382540622776
0.07896597604548608
0.07869503896488597
0.07842543612169423
0.07815716082995948
0.07789020641705119
0.07762456622413628
0.07736023360664482
0.07709720193472257
0.07683546459367299
0.0765750149843865
0.07631584652375994
0.07605795264510296
0.07580132679853528
0.07554596245137199
0.07529185308849816
0.07503899221273355
0.07478737334518631
0.07453699002559744
0.07428783581267391
0.07403990428441282
0.07379318903841595
0.0735476836921945
0.07330338188346389
0.07306027727043045
0.07281836353206847
0.07257763436838788
0.07233808350069401
0.07209970467183838
0.07186249164646072
0.0716264382112232
0.07139153817503599
0.0711577853692755
0.07092517364799379
0.07069369688812083
0.07046334898965952
0.07023412387587212
0.07000601549346046
0.06977901781273843
0.06955312482779767
0.06932833055666535
0.06910462904145775
0.06888201434852345
0.06866048056858318
0.06844002181686165
0.0682206322332139
0.06800230598224408
0.06778503725342055
0.06756882026118276
0.06735364924504342
0.06713951846968524
0.06692642222505135
0.06671435482643093
0.06650331061453885
0.06629328395559086
0.06608426924137281
0.06587626088930587
0.06566925334250552
0.06546324106983724
0.06525821856596614
0.06505418035140309
0.06485112097254553
0.06464903500171448
0.06444791703718665
0.06424776170322324
0.06404856365009338
0.06385031755409498
0.06365301811757046
0.0634566600689192
0.06326123816260645
0.06306674717916792
0.06287318192521103
0.0626805372334136
0.062488807962517705
0.06229798899732079
0.06210807524866397
0.06191906165341662
0.06173094317445818
0.061543714800656416
0.061357371546843474
0.06117190845378929
0.06098732058817041
0.060803603042538276
0.06062075093528392
0.060438759410599674
0.06025762363843917
0.06007733881447423
0.059897900160050206
0.05971930292213759
0.059541542373283116
0.059364613811557415
0.05918851256050086
0.059013233969067866
0.05883877341156785
0.05866512628760625
0.05849228802202176
0.05832025406482247
0.05814901989112094
0.05797858100106585
0.05780893291977359
0.05764007119725764
0.057471991408355946
0.05730468915265735
0.05713816005442603
0.056972399762525355
0.05680740395033965
0.05664316831569397
0.05647968858077447
0.05631696049204579
0.05615497982016817
0.05599374235991278
0.055833243930076375
0.05567348037339498
0.05551444755645584
0.05535614136960886
0.05519855772687758
0.05504169256586794
0.05488554184767692
0.054730101556800664
0.05457536770104133
0.05442133631141252
0.054268003442045555
0.05411536517009347
0.05396341759563503
0.05381215684157825
0.05366157905356264
0.053511680399861365
0.05336245707128306
0.0532139052810722
0.05306602126480989
0.05291880128031338
0.05277224160753592
0.052626338548465657
0.05248108842702406
0.05233648758896443
0.05219253240176937
0.05204921925454875
0.05190654455793676
0.05176450474398844
0.05162309626607718
0.05148231559879038
0.051342159237826035
0.051202623699888435
0.05106370552258446
0.05092540126431851
0.0507877075041888
0.05065062084188215
0.05051413789756953
0.050378255311801026
0.05024296974540124
0.050108277879364185
0.04997417641474844
