0.5166894918156261
0.5494829167177777
0.5234015308030197
0.5350169844434589
0.5404298546065067
0.5275619896404209
0.5178547978980413
0.5191984216780855
0.5202464939948247
0.5184515132786605
0.5185548808049669
0.5196512785792764
0.5188493281621467
0.5170400243595475
0.5161295138932332
0.5160118100304548
0.5159675354437241
0.5159734742636655
0.5160133206082933
0.5158109757097568
0.5153465795337933
0.5148820930174246
0.5145742546200479
0.5143888999566253
0.5142548713623925
0.5141167204846719
0.5139239191015037
0.5136646099186706
0.5133789463493166
0.5131145175970928
0.5128881286125866
0.5126889781965086
0.512496567800097
0.512293193557132
0.5120722897542651
0.511840427833971
0.5116099813881626
0.5113893834882001
0.51117927618396
0.5109748686615736
0.5107703966262791
0.5105626712767021
0.5103522847493595
0.5101422688090117
0.5099355880734721
0.5097334130569675
0.5095350271934089
0.5093388713758716
0.5091437508665846
0.5089494779214387
0.5087567392699424
0.5085664771811416
0.5083792965986359
0.5081952518628856
0.5080140253597956
0.5078352718874779
0.5076588766552522
0.5074850005290832
0.5073139471300023
0.5071459828148116
0.5069812313753942
0.506819684339883
0.5066612861761993
0.5065060213511523
0.5063539508478095
0.5062051911549618
0.506059865099787
0.5059180621979771
0.5057798294277276
0.5056451889136943
0.5055141639372124
0.505386795204677
0.505263140455093
0.5051432624986387
0.5050272162256068
0.5049150426497848
0.5048067714534596
0.5047024279636338
0.5046020390274863
0.5045056345451802
0.5044132449826682
0.5043248975123271
0.5042406134793658
0.50416040830258
0.5040842931273385
0.5040122766949361
0.5039443662150724
0.5038805669877021
0.5038208813517668
0.5037653077774257
0.5037138405943048
0.5036664703216946
0.503623184215039
0.5035839666277765
0.5035487990193461
0.5035176597064469
0.5034905235841619
0.5034673619978818
0.5034481428049932
0.5034328305412278
0.503421386570392
0.5034137691441379
0.5034099333767966
0.5034098311925945
0.5034134113046289
0.503420619250216
0.5034313974675052
0.5034456853791756
0.5034634194561701
0.5034845332557509
0.5035089574465543
0.5035366198383957
0.5035674454271231
0.5036013564530147
0.503638272463538
0.5036781103711897
0.5037207845024864
0.5037662066400832
0.503814286062704
0.5038649295863221
0.5039180416067522
0.5039735241410883
0.5040312768647522
0.5040911971421119
0.5041531800504024
0.5042171183977756
0.5042829027362365
0.5043504213693628
0.5044195603538022
0.5044902034931624
0.5045622323231084
0.5046355260869738
0.5047099617015698
0.504785413712921
0.5048617542414302
0.5049388529156748
0.5050165767938444
0.5050947902718173
0.5051733549769745
0.5052521296469303
0.505330969992358
0.505409728542995
0.5054882544757672
0.5055663934238541
0.5056439872654357
0.5057208738908197
0.505796886946605
0.5058718555554642
0.5059456040100222
0.5060179514391783
0.5060887114450798
0.5061576917088267
0.5062246935628609
0.5062895115278523
0.5063519328117603
0.5064117367685667
0.5064686943140031
0.5065225672953966
0.5065731078125494
0.506620057486363
0.5066631466716922
0.5067020936106782
0.5067366035225647
0.506766367625741
0.5067910620874753
0.5068103468965353
0.5068238646535942
0.5068312392740436
0.5068320745975291
0.5068259528982494
0.506812433289762
0.5067910500177759
0.5067613106341547
0.5067226940451302
0.5066746484265404
0.5066165889987745
0.5065478956540347
0.5064679104285439
0.5063759348124398
0.5062712268903516
0.5061529983060504
0.5060204110451632
0.5058725740307527
0.5057085395276585
0.5055272993528901
0.5053277808911387
0.5051088429166738
0.5048692712255778
0.504607774085527
0.5043229775142046
0.5040134204020257
0.503677549500206
0.5033137143014201
0.5029201618473869
0.5024950315057692
0.5020363497677496
0.5015420251275676
0.501009843116066
0.5004374615717839
0.4998224062451292
0.49916206684334674
0.4984536936359632
0.4976943947515477
0.4968811343063151
0.4960107315124351
0.49507986091790956
0.4940850539294273
0.4930227017634535
0.49188905995774357
0.49068025455425995
0.4893922900341063
0.48802105904485493
0.48656235391029146
0.4850118798525851
0.48336526978849625
0.4816181004867758
0.4797659097968934
0.47780421458434286
0.4757285289409529
0.4735343821868258
0.4712173361514909
0.46877300122368604
0.46619705069973555
0.46348523304679534
0.4606333818345683
0.45763742328034035
0.45449338159684644
0.4511973826259744
0.44774565657426235
0.44413454102368316
0.4403604857526916
0.4364200612411673
0.43230997301613244
0.4280270841850768
0.4235684485586768
0.4189313566414001
0.41411339642580913
0.40911253033025935
0.40392718874983513
0.3985563795478725
0.3929998114311977
0.3872580275943441
0.3813325443965583
0.3752259883020824
0.3689422230546357
0.3624864582738324
0.3558653305477684
0.3490869488024227
0.3421608973258384
0.3350981922737244
0.3279111906156247
0.32061345400568747
0.3132195735939389
0.30574496490685155
0.29820564422195417
0.29061799903884356
0.28299856515723815
0.275363821536756
0.26773001172718797
0.2601129975485781
0.2525281472691245
0.24499025718908093
0.23751350265728424
0.2301114124006457
0.22279685879840405
0.21558205642446807
0.20847856174501822
0.20149726813825164
0.19464839218172358
0.18794144918336042
0.1813852179682341
0.17498769675487186
0.16875605339047273
0.16269657415396163
0.15681461573639222
0.1511145648908591
0.1455998096828696
0.14027272537840185
0.13513467691057646
0.13018603869788242
0.12542623146413007
0.12085377472560724
0.11646635282783499
0.11226089186643852
0.10823364452037204
0.10438027974529988
0.1006959743885269
0.09717550405288092
0.09381333090980407
0.09060368659689824
0.08754064879213516
0.08461821050269973
0.08183034151597449
0.07917104181679688
0.07663438706978927
0.07421456649570214
0.07190591363870076
0.06970293063324087
0.06760030664250978
0.0655929311641753
0.06367590289216793
0.06184453479359385
0.060094356014796145
0.058421111176032395
0.05682075755498542
0.05528946059901946
0.053823588147353996
0.052419703688956695
0.05107455893105104
0.04978508590728234
