0.5032033221681043
0.5238399582786712
0.5235078728761063
0.5232691707969526
0.5231111584372115
0.5230070420646139
0.5229389405821522
0.5228948984176196
0.5228669299077295
0.522849704061608
0.5228396627625516
0.5228344309734863
0.5228324228498751
0.522832578934011
0.5228341909030332
0.5228367847324467
0.5228400428078694
0.5228437519953917
0.5228477690101094
0.5228519973115757
0.5228563716812544
0.522860847920726
0.5228653959644793
0.5228699952706154
0.5228746317320462
0.5228792956033486
0.5228839801066552
0.5228886804920246
0.5228933934024003
0.522898116443027
0.5229028478883851
0.522907586481829
0.5229123312978944
0.5229170816471128
0.5229218370097694
0.5229265969894545
0.5229313612802292
0.5229361296432035
0.5229409018896733
0.5229456778688597
0.5229504574588991
0.5229552405601632
0.5229600270902508
0.5229648169802
0.522969610171597
0.5229744066143502
0.522979206264965
0.5229840090851954
0.5229888150409859
0.5229936241016347
0.5229984362391314
0.5230032514276274
0.5230080696430147
0.5230128908625872
0.5230177150647691
0.5230225422288962
0.5230273723350394
0.523032205363863
0.523037041296509
0.5230418801145043
0.523046721799686
0.5230515663341399
0.5230564137001511
0.5230612638801647
0.5230661168567525
0.523070972612587
0.5230758311304207
0.5230806923930676
0.5230855563833907
0.5230904230842898
0.5230952924786916
0.5231001645495443
0.5231050392798093
0.5231099166524583
0.5231147966504677
0.5231196792568168
0.5231245644544842
0.5231294522264467
0.5231343425556769
0.523139235425142
0.5231441308178034
0.5231490287166148
0.523153929104523
0.5231588319644651
0.5231637372793713
0.5231686450321615
0.523173555205747
0.5231784677830298
0.5231833827469026
0.523188300080248
0.5231932197659397
0.5231981417868419
0.523203066125809
0.5232079927656862
0.5232129216893091
0.5232178528795044
0.523222786319089
0.5232277219908709
0.5232326598776493
0.5232375999622143
0.5232425422273468
0.5232474866558193
0.5232524332303959
0.5232573819338315
0.5232623327488732
0.5232672856582594
0.523272240644721
0.5232771976909796
0.5232821567797501
0.5232871178937393
0.5232920810156456
0.5232970461281609
0.5233020132139687
0.523306982255746
0.5233119532361621
0.5233169261378796
0.5233219009435536
0.5233268776358331
0.5233318561973599
0.5233368366107695
0.523341818858691
0.5233468029237472
0.5233517887885549
0.5233567764357241
0.5233617658478602
0.5233667570075615
0.5233717498974216
0.5233767445000285
0.5233817407979643
0.5233867387738067
0.5233917384101274
0.5233967396894939
0.5234017425944683
0.5234067471076084
0.5234117532114674
0.5234167608885938
0.5234217701215321
0.523426780892823
0.5234317931850022
0.5234368069806024
0.5234418222621522
0.5234468390121768
0.5234518572131978
0.5234568768477336
0.5234618978982992
0.5234669203474067
0.5234719441775656
0.5234769693712824
0.5234819959110608
0.5234870237794023
0.5234920529588059
0.5234970834317688
0.5235021151807856
0.5235071481883495
0.5235121824369517
0.5235172179090819
0.5235222545872281
0.5235272924538772
0.5235323314915151
0.5235373716826265
0.523542413009695
0.5235474554552035
0.5235524990016349
0.5235575436314712
0.5235625893271942
0.5235676360712853
0.5235726838462263
0.5235777326344991
0.5235827824185859
0.5235878331809688
0.5235928849041316
0.5235979375705577
0.5236029911627325
0.5236080456631416
0.5236131010542724
0.523618157318613
0.5236232144386539
0.5236282723968867
0.523633331175805
0.5236383907579039
0.5236434511256816
0.5236485122616378
0.523653574148275
0.5236586367680982
0.5236637001036151
0.5236687641373363
0.5236738288517756
0.52367889422945
0.5236839602528801
0.5236890269045893
0.5236940941671058
0.5236991620229603
0.523704230454689
0.5237092994448309
0.5237143689759305
0.523719439030536
0.5237245095912006
0.5237295806404823
0.5237346521609436
0.5237397241351528
0.5237447965456836
0.5237498693751144
0.5237549426060295
0.5237600162210192
0.52376509020268
0.5237701645336136
0.5237752391964288
0.5237803141737406
0.5237853894481705
0.5237904650023466
0.5237955408189046
0.5238006168804863
0.5238056931697417
0.5238107696693275
0.5238158463619085
0.5238209232301569
0.5238260002567532
0.5238310774243856
0.5238361547157506
0.5238412321135534
0.5238463096005076
0.5238513871593357
0.5238564647727687
0.5238615424235471
0.5238666200944206
0.5238716977681487
0.5238767754274993
0.5238818530552515
0.5238869306341933
0.5238920081471232
0.5238970855768506
0.523902162906194
0.5239072401179835
0.5239123171950597
0.5239173941202746
0.5239224708764905
0.5239275474465817
0.5239326238134334
0.5239376999599432
0.52394277586902
0.5239478515235847
0.5239529269065704
0.5239580020009227
0.5239630767895997
0.5239681512555721
0.5239732253818236
0.5239782991513505
0.5239833725471628
0.523988445552284
0.5239935181497503
0.5239985903226128
0.5240036620539354
0.5240087333267969
0.5240138041242903
0.5240188744295223
0.5240239442256152
0.5240290134957053
0.5240340822229442
0.5240391503904989
0.5240442179815512
0.5240492849792988
0.5240543513669546
0.524059417127748
0.5240644822449239
0.5240695467017438
0.5240746104814851
0.5240796735674421
0.5240847359429259
0.5240897975912642
0.5240948584958023
0.524099918639902
0.5241049780069433
0.5241100365803235
0.5241150943434576
0.5241201512797787
0.5241252073727385
0.5241302626058061
0.5241353169624696
0.5241403704262364
0.5241454229806316
0.5241504746092005
0.5241555252955068
0.5241605750231342
0.5241656237756853
0.5241706715367833
0.5241757182900708
0.5241807640192109
0.5241858087078866
0.5241908523398016
0.5241958948986803
0.5242009363682683
0.5242059767323313
0.5242110159746571
0.5242160540790546
0.5242210910293544
0.5242261268094084
0.5242311614030911
0.5242361947942985
0.5242412269669494
0.5242462579049845
0.5242512875923675
0.5242563160130855
0.5242613431511476
0.5242663689905864
0.5242713935154584
0.524276416709843
0.5242814385578438
0.5242864590435881
0.5242914781512271
0.5242964958649368
0.5243015121689167
0.5243065270473926
0.5243115404846136
0.524316552464854
0.5243215629724138
0.5243265719916183
0.5243315795068179
0.524336585502389
0.5243415899627341
0.5243465928722811
0.5243515942154849
0.5243565939768263
0.524361592140813
0.5243665886919794
0.524371583614887
0.5243765768941239
0.5243815685143063
0.5243865584600771
0.5243915467161078
0.5243965332670967
0.524401518097771
0.5244065011928858
0.5244114825372246
0.5244164621155991
0.5244214399128504
0.5244264159138482
0.5244313901034912
0.5244363624667071
0.5244413329884541
0.524446301653719
0.5244512684475185
0.5244562333549
0.52446119636094
0.5244661574507463
0.5244711166094567
0.5244760738222396
0.5244810290742943
0.5244859823508516
0.524490933637173
0.5244958829185513
0.5245008301803114
0.5245057754078092
0.5245107185864331
0.524515659701603
0.5245205987387719
0.5245255356834241
0.5245304705210774
0.5245354032372818
0.5245403338176204
0.5245452622477098
0.5245501885131989
0.524555112599771
0.5245600344931425
0.5245649541790637
0.5245698716433188
0.5245747868717261
0.5245796998501383
0.5245846105644425
0.5245895190005603
0.5245944251444482
0.5245993289820976
0.5246042304995351
0.5246091296828224
0.5246140265180568
0.5246189209913712
0.5246238130889341
0.5246287027969507
0.5246335901016609
0.5246384749893422
0.5246433574463079
0.5246482374589079
0.524653115013529
0.5246579900965949
0.5246628626945666
0.5246677327939417
0.5246726003812561
0.5246774654430821
0.5246823279660312
0.5246871879367516
0.5246920453419299
0.5246969001682911
0.5247017524025982
0.524706602031653
0.5247114490422959
0.5247162934214061
0.5247211351559017
0.5247259742327403
0.5247308106389181
0.5247356443614712
0.5247404753874757
0.5247453037040466
0.5247501292983394
0.5247549521575492
0.5247597722689119
0.5247645896197032
0.5247694041972397
0.5247742159888784
0.524779024982017
0.5247838311640948
0.5247886345225912
0.5247934350450277
0.5247982327189669
0.5248030275320128
0.5248078194718112
0.5248126085260498
0.5248173946824581
0.5248221779288077
0.5248269582529129
0.5248317356426297
0.5248365100858572
0.5248412815705369
0.5248460500846531
0.5248508156162333
0.5248555781533477
0.5248603376841101
0.5248650941966776
0.5248698476792506
0.5248745981200733
0.5248793455074335
0.5248840898296634
0.5248888310751387
0.5248935692322795
0.5248983042895498
0.5249030362354588
0.5249077650585597
0.5249124907474508
0.5249172132907743
0.5249219326772189
0.5249266488955169
0.5249313619344467
0.5249360717828313
0.52494077842954
0.524945481863487
0.5249501820736324
0.5249548790489825
0.5249595727785888
0.5249642632515498
0.5249689504570089
0.5249736343841571
0.524978315022231
0.524982992360514
0.5249876663883364
0.5249923370950748
0.5249970044701531
0.5250016685030413
0.5250063291832578
0.5250109865003676
0.5250156404439827
0.5250202910037631
0.525024938169416
0.5250295819306965
0.5250342222774069
0.5250388591993983
0.5250434926865689
0.5250481227288655
0.525052749316283
0.5250573724388641
0.5250619920867007
0.5250666082499325
0.5250712209187482
0.5250758300833848
0.5250804357341287
0.5250850378613142
0.5250896364553256
0.525094231506596
0.5250988230056068
0.5251034109428898
0.5251079953090256
0.5251125760946445
0.5251171532904256
0.5251217268870987
0.5251262968754422
0.5251308632462856
0.5251354259905068
0.5251399850990347
0.5251445405628479
0.5251490923729749
0.5251536405204951
0.5251581849965372
0.5251627257922812
0.525167262898957
0.5251717963078449
0.5251763260102764
0.5251808519976333
0.5251853742613479
0.5251898927929038
0.5251944075838353
0.5251989186257275
0.5252034259102168
0.5252079294289906
0.5252124291737874
0.5252169251363967
0.52522141730866
0.5252259056824694
0.525230390249769
0.5252348710025538
0.5252393479328713
0.5252438210328194
0.5252482902945486
0.5252527557102608
0.5252572172722092
0.5252616749727
0.5252661288040904
0.5252705787587897
0.525275024829259
0.5252794670080119
0.5252839052876138
0.5252883396606826
0.5252927701198876
0.5252971966579513
0.5253016192676477
0.5253060379418037
0.5253104526732983
0.5253148634550627
0.525319270280081
0.5253236731413895
0.525328072032077
0.5253324669452849
0.5253368578742073
0.5253412448120909
0.525345627752235
0.5253500066879917
0.5253543816127656
0.5253587525200143
0.525363119403248
0.5253674822560298
0.5253718410719755
0.5253761958447543
0.5253805465680873
0.5253848932357493
0.5253892358415682
0.5253935743794238
0.5253979088432497
0.5254022392270323
0.525406565524811
0.5254108877306782
0.5254152058387791
0.5254195198433124
0.5254238297385294
0.5254281355187347
0.5254324371782857
0.5254367347115935
0.5254410281131214
0.5254453173773864
0.5254496024989583
0.5254538834724605
0.5254581602925685
0.5254624329540118
0.5254667014515727
0.5254709657800865
0.5254752259344413
0.525479481909579
0.525483733700494
0.5254879813022336
0.5254922247098991
0.5254964639186437
0.5255006989236743
0.5255049297202509
0.5255091563036858
0.5255133786693448
0.5255175968126469
0.5255218107290636
0.5255260204141192
0.5255302258633915
0.5255344270725109
0.5255386240371606
0.5255428167530767
0.5255470052160479
0.5255511894219161
0.5255553693665758
0.5255595450459739
0.5255637164561106
0.5255678835930384
0.5255720464528623
0.5255762050317403
0.5255803593258827
0.5255845093315521
0.5255886550450645
0.5255927964627871
0.5255969335811406
0.5256010663965974
0.5256051949056826
0.5256093191049732
0.5256134389910989
0.525617554560741
0.5256216658106335
0.5256257727375624
0.5256298753383654
0.5256339736099325
0.5256380675492056
0.5256421571531782
0.525646242418896
0.5256503233434564
0.5256543999240082
0.5256584721577524
0.5256625400419408
0.5256666035738777
0.5256706627509178
0.5256747175704682
0.5256787680299866
0.5256828141269825
0.525686855859016
0.525690893223699
0.5256949262186941
0.5256989548417148
0.5257029790905254
0.5257069989629417
0.5257110144568298
0.5257150255701062
0.5257190323007386
0.5257230346467449
0.5257270326061934
0.525731026177203
0.5257350153579429
0.525739000146632
0.5257429805415398
0.5257469565409857
0.5257509281433392
0.5257548953470195
0.5257588581504955
0.5257628165522855
0.5257667705509581
0.5257707201451308
0.525774665333471
0.5257786061146945
0.5257825424875675
0.5257864744509041
0.5257904020035684
0.5257943251444729
0.5257982438725787
0.5258021581868959
0.5258060680864834
0.5258099735704482
0.5258138746379459
0.5258177712881801
0.5258216635204028
0.5258255513339141
0.5258294347280618
0.5258333137022415
0.5258371882558972
0.5258410583885195
0.525844924099647
0.5258487853888659
0.525852642255809
0.5258564947001569
0.5258603427216371
0.5258641863200233
0.5258680254951369
0.5258718602468451
0.5258756905750624
0.5258795164797494
0.5258833379609126
0.5258871550186052
0.5258909676529261
0.52589477586402
0.5258985796520779
0.5259023790173356
0.5259061739600752
0.5259099644806233
0.5259137505793527
0.5259175322566804
0.5259213095130688
0.5259250823490252
0.5259288507651012
0.5259326147618931
0.5259363743400417
0.5259401295002322
0.5259438802431932
0.5259476265696981
0.5259513684805635
0.5259551059766499
0.5259588390588614
0.5259625677281455
0.5259662919854928
0.5259700118319369
0.5259737272685543
0.5259774382964647
0.5259811449168298
0.5259848471308544
0.5259885449397849
0.5259922383449104
0.525995927347562
0.5259996119491122
0.5260032921509754
0.5260069679546082
0.5260106393615069
0.526014306373211
0.5260179689912997
0.5260216272173934
0.5260252810531535
0.5260289305002812
0.526032575560519
0.526036216235649
0.526039852527494
0.5260434844379156
0.5260471119688162
0.526050735122137
0.5260543538998591
0.5260579683040025
0.5260615783366261
0.5260651839998282
0.5260687852957449
0.5260723822265518
0.5260759747944621
0.5260795630017274
0.5260831468506375
0.5260867263435196
0.5260903014827384
0.526093872270697
0.5260974387098346
0.526101000802628
0.5261045585515911
0.5261081119592741
0.5261116610282639
0.526115205761184
0.5261187461606937
0.5261222822294881
0.5261258139702987
0.5261293413858923
0.5261328644790713
0.5261363832526724
0.5261398977095689
0.5261434078526677
0.5261469136849108
0.526150415209275
0.5261539124287706
0.5261574053464426
0.5261608939653698
0.5261643782886645
0.5261678583194725
0.5261713340609734
0.5261748055163793
0.5261782726889354
0.5261817355819198
0.526185194198643
0.5261886485424477
0.526192098616709
0.526195544424834
0.5261989859702609
0.5262024232564602
0.526205856286933
0.5262092850652123
0.5262127095948613
0.5262161298794747
0.5262195459226771
0.5262229577281233
0.5262263652994991
0.5262297686405191
0.5262331677549283
0.5262365626465011
0.5262399533190413
0.5262433397763813
0.5262467220223828
0.5262501000609361
0.5262534738959601
0.5262568435314017
0.5262602089712358
0.5262635702194655
0.526266927280121
0.5262702801572607
0.5262736288549695
0.5262769733773593
0.5262803137285698
0.5262836499127658
0.5262869819341394
0.5262903097969087
0.5262936335053177
0.526296953063636
0.5263002684761591
0.526303579747207
0.5263068868811256
0.5263101898822856
0.5263134887550818
0.526316783503934
0.5263200741332856
0.5263233606476049
0.5263266430513833
0.526329921349136
0.5263331955454014
0.5263364656447413
0.5263397316517404
0.5263429935710058
0.5263462514071674
0.5263495051648774
0.52635275484881
0.5263560004636606
0.5263592420141474
0.5263624795050091
0.526365712941006
0.526368942326919
0.5263721676675501
0.5263753889677216
0.5263786062322763
0.5263818194660768
0.5263850286740057
0.5263882338609651
0.5263914350318771
0.5263946321916823
0.5263978253453403
0.5264010144978298
0.526404199654148
0.5264073808193103
0.5264105579983499
0.5264137311963185
0.5264169004182848
0.5264200656693353
0.5264232269545739
0.5264263842791206
0.5264295376481132
0.5264326870667051
0.526435832540067
0.5264389740733848
0.5264421116718606
0.526445245340712
0.5264483750851724
0.52645150091049
0.526454622821928
0.5264577408247646
0.5264608549242923
0.526463965125818
0.5264670714346624
0.5264701738561604
0.5264732723956604
0.5264763670585243
0.5264794578501267
0.5264825447758561
0.5264856278411124
0.5264887070513093
0.5264917824118722
0.5264948539282384
0.5264979216058575
0.5265009854501902
0.5265040454667087
0.526507101660897
0.526510154038249
0.5265132026042703
0.5265162473644763
0.5265192883243931
0.5265223254895565
0.5265253588655123
0.5265283884578161
0.5265314142720328
0.5265344363137359
0.5265374545885086
0.5265404691019424
0.5265434798596377
0.5265464868672025
0.5265494901302532
0.5265524896544141
0.5265554854453172
0.5265584775086016
0.5265614658499137
0.5265644504749069
0.5265674313892409
0.5265704085985824
0.5265733821086045
0.5265763519249856
0.5265793180534107
0.52658228049957
0.526585239269159
0.5265881943678791
0.5265911458014355
0.5265940935755391
0.5265970376959048
0.5265999781682521
0.5266029149983043
0.5266058481917889
0.5266087777544366
0.5266117036919817
0.5266146260101618
0.5266175447147178
0.5266204598113923
0.5266233713059316
0.5266262792040838
0.5266291835115992
0.5266320842342298
0.5266349813777295
0.5266378749478539
0.5266407649503592
0.5266436513910031
0.5266465342755442
0.5266494136097413
0.5266522893993538
0.5266551616501414
0.5266580303678635
0.5266608955582793
0.526663757227148
0.5266666153802273
0.5266694700232746
0.5266723211620458
0.5266751688022961
0.5266780129497783
0.5266808536102443
0.5266836907894432
0.5266865244931231
0.5266893547270282
0.5266921814969012
0.526695004808482
0.5266978246675069
0.5267006410797093
0.5267034540508191
0.5267062635865629
0.526709069692663
0.5267118723748376
0.5267146716388013
0.5267174674902635
0.5267202599349292
0.5267230489784986
0.5267258346266668
0.5267286168851234
0.5267313957595526
0.5267341712556332
0.5267369433790376
0.5267397121354327
0.5267424775304781
0.5267452395698279
0.5267479982591288
0.5267507536040212
0.5267535056101376
0.5267562542831038
0.5267589996285378
0.5267617416520499
0.5267644803592424
0.5267672157557095
0.5267699478470371
0.5267726766388028
0.5267754021365751
0.5267781243459136
0.5267808432723688
0.5267835589214822
0.5267862712987854
0.5267889804098005
0.5267916862600394
0.526794388855004
0.5267970882001862
0.5267997843010672
0.5268024771631172
0.5268051667917959
0.5268078531925516
0.5268105363708218
0.5268132163320319
0.5268158930815964
0.526818566624917
0.5268212369673841
0.5268239041143756
0.526826568071257
0.5268292288433813
0.5268318864360881
0.5268345408547049
0.5268371921045454
0.5268398401909101
0.5268424851190858
0.5268451268943458
0.5268477655219495
0.5268504010071416
0.5268530333551533
0.5268556625712009
0.5268582886604857
0.5268609116281946
0.5268635314794995
0.5268661482195566
0.5268687618535072
0.5268713723864766
0.5268739798235746
0.526876584169895
0.526879185430515
0.5268817836104964
0.5268843787148837
0.5268869707487047
0.5268895597169712
0.5268921456246769
0.5268947284767991
0.5268973082782968
0.5268998850341127
0.5269024587491705
0.526905029428377
0.5269075970766199
0.5269101616987695
0.5269127232996769
0.5269152818841752
0.5269178374570785
0.526920390023182
0.5269229395872611
0.5269254861540731
0.5269280297283547
0.5269305703148233
0.5269331079181767
0.5269356425430927
0.5269381741942282
0.5269407028762212
0.5269432285936875
0.5269457513512233
0.5269482711534039
0.526950788004783
0.5269533019098938
0.5269558128732477
0.5269583208993347
0.5269608259926232
0.5269633281575596
0.5269658273985687
0.5269683237200526
0.5269708171263913
0.5269733076219423
0.5269757952110404
0.5269782798979981
0.5269807616871037
0.5269832405826237
0.5269857165888003
0.5269881897098526
0.5269906599499765
0.5269931273133435
0.5269955918041012
0.5269980534263735
0.5270005121842598
0.5270029680818352
0.52700542112315
0.5270078713122298
0.5270103186530758
0.5270127631496633
0.5270152048059435
0.5270176436258412
0.5270200796132565
0.5270225127720631
0.5270249431061098
0.5270273706192184
0.5270297953151857
0.5270322171977814
0.5270346362707491
0.5270370525378056
0.5270394660026417
0.5270418766689206
0.5270442845402785
0.5270466896203249
0.5270490919126416
0.5270514914207836
0.5270538881482772
0.527056282098622
0.5270586732752891
0.5270610616817218
0.527063447321335
0.5270658301975157
0.5270682103136219
0.5270705876729834
0.527072962278901
0.5270753341346468
0.5270777032434635
0.527080069608565
0.5270824332331359
0.5270847941203306
0.527087152273275
0.5270895076950644
0.5270918603887647
0.5270942103574112
0.5270965576040096
0.5270989021315354
0.5271012439429329
0.5271035830411164
0.5271059194289691
0.5271082531093442
0.5271105840850627
0.5271129123589156
0.5271152379336614
0.5271175608120283
0.5271198809967126
0.5271221984903787
0.5271245132956595
0.5271268254151559
0.5271291348514364
0.5271314416070382
0.5271337456844648
0.5271360470861882
0.5271383458146479
0.5271406418722501
0.5271429352613681
0.5271452259843431
0.5271475140434823
0.5271497994410597
0.5271520821793165
0.5271543622604598
0.5271566396866637
0.5271589144600675
0.5271611865827778
0.5271634560568663
0.5271657228843711
0.5271679870672958
0.5271702486076097
0.5271725075072472
0.5271747637681087
0.5271770173920591
0.5271792683809292
0.5271815167365143
0.5271837624605742
0.5271860055548343
0.5271882460209839
0.5271904838606774
0.5271927190755327
0.5271949516671326
0.5271971816370242
0.5271994089867178
0.5272016337176885
0.5272038558313742
0.5272060753291771
0.5272082922124628
0.5272105064825605
0.5272127181407618
0.5272149271883225
0.5272171336264609
0.5272193374563585
0.527221538679159
0.5272237372959696
0.5272259333078594
0.5272281267158604
0.5272303175209666
0.5272325057241346
0.5272346913262828
0.5272368743282914
0.5272390547310029
0.5272412325352211
0.5272434077417122
0.5272455803512031
0.5272477503643825
0.5272499177819001
0.5272520826043672
0.527254244832356
0.5272564044663994
0.5272585615069917
0.5272607159545872
0.5272628678096012
0.5272650170724097
0.5272671637433486
0.5272693078227144
0.5272714493107639
0.5272735882077135
0.52727572451374
0.5272778582289797
0.5272799893535286
0.5272821178874426
0.527284243830737
0.5272863671833864
0.5272884879453245
0.5272906061164444
0.5272927216965986
0.5272948346855975
0.5272969450832119
0.5272990528891697
0.5273011581031584
0.5273032607248238
0.5273053607537701
0.5273074581895597
0.5273095530317135
0.52731164527971
0.5273137349329861
0.5273158219909364
0.527317906452913
0.5273199883182265
0.5273220675861436
0.5273241442558902
0.5273262183266483
0.5273282897975571
0.5273303586677137
0.5273324249361717
0.5273344886019418
0.5273365496639915
0.5273386081212447
0.5273406639725822
0.5273427172168412
0.5273447678528155
0.5273468158792547
0.5273488612948649
0.5273509040983085
0.5273529442882033
0.5273549818631236
0.5273570168215989
0.5273590491621145
0.5273610788831113
0.5273631059829859
0.5273651304600899
0.5273671523127306
0.5273691715391695
0.527371188137624
0.5273732021062664
0.5273752134432235
0.5273772221465767
0.5273792282143622
0.527381231644571
0.5273832324351485
0.5273852305839939
0.5273872260889607
0.5273892189478572
0.5273912091584448
0.5273931967184398
0.5273951816255111
0.5273971638772822
0.5273991434713302
0.5274011204051849
0.5274030946763304
0.5274050662822037
0.5274070352201949
0.5274090014876476
0.5274109650818577
0.5274129260000745
0.5274148842395
0.5274168397972889
0.5274187926705485
0.527420742856338
0.5274226903516701
0.5274246351535088
0.5274265772587708
0.5274285166643247
0.5274304533669911
0.527432387363542
0.5274343186507024
0.5274362472251476
0.5274381730835052
0.5274400962223542
0.5274420166382248
0.5274439343275986
0.5274458492869081
0.5274477615125374
0.527449671000821
0.5274515777480444
0.5274534817504442
0.5274553830042069
0.5274572815054707
0.5274591772503229
0.5274610702348022
0.527462960454897
0.5274648479065461
0.5274667325856384
0.5274686144880123
0.5274704936094565
0.5274723699457092
0.5274742434924584
0.5274761142453414
0.5274779821999451
0.5274798473518056
0.5274817096964086
0.5274835692291885
0.5274854259455286
0.5274872798407617
0.527489130910169
0.5274909791489804
0.5274928245523746
0.5274946671154788
0.5274965068333681
0.5274983437010667
0.5275001777135467
0.5275020088657281
0.5275038371524788
0.5275056625686151
0.5275074851089003
0.5275093047680462
0.527511121540712
0.527512935421504
0.5275147464049759
0.5275165544856291
0.5275183596579115
0.5275201619162189
0.5275219612548934
0.5275237576682241
0.5275255511504469
0.5275273416957442
0.5275291292982452
0.5275309139520254
0.5275326956511065
0.5275344743894563
0.5275362501609892
0.5275380229595654
0.5275397927789904
0.5275415596130164
0.5275433234553408
0.5275450842996067
0.5275468421394023
0.5275485969682618
0.5275503487796642
0.5275520975670338
0.5275538433237397
0.5275555860430966
0.5275573257183634
0.5275590623427434
0.5275607959093856
0.5275625264113827
0.527564253841772
0.5275659781935348
0.527567699459597
0.5275694176328285
0.5275711327060427
0.5275728446719976
0.5275745535233943
0.5275762592528778
0.5275779618530364
0.5275796613164019
0.5275813576354497
0.5275830508025976
0.5275847408102075
0.5275864276505833
0.5275881113159725
0.5275897917985648
0.5275914690904926
0.5275931431838311
0.5275948140705975
0.5275964817427515
0.5275981461921952
0.5275998074107721
0.5276014653902681
0.5276031201224108
0.5276047715988699
0.5276064198112558
0.527608064751121
0.5276097064099596
0.5276113447792063
0.5276129798502374
0.5276146116143695
0.5276162400628612
0.5276178651869111
0.5276194869776586
0.5276211054261837
0.5276227205235069
0.5276243322605887
0.5276259406283303
0.5276275456175724
0.527629147219096
0.5276307454236218
0.5276323402218103
0.5276339316042614
0.5276355195615149
0.5276371040840492
0.5276386851622825
0.5276402627865722
0.5276418369472142
0.5276434076344434
0.5276449748384335
0.5276465385492972
0.5276480987570847
0.5276496554517858
0.5276512086233276
0.5276527582615755
0.5276543043563332
0.5276558468973421
0.5276573858742811
0.5276589212767673
0.5276604530943545
0.5276619813165343
0.5276635059327355
0.5276650269323242
0.5276665443046031
0.5276680580388119
0.527669568124127
0.5276710745496616
0.5276725773044649
0.5276740763775227
0.5276755717577571
0.5276770634340261
0.5276785513951238
0.5276800356297797
0.5276815161266594
0.5276829928743638
0.5276844658614297
0.5276859350763281
0.5276874005074663
0.5276888621431859
0.5276903199717633
0.5276917739814103
0.5276932241602728
0.527694670496431
0.5276961129778998
0.5276975515926283
0.5276989863284993
0.5277004171733297
0.5277018441148702
0.527703267140805
0.5277046862387522
0.5277061013962626
0.5277075126008205
0.5277089198398437
0.5277103231006823
0.5277117223706194
0.5277131176368709
0.5277145088865849
0.5277158961068421
0.5277172792846554
0.5277186584069697
0.5277200334606618
0.5277214044325405
0.5277227713093455
0.5277241340777492
0.5277254927243543
0.5277268472356951
0.5277281975982366
0.5277295437983758
0.527730885822439
0.5277322236566836
0.5277335572872981
0.5277348867004006
0.5277362118820391
0.5277375328181926
0.5277388494947689
0.5277401618976063
0.5277414700124718
0.5277427738250624
0.5277440733210045
0.527745368485853
0.5277466593050915
0.5277479457641334
0.5277492278483197
0.5277505055429206
0.5277517788331338
0.5277530477040856
0.5277543121408305
0.5277555721283501
0.5277568276515543
0.5277580786952802
0.5277593252442923
0.5277605672832819
0.5277618047968677
0.5277630377695953
0.5277642661859367
0.5277654900302906
0.5277667092869817
0.5277679239402612
0.527769133974306
0.5277703393732196
0.5277715401210303
0.527772736201692
0.5277739275990844
0.5277751142970118
0.5277762962792042
0.527777473529316
0.527778646030926
0.5277798137675375
0.5277809767225787
0.5277821348794017
0.5277832882212822
0.5277844367314197
0.5277855803929378
0.5277867191888832
0.5277878531022255
0.5277889821158581
0.5277901062125968
0.5277912253751803
0.5277923395862697
0.5277934488284483
0.5277945530842221
0.5277956523360187
0.5277967465661875
0.5277978357569995
0.5277989198906475
0.5277999989492449
0.527801072914827
0.5278021417693493
0.527803205494688
0.5278042640726403
0.5278053174849231
0.5278063657131742
0.5278074087389506
0.5278084465437292
0.5278094791089069
0.5278105064157994
0.5278115284456418
0.5278125451795884
0.5278135565987118
0.5278145626840035
0.5278155634163731
0.5278165587766491
0.527817548745577
0.5278185333038208
0.5278195124319617
0.5278204861104986
0.5278214543198473
0.5278224170403407
0.5278233742522287
0.5278243259356774
0.5278252720707695
0.5278262126375037
0.5278271476157951
0.527828076985474
0.5278290007262862
0.5278299188178937
0.5278308312398726
0.5278317379717147
0.5278326389928258
0.5278335342825268
0.5278344238200525
0.5278353075845521
0.5278361855550885
0.5278370577106378
0.5278379240300902
0.5278387844922489
0.5278396390758299
0.5278404877594619
0.5278413305216866
0.5278421673409576
0.5278429981956405
0.5278438230640133
0.5278446419242653
0.5278454547544973
0.5278462615327211
0.52784706223686
0.5278478568447474
0.5278486453341278
0.5278494276826553
0.5278502038678948
0.5278509738673207
0.5278517376583169
0.5278524952181769
0.527853246524103
0.5278539915532068
0.5278547302825078
0.5278554626889355
0.5278561887493254
0.5278569084404225
0.5278576217388793
0.5278583286212553
0.5278590290640174
0.5278597230435395
0.5278604105361021
0.5278610915178927
0.5278617659650044
0.5278624338534367
0.5278630951590944
0.5278637498577881
0.5278643979252337
0.5278650393370519
0.5278656740687684
0.527866302095813
0.5278669233935198
0.527867537937127
0.5278681457017769
0.5278687466625142
0.5278693407942878
0.527869928071949
0.527870508470252
0.5278710819638532
0.5278716485273113
0.5278722081350868
0.527872760761542
0.52787330638094
0.5278738449674457
0.5278743764951243
0.5278749009379415
0.5278754182697637
0.527875928464357
0.527876431495387
0.5278769273364192
0.5278774159609175
0.5278778973422459
0.5278783714536658
0.5278788382683375
0.5278792977593194
0.5278797498995671
0.5278801946619345
0.527880632019172
0.5278810619439268
0.5278814844087435
0.5278818993860623
0.5278823068482199
0.5278827067674485
0.5278830991158754
0.5278834838655234
0.5278838609883104
0.5278842304560486
0.527884592240444
0.5278849463130975
0.5278852926455028
0.5278856312090475
0.5278859619750118
0.5278862849145689
0.5278865999987845
0.5278869071986161
0.5278872064849134
0.5278874978284175
0.5278877811997604
0.5278880565694652
0.5278883239079457
0.5278885831855057
0.5278888343723389
0.527889077438529
0.5278893123540483
0.5278895390887589
0.5278897576124107
0.5278899678946427
0.5278901699049809
0.5278903636128403
0.527890548987522
0.5278907259982144
0.5278908946139934
0.5278910548038199
0.5278912065365419
0.5278913497808922
0.5278914845054896
0.5278916106788376
0.5278917282693242
0.5278918372452217
0.5278919375746868
0.527892029225759
0.5278921121663619
0.5278921863643014
0.527892251787266
0.5278923084028265
0.527892356178436
0.527892395081428
0.5278924250790182
0.5278924461383027
0.5278924582262573
0.527892461309739
0.5278924553554836
0.5278924403301066
0.5278924162001024
0.5278923829318438
0.5278923404915818
0.5278922888454454
0.5278922279594411
0.5278921577994519
0.5278920783312382
0.5278919895204361
0.5278918913325581
0.5278917837329921
0.5278916666870009
0.5278915401597222
0.5278914041161681
0.5278912585212248
0.5278911033396517
0.5278909385360819
0.527890764075021
0.5278905799208469
0.5278903860378092
0.5278901823900302
0.527889968941502
0.5278897456560885
0.5278895124975234
0.5278892694294104
0.5278890164152232
0.5278887534183039
0.5278884804018634
0.5278881973289818
0.5278879041626061
0.5278876008655509
0.527887287400498
0.5278869637299954
0.5278866298164581
0.5278862856221659
0.5278859311092644
0.5278855662397637
0.5278851909755387
0.5278848052783279
0.5278844091097336
0.5278840024312209
0.5278835852041178
0.5278831573896146
0.5278827189487625
0.5278822698424751
0.5278818100315262
0.52788133947655
0.5278808581380403
0.5278803659763514
0.5278798629516952
0.5278793490241431
0.5278788241536241
0.5278782882999248
0.527877741422689
0.5278771834814169
0.5278766144354651
0.5278760342440457
0.5278754428662258
0.5278748402609275
0.5278742263869267
0.5278736012028534
0.5278729646671907
0.5278723167382741
0.5278716573742913
0.5278709865332823
0.5278703041731378
0.5278696102515992
0.5278689047262579
0.5278681875545557
0.5278674586937826
0.527866718101078
0.5278659657334288
0.5278652015476699
0.5278644255004833
0.527863637548397
0.5278628376477859
0.5278620257548692
0.5278612018257121
0.5278603658162233
0.5278595176821564
0.5278586573791071
0.5278577848625148
0.5278569000876605
0.5278560030096673
0.527855093583499
0.52785417176396
0.5278532375056951
0.527852290763188
0.5278513314907614
0.527850359642576
0.527849375172631
0.5278483780347616
0.5278473681826404
0.5278463455697755
0.5278453101495106
0.5278442618750241
0.5278432006993283
0.5278421265752693
0.5278410394555266
0.527839939292611
0.5278388260388661
0.5278376996464663
0.5278365600674166
0.5278354072535516
0.5278342411565357
0.5278330617278615
0.5278318689188503
0.5278306626806502
0.5278294429642364
0.5278282097204102
0.5278269628997986
0.5278257024528532
0.52782442832985
0.5278231404808886
0.5278218388558916
0.5278205234046037
0.5278191940765913
0.5278178508212419
0.5278164935877628
0.5278151223251814
0.5278137369823441
0.5278123375079151
0.5278109238503766
0.5278094959580276
0.5278080537789831
0.5278065972611736
0.5278051263523449
0.5278036410000563
0.5278021411516809
0.5278006267544041
0.5277990977552237
0.5277975541009488
0.5277959957381988
0.5277944226134026
0.527792834672799
0.5277912318624346
0.5277896141281637
0.5277879814156474
0.5277863336703534
0.527784670837554
0.527782992862327
0.5277812996895532
0.5277795912639174
0.527777867529906
0.5277761284318072
0.5277743739137103
0.5277726039195043
0.5277708183928775
0.5277690172773166
0.5277672005161063
0.5277653680523274
0.5277635198288574
0.5277616557883691
0.5277597758733295
0.5277578800259988
0.5277559681884306
0.5277540403024708
0.5277520963097554
0.5277501361517113
0.527748159769555
0.5277461671042916
0.5277441580967135
0.5277421326874006
0.5277400908167187
0.5277380324248189
0.5277359574516358
0.5277338658368889
0.5277317575200793
0.52772963244049
0.5277274905371849
0.5277253317490078
0.5277231560145815
0.5277209632723069
0.5277187534603622
0.5277165265167016
0.5277142823790554
0.5277120209849274
0.5277097422715957
0.5277074461761107
0.5277051326352942
0.527702801585739
0.5277004529638075
0.527698086705631
0.5276957027471088
0.5276933010239067
0.5276908814714563
0.5276884440249545
0.5276859886193621
0.5276835151894023
0.527681023669561
0.5276785139940844
0.5276759860969786
0.5276734399120094
0.5276708753726995
0.5276682924123289
0.5276656909639335
0.5276630709603037
0.527660432333984
0.5276577750172712
0.527655098942214
0.5276524040406113
0.5276496902440122
0.5276469574837133
0.5276442056907592
0.5276414347959405
0.5276386447297932
0.5276358354225966
0.5276330068043737
0.5276301588048893
0.5276272913536485
0.5276244043798957
0.5276214978126148
0.5276185715805259
0.5276156256120859
0.527612659835486
0.5276096741786523
0.5276066685692427
0.5276036429346466
0.5276005972019838
0.5275975312981037
0.5275944451495826
0.5275913386827246
0.5275882118235583
0.5275850644978373
0.5275818966310376
0.5275787081483576
0.5275754989747159
0.5275722690347502
0.5275690182528168
0.5275657465529883
0.5275624538590531
0.5275591400945137
0.5275558051825857
0.5275524490461957
0.5275490716079816
0.5275456727902897
0.5275422525151743
0.5275388107043958
0.5275353472794198
0.5275318621614153
0.5275283552712545
0.5275248265295097
0.5275212758564531
0.5275177031720553
0.5275141083959836
0.5275104914476006
0.5275068522459634
0.5275031907098212
0.5274995067576149
0.527495800307475
0.5274920712772204
0.5274883195843569
0.5274845451460757
0.5274807478792519
0.5274769277004436
0.5274730845258895
0.5274692182715076
0.527465328852895
0.527461416185324
0.5274574801837432
0.5274535207627734
0.5274495378367086
0.5274455313195126
0.5274415011248177
0.5274374471659244
0.5274333693557982
0.5274292676070689
0.5274251418320288
0.5274209919426316
0.5274168178504897
0.5274126194668731
0.5274083967027084
0.5274041494685767
0.5273998776747113
0.5273955812309967
0.5273912600469669
0.5273869140318039
0.5273825430943355
0.5273781471430339
0.5273737260860133
0.5273692798310297
0.527364808285478
0.52736031135639
0.5273557889504338
0.5273512409739105
0.5273466673327544
0.527342067932529
0.527337442678427
0.5273327914752675
0.527328114227494
0.527323410839174
0.5273186812139953
0.5273139252552652
0.5273091428659085
0.5273043339484652
0.5272994984050896
0.5272946361375471
0.5272897470472129
0.5272848310350705
0.527279888001709
0.5272749178473213
0.5272699204717026
0.5272648957742481
0.5272598436539506
0.5272547640093995
0.5272496567387778
0.5272445217398605
0.5272393589100124
0.5272341681461865
0.5272289493449213
0.5272237024023387
0.5272184272141431
0.5272131236756175
0.5272077916816226
0.5272024311265944
0.5271970419045416
0.5271916239090446
0.5271861770332518
0.5271807011698781
0.5271751962112035
0.5271696620490693
0.5271640985748771
0.5271585056795862
0.5271528832537111
0.5271472311873193
0.5271415493700297
0.5271358376910086
0.5271300960389695
0.5271243243021699
0.5271185223684077
0.5271126901250212
0.5271068274588842
0.5271009342564059
0.5270950104035275
0.5270890557857189
0.5270830702879776
0.5270770537948263
0.5270710061903088
0.5270649273579894
0.5270588171809494
0.5270526755417848
0.5270465023226034
0.5270402974050235
0.5270340606701694
0.5270277919986709
0.5270214912706584
0.5270151583657631
0.5270087931631114
0.5270023955413246
0.5269959653785148
0.5269895025522832
0.5269830069397167
0.5269764784173854
0.5269699168613401
0.5269633221471088
0.526956694149695
0.5269500327435748
0.5269433378026926
0.5269366092004603
0.5269298468097532
0.5269230505029074
0.5269162201517172
0.526909355627432
0.5269024568007535
0.5268955235418324
0.5268885557202662
0.5268815532050954
0.526874515864801
0.5268674435673019
0.5268603361799503
0.5268531935695308
0.5268460156022556
0.5268388021437624
0.5268315530591114
0.5268242682127808
0.5268169474686657
0.5268095906900729
0.5268021977397198
0.5267947684797292
0.5267873027716271
0.5267798004763402
0.5267722614541908
0.5267646855648953
0.5267570726675592
0.5267494226206759
0.5267417352821212
0.5267340105091514
0.5267262481583992
0.5267184480858704
0.5267106101469411
0.5267027341963533
0.5266948200882118
0.526686867675981
0.5266788768124812
0.526670847349885
0.5266627791397134
0.526654672032833
0.5266465258794519
0.5266383405291161
0.5266301158307058
0.5266218516324321
0.5266135477818324
0.5266052041257685
0.5265968205104206
0.5265883967812846
0.5265799327831691
0.5265714283601903
0.5265628833557687
0.5265542976126251
0.5265456709727769
0.5265370032775344
0.5265282943674962
0.5265195440825456
0.5265107522618468
0.5265019187438406
0.5264930433662406
0.5264841259660289
0.5264751663794521
0.5264661644420173
0.526457119988488
0.5264480328528793
0.526438902868455
0.5264297298677219
0.5264205136824265
0.5264112541435507
0.5264019510813072
0.526392604325135
0.5263832137036957
0.5263737790448684
0.5263643001757459
0.5263547769226299
0.5263452091110268
0.5263355965656427
0.5263259391103796
0.5263162365683303
0.5263064887617741
0.5262966955121722
0.5262868566401626
0.5262769719655567
0.5262670413073325
0.5262570644836322
0.5262470413117558
0.5262369716081572
0.526226855188439
0.5262166918673477
0.5262064814587688
0.5261962237757223
0.5261859186303571
0.5261755658339469
0.5261651651968844
0.5261547165286764
0.5261442196379396
0.526133674332394
0.5261230804188595
0.5261124377032497
0.5261017459905665
0.5260910050848954
0.5260802147894011
0.5260693749063202
0.5260584852369576
0.5260475455816805
0.5260365557399129
0.5260255155101308
0.5260144246898558
0.5260032830756508
0.5259920904631135
0.5259808466468712
0.5259695514205757
0.5259582045768967
0.5259468059075173
0.5259353552031274
0.5259238522534183
0.5259122968470774
0.5259006887717816
0.5258890278141922
0.5258773137599484
0.5258655463936622
0.5258537254989117
0.5258418508582359
0.5258299222531275
0.5258179394640288
0.5258059022703235
0.5257938104503322
0.5257816637813053
0.5257694620394175
0.5257572049997609
0.5257448924363393
0.5257325241220616
0.525720099828736
0.5257076193270627
0.525695082386628
0.5256824887758984
0.5256698382622133
0.5256571306117783
0.5256443655896601
0.5256315429597781
0.5256186624848987
0.5256057239266289
0.5255927270454086
0.5255796716005048
0.5255665573500043
0.5255533840508071
0.5255401514586191
0.5255268593279457
0.5255135074120847
0.5255000954631188
0.5254866232319095
0.5254730904680891
0.525459496920054
0.5254458423349577
0.5254321264587033
0.525418349035936
0.5254045098100365
0.5253906085231133
0.5253766449159947
0.525362618728223
0.525348529698045
0.5253343775624061
0.5253201620569418
0.525305882915971
0.525291539872487
0.5252771326581513
0.5252626610032848
0.5252481246368604
0.5252335232864953
0.5252188566784433
0.5252041245375856
0.5251893265874252
0.5251744625500767
0.5251595321462591
0.525144535095288
0.5251294711150671
0.5251143399220799
0.5250991412313817
0.5250838747565916
0.5250685402098831
0.5250531373019771
0.525037665742133
0.5250221252381393
0.5250065154963064
0.5249908362214575
0.5249750871169198
0.5249592678845162
0.5249433782245561
0.5249274178358275
0.5249113864155872
0.5248952836595526
0.5248791092618927
0.5248628629152189
0.5248465443105762
0.5248301531374342
0.5248136890836779
0.5247971518355985
0.5247805410778843
0.5247638564936116
0.5247470977642348
0.5247302645695779
0.5247133565878248
0.5246963734955092
0.5246793149675062
0.5246621806770217
0.5246449702955839
0.5246276834930325
0.5246103199375097
0.5245928792954504
0.5245753612315722
0.5245577654088658
0.5245400914885845
0.5245223391302353
0.5245045079915678
0.5244865977285649
0.5244686079954316
0.5244505384445868
0.5244323887266512
0.5244141584904378
0.5243958473829414
0.5243774550493286
0.524358981132927
0.5243404252752147
0.52432178711581
0.5243030662924607
0.5242842624410331
0.5242653751955025
0.5242464041879406
0.5242273490485065
0.5242082094054348
0.5241889848850246
0.5241696751116297
0.5241502797076463
0.5241307982935021
0.5241112304876461
0.5240915759065368
0.5240718341646307
0.5240520048743713
0.5240320876461784
0.5240120820884355
0.5239919878074791
0.5239718044075875
0.5239515314909683
0.5239311686577478
0.5239107155059585
0.5238901716315283
0.5238695366282677
0.5238488100878589
0.5238279915998435
0.5238070807516105
0.5237860771283848
0.5237649803132144
0.5237437898869592
0.5237225054282783
0.5237011265136178
0.5236796527171991
0.5236580836110059
0.5236364187647725
0.523614657745971
0.523592800119799
0.5235708454491672
0.5235487932946863
0.5235266432146555
0.5235043947650486
0.5234820474995024
0.5234596009693033
0.5234370547233744
0.5234144083082631
0.523391661268128
0.5233688131447258
0.5233458634773988
0.5233228118030606
0.523299657656185
0.523276400568791
0.5232530400704305
0.5232295756881749
0.5232060069466018
0.5231823333677812
0.5231585544712636
0.5231346697740641
0.5231106787906513
0.5230865810329325
0.5230623760102402
0.5230380632293188
0.5230136421943106
0.5229891124067426
0.5229644733655123
0.5229397245668739
0.522914865504424
0.5228898956690893
0.522864814549111
0.5228396216300312
0.5228143163946796
0.5227888983231583
0.5227633668928293
0.5227377215782985
0.5227119618514022
0.5226860871811944
0.5226600970339296
0.5226339908730513
0.5226077681591754
0.522581428350078
0.5225549709006789
0.5225283952630289
0.5225017008862936
0.5224748872167406
0.5224479536977241
0.5224208997696698
0.5223937248700613
0.5223664284334248
0.5223390098913154
0.5223114686723004
0.5222838042019461
0.5222560159028036
0.522228103194392
0.5222000654931853
0.5221719022125972
0.5221436127629653
0.5221151965515374
0.5220866529824557
0.5220579814567428
0.5220291813722859
0.5220002521238223
0.5219711931029238
0.5219420036979826
0.5219126832941957
0.5218832312735497
0.5218536470148063
0.5218239298934869
0.5217940792818574
0.5217640945489133
0.5217339750603651
0.5217037201786218
0.5216733292627773
0.5216428016685944
0.5216121367484903
0.5215813338515203
0.5215503923233643
0.5215193115063106
0.5214880907392411
0.5214567293576156
0.521425226693458
0.5213935820753401
0.5213617948283668
0.5213298642741606
0.5212977897308482
0.5212655705130427
0.5212332059318312
0.5212006952947579
0.5211680379058101
0.5211352330654033
0.5211022800703653
0.5210691782139216
0.5210359267856819
0.5210025250716226
0.5209689723540742
0.5209352679117053
0.5209014110195082
0.5208674009487841
0.5208332369671282
0.5207989183384156
0.5207644443227855
0.5207298141766276
0.5206950271525678
0.5206600824994523
0.5206249794623348
0.5205897172824608
0.5205542951972542
0.5205187124403023
0.5204829682413421
0.5204470618262456
0.5204109924170064
0.5203747592317254
0.5203383614845966
0.5203017983858931
0.520265069141954
0.5202281729551703
0.5201911090239707
0.5201538765428096
0.5201164747021516
0.5200789026884596
0.520041159684181
0.5200032448677347
0.5199651574134975
0.5199268964917918
0.5198884612688723
0.5198498509069138
0.5198110645639973
0.5197721013940985
0.5197329605470756
0.5196936411686561
0.5196541424004254
0.5196144633798137
0.5195746032400853
0.5195345611103263
0.5194943361154328
0.5194539273760996
0.5194133340088092
0.5193725551258196
0.5193315898351539
0.51929043724059
0.5192490964416483
0.5192075665335831
0.5191658466073705
0.5191239357496993
0.5190818330429601
0.5190395375652359
0.5189970483902926
0.5189543645875696
0.5189114852221699
0.5188684093548508
0.5188251360420165
0.5187816643357078
0.5187379932835945
0.5186941219289669
0.518650049310728
0.5186057744633847
0.5185612964170422
0.5185166141973945
0.5184717268257184
0.5184266333188668
0.518381332689262
0.5183358239448882
0.5182901060892868
0.5182441781215504
0.5181980390363163
0.5181516878237622
0.5181051234696008
0.5180583449550741
0.5180113512569513
0.5179641413475223
0.5179167141945952
0.517869068761492
0.5178212040070457
0.5177731188855976
0.5177248123469945
0.5176762833365859
0.517627530795223
0.5175785536592561
0.5175293508605348
0.5174799213264046
0.5174302639797094
0.517380377738789
0.5173302615174803
0.5172799142251168
0.5172293347665312
0.5171785220420555
0.5171274749475228
0.5170761923742694
0.5170246732091377
0.5169729163344786
0.5169209206281553
0.5168686849635461
0.51681620820955
0.5167634892305898
0.5167105268866179
0.5166573200331219
0.5166038675211301
0.5165501681972179
0.5164962209035151
0.5164420244777123
0.5163875777530701
0.5163328795584256
0.5162779287182029
0.516222724052421
0.5161672643767046
0.516111548502293
0.5160555752360529
0.5159993433804875
0.5159428517337501
0.5158860990896554
0.515829084237693
0.5157718059630403
0.515714263046577
0.5156564542648996
0.5155983783903366
0.5155400341909636
0.5154814204306205
0.5154225358689281
0.5153633792613048
0.5153039493589862
0.5152442449090424
0.515184264654398
0.5151240073338522
0.5150634716820985
0.5150026564297473
0.514941560303346
0.5148801820254033
0.5148185203144108
0.5147565738848678
0.5146943414473057
0.5146318217083126
0.5145690133705593
0.5145059151328265
0.5144425256900308
0.5143788437332543
0.5143148679497712
0.5142505970230792
0.5141860296329276
0.5141211644553499
0.5140560001626941
0.513990535423655
0.5139247689033083
0.5138586992631431
0.5137923251610969
0.5137256452515913
0.513658658185567
0.5135913626105221
0.513523757170548
0.5134558405063696
0.5133876112553828
0.5133190680516955
0.5132502095261683
0.5131810343064556
0.5131115410170486
0.5130417282793182
0.512971594711559
0.5129011389290343
0.5128303595440221
0.5127592551658611
0.512687824400998
0.5126160658530372
0.5125439781227881
0.5124715598083154
0.5123988095049914
0.5123257258055459
0.5122523073001196
0.5121785525763176
0.5121044602192633
0.5120300288116539
0.511955256933817
0.5118801431637663
0.5118046860772608
0.5117288842478623
0.5116527362469965
0.5115762406440123
0.5114993960062441
0.5114222008990735
0.5113446538859937
0.5112667535286726
0.5111884983870181
0.5111098870192448
0.5110309179819403
0.5109515898301337
0.5108719011173637
0.5107918503957485
0.5107114362160574
0.5106306571277811
0.5105495116792049
0.5104679984174818
0.5103861158887069
0.5103038626379937
0.5102212372095485
0.5101382381467494
0.5100548639922228
0.5099711132879234
0.509886984575214
0.5098024763949458
0.5097175872875412
0.5096323157930754
0.5095466604513608
0.5094606198020314
0.5093741923846276
0.5092873767386836
0.5092001714038146
0.509112574919804
0.5090245858266929
0.5089362026648714
0.5088474239751679
0.508758248298941
0.508668674178174
0.5085787001555657
0.5084883247746277
0.5083975465797775
0.5083063641164366
0.5082147759311253
0.5081227805715638
0.5080303765867681
0.5079375625271512
0.5078443369446234
0.507750698392694
0.5076566454265723
0.5075621766032719
0.5074672904817141
0.5073719856228326
0.5072762605896792
0.5071801139475296
0.5070835442639904
0.506986550109108
0.5068891300554759
0.5067912826783452
0.5066930065557338
0.5065943002685385
0.506495162400645
0.5063955915390416
0.5062955862739318
0.5061951451988479
0.5060942669107662
0.5059929500102215
0.5058911931014226
0.50578899479237
0.505686353694972
0.505583268425163
0.5054797376030218
0.5053757598528906
0.505271333803495
0.5051664580880635
0.5050611313444486
0.5049553522152497
0.5048491193479316
0.5047424313949508
0.5046352870138755
0.5045276848675109
0.5044196236240228
0.5043111019570612
0.5042021185458865
0.5040926720754938
0.5039827612367394
0.5038723847264668
0.5037615412476338
0.5036502295094383
0.5035384482274466
0.5034261961237213
0.503313471926949
0.5032002743725686
0.5030866022028997
0.5029724541672731
0.5028578290221576
0.5027427255312916
0.5026271424658122
0.502511078604384
0.5023945327333306
0.5022775036467644
0.5021599901467171
0.50204199104327
0.5019235051546845
0.501804531307534
0.5016850683368328
0.5015651150861686
0.5014446704078335
0.5013237331629528
0.501202302221619
0.50108037646302
0.5009579547755711
0.5008350360570459
0.5007116192147064
0.5005877031654338
0.5004632868358586
0.5003383691624912
0.5002129490918513
0.5000870255805985
0.499960597595661
0.49983366411436525
0.4997062241245651
0.4995782766247703
0.4994498206242745
0.4993208551432838
0.4991913792130438
0.49906139187596726
0.4989308921857608
0.4987998792075501
0.49866835201800713
0.4985363097054745
0.4984037513700903
0.4982706761239125
0.4981370830910419
0.4980029714077455
0.49786834022257875
0.4977331886965062
0.49759751600302377
0.4974613213282775
0.49732460387118316
0.4971873628435454
0.4970495974701747
0.49691130698900376
0.496772490651205
0.4966331477213033
0.496493277477292
0.4963528792107439
0.4962119522269254
0.4960704958449058
0.49592850939766736
0.49578599223221487
0.49564294370968165
0.4954993632054373
0.4953552501091926
0.4952106038251022
0.49506542377186846
0.494919709382842
0.4947734601061223
0.49462667540465477
0.4944793547563294
0.4943314976540746
0.4941831036059528
0.49403417213525225
0.49388470278057717
0.4937346950959387
0.4935841486508405
0.4934330630303666
0.49328143783526396
0.49312927268202544
0.492976567202971
0.49282332104632476
0.49266953387629414
0.49251520537314186
0.4923603352332613
0.49220492316924547
0.4920489689099574
0.49189247220059573
0.49173543280275916
0.4915778504945091
0.4914197250704301
0.49126105634168704
0.4911018441360805
0.49094208829810104
0.4907817886889779
0.49062094518672955
0.49045955768620764
0.49029762609914107
0.4901351503541763
0.4899721303969159
0.4898085661899531
0.489644457712905
0.48947980496244226
0.4893146079523163
0.48914886671338287
0.4889825812936243
0.48881575175816716
0.48864837818929824
0.48848046068647627
0.48831199936634184
0.48814299436272335
0.4879734458266398
0.4878033539263008
0.48763271884710313
0.4874615407916249
0.4872898199796132
0.4871175566479735
0.48694475105075063
0.4867714034591101
0.48659751416131286
0.48642308346268925
0.4862481116856068
0.48607259916943735
0.48589654627051715
0.48571995336210605
0.4855428208343411
0.48536514909418804
0.48518693856538714
0.485008189688397
0.48482890292033254
0.4846490787349012
0.4844687176223327
0.4842878200893078
0.4841063866588802
0.483924417870396
0.4837419142794088
0.48355887645759027
0.48337530499263676
0.48319120048817293
0.4830065635636479
0.48282139485423203
0.482635695010704
0.4824494646993389
0.48226270460178766
0.4820754154149549
0.4818875978508714
0.4816992526365619
0.48151038051391015
0.481320982239517
0.481131058584556
0.48094061033462493
0.4807496382895903
0.4805581432634309
0.4803661260840743
0.4801735875932297
0.47998052864621665
0.4797869501117893
0.4795928528719553
0.4793982378217915
0.4792031058692542
0.4790074579349855
0.47881129495211516
0.47861461786605775
0.47841742763430517
0.4782197252262159
0.4780215116227985
0.47782278781649157
0.4776235548109382
0.47742381362075853
0.4772235652713148
0.47702281079847464
0.47682155124836806
0.4766197876771429
0.47641752115071234
0.47621475274450176
0.4760114835431894
0.4758077146404432
0.4756034471386542
0.47539868214866476
0.47519342078949434
0.4749876641880601
0.47478141347889324
0.4745746698038533
0.4743674343118367
0.47415970815848263
0.4739514925058741
0.4737427885222373
0.47353359738163575
0.4733239202636607
0.4731137583531195
0.4729031128397191
0.4726919849177471
0.4724803757857494
0.47226828664620446
0.4720557187051936
0.4718426731720701
0.4716291512591239
0.47141515418124413
0.47120068315557695
0.4709857394011844
0.47077032413869585
0.47055443858996193
0.4703380839777011
0.4701212615251465
0.4699039724556916
0.4696862179925298
0.4694679993582959
0.469249317774703
0.4690301744621779
0.46881057063949577
0.4685905075234117
0.46836998632829174
0.46814900826574146
0.4679275745442334
0.46770568636873344
0.4674833449403256
0.4672605514558368
0.4670373071074577
0.46681361308236735
0.4665894705623513
0.46636488072342475
0.4661398447354511
0.46591436376176176
0.46568843895877543
0.46546207147561647
0.4652352624537346
0.4650080130265235
0.46478032431893934
0.4645521974471213
0.4643236335180093
0.4640946336289663
0.4638651988673977
0.46363533031037396
0.46340502902425196
0.46317429606429916
0.4629431324743184
0.4627115392862734
0.4624795175199157
0.46224706818241407
0.46201419226798435
0.4617808907575217
0.4615471646182351
0.4613130148032821
0.461078442251409
0.46084344788658854
0.4606080326176655
0.46037219733799983
0.46013594292511584
0.45989927024035265
0.4596621801285177
0.45942467341754323
0.45918675091814615
0.45894841342349146
0.4587096617088584
0.45847049653131
0.4582309186293678
0.4579909287226886
0.45775052751174516
0.4575097156775125
0.45726849388115715
0.4570268627637305
0.45678482294586753
0.4565423750274884
0.45629951958750653
0.4560562571835408
0.4558125883516314
0.4555685136059632
0.45532403343859085
0.4550791483191724
0.4548338586947062
0.45458816498927446
0.45434206760379015
0.45409556691575387
0.45384866327901147
0.453601357023521
0.45335364845512427
0.4531055378553257
0.4528570254810753
0.4526081115645606
0.452358796313003
0.45210907990846105
0.45185896250764135
0.45160844424171537
0.4513575252161434
0.4511062055105053
0.4508544851783383
0.4506023642469821
0.4503498427174316
0.4500969205641959
0.4498435977351655
0.4495898741514872
0.44933574970744716
0.4490812242703588
0.4488262976804626
0.44857096975083055
0.4483152402672804
0.4480591089882975
0.4478025756449644
0.44754563994089896
0.4472883015522002
0.44703056012740483
0.4467724152874487
0.4465138666256395
0.44625491370763687
0.4459955560714425
0.445735793227396
0.44547562465818386
0.44521504981885374
0.4449540681368393
0.4446926790119938
0.44443088181663304
0.4441686758955872
0.44390606056626136
0.44364303511870645
0.4433795988156987
0.4431157508928285
0.4428514905585995
0.4425868169945356
0.44232172935529906
0.4420562267688175
0.4417903083364202
0.4415239731329853
0.4412572202070947
0.4409900485812007
0.44072245725180104
0.4404544451896245
0.4401860113398267
0.4399171546221935
0.4396478739313585
0.43937816813702524
0.43910803608420423
0.43883747659345645
0.4385664884611492
0.43829507045971994
0.43802322133795213
0.4377509398212597
0.4374782246119816
0.43720507438968714
0.4369314878114917
0.43665746351238055
0.4363830001055451
0.4361080961827278
0.43583275031457686
0.43555696105101205
0.4352807269216005
0.4350040464359411
0.43472691808405983
0.43444934033681626
0.43417131164631717
0.43389283044634286
0.4336138951527816
0.43333450416407493
0.4330546558616718
0.4327743486104936
0.43249358075940847
0.4322123506417142
0.4319306565756332
0.43164849686481466
0.4313658697988477
0.431082773653783
0.430799206692665
0.4305151671660721
0.43023065331266785
0.42994566335975853
0.4296601955238638
0.42937424801129265
0.42908781901873017
0.4288009067338329
0.42851350933583343
0.42822562499615163
0.4279372518790178
0.4276483881421011
0.4273590319371479
0.4270691814106282
0.42677883470439004
0.4264879899563213
0.4261966453010211
0.4259047988704762
0.42561244879474786
0.4253195932026641
0.4250262302225198
0.4247323579827849
0.4244379746128174
0.4241430782435864
0.42384766700839804
0.4235517390436312
0.4232552924894779
0.4229583254906897
0.4226608361973304
0.4223628227655357
0.4220642833582754
0.421765216146125
0.4214656193080385
0.4211654910321294
0.4208648295164543
0.4205636329698017
0.4202618996124865
0.41995962767714534
0.4196568154095394
0.41935346106935867
0.4190495629310295
0.4187451192845272
0.41844012843618944
0.4181345887095325
0.41782849844607284
0.4175218560061448
0.4172146597697272
0.4169069081372662
0.41659859953050166
0.4162897323932946
0.4159803051924546
0.4156703164185686
0.41535976458682844
0.4150486482378596
0.41473696593854886
0.4144247162828718
0.41411189789271796
0.413798509418716
0.4134845495410566
0.41317001697031297
0.4128549104482604
0.4125392287486906
0.4122229706782264
0.41190613507712975
0.41158872082010955
0.41127072681712207
0.41095215201416924
0.41063299539409204
0.410313255977358
0.40999293282284427
0.4096720250286149
0.4093505317326907
0.40902845211381544
0.40870578539221236
0.40838253083033577
0.40805868773361365
0.4077342554511839
0.40740923337662205
0.4070836209486585
0.40675741765189044
0.4064306230174817
0.4061032366238539
0.4057752580973685
0.4054466871129976
0.40511752339498386
0.40478776671749106
0.40445741690524173
0.4041264738341433
0.4037949374319033
0.40346280767863185
0.40313008460743
0.4027967683049669
0.40246285891204314
0.40212835662414026
0.40179326169195545
0.40145757442192276
0.40112129517672074
0.4007844243757621
0.4004469624956711
0.4001089100707433
0.39977026769339097
0.39943103601457086
0.39909121574419604
0.3987508076515319
0.39840981256557323
0.3980682313754058
0.3977260650305483
0.3973833145412786
0.39703998097894067
0.3966960654762325
0.39635156922747694
0.39600649348887285
0.39566083957872566
0.3953146088776627
0.39496780282882404
0.39462042293803734
0.39427247077396943
0.3939239479682623
0.3935748562156437
0.39322519727402083
0.392874972964552
0.39252418517169674
0.3921728358432466
0.3918209269903339
0.3914684606874188
0.391115439072256
0.39076186434583937
0.39040773877232415
0.39005306467893036
0.38969784445582045
0.38934208055595787
0.38898577549494284
0.3886289318508273
0.38827155226390453
0.3879136394364816
0.3875551961326251
0.3871962251778882
0.3868367294590135
0.38647671192361455
0.38611617557983624
0.3857551234959905
0.38539355880017295
0.3850314846798566
0.38466890438146184
0.3843058212099071
0.383942238528137
0.38357815975662746
0.38321358837287134
0.38284852791084034
0.38248298196042796
0.38211695416686886
0.3817504482301381
0.381383467904331
0.38101601699701876
0.3806480993685855
0.38027971893154566
0.37991087964983894
0.3795415855381059
0.37917184066094467
0.3788016491321468
0.37843101511391286
0.3780599428160507
0.3776884364951535
0.3773165004537583
0.3769441390394877
0.376571356644171
0.37619815770294907
0.3758245466933614
0.37545052813441326
0.3750761065856283
0.3747012866460836
0.37432607295342535
0.373950470182873
0.3735744830462018
0.37319811629071464
0.37282137469819476
0.37244426308384404
0.37206678629520906
0.3716889492110879
0.3713107567404278
0.37093221382120567
0.37055332541929487
0.3701740965273221
0.3697945321635088
0.3694146373704996
0.3690344172141814
0.3686538767824875
0.36827302118419425
0.36789185554770243
0.36751038501981076
0.367128614764479
0.36674654996158007
0.3663641958056434
0.3659815575045888
0.3655986402784525
0.3652154493581029
0.36483198998395105
0.3644482674046504
0.3640642868757922
0.36368005365859235
0.36329557301857174
0.36291085022423164
0.3625258905457235
0.3621406992535098
0.36175528161702675
0.36136964290333495
0.3609837883757724
0.3605977232925983
0.36021145290563716
0.3598249824589186
0.3594383171873139
0.3590514623151713
0.35866442305494817
0.35827720460584234
0.3578898121524229
0.3575022508632589
0.3571145258895471
0.3567266423637423
0.35633860539818474
0.35595042008372957
0.3555620914883778
0.3551736246559071
0.3547850246045052
0.3543962963254044
0.3540074447815201
0.35361847490608844
0.35322939160131195
0.35284019973700315
0.3524509041492353
0.3520615096389953
0.3516720209708424
0.3512824428715694
0.350892780028869
0.3505030370900074
0.3501132186605007
0.34972332930279787
0.34933337353496985
0.3489433558294053
0.3485532806115116
0.348163152258424
0.3477729750977201
0.3473827534061438
0.3469924914083355
0.3466021932755692
0.34621186312450003
0.3458215050159182
0.34543112295351236
0.34504072088263976
0.34465030268911045
0.34425987219797294
0.3438694331723175
0.343478989312083
0.34308854425287616
0.34269810156480074
0.34230766475129715
0.34191723724799117
0.34152682242155524
0.34113642356857865
0.34074604391445074
0.3403556866122531
0.3399653547416654
0.3395750513078812
0.3391847792405351
0.33879454139264387
0.33840434053955776
0.33801417937792455
0.3376240605246654
0.33723398651596537
0.33684395980627296
0.33645398276731553
0.3360640576871272
0.33567418676908634
0.3352843721309728
0.3348946158040319
0.3345049197320563
0.3341152857704788
0.3337257156854805
0.3333362111531123
0.33294677375842996
0.33255740499464315
0.33216810626228044
0.3317788788683658
0.33138972402561245
0.331000642851628
0.3306116363681385
0.3302227055002227
0.3298338510755645
0.32944507382371924
0.32905637437539537
0.3286677532617508
0.3282792109137056
0.3278907476612689
0.32750236373288366
0.32711405925478404
0.3267258342503717
0.32633768863960544
0.32594962223840984
0.3255616347580974
0.32517372580480863
0.3247858948789682
0.32439814137475786
0.324010464579607
0.3236228636736977
0.3232353377294902
0.32284788571126355
0.3224605064746735
0.32207319876632945
0.32168596122338866
0.3212987923731664
0.32091169063276864
0.3205246543087389
0.3201376815967248
0.3197507705811652
0.31936391923499285
0.31897712541936085
0.31859038688338304
0.31820370126389863
0.3178170660852545
0.317430478759107
0.3170439365842471
0.31665743674644153
0.3162709763182998
0.31588455225915946
0.31549816141499254
0.31511180051833587
0.3147254661882416
0.3143391549302519
0.31395286313639437
0.3135665870852022
0.3131803229417576
0.312794066757758
0.3124078144716079
0.3120215619085343
0.3116353047807272
0.31124903868750675
0.3108627591155141
0.31047646143893026
0.31009014091972187
0.3097037927079121
0.3093174118418814
0.30893099324869605
0.30854453174446306
0.3081580220347182
0.30777145871483913
0.3073848362704934
0.3069981490781133
0.30661139140540405
0.30622455741188304
0.305837641149452
0.305450636563002
0.3050635374910513
0.30467633766641894
0.30428903071693125
0.30390161016616635
0.3035140694342302
0.30312640183857587
0.3027386005948539
0.3023506588178039
0.3019625695221845
0.3015743256237424
0.30118591994022115
0.30079734519240964
0.3004085940052348
0.3000196589088932
0.2996305323400272
0.2992412066429434
0.2988516740708761
0.2984619267872952
0.298071956867258
0.2976817562988099
0.29729131698442934
0.2969006307425218
0.2965096893089604
0.29611848433867594
0.29572700740729657
0.2953352500128369
0.2949432035774371
0.2945508594491548
0.2941582089038062
0.29376524314686137
0.29337195331539223
0.2929783304800717
0.29258436564722934
0.2921900497609585
0.2917953737052802
0.2914003283063597
0.2910049043347813
0.29060909250787625
0.290212883492106
0.28981626790550385
0.2894192363201721
0.2890217792648334
0.28862388722744237
0.28822555065784916
0.28782675997052387
0.28742750554733354
0.2870277777403774
0.286627566874879
0.28622686325213015
0.28582565715249486
0.2854239388384648
0.28502169855777115
0.28461892654654797
0.2842156130325529
0.28381174823843547
0.28340732238505995
0.2830023256948792
0.2825967483953551
0.28219058072243375
0.2817838129240601
0.2813764352637451
0.28096843802417604
0.2805598115108689
0.28015054605586376
0.2797406320214596
0.27933005980398906
0.2789188198376269
0.2785069025982364
0.27809429860724544
0.27768099843555316
0.27726699270746663
0.27685227210466157
0.2764368273701645
0.2760206493123596
0.27560372880900874
0.2751860568112896
0.27476762434784374
0.27434842252883584
0.2739284425500166
0.2735076756967898
0.27308611334827726
0.2726637469813834
0.27224056817484715
0.2718165686132874
0.2713917400912308
0.2709660745171243
0.27053956391732303
0.27011220044005346
0.2696839763593479
0.26925488407894327
0.2688249161361453
0.2683940652056489
0.26796232410331466
0.26752968578989544
0.2670961433747088
0.266661690119255
0.2662263194407687
0.2657900249157116
0.2653528002831898
0.2649146394483023
0.2644755364854107
0.2640354856413274
0.2635944813384222
0.26315251817763763
0.262709590941414
0.2622656945965195
0.2618208242967815
0.2613749753857161
0.26092814339905335
0.2604803240671544
0.2600315133173181
0.2595817072759755
0.2591309022707666
0.25867909483250195
0.25822628169700224
0.257772459806818
0.2573176263128234
0.2568617785756875
0.25640491416721833
0.25594703087157955
0.2554881266863796
0.25502819982363173
0.2545672487105866
0.2541052719904345
0.25364226852287963
0.25317823738458656
0.25271317786949915
0.2522470894890312
0.2517799719721345
0.2513118252652422
0.250842649532088
0.25037244515340873
0.24990121272652574
0.24942895306481358
0.24895566719705303
0.2484813563666776
0.24800602203090946
0.24752966585979583
0.2470522897351417
0.24657389574935074
0.24609448620416846
0.24561406360934326
0.24513263068119856
0.24465019034112795
0.24416674571401475
0.24368230012658143
0.24319685710567146
0.24271042037647367
0.2422229938606863
0.24173458167463407
0.2412451881273362
0.24075481771853335
0.24026347513668017
0.23977116525690445
0.23927789313894113
0.23878366402504417
0.23828848333788277
0.23779235667842352
0.2372952898238078
0.23679728872522426
0.23629835950578393
0.2357985084584016
0.2352977420436861
0.2347960668878452
0.2342934897806082
0.2337900176731689
0.23328565767615522
0.23278041705762428
0.23227430324108955
0.23176732380358067
0.23125948647374067
0.23075079912995933
0.230241269798548
0.2297309066519554
0.22921971800702806
0.22870771232331394
0.22819489820141198
0.2276812843813687
0.22716687974111988
0.22665169329498078
0.22613573419218155
0.2256190117154513
0.22510153527964627
0.22458331443042362
0.22406435884296017
0.2235446783207133
0.22302428279422382
0.22250318231995975
0.22198138707919562
0.22145890737693003
0.22093575364083684
0.22041193642024653
0.2198874663851592
0.21936235432528106
0.2188366111490858
0.21831024788289757
0.2177832756699905
0.21725570576970385
0.21672754955656692
0.21619881851943695
0.21566952426063535
0.21513967849509202
0.21460929304948606
0.2140783798613803
0.21354695097835036
0.21301501855710075
0.2124825948625685
0.21194969226700655
0.21141632324904866
0.2108825003927492
0.21034823638659636
0.2098135440224965
0.20927843619472414
0.20874292589883814
0.20820702623055937
0.20767075038460772
0.2071341116534965
0.20659712342628275
0.20605979918726808
0.20552215251465236
0.20498419707913595
0.2044459466424695
0.20390741505594806
0.20336861625885228
0.2028295642768298
0.20229027322022308
0.20175075728233371
0.20121103073763075
0.20067110793989784
0.20013100332032036
0.19959073138551173
0.19905030671547896
0.19850974396152865
0.1979690578441105
0.19742826315060302
0.19688737473303838
0.1963464075057691
0.19580537644307658
0.19526429657672129
0.19472318299344007
0.19418205083238507
0.1936409152825117
0.19309979157991303
0.1925586950051042
0.19201764088025872
0.19147664456639563
0.19093572146052418
0.19039488699274276
0.18985415662329724
0.18931354583960025
0.1887730701532147
0.18823274509679824
0.1876925862210208
0.18715260909144749
0.18661282928539574
0.18607326238876587
0.18553392399285001
0.18499482969111897
0.1844559950759923
0.1839174357355934
0.1833791672504888
0.1828412051904208
0.18230356511102966
0.18176626255057238
0.18122931302663597
0.1806927320328549
0.18015653503562618
0.17962073747083324
0.17908535474057372
0.1785504022098997
0.1780158952035687
0.17748184900280933
0.17694827884210418
0.17641519990599241
0.1758826273258915
0.17535057617694652
0.17481906147490048
0.17428809817299723
0.17375770115891073
0.17322788525170874
0.17269866519884872
0.1721700556732103
0.17164207127016606
0.17111472650468912
0.1705880358085055
0.17006201352728595
0.1695366739178839
0.16901203114561775
0.16848809928160174
0.1679648923001249
0.16744242407607787
0.1669207083824351
0.16639975888778408
0.16587958915391193
0.16536021263344403
0.16484164266753898
0.16432389248363885
0.16380697519327697
0.16329090378994388
0.16277569114701035
0.16226135001570996
0.16174789302318268
0.1612353326705756
0.16072368133120699
0.16021295124879043
0.1597031545357182
0.1591943031714093
0.1586864090007164
0.15817948373239682
0.15767353893764224
0.15716858604867512
0.15666463635740097
0.1561617010141285
0.15565979102634622
0.15515891725756445
0.15465909042621637
0.1541603211046202
0.1536626197180036
0.1531659965435871
0.15267046170972795
0.1521760251951232
0.15168269682807167
0.15119048628579682
0.15069940309382313
0.15020945662541457
0.14972065610106733
0.149233010588059
0.14874652900005417
0.14826122009676496
0.1477770924836636
0.14729415461175208
0.1468124147773807
0.1463318811221217
0.145852561632691
0.14537446414092267
0.14489759632379207
0.14442196570348614
0.14394757964752325
0.14347444536891912
0.14300256992639826
0.14253196022465106
0.14206262301463443
0.14159456489391492
0.1411277923070567
0.1406623115460471
0.14019812875076476
0.139735249909487
0.1392736808594345
0.13881342728735457
0.13835449473013975
0.13789688857548282
0.13744061406256639
0.13698567628278352
0.13653208018049595
0.13607983055381878
0.13562893205543838
0.1351793891934605
0.13473120633228497
0.1342843876935101
0.13383893735686353
0.13339485926115824
0.1329521572052741
0.1325108348491641
0.13207089571488273
0.1316323431876367
0.1311951805168579
0.130759410817296
0.13032503707013127
0.1298920621241057
0.12946048869667146
0.1290303193751588
0.128601556617957
0.12817420275571265
0.12774825999254222
0.1273237304072579
0.12690061595460764
0.1264789184665257
0.1260586396533958
0.12563978110532562
0.12522234429342963
0.12480633057112211
0.12439174117541944
0.12397857722824854
0.12356683973776439
0.12315652959967266
0.12274764759855954
0.12234019440922482
0.12193417059802295
0.12152957662420344
0.12112641284125969
0.12072467949827685
0.12032437674128386
0.11992550461460674
0.11952806306222356
0.11913205192911833
0.11873747096263737
0.1183443198138445
0.1179525980388739
0.11756230510028401
0.11717344036840811
0.11678600312270315
0.11639999255309559
0.11601540776132536
0.1156322477622845
0.11525051148535355
0.11487019777573275
0.11449130539576836
0.11411383302627595
0.11373777926785539
0.1133631426422025
0.112989921593414
0.11261811448928578
0.11224771962260482
0.11187873521243492
0.11151115940539402
0.11114499027692509
0.11078022583255853
0.11041686400916795
0.11005490267621626
0.10969433963699399
0.10933517262984974
0.10897739932941067
0.10862101734779503
0.10826602423581387
0.1079124174841661
0.10756019452462115
0.10720935273119425
0.10685988942131003
0.10651180185695777
0.10616508724583507
0.10581974274248254
0.10547576544940775
0.10513315241819798
0.10479190065062383
0.10445200709973079
0.10411346867092047
0.10377628222302274
0.10344044456935342
0.1031059524787645
0.10277280267668137
0.10244099184612995
0.10211051662875194
0.10178137362580908
0.10145355939917705
0.10112707047232725
0.10080190333129715
0.10047805442565053
0.10015552016942547
0.09983429694207094
0.09951438108937283
0.09919576892436871
0.09887845672825016
0.09856244075125498
0.09824771721354772
0.09793428230608878
0.09762213219149293
0.09731126300487544
0.09700167085468825
0.09669335182354455
0.09638630196903245
0.09608051732451592
0.0957759938999284
0.09547272768255076
0.09517071463778262
0.09486995070989955
0.09457043182280186
0.09427215388075047
0.09397511276909362
0.09367930435498273
0.09338472448807639
0.09309136900123571
0.09279923371120802
0.09250831441929999
0.09221860691204106
0.09193010696183697
0.09164281032761146
0.09135671275544013
0.09107180997917212
0.09078809772104357
0.09050557169228005
0.09022422759368957
0.08994406111624659
0.08966506794166468
0.08938724374296159
0.08911058418501384
0.08883508492510167
0.08856074161344588
0.08828754989373411
0.08801550540363895
0.08774460377532656
0.08747484063595692
0.08720621160817452
0.08693871231059058
0.08667233835825736
0.08640708536313223
0.08614294893453549
0.08587992467959737
0.08561800820369911
0.08535719511090378
0.08509748100438058
0.08483886148682047
0.08458133216084333
0.08432488862939864
0.08406952649615695
0.08381524136589513
0.0835620288448723
0.08330988454120063
0.08305880406520683
0.08280878302978709
0.08255981705075424
0.08231190174717988
0.08206503274172632
0.08181920566097398
0.08157441613574179
0.08133065980139949
0.08108793229817436
0.08084622927145124
0.08060554637206616
0.08036587925659336
0.08012722358762565
0.07988957503404971
0.0796529292713142
0.07941728198169187
0.07918262885453659
0.07894896558653394
0.07871628788194539
0.07848459145284839
0.0782538720193694
0.07802412530991124
0.07779534706137693
0.07756753301938579
0.07734067893848616
0.07711478058236086
0.07688983372403006
0.07666583414604666
0.07644277764068835
0.07622066001014424
0.07599947706669576
0.07577922463289465
0.07555989854173496
0.0753414946368204
0.07512400877252783
0.07490743681416585
0.0746917746381291
0.07447701813204849
0.07426316319493632
0.0740502057373287
0.07383814168142214
0.07362696696120766
0.07341667752259959
0.0732072693235617
0.07299873833422843
0.07279108053702286
0.0725842919267709
0.07237836851081167
0.07217330630910503
0.07196910135433386
0.07176574969200514
0.07156324738054527
0.0713615904913947
0.07116077510909607
0.0709607973313824
0.07076165326925943
0.0705633390470865
0.07036585080265381
0.07016918468725629
0.06997333686576537
0.06977830351669725
0.06958408083227813
0.06939066501850732
0.06919805229521729
0.0690062388961306
0.06881522106891473
0.0686249950752347
0.06843555719080158
0.0682469037054205
0.0680590309230348
0.06787193516176786
0.0676856127539638
0.06750006004622433
0.06731527339944407
0.06713124918884353
0.06694798380400087
0.0667654736488789
0.06658371514185367
0.06640270471573675
0.06622243881780043
0.06604291390979633
0.06586412646797463
0.06568607298310093
0.06550874996047158
0.06533215391992568
0.06515628139585765
0.06498112893722599
0.06480669310756161
0.06463297048497367
0.06445995766215458
0.06428765124638264
0.06411604785952374
0.06394514413803112
0.06377493673294378
0.06360542230988345
0.06343659754905023
0.0632684591452164
0.06310100380771957
0.06293422826045368
0.06276812924185918
0.06260270350491252
0.06243794781711247
0.06227385896046775
0.06211043373148098
0.06194766894113417
0.06178556141487013
0.061624107992574784
0.06146330552855824
0.06130315089153377
0.06114364096459706
0.06098477264520295
0.06082654284514264
0.06066894849051903
0.06051198652172178
0.060355653893400696
0.06019994757443897
0.06004486454792465
0.05989040181112276
0.05973655637544463
0.05958332526641831
0.05943070552365682
0.059278694200826564
0.0591272883656143
0.05897648509969418
0.058826281498692796
0.058676674672155385
0.058527661743509686
0.058379239850030316
0.05823140614280148
0.05808415778668016
0.05793749196025782
0.05779140585582248
0.057645896679319034
0.057500961650310115
0.05735659800193571
0.05721280298087297
0.05706957384729454
0.05692690787482769
0.05678480235051177
0.05664325457475593
0.05650226186129642
0.05636182153715297
0.05622193094258532
0.056082587431049144
0.055943788369151246
0.055805531136605815
0.05566781312618743
0.05553063174368733
0.05539398440786683
0.05525786855041133
0.05512228161588345
0.05498722106167716
0.054852684357970416
0.05471866898767756
0.05458517244640261
0.0544521922423907
0.05431972589648086
0.0541877709420574
0.05405632492500168
0.053925385403643375
0.053794949948712395
0.05366501614328879
0.05353558158275461
0.0534066438747441
0.05327820063909465
0.05315024950779706
0.05302278812494561
0.05289581414668885
0.05276932524117905
0.05264331908852235
0.052517793380728865
0.05239274582166209
0.05226817412698885
0.05214407602412895
0.05202044925220403
0.0518972915619883
0.051774600715856614
0.05165237448773479
0.05153061066304846
0.05140930703867248
0.05128846142288026
0.05116807163529314
0.05104813550682896
0.050928650879652135
0.05080961560712231
0.050691027553743634
0.05057288459511421
0.05045518461787511
0.050337925519659474
0.05022110520904245
0.050104721605489504
0.04998877263930647
