0.575056991138209
0.5935050606206433
0.528928087575395
0.5318506082311611
0.5510892181995573
0.5404650119920505
0.5190554863857758
0.5140463266546107
0.5187924342644685
0.5183300213969833
0.5155882006860352
0.5160579787595996
0.5171414267719623
0.5158775938671137
0.5138192899521955
0.513001100883373
0.5130844694954666
0.5131556194211041
0.5131727700537283
0.5132394528626154
0.5131336515584505
0.5127592573058666
0.5123298117589123
0.5120441377319715
0.5119019834407884
0.5118221995287707
0.5117489687903223
0.5116439461426171
0.5114827872096059
0.5112783622111378
0.5110711813145536
0.5108922420805879
0.5107454218889134
0.5106172265463105
0.510491049623183
0.5103551034474834
0.510206359947536
0.510050425397924
0.5098963656161992
0.5097504086156516
0.5096133206137952
0.5094818810739323
0.509351892156209
0.509220607871345
0.5090877332782519
0.5089549106213043
0.5088242901338127
0.5086972164386931
0.5085737592435111
0.5084530851270026
0.5083341881776788
0.508216482623014
0.5080999979212022
0.5079851907933696
0.5078725822048469
0.5077624663939506
0.5076548293852683
0.507549457224753
0.5074461173469564
0.5073446943172781
0.5072452217682208
0.5071478243713765
0.5070526275085668
0.506959692855106
0.5068690068602189
0.506780512398038
0.5066941535560461
0.5066099055786139
0.5065277783470765
0.5064477994264588
0.5063699919008955
0.5062943605082906
0.5062208910782495
0.5061495595968729
0.5060803431281676
0.5060132261478864
0.505948200247665
0.505885259357643
0.5058243944202296
0.5057655905746209
0.5057088276405187
0.5056540826669356
0.5056013325611833
0.5055505553623689
0.5055017298881314
0.5054548344486401
0.5054098456232353
0.5053667377655477
0.505325483308833
0.5052860534865387
0.5052484189718514
0.5052125501322945
0.5051784168964298
0.5051459884429331
0.5051152329573194
0.505086117592031
0.5050586086142127
0.5050326716275313
0.5050082717476972
0.5049853736725892
0.5049639416633442
0.5049439394968684
0.5049253304479692
0.5049080773256756
0.5048921425510655
0.5048774882446393
0.5048640762952751
0.5048518684010073
0.5048408260900326
0.5048309107384625
0.5048220835978917
0.5048143058361538
0.5048075385859104
0.504801742992502
0.5047968802549533
0.5047929116591175
0.5047897986060776
0.5047875026400758
0.5047859854786638
0.5047852090451327
0.5047851355013772
0.5047857272790195
0.5047869471075839
0.504788758039856
0.50479112347543
0.5047940071834802
0.5047973733252427
0.5048011864760166
0.5048054116461336
0.5048100143003824
0.5048149603757048
0.5048202162973054
0.5048257489934783
0.5048315259093942
0.5048375150199254
0.5048436848414273
0.5048500044423392
0.5048564434525086
0.5048629720712533
0.5048695610742293
0.504876181819214
0.5048828062508709
0.5048894069045231
0.5048959569089266
0.5049024299880305
0.504908800461737
0.5049150432456921
0.5049211338501565
0.5049270483780102
0.5049327635219266
0.504938256560742
0.5049435053550472
0.5049484883420201
0.504953184529531
0.5049575734895574
0.5049616353509448
0.5049653507915526
0.5049687010298141
0.5049716678157451
0.5049742334214258
0.5049763806309883
0.5049780927301392
0.5049793534952501
0.504980147182046
0.5049804585139211
0.5049802726699133
0.5049795752723596
0.5049783523742626
0.5049765904463925
0.50497427636415
0.5049713973942156
0.5049679411810072
0.5049638957329731
0.5049592494087375
0.5049539909031209
0.5049481092330551
0.5049415937234125
0.5049344339927645
0.5049266199390906
0.5049181417254491
0.504908989765628
0.5048991547097871
0.5048886274301061
0.504877399006447
0.5048654607120461
0.5048528039992403
0.5048394204852374
0.5048253019379408
0.5048104402618298
0.5047948274839031
0.5047784557396903
0.504761317259331
0.5047434043537257
0.5047247094007591
0.5047052248315916
0.5046849431170218
0.5046638567539116
0.5046419582516751
0.50461924011882
0.5045956948495374
0.5045713149103309
0.5045460927266758
0.5045200206696945
0.504493091042837
0.5044652960685537
0.5044366278749405
0.5044070784823397
0.5043766397898785
0.5043453035619224
0.5043130614144185
0.5042799048011044
0.5042458249995545
0.5042108130970329
0.5041748599761187
0.5041379563000701
0.5041000924978861
0.5040612587490271
0.5040214449677446
0.5039806407869761
0.5039388355417495
0.5038960182520403
0.5038521776050219
0.5038073019366422
0.5037613792124545
0.5037143970076263
0.503666342486045
0.503617202378427
0.5035669629593382
0.5035156100230198
0.5034631288579055
0.5034095042197129
0.5033547203029755
0.5032987607108738
0.5032416084232142
0.5031832457623926
0.5031236543571601
0.503062815104004
0.5030007081259326
0.5029373127284437
0.5028726073524286
0.5028065695237582
0.5027391757992625
0.5026704017088006
0.5026002216930947
0.5025286090369696
0.5024555357976181
0.5023809727274785
0.5023048891912799
0.5022272530767771
0.5021480306986625
0.5020671866951012
0.5019846839162942
0.5019004833044396
0.5018145437644058
0.5017268220243947
0.5016372724858151
0.5015458470615483
0.5014524950017218
0.5013571627060744
0.5012597935219274
0.5011603275267404
0.5010587012941748
0.5009548476425477
0.5008486953645193
0.5007401689368258
0.5006291882088463
0.5005156680687856
0.5003995180862569
0.5002806421300803
0.5001589379601544
0.5000342967923472
0.49990660283545785
0.4997757327994652
0.4996415553744796
0.49950393068008014
0.4993627096850483
0.4992177335979175
0.4990688332292457
0.49891582832710923
0.4987585268880056
0.4985967244461617
0.49843020334516824
0.4982587319969145
0.49808206413397266
0.4978999380628802
0.4977120759271678
0.4975181829904776
0.4973179469516522
0.49711103730523054
0.4968971047622706
0.4966757807477763
0.49644667699210354
0.4962093852344584
0.4959634770568141
0.4957085038660933
0.4954439970411133
0.4951694682583687
0.49488441000702743
0.49458829629838796
0.4942805835683161
0.4939607117627864
0.493628105586593
0.4932821758836943
0.49292232110477263
0.4925479288038786
0.4921583770920938
0.4917530359628188
0.49133126839154007
0.49089243110387865
0.49043587490054696
0.48996094442767574
0.4894669772868469
0.488953302391757
0.48841923749810606
0.4878640858597828
0.48728713199692175
0.4866876365984484
0.4860648306212452
0.48541790868751666
0.48474602191844374
0.48404827037285847
0.48332369528174995
0.4825712712806718
0.4817898988410815
0.4809783970876882
0.48013549716243864
0.47925983625818225
0.47834995239864153
0.47740427998894197
0.47642114610607283
0.47539876744472237
0.47433524778438524
0.4732285758015268
0.47207662301838504
0.47087714165956174
0.46962776218002444
0.4683259902339466
0.46696920287279803
0.4655546437925402
0.4640794174926185
0.4625404822623584
0.46093464197193634
0.4592585367139259
0.45750863241624906
0.45568120962715475
0.45377235175678693
0.4517779331474692
0.4496936074356712
0.44751479676251266
0.4452366824863777
0.44285419815027255
0.44036202555707005
0.43775459490615964
0.4350260900425882
0.43217045996072345
0.42918143778327483
0.42605256849601275
0.42277724674960643
0.41934876603165494
0.41576038045145575
0.4120053802530526
0.4080771819633934
0.40396943377631106
0.3996761363544188
0.39519177868639566
0.39051148795657115
0.3856311915631545
0.38054778846669346
0.3752593259819769
0.36976517698656686
0.36406621137722794
0.35816495456424846
0.3520657249881416
0.345774742232659
0.33930019745591095
0.3326522787045699
0.32584314528719993
0.31888684773425563
0.31179919281495744
0.3045975563470634
0.2973006497710819
0.28992824928650407
0.2825008984316275
0.27503959611049444
0.2675654821632128
0.2600995317292745
0.2526622680820977
0.2452735016000787
0.23795210037337983
0.23071579586735433
0.22358102523523388
0.2165628103719613
0.2096746726344178
0.20292858128167574
0.19633493305423627
0.18990255985780904
0.18363876120366923
0.1775493578599766
0.1716387630763374
0.16591006775402187
0.16036513604366728
0.1550047080537618
0.14982850663344496
0.14483534553344163
0.14002323662741012
0.13538949427029995
0.13093083526025562
0.12664347323973496
0.12252320670794098
0.11856550011314806
0.11476555774676597
0.11111839037096585
0.1076188746805721
0.10426180583129399
0.101041943364573
0.09795405092892309
0.09499293024313119
0.0921534497722507
0.08943056859676944
0.08681935595202936
0.08431500690185527
0.08191285458992692
0.0796083794868408
0.07739721602181841
0.07527515695709751
0.07323815583134838
0.07128232776691414
0.06940394890498733
0.06759945470350842
0.06586543730497417
0.06419864215569461
0.0625959640344655
0.061054442627165924
0.05957125776443148
0.05814372442221699
0.056769287569652715
0.055445516934990516
0.0541701017484901
0.052940845510680345
0.0517556608253847
0.05061256432910747
0.0495096717416846
