0.49425652218663285
0.5225997565270845
0.5227580037804707
0.5227213385551783
0.522684745080834
0.5226489202728486
0.5226136366255069
0.5225787327533709
0.5225440972803004
0.5225096538481637
0.5224753505279509
0.5224411523658037
0.5224070361465292
0.5223729867237743
0.5223389944555985
0.5223050534187735
0.5222711601706903
0.5222373128955098
0.5222035108192308
0.5221697538123666
0.5221360421230102
0.522102376200085
0.5220687565786115
0.5220351838073017
0.5220016584047704
0.5219681808348516
0.521934751494464
0.5219013707095244
0.5218680387358562
0.5218347557630356
0.5218015219198125
0.5217683372802224
0.5217352018698229
0.5217021156717223
0.5216690786321974
0.5216360906658123
0.5216031516599973
0.5215702614790969
0.5215374199679104
0.5215046269547676
0.5214718822541827
0.5214391856691349
0.5214065369930196
0.521373936011311
0.5213413825029775
0.521308876241683
0.521276416996803
0.521244004534285
0.5212116386173744
0.5211793190072268
0.5211470454634228
0.521114817744404
0.5210826356078357
0.5210504988109136
0.5210184071106213
0.5209863602639446
0.5209543580280526
0.5209224001604476
0.5208904864190909
0.520858616562508
0.5208267903498751
0.5207950075410922
0.5207632678968421
0.5207315711786407
0.5206999171488769
0.5206683055708465
0.5206367362087794
0.5206052088278602
0.5205737231942472
0.5205422790750854
0.5205108762385178
0.520479514453693
0.520448193490772
0.5204169131209317
0.5203856731163681
0.5203544732502978
0.5203233132969579
0.5202921930316066
0.5202611122305207
0.5202300706709952
0.5201990681313393
0.5201681043908759
0.5201371792299356
0.5201062924298562
0.5200754437729777
0.5200446330426379
0.5200138600231704
0.5199831244998984
0.5199524262591315
0.5199217650881618
0.5198911407752587
0.5198605531096648
0.5198300018815925
0.5197994868822171
0.5197690079036751
0.519738564739058
0.5197081571824083
0.519677785028715
0.5196474480739093
0.5196171461148595
0.5195868789493672
0.5195566463761628
0.5195264481949006
0.5194962842061545
0.519466154211414
0.5194360580130795
0.519405995414458
0.5193759662197583
0.5193459702340879
0.5193160072634471
0.519286077114726
0.5192561795956996
0.5192263145150235
0.5191964816822303
0.5191666809077247
0.5191369120027797
0.5191071747795323
0.5190774690509797
0.5190477946309747
0.5190181513342221
0.5189885389762741
0.5189589573735266
0.5189294063432156
0.5188998857034123
0.5188703952730195
0.5188409348717684
0.5188115043202134
0.518782103439729
0.518752732052506
0.5187233899815467
0.5186940770506625
0.518664793084469
0.5186355379083821
0.5186063113486153
0.5185771132321751
0.518547943386857
0.518518801641243
0.5184896878246963
0.5184606017673588
0.5184315433001475
0.51840251225475
0.5183735084636213
0.5183445317599806
0.5183155819778071
0.5182866589518369
0.5182577625175592
0.5182288925112126
0.5182000487697828
0.5181712311309967
0.5181424394333216
0.5181136735159604
0.5180849332188482
0.5180562183826489
0.5180275288487523
0.5179988644592699
0.5179702250570324
0.5179416104855861
0.5179130205891896
0.5178844552128097
0.5178559142021195
0.5178273974034941
0.517798904664008
0.5177704358314315
0.5177419907542271
0.5177135692815475
0.5176851712632311
0.5176567965498
0.5176284449924559
0.5176001164430772
0.5175718107542164
0.517543527779097
0.5175152673716089
0.5174870293863078
0.51745881367841
0.517430620103791
0.5174024485189808
0.5173742987811627
0.5173461707481689
0.5173180642784784
0.5172899792312133
0.517261915466137
0.5172338728436497
0.5172058512247871
0.5171778504712162
0.5171498704452336
0.5171219110097616
0.5170939720283454
0.5170660533651517
0.5170381548849639
0.5170102764531807
0.5169824179358126
0.5169545791994796
0.516926760111408
0.5168989605394281
0.5168711803519708
0.5168434194180656
0.5168156776073375
0.5167879547900047
0.516760250836875
0.5167325656193444
0.5167048990093935
0.5166772508795852
0.5166496211030617
0.5166220095535432
0.5165944161053231
0.5165668406332676
0.5165392830128119
0.5165117431199581
0.5164842208312712
0.5164567160238795
0.5164292285754701
0.5164017583642858
0.5163743052691243
0.5163468691693345
0.5163194499448148
0.5162920474760099
0.5162646616439088
0.5162372923300428
0.516209939416482
0.5161826027858336
0.5161552823212391
0.5161279779063725
0.5161006894254381
0.5160734167631662
0.5160461598048136
0.5160189184361587
0.5159916925435009
0.5159644820136576
0.5159372867339618
0.51591010659226
0.5158829414769097
0.5158557912767775
0.5158286558812366
0.5158015351801641
0.5157744290639398
0.5157473374234429
0.5157202601500505
0.515693197135635
0.515666148272562
0.5156391134536882
0.5156120925723591
0.5155850855224066
0.5155580921981473
0.5155311124943803
0.5155041463063845
0.515477193529917
0.5154502540612109
0.5154233277969733
0.5153964146343821
0.515369514471086
0.5153426272052003
0.5153157527353059
0.5152888909604474
0.5152620417801304
0.5152352050943196
0.5152083808034373
0.5151815688083604
0.5151547690104196
0.515127981311396
0.5151012056135202
0.5150744418194703
0.5150476898323684
0.5150209495557804
0.5149942208937138
0.5149675037506144
0.5149407980313656
0.5149141036412865
0.5148874204861287
0.5148607484720755
0.51483408750574
0.5148074374941627
0.5147807983448094
0.51475416996557
0.5147275522647562
0.5147009451510995
0.5146743485337497
0.5146477623222723
0.5146211864266479
0.5145946207572691
0.514568065224939
0.5145415197408698
0.5145149842166805
0.5144884585643951
0.5144619426964414
0.514435436525648
0.5144089399652438
0.5143824529288552
0.5143559753305045
0.5143295070846089
0.5143030481059774
0.5142765983098102
0.5142501576116963
0.5142237259276123
0.5141973031739195
0.5141708892673635
0.5141444841250717
0.5141180876645514
0.5140916998036889
0.514065320460747
0.5140389495543632
0.5140125870035492
0.5139862327276878
0.5139598866465314
0.5139335486802011
0.5139072187491844
0.513880896774334
0.513854582676865
0.5138282763783546
0.5138019778007397
0.513775686866315
0.5137494034977326
0.5137231276179984
0.5136968591504723
0.5136705980188655
0.5136443441472391
0.5136180974600025
0.5135918578819116
0.5135656253380678
0.5135393997539159
0.5135131810552417
0.5134869691681723
0.5134607640191727
0.5134345655350452
0.5134083736429274
0.5133821882702908
0.5133560093449392
0.5133298367950069
0.5133036705489575
0.5132775105355818
0.5132513566839968
0.5132252089236435
0.5131990671842865
0.5131729313960107
0.5131468014892213
0.5131206773946415
0.5130945590433111
0.513068446366585
0.5130423392961314
0.5130162377639309
0.5129901417022742
0.5129640510437611
0.5129379657212987
0.5129118856681003
0.512885810817683
0.5128597411038671
0.5128336764607748
0.5128076168228266
0.5127815621247429
0.5127555123015402
0.5127294672885303
0.5127034270213189
0.5126773914358045
0.5126513604681755
0.5126253340549104
0.5125993121327754
0.5125732946388231
0.5125472815103904
0.5125212726850987
0.5124952681008508
0.5124692676958297
0.5124432714084979
0.512417279177595
0.5123912909421373
0.5123653066414148
0.5123393262149915
0.5123133496027026
0.5122873767446535
0.5122614075812191
0.5122354420530402
0.5122094801010248
0.5121835216663446
0.5121575666904346
0.5121316151149913
0.5121056668819706
0.512079721933588
0.5120537802123155
0.5120278416608812
0.5120019062222673
0.5119759738397089
0.5119500444566925
0.5119241180169547
0.5118981944644805
0.5118722737435017
0.5118463557984968
0.5118204405741873
0.5117945280155385
0.5117686180677566
0.5117427106762876
0.5117168057868162
0.5116909033452647
0.5116650032977903
0.5116391055907845
0.5116132101708725
0.5115873169849098
0.5115614259799823
0.5115355371034047
0.5115096503027183
0.5114837655256907
0.5114578827203131
0.5114320018348002
0.5114061228175873
0.5113802456173309
0.5113543701829046
0.5113284964634003
0.5113026244081251
0.5112767539666007
0.5112508850885613
0.5112250177239527
0.5111991518229311
0.5111732873358606
0.5111474242133132
0.5111215624060661
0.5110957018651011
0.511069842541603
0.5110439843869578
0.5110181273527516
0.5109922713907694
0.510966416452993
0.5109405624916004
0.5109147094589634
0.5108888573076472
0.5108630059904082
0.5108371554601928
0.5108113056701362
0.5107854565735608
0.5107596081239746
0.5107337602750696
0.5107079129807212
0.510682066194986
0.5106562198721005
0.5106303739664799
0.5106045284327163
0.5105786832255776
0.510552838300006
0.5105269936111161
0.5105011491141941
0.5104753047646962
0.5104494605182464
0.5104236163306363
0.5103977721578224
0.5103719279559262
0.5103460836812308
0.5103202392901807
0.5102943947393801
0.5102685499855917
0.5102427049857347
0.510216859696883
0.5101910140762652
0.5101651680812619
0.510139321669404
0.5101134747983727
0.5100876274259962
0.5100617795102498
0.5100359310092529
0.5100100818812694
0.5099842320847044
0.5099583815781034
0.5099325303201513
0.50990667826967
0.509880825385618
0.5098549716270872
0.5098291169533034
0.5098032613236236
0.5097774046975347
0.5097515470346519
0.5097256882947174
0.5096998284375988
0.5096739674232873
0.5096481052118971
0.5096222417636626
0.5095963770389377
0.5095705109981938
0.5095446436020192
0.5095187748111161
0.5094929045863
0.5094670328884988
0.5094411596787491
0.5094152849181971
0.5093894085680951
0.5093635305898013
0.5093376509447778
0.5093117695945883
0.5092858865008979
0.5092600016254702
0.5092341149301667
0.5092082263769446
0.5091823359278554
0.5091564435450439
0.5091305491907454
0.5091046528272852
0.5090787544170763
0.5090528539226182
0.5090269513064953
0.5090010465313749
0.5089751395600058
0.5089492303552174
0.5089233188799162
0.5088974050970864
0.5088714889697867
0.5088455704611496
0.5088196495343786
0.5087937261527484
0.5087678002796014
0.508741871878347
0.5087159409124596
0.5086900073454774
0.5086640711410002
0.5086381322626883
0.5086121906742599
0.5085862463394905
0.5085602992222105
0.5085343492863037
0.5085083964957059
0.5084824408144026
0.5084564822064278
0.5084305206358624
0.5084045560668315
0.508378588463504
0.5083526177900903
0.5083266440108403
0.508300667090042
0.5082746869920195
0.5082487036811317
0.5082227171217705
0.5081967272783583
0.5081707341153472
0.5081447375972166
0.5081187376884719
0.5080927343536423
0.5080667275572793
0.5080407172639547
0.5080147034382592
0.5079886860448002
0.5079626650482
0.5079366404130945
0.5079106121041309
0.507884580085966
0.5078585443232642
0.5078325047806963
0.5078064614229372
0.5077804142146636
0.5077543631205537
0.507728308105283
0.5077022491335248
0.5076761861699471
0.5076501191792111
0.5076240481259684
0.507597972974861
0.5075718936905175
0.5075458102375526
0.5075197225805644
0.5074936306841328
0.5074675345128176
0.5074414340311564
0.507415329203663
0.5073892199948253
0.5073631063691035
0.5073369882909275
0.5073108657246963
0.5072847386347745
0.5072586069854919
0.50723247074114
0.5072063298659711
0.5071801843241965
0.5071540340799832
0.5071278790974532
0.5071017193406812
0.5070755547736921
0.5070493853604598
0.5070232110649044
0.5069970318508912
0.5069708476822268
0.5069446585226595
0.5069184643358757
0.5068922650854981
0.5068660607350837
0.5068398512481223
0.5068136365880338
0.506787416718166
0.506761191601793
0.5067349612021131
0.5067087254822468
0.5066824844052338
0.5066562379340324
0.5066299860315158
0.5066037286604712
0.5065774657835979
0.5065511973635027
0.5065249233627016
0.5064986437436145
0.5064723584685646
0.5064460674997757
0.5064197707993704
0.5063934683293675
0.5063671600516804
0.5063408459281139
0.5063145259203636
0.506288199990012
0.5062618680985278
0.5062355302072626
0.5062091862774489
0.5061828362701986
0.5061564801464995
0.5061301178672145
0.5061037493930782
0.5060773746846954
0.5060509937025381
0.506024606406944
0.505998212758114
0.5059718127161096
0.5059454062408507
0.5059189932921137
0.5058925738295288
0.505866147812578
0.5058397152005923
0.5058132759527502
0.505786830028074
0.5057603773854292
0.5057339179835207
0.5057074517808915
0.5056809787359191
0.5056544988068146
0.5056280119516192
0.5056015181282025
0.5055750172942596
0.5055485094073092
0.5055219944246905
0.5054954723035615
0.5054689430008963
0.5054424064734826
0.5054158626779193
0.505389311570614
0.5053627531077809
0.5053361872454375
0.5053096139394034
0.5052830331452967
0.5052564448185317
0.5052298489143173
0.5052032453876534
0.5051766341933286
0.5051500152859182
0.5051233886197817
0.5050967541490594
0.5050701118276706
0.5050434616093109
0.5050168034474496
0.5049901372953273
0.5049634631059527
0.504936780832101
0.5049100904263105
0.5048833918408804
0.504856685027868
0.5048299699390861
0.5048032465261011
0.5047765147402286
0.5047497745325329
0.5047230258538229
0.5046962686546497
0.5046695028853045
0.5046427284958153
0.5046159454359447
0.5045891536551866
0.5045623531027642
0.5045355437276271
0.5045087254784478
0.5044818983036202
0.5044550621512564
0.5044282169691832
0.5044013627049405
0.504374499305778
0.5043476267186527
0.5043207448902252
0.5042938537668583
0.5042669532946132
0.5042400434192472
0.5042131240862107
0.504186195240644
0.5041592568273754
0.5041323087909177
0.5041053510754653
0.5040783836248917
0.5040514063827461
0.5040244192922516
0.5039974222963006
0.5039704153374542
0.5039433983579367
0.5039163712996351
0.5038893341040941
0.503862286712515
0.5038352290657514
0.503808161104307
0.5037810827683322
0.5037539939976219
0.503726894731611
0.5036997849093733
0.5036726644696172
0.5036455333506832
0.5036183914905406
0.5035912388267849
0.5035640752966343
0.503536900836927
0.5035097153841183
0.5034825188742765
0.5034553112430816
0.5034280924258205
0.5034008623573849
0.5033736209722681
0.5033463682045612
0.5033191039879512
0.5032918282557166
0.503264540940725
0.5032372419754301
0.5032099312918678
0.5031826088216537
0.5031552744959797
0.5031279282456108
0.5031005700008816
0.5030731996916941
0.5030458172475127
0.5030184225973631
0.5029910156698274
0.5029635963930417
0.5029361646946923
0.502908720502013
0.5028812637417817
0.5028537943403164
0.5028263122234728
0.5027988173166409
0.5027713095447408
0.5027437888322204
0.5027162551030513
0.5026887082807263
0.502661148288255
0.5026335750481615
0.5026059884824795
0.502578388512751
0.502550775060021
0.502523148044835
0.5024955073872354
0.5024678530067581
0.5024401848224289
0.5024125027527603
0.5023848067157474
0.5023570966288655
0.5023293724090657
0.5023016339727715
0.5022738812358756
0.5022461141137363
0.5022183325211735
0.5021905363724661
0.5021627255813473
0.5021349000610019
0.502107059724062
0.5020792044826043
0.5020513342481454
0.5020234489316392
0.5019955484434727
0.5019676326934622
0.5019397015908501
0.501911755044301
0.5018837929618979
0.5018558152511388
0.5018278218189327
0.5017998125715961
0.5017717874148491
0.5017437462538118
0.5017156889930003
0.5016876155363235
0.5016595257870782
0.5016314196479468
0.501603297020992
0.5015751578076543
0.5015470019087469
0.5015188292244537
0.5014906396543223
0.5014624330972639
0.5014342094515466
0.501405968614793
0.5013777104839754
0.5013494349554122
0.5013211419247645
0.5012928312870312
0.5012645029365455
0.5012361567669715
0.5012077926712988
0.5011794105418398
0.5011510102702253
0.5011225917473998
0.5010941548636187
0.5010656995084433
0.5010372255707369
0.5010087329386609
0.5009802214996704
0.5009516911405105
0.5009231417472122
0.5008945732050875
0.5008659853987257
0.50083737821199
0.5008087515280119
0.5007801052291879
0.5007514391971752
0.5007227533128872
0.5006940474564895
0.5006653215073954
0.5006365753442619
0.500607808844985
0.5005790218866965
0.5005502143457572
0.5005213860977561
0.500492537017503
0.5004636669790256
0.5004347758555646
0.5004058635195702
0.500376929842696
0.5003479746957965
0.5003189979489209
0.5002899994713103
0.5002609791313914
0.5002319367967746
0.500202872334246
0.500173785609766
0.5001446764884632
0.50011554483463
0.5000863905117188
0.500057213382336
0.5000280133082387
0.49999879015032966
0.4999695437686522
0.49994027402238655
0.49991098076984386
0.49988166386846267
0.49985232317480355
0.4998229585445447
0.4997935698324772
0.4997641568924998
0.49973471957761467
0.49970525773992247
0.49967577123061757
0.4996462598999827
0.49961672359738496
0.4995871621712706
0.49955757546915985
0.4995279633376423
0.49949832562237195
0.4994686621680621
0.4994389728184811
0.4994092574164463
0.4993795158038197
0.4993497478215029
0.49931995330943224
0.49929013210657297
0.4992602840509151
0.49923040897946813
0.49920050672825517
0.4991705771323093
0.4991406200256664
0.4991106352413621
0.49908062261142533
0.49905058196687324
0.49902051313770646
0.49899041595290305
0.49896029024041455
0.49893013582715906
0.49889995253901753
0.49886974020082697
0.4988394986363765
0.4988092276684009
0.4987789271185757
0.498748596807512
0.4987182365547504
0.49868784617875644
0.49865742549691383
0.4986269743255207
0.49859649247978277
0.49856597977380807
0.4985354360206015
0.4985048610320598
0.49847425461896494
0.4984436165909792
0.49841294675663983
0.49838224492335204
0.498351510897385
0.4983207444838649
0.4982899454867699
0.4982591137089243
0.4982282489519926
0.4981973510164732
0.49816641970169406
0.49813545480580534
0.4981044561257745
0.49807342345737965
0.4980423565952049
0.4980112553326329
0.49798011946183984
0.4979489487737892
0.4979177430582261
0.49788650210367086
0.49785522569741275
0.49782391362550493
0.4977925656727571
0.49776118162273053
0.49772976125773105
0.49769830435880336
0.4976668107057246
0.49763528007699875
0.4976037122498492
0.49757210700021365
0.4975404641027375
0.49750878333076687
0.4974770644563438
0.4974453072501979
0.49741351148174184
0.49738167691906354
0.49734980332892065
0.49731789047673364
0.49728593812657934
0.49725394604118467
0.4972219139819202
0.4971898417087928
0.4971577289804403
0.49712557555412373
0.4970933811857212
0.49706114562972153
0.49702886863921697
0.49699654996589665
0.4969641893600404
0.4969317865705112
0.4968993413447487
0.4968668534287627
0.49683432256712584
0.4968017485029671
0.49676913097796427
0.4967364697323383
0.49670376450484466
0.49667101503276784
0.49663822105191363
0.49660538229660206
0.4965724984996605
0.49653956939241656
0.4965065947046912
0.496473574164791
0.4964405074995016
0.4964073944340801
0.496374234692248
0.4963410279961844
0.4963077740665172
0.4962744726223179
0.4962411233810927
0.4962077260587755
0.4961742803697212
0.4961407860266969
0.4961072427408762
0.49607365022183003
0.49604000817752025
0.49600631631429165
0.4959725743368647
0.49593878194832736
0.4959049388501282
0.4958710447420682
0.4958370993222935
0.4958031022872872
0.49576905333186205
0.49573495214915214
0.4957007984306061
0.49566659186597795
0.4956323321433205
0.49559801894897665
0.4955636519675717
0.4955292308820054
0.49549475537344434
0.49546022512131316
0.4954256398032871
0.49539099909528395
0.49535630267145575
0.49532155020418067
0.4952867413640548
0.49525187581988467
0.4952169532386777
0.49518197328563485
0.49514693562414297
0.4951118399157648
0.49507668582023184
0.495041472995436
0.4950062010974209
0.4949708697803733
0.4949354786966148
0.4949000274965935
0.4948645158288754
0.49482894334013583
0.49479330967515095
0.494757614476789
0.4947218573860016
0.4946860380418159
0.4946501560813243
0.4946142111396773
0.4945782028500739
0.49454213084375354
0.4945059947499859
0.49446979419606324
0.4944335288072918
0.49439719820698186
0.4943608020164391
0.4943243398549564
0.4942878113398038
0.49425121608622014
0.4942145537074039
0.4941778238145037
0.49414102601661014
0.49410415992074563
0.4940672251318557
0.49403022125279994
0.49399314788434223
0.49395600462514255
0.4939187910717463
0.49388150681857595
0.4938441514579219
0.49380672457993163
0.49376922577260207
0.49373165462176943
0.49369401071109953
0.49365629362207836
0.49361850293400317
0.493580638223972
0.4935426990668752
0.4935046850353844
0.4934665956999447
0.4934284306287634
0.4933901893878008
0.4933518715407612
0.4933134766490824
0.4932750042719258
0.4932364539661675
0.49319782528638745
0.4931591177848607
0.4931203310115463
0.49308146451407836
0.49304251783775577
0.49300349052553244
0.49296438211800675
0.49292519215341235
0.49288592016760757
0.4928465656940658
0.49280712826386486
0.49276760740567727
0.49272800264576044
0.4926883135079457
0.4926485395136287
0.49260868018175924
0.4925687350288309
0.4925287035688706
0.49248858531342865
0.49244837977156863
0.4924080864498563
0.49236770485235026
0.4923272344805906
0.49228667483358957
0.4922460254078205
0.49220528569720706
0.49216445519311397
0.4921235333843354
0.4920825197570851
0.4920414137949861
0.49200021497905905
0.49195892278771325
0.49191753669673505
0.4918760561792778
0.49183448070585023
0.49179280974430767
0.4917510427598398
0.4917091792149608
0.4916672185694984
0.49162516028058334
0.4915830038026388
0.49154074858736924
0.4914983940837503
0.49145593973801766
0.49141338499365644
0.49137072929139025
0.4913279720691709
0.491285112762167
0.49124215080275374
0.4911990856205014
0.49115591664216557
0.4911126432916754
0.4910692649901229
0.4910257811557526
0.4909821912039505
0.4909384945472328
0.4908946905952356
0.4908507787547035
0.49080675842947946
0.49076262902049306
0.49071838992575045
0.49067404054032276
0.49062958025633535
0.49058500846295783
0.49054032454639146
0.49049552788986
0.4904506178735977
0.4904055938748388
0.49036045526780647
0.49031520142370244
0.49026983171069516
0.49022434549390986
0.49017874213541707
0.49013302099422223
0.4900871814262546
0.4900412227843558
0.4899951444182701
0.48994894567463293
0.4899026258969599
0.4898561844256364
0.4898096205979063
0.48976293374786184
0.4897161232064321
0.48966918830137274
0.4896221283572551
0.4895749426954553
0.48952763063414384
0.4894801914882745
0.4894326245695739
0.48938492918653087
0.48933710464438596
0.4892891502451199
0.4892410652874443
0.48919284906679034
0.48914450087529815
0.4890960200018065
0.4890474057318424
0.48899865734761044
0.4889497741279826
0.4889007553484871
0.4888516002812993
0.4888023081952303
0.488752878355717
0.4887033100248119
0.48865360246117256
0.488603754920052
0.48855376665328787
0.4885036369092927
0.48845336493304425
0.48840294996607414
0.48835239124645946
0.48830168800881196
0.4882508394842684
0.48819984490048035
0.4881487034816051
0.48809741444829524
0.48804597701768976
0.48799439040340353
0.48794265381551816
0.48789076646057317
0.48783872754155516
0.4877865362578895
0.48773419180543054
0.4876816933764532
0.4876290401596419
0.487576231340084
0.48752326609925833
0.487470143615028
0.4874168630616307
0.4873634236096698
0.4873098244261059
0.4872560646742486
0.4872021435137468
0.4871480601005809
0.4870938135870547
0.48703940312178645
0.486984827849701
0.48693008691202155
0.4868751794462616
0.4868201045862166
0.48676486146195763
0.4867094491998213
0.4866538669224041
0.4865981137485538
0.4865421887933623
0.4864860911681585
0.4864298199805008
0.48637337433417016
0.48631675332916285
0.4862599560616838
0.4862029816241403
0.48614582910513404
0.4860884975894562
0.48603098615807994
0.4859732938881548
0.4859154198530003
0.4858573631220995
0.4857991227610945
0.4857406978317789
0.48568208739209423
0.48562329049612274
0.4855643061940832
0.4855051335323256
0.4854457715533259
0.48538621929568176
0.4853264757941069
0.48526654007942743
0.48520641117857777
0.48514608811459564
0.4850855699066185
0.48502485556987984
0.4849639441157053
0.48490283455150934
0.4848415258807921
0.48478001710313573
0.4847183072142023
0.4846563952057301
0.4845942800655326
0.48453196077749416
0.4844694363215694
0.4844067056737813
0.4843437678062181
0.4842806216870331
0.4842172662804431
0.48415370054672696
0.48408992344222496
0.48402593391933807
0.48396173092652817
0.48389731340831654
0.4838326803052852
0.48376783055407657
0.4837027630873943
0.4836374768340036
0.48357197071873287
0.4835062436624743
0.4834402945821862
0.48337412239089445
0.4833077259976937
0.48324110430775113
0.4831742562223085
0.4831071806386844
0.4830398764502783
0.4829723425465734
0.4829045778131408
0.4828365811316428
0.48276835137983787
0.4826998874315852
0.4826311881568491
0.48256225242170503
0.48249307908834416
0.48242366701508016
0.48235401505635417
0.4822841220627427
0.48221398688096323
0.4821436083538825
0.48207298532052256
0.48200211661606984
0.48193100107188286
0.4818596375155003
0.48178802477065097
0.4817161616572618
0.4816440469914683
0.4815716795856239
0.4814990582483112
0.4814261817843513
0.48135304899481623
0.4812796586770397
0.48120600962462895
0.4811321006274777
0.4810579304717777
0.4809834979400328
0.4809088018110719
0.4808338408600632
0.48075861385852814
0.48068311957435644
0.48060735677182087
0.4805313242115935
0.4804550206507613
0.4803784448428426
0.48030159553780427
0.48022447148207914
0.4801470714185836
0.48006939408673577
0.47999143822247536
0.47991320255828135
0.4798346858231929
0.4797558867428297
0.47967680403941154
0.4795974364317808
0.4795177826354234
0.47943784136249135
0.4793576113218254
0.47927709121897843
0.47919627975623885
0.4791151756326558
0.479033777544063
0.47895208418310486
0.4788700942392616
0.4787878063988771
0.4787052193451845
0.4786223317583348
0.47853914231542416
0.47845564969052395
0.47837185255470865
0.47828774957608655
0.47820333941983006
0.47811862074820705
0.478033592220612
0.47794825249359874
0.47786260022091315
0.47777663405352666
0.47769035263967086
0.4776037546248716
0.47751683865198447
0.4774296033612314
0.4773420473902366
0.4772541693740647
0.4771659679452579
0.4770774417338753
0.47698858936753186
0.4768994094714382
0.4768099006684418
0.47672006157906777
0.47662989082156126
0.47653938701193
0.47644854876398796
0.47635737468939887
0.4762658633977218
0.47617401349645605
0.47608182359108764
0.47598929228513676
0.4758964181802046
0.4758031998760224
0.47570963597050064
0.47561572505977834
0.47552146573827475
0.4754268565987396
0.47533189623230654
0.47523658322854506
0.47514091617551457
0.4750448936598191
0.47494851426666235
0.4748517765799041
0.474754679182116
0.474657220654641
0.47455939957764964
0.47446121453020157
0.4743626640903036
0.47426374683497163
0.4741644613402922
0.474064806181485
0.4739647799329656
0.4738643811684102
0.47376360846082105
0.47366246038259086
0.47356093550557066
0.47345903240113696
0.47335674964026014
0.47325408579357303
0.47315103943144193
0.47304760912403687
0.4729437934414039
0.4728395909535371
0.47273500023045206
0.4726300198422616
0.4725246483592489
0.47241888435194535
0.4723127263912068
0.47220617304829143
0.4720992228949391
0.47199187450345004
0.47188412644676636
0.4717759772985528
0.47166742563327946
0.47155847002630497
0.47144910905396065
0.47133934129363514
0.47122916532386117
0.4711185797244011
0.4710075830763359
0.47089617396215355
0.470784350965838
0.47067211267295983
0.47055945767076807
0.470446384548282
0.4703328918963842
0.4702189783079156
0.47010464237776917
0.46998988270298636
0.46987469788285424
0.4697590865190026
0.4696430472155031
0.4695265785789686
0.4694096792186532
0.469292347746554
0.4691745827775136
0.4690563829293223
0.4689377468228228
0.468818673082015
0.468699160334162
0.46857920720989577
0.4684588123433264
0.4683379743721493
0.4682166919377546
0.46809496368533815
0.4679727882640119
0.4678501643269163
0.46772709053133255
0.4676035655387969
0.467479588015215
0.4673551566309771
0.46723027006107465
0.4671049269852172
0.46697912608795
0.4668528660587734
0.46672614559226167
0.466598963388184
0.4664713181516259
0.46634320859310996
0.4662146334287202
0.46608559138022454
0.4659560811751997
0.4658261015471564
0.46569565123566453
0.46556472898648094
0.46543333355167593
0.46530146368976166
0.4651691181658218
0.46503629575163946
0.464902995225829
0.4647692153739664
0.46463495498872115
0.46450021286998844
0.46436498782502195
0.4642292786685686
0.46409308422300144
0.46395640331845556
0.4638192347929635
0.46368157749259126
0.4635434302715753
0.46340479199245954
0.46326566152623383
0.4631260377524716
0.4629859195594699
0.46284530584438827
0.4627041955133884
0.462562587481776
0.4624204806741402
0.46227787402449605
0.4621347664764261
0.4619911569832232
0.4618470445080321
0.46170242802399364
0.461557306514388
0.46141167897277835
0.46126554440315504
0.46111890182008075
0.46097175024883424
0.46082408872555636
0.460675916297395
0.46052723202265083
0.46037803497092306
0.46022832422325544
0.4600780988722827
0.45992735802237655
0.45977610078979236
0.45962432630281636
0.4594720337019107
0.4593192221398622
0.4591658907819282
0.4590120388059833
0.4588576654026667
0.4587027697755284
0.45854735114117645
0.4583914087294237
0.4582349417834346
0.4580779495598706
0.45792043132903787
0.45776238637503275
0.45760381399588773
0.4574447135037177
0.45728508422486436
0.45712492550004297
0.45696423668448566
0.4568030171480877
0.45664126627555013
0.4564789834665246
0.45631616813575665
0.45615281971322796
0.4559889376443001
0.4558245213898553
0.4556595704264386
0.45549408424639903
0.45532806235802886
0.45516150428570423
0.45499440957002407
0.45482677776794816
0.4546586084529349
0.45448990121507815
0.4543206556612434
0.4541508714152037
0.4539805481177727
0.45380968542693995
0.4536382830180025
0.4534663405836971
0.4532938578343309
0.45312083449791174
0.45294727032027626
0.4527731650652179
0.4525985185146141
0.452423330468551
0.45224760074544834
0.4520713291821827
0.451894515634209
0.45171715997568174
0.45153926209957407
0.45136082191779636
0.45118183936131173
0.4510023143802531
0.4508222469440362
0.450641637041472
0.45046048468087774
0.45027878989018655
0.45009655271705584
0.4499137732289726
0.44973045151335855
0.4495465876776739
0.44936218184951743
0.44917723417672756
0.4489917448274787
0.44880571399037866
0.4486191418745622
0.4484320287097842
0.4482443747465088
0.448056180256
0.4478674455304066
0.4476781708828478
0.4474883566474958
0.44729800317965623
0.4471071108558468
0.44691568007387394
0.44672371125290733
0.44653120483355085
0.446338161277914
0.4461445810696791
0.4459504647141662
0.4457558127383973
0.44556062569115595
0.44536490414304686
0.4451686486865513
0.44497185993608146
0.4447745385280305
0.44457668512082293
0.4443783003949599
0.4441793850530631
0.44397993981991607
0.443779965442503
0.4435794626900449
0.4433784323540323
0.44317687524825683
0.44297479220883923
0.4427721840942542
0.4425690517853538
0.4423653961853864
0.4421612182200149
0.4419565188373306
0.4417512990078643
0.44154555972459586
0.4413393020029591
0.44113252688084603
0.44092523541860507
0.44071742869904
0.44050910782740277
0.4403002739313858
0.44009092816110934
0.43988107168910723
0.4396707057103091
0.4394598314420194
0.43924845012389346
0.43903656301791105
0.4388241714083464
0.4386112766017347
0.43839787992683615
0.43818398273459674
0.4379695863981061
0.43775469231255193
0.437539301895171
0.4373234165851976
0.43710703784380894
0.4368901671540663
0.4366728060208543
0.4364549559708164
0.4362366185522867
0.43601779533522006
0.4357984879111169
0.4355786978929467
0.4353584269150678
0.4351376766331426
0.4349164487240516
0.4346947448858036
0.43447256683744145
0.43424991631894616
0.434026795091137
0.4338032049355689
0.4335791476544261
0.4333546250704132
0.4331296390266418
0.4329041913865158
0.43267828403361286
0.43245191887156037
0.43222509782391294
0.43199782283402216
0.4317700958649061
0.4315419188991142
0.43131329393858997
0.43108422300452987
0.43085470813723936
0.4306247513959861
0.4303943548588497
0.4301635206225691
0.42993225080238506
0.42970054753188297
0.42946841296282906
0.4292358492650053
0.42900285862604254
0.42876944325124794
0.4285356053634318
0.4283013472027304
0.42806667102642637
0.4278315791087657
0.42759607374077196
0.42736015723005916
0.42712383190063974
0.42688710009273034
0.4266499641625565
0.4264124264821519
0.4261744894391572
0.4259361554366156
0.4256974268927646
0.42545830624082726
0.42521879592879885
0.4249788984192325
0.4247386161890215
0.42449795172917887
0.42425690754461626
0.4240154861539182
0.42377369008911464
0.4235315218954527
0.4232889841311636
0.4230460793672296
0.42280281018714705
0.4225591791866884
0.42231518897366144
0.4220708421676665
0.4218261413998515
0.4215810893126656
0.4213356885596099
0.42108994180498655
0.42084385172364686
0.4205974210007357
0.42035065233143504
0.4201035484207075
0.4198561119830335
0.41960834574215183
0.4193602524307956
0.41911183479042685
0.41886309557097057
0.41861403753054593
0.41836466343519746
0.41811497605862286
0.4178649781819018
0.41761467259322127
0.4173640620876007
0.4171131494666149
0.41686193753811746
0.4166104291159611
0.4163586270197179
0.416106534074398
0.41585415311016827
0.4156014869620679
0.4153485384697251
0.41509531047707193
0.41484180583205876
0.4145880273863667
0.41433397799512134
0.41407966051660305
0.4138250778119599
0.4135702327449161
0.4133151281814841
0.4130597669896716
0.4128041520391929
0.41254828620117534
0.41229217234786814
0.41203581335235007
0.4117792120882363
0.4115223714293863
0.4112652942496099
0.41100798342237405
0.41075044182050996
0.4104926723159188
0.4102346777792788
0.4099764610797508
0.40971802508468536
0.4094593726593289
0.4092005066665309
0.4089414299664503
0.4086821454162619
0.4084226558698655
0.40816296417759135
0.4079030731859098
0.40764298573713853
0.407382704669152
0.4071222328150902
0.40686157300306863
0.4066007280558883
0.40633970079074727
0.40607849401895124
0.40581711054562614
0.40555555316943087
0.40529382468227115
0.4050319278690136
0.4047698655072005
0.4045076403667667
0.404245255209756
0.40398271279003845
0.40372001585303074
0.4034571671354134
0.4031941693648544
0.40293102525972846
0.40266773752884155
0.4024043088711545
0.40214074197550786
0.40187703952034803
0.40161320417345586
0.4013492385916743
0.4010851454206389
0.40082092729450924
0.40055658683570117
0.4002921266546213
0.4000275493494021
0.39976285750563834
0.39949805369612595
0.3992331404806012
0.3989681204054818
0.39870299600360937
0.39843776979399415
0.3981724442815601
0.39790702195689187
0.3976415052959842
0.39737589675999163
0.3971101987949813
0.39684441383168534
0.3965785442852576
0.396312592555029
0.39604656102426755
0.3957804520599375
0.3955142680124627
0.395248011215488
0.3949816839856476
0.3947152886223297
0.3944488274074473
0.394182302605208
0.3939157164618866
0.3936490712056001
0.3933823690460826
0.3931156121744641
0.3928488027630504
0.3925819429651038
0.39231503491462716
0.39204808072614916
0.39178108249451093
0.39151404229465514
0.39124696218141686
0.390979844189316
0.39071269033235195
0.39044550260379957
0.39017828297600765
0.3899110334001987
0.3896437558062711
0.38937645210260236
0.3891091241758548
0.38884177389078334
0.3885744030900445
0.3883070135940072
0.3880396072005658
0.3877721856849551
0.38750475079956687
0.3872373042737679
0.3869698478137206
0.38670238310220467
0.3864349117984406
0.38616743553791616
0.38589995593221343
0.385632474568837
0.38536499301104593
0.3850975127976862
0.38483003544302424
0.38456256243658415
0.38429509524298444
0.38402763530177864
0.38376018402729517
0.383492742808481
0.38322531300874596
0.382957895965809
0.3826904929915452
0.3824231053718359
0.3821557343664196
0.38188838120874385
0.38162104710582007
0.3813537332380783
0.3810864407592256
0.3808191707961029
0.3805519244485466
0.38028470278924953
0.380017506863624
0.37975033768966626
0.37948319625782206
0.37921608353085445
0.3789490004437118
0.37868194790339815
0.3784149267888437
0.37814793795077845
0.37788098221160443
0.3776140603652727
0.3773471731771578
0.3770803213839361
0.3768135056934642
0.37654672678465906
0.37627998530737844
0.37601328188230265
0.3757466171008188
0.37547999152490363
0.37521340568700956
0.37494686008995043
0.3746803552067888
0.3744138914807237
0.37414746932498033
0.3738810891226995
0.3736147512268284
0.3733484559600119
0.3730822036144866
0.37281599445197144
0.372549828703564
0.372283706569634
0.37201762821971923
0.37175159379242184
0.37148560339530434
0.371219657104787
0.37095375496604777
0.37068789699291765
0.3704220831677829
0.3701563134414827
0.36989058773320965
0.369624905930411
0.3693592678886888
0.36909367343170185
0.368828122351067
0.3685626144062623
0.36829714932452795
0.36803172680077006
0.36776634649746354
0.3675010080445546
0.3672357110393655
0.36697045504649695
0.3667052395977322
0.3664400641919414
0.3661749282949853
0.3659098313396188
0.3656447727253962
0.365379751818574
0.36511476795201603
0.36484982042509667
0.36458490850360625
0.36432003141965297
0.36405518837156825
0.3637903785238103
0.36352560100686615
0.36326085491715726
0.3629961393169402
0.36273145323421113
0.362466795662608
0.362202165561312
0.3619375618549503
0.36167298343349813
0.36140842915217836
0.3611438978313638
0.36087938825647714
0.3606148991778906
0.36035042931082595
0.3600859773352534
0.3598215418957895
0.3595571216015963
0.35929271502627796
0.35902832070777735
0.35876393714827337
0.35849956281407597
0.358235196135521
0.357970835506865
0.3577064792861784
0.35744212579523904
0.35717777331942474
0.35691342010760396
0.35664906437202665
0.3563847042882158
0.35612033799485493
0.3558559635936775
0.35559157914935485
0.355327182689382
0.35506277220396504
0.3547983456459048
0.35453390093048237
0.35426943593534216
0.3540049485003738
0.35374043642759495
0.35347589748103103
0.35321132938659516
0.352946729831967
0.35268209646647153
0.35241742690095457
0.3521527187076593
0.3518879694201023
0.35162317653294545
0.351358337501871
0.3510934497434527
0.350828510635027
0.35056351751456283
0.3502984676805311
0.3500333583917727
0.34976818686736566
0.34950295028649064
0.34923764578829686
0.3489722704717652
0.3487068213955723
0.34844129557795184
0.34817568999655596
0.34791000158831537
0.347644227249298
0.3473783638345681
0.34711240815804256
0.34684635699234717
0.3465802070686723
0.34631395507662727
0.34604759766409315
0.3457811314370756
0.345514552959557
0.3452478587533458
0.3449810452979281
0.34471410903031513
0.34444704634489237
0.3441798535932663
0.34391252708411135
0.3436450630830154
0.34337745781232554
0.34310970745099123
0.3428418081344093
0.34257375595426565
0.34230554695837845
0.3420371771505403
0.34176864249035743
0.34149993889309294
0.3412310622295051
0.3409620083256881
0.34069277296291045
0.3404233518774548
0.34015374076045557
0.3398839352577377
0.33961393096965536
0.33934372345092767
0.339073308210479
0.3388026807112739
0.338531836370157
0.3382607705576886
0.3379894785979835
0.3377179557685478
0.3374461973001171
0.337174198376495
0.33690195413439045
0.3366294596632582
0.3363567100051359
0.33608370015448574
0.3358104250580341
0.3355368796146118
0.3352630586749974
0.3349889570417582
0.3347145694690948
0.3344398906626852
0.3341649152795308
0.3338896379278019
0.33361405316668774
0.3333381555062441
0.3330619394072454
0.3327853992810359
0.33250852948938536
0.332231324344344
0.33195377810810045
0.3316758849928415
0.33139763916061454
0.3311190347231914
0.33084006574193525
0.3305607262276693
0.3302810101405489
0.330000911389936
0.3297204238342766
0.3294395412809813
0.3291582574863091
0.3288765661552538
0.3285944609414358
0.3283119354469948
0.32802898322248936
0.3277455977667979
0.32746177252702546
0.32717750089841313
0.3268927762242554
0.3266075917958167
0.3263219408522585
0.3260358165805682
0.3257492121154937
0.325462120539484
0.3251745348826348
0.3248864481226418
0.32459785318475676
0.32430874294175277
0.32401911021389534
0.32372894776891936
0.3234382483220143
0.32314700453581446
0.3228552090204006
0.3225628543333046
0.3222699329795262
0.321976437411554
0.32168236002940004
0.32138769318063753
0.3210924291604517
0.3207965602116979
0.3205000785249712
0.32020297623868316
0.31990524543915094
0.31960687816069666
0.31930786638575676
0.31900820204500296
0.3187078770174756
0.318406883130726
0.31810521216097426
0.3178028558332779
0.317499805821713
0.3171960537495686
0.31689159118955623
0.3165864096640311
0.3162805006452285
0.31597385555551516
0.31566646576765534
0.31535832260509244
0.3150494173422453
0.3147397412048233
0.31442928537015546
0.3141180409675379
0.313805999078598
0.31349315073767803
0.3131794869322346
0.3128649986032597
0.31254967664571814
0.3122335119090077
0.31191649519743553
0.31159861727071975
0.31127986884450803
0.3109602405909206
0.3106397231391127
0.3103183070758619
0.3099959829461778
0.3096727412539338
0.3093485724625244
0.309023466995547
0.3086974152375074
0.30837040753455247
0.3080424341952276
0.3077134854912616
0.3073835516583778
0.3070526228971341
0.3067206893737893
0.30638774122120105
0.3060537685397496
0.3057187613982932
0.30538270983515525
0.30504560385913887
0.3047074334505759
0.30436818856240616
0.3040278591212906
0.30368643502875614
0.30334390616237566
0.3030002623769804
0.3026554935059086
0.3023095893622889
0.3019625397403594
0.3016143344168228
0.30126496315224016
0.30091441569245897
0.3005626817700825
0.30020975110597514
0.29985561341080846
0.29950025838664546
0.2991436757285656
0.2987858551263299
0.29842678626608815
0.2980664588321251
0.29770486250865147
0.2973419869816355
0.2969778219406778
0.29661235708092926
0.2962455821050532
0.29587748672523073
0.29550806066521135
0.2951372936624079
0.29476517547003594
0.29439169585930064
0.2940168446216267
0.29364061157093724
0.29326298654597627
0.2928839594126796
0.29250352006659164
0.2921216584353295
0.2917383644810939
0.29135362820322785
0.29096743964082233
0.2905797888753687
0.2901906660334607
0.28980006128954083
0.28940796486869674
0.2890143670495049
0.2886192581669187
0.2882226286152081
0.2878244688509423
0.2874247693960217
0.28702352084075466
0.28662071384698234
0.2862163391512473
0.2858103875680089
0.28540284999290383
0.2849937174060497
0.28458298087539474
0.284170631560109
0.2837566607140199
0.28334105968908785
0.2829238199389253
0.2825049330223558
0.28208439060701085
0.28166218447296887
0.2812383065164281
0.28081274875342005
0.28038550332355494
0.2799565624938049
0.27952591866231813
0.2790935643622665
0.278659492265722
0.27822369518756496
0.277786166089418
0.27734689808360724
0.27690588443714753
0.27646311857575107
0.2760185940878571
0.27557230472868083
0.27512424442428146
0.27467440727564296
0.27422278756277074
0.2737693797488
0.2733141784841119
0.27285717861045866
0.27239837516509285
0.27193776338489944
0.2714753387105285
0.2710110967905258
0.27054503348545766
0.2700771448720312
0.2696074272472026
0.26913587713227216
0.26866249127696795
0.2681872666635071
0.26771020051063965
0.26723129027766646
0.26675053366843177
0.26626792863528603
0.26578347338301545
0.26529716637273715
0.2648090063257535
0.2643189922273671
0.26382712333064906
0.26333339916015874
0.2628378195156139
0.2623403844755042
0.26184109440064757
0.2613399499376855
0.26083695202251367
0.2603321018836452
0.2598254010455005
0.25931685133162696
0.25880645486783693
0.2582942140852666
0.25778013172335046
0.25726421083270784
0.2567464547779392
0.25622686724032795
0.2557054522204447
0.25518221404065305
0.2546571573475087
0.2541302871140562
0.25360160864201164
0.2530711275638368
0.2525388498446951
0.2520047817842904
0.25146893001858467
0.25093130152139165
0.25039190360584457
0.2498507439257328
0.24930783047671073
0.24876317159736844
0.24821677597016928
0.24766865262224763
0.2471188109260662
0.24656726059993067
0.2460140117083602
0.2454590746623126
0.24490246021925796
0.24434417948310688
0.24378424390398667
0.24322266527786301
0.24265945574601075
0.2420946277943289
0.24152819425250138
0.24096016829299946
0.2403905634299292
0.2398193935177211
0.2392466727496607
0.23867241565626363
0.23809663710348988
0.23751935229080162
0.23694057674906333
0.23636032633828305
0.23577861724519927
0.23519546598070787
0.23461088937713578
0.23402490458536132
0.23343752907177756
0.23284878061510592
0.2322586773030581
0.23166723752884866
0.23107447998755967
0.23048042367235932
0.22988508787057738
0.22928849215963704
0.22869065640284877
0.2280916007450656
0.22749134560820392
0.22688991168663114
0.2262873199424249
0.2256835916005045
0.22507874814363887
0.22447281130733263
0.22386580307459594
0.22325774567059958
0.222648661557217
0.22203857342746156
0.22142750419981733
0.22081547701247078
0.2202025152174454
0.21958864237464198
0.21897388224579206
0.21835825878832388
0.2177417961491484
0.21712451865836757
0.21650645082290965
0.21588761732009512
0.2152680429911378
0.21464775283458593
0.21402677199970582
0.213405125779814
0.2127828396055613
0.2121599390381732
0.21153644976265087
0.2109123975809379
0.2102878084050546
0.20966270825020847
0.20903712322788034
0.20841107953889365
0.20778460346647026
0.20715772136927682
0.20653045967446618
0.20590284487071694
0.2052749035012784
0.2046466621570195
0.20401814746949315
0.20338938610401253
0.20276040475274815
0.20213123012784875
0.20150188895458776
0.20087240796454178
0.20024281388880394
0.19961313345123327
0.19898339336174897
0.19835362030966766
0.1977238409570897
0.19709408193233888
0.19646436982345553
0.19583473117174965
0.19520519246541473
0.1945757801332068
0.1939465205381899
0.19331743997155373
0.1926885646465023
0.1920599206922197
0.19143153414791395
0.1908034309569412
0.1901756369610127
0.1895481778944887
0.1889210793787583
0.18829436691670895
0.18766806588728888
0.18704220154016216
0.18641679899045818
0.1857918832136205
0.18516747904035114
0.18454361115165785
0.1839203040740003
0.18329758217454176
0.18267546965650172
0.18205399055461635
0.18143316873070303
0.18081302786933406
0.18019359147361536
0.17957488286107715
0.17895692515967188
0.17833974130388172
0.17772335403093953
0.17710778587715664
0.1764930591743641
0.175879196046466
0.1752662184061023
0.1746541479514252
0.17404300616298618
0.1734328143007351
0.1728235934011311
0.1722153642743638
0.17160814750168726
0.17100196343286245
0.17039683218371243
0.16979277363378592
0.16918980742412978
0.16858795295517154
0.16798722938470947
0.16738765562600932
0.16678925034600867
0.16619203196362667
0.16559601864817808
0.16500122831789263
0.164407678638536
0.16381538702213383
0.1632243706257963
0.1626346463506425
0.16204623084082337
0.1614591404826432
0.16087339140377566
0.16028899947257708
0.15970598029749172
0.1591243492265506
0.15854412134696125
0.15796531148478674
0.15738793420471411
0.15681200380990934
0.1562375343419571
0.1556645395808855
0.1550930330452741
0.15452302799244103
0.15395453741871098
0.15338757405976175
0.15282215039104619
0.15225827862828928
0.15169597072805957
0.15113523838841142
0.15057609304959732
0.15001854589485053
0.14946260785123233
0.14890828959054667
0.14835560153031793
0.14780455383483054
0.1472551564162303
0.14670741893568368
0.14616135080459486
0.14561696118587913
0.14507425899528983
0.14453325290279817
0.14399395133402484
0.14345636247171953
0.1429204942572898
0.14238635439237585
0.14185395034047024
0.14132328932858007
0.14079437834893266
0.140267224160719
0.13974183329187873
0.13921821204091958
0.13869636647877528
0.13817630245069523
0.1376580255781689
0.1371415412608809
0.13662685467869565
0.13611397079367146
0.13560289435210163
0.13509362988658138
0.13458618171809855
0.13408055395814844
0.13357675051087078
0.13307477507520638
0.13257463114707296
0.1320763220215608
0.1315798507951428
0.13108522036790232
0.13059243344577434
0.1301014925427999
0.1296123999833937
0.12912515790462117
0.12863976825848672
0.1281562328142305
0.12767455316063323
0.12719473070832604
0.1267167666921094
0.1262406621732734
0.12576641804192387
0.12529403501931047
0.12482351366015725
0.12435485435499341
0.12388805733248509
0.12342312266176578
0.12296005025476534
0.12249883986853678
0.12203949110757917
0.12158200342615752
0.12112637613061761
0.12067260838169448
0.12022069919681627
0.11977064745239999
0.11932245188614013
0.11887611109928951
0.11843162355893047
0.11798898760023709
0.11754820142872782
0.11710926312250661
0.11667217063449398
0.1162369217946447
0.1158035143121562
0.11537194577766066
0.11494221366540716
0.11451431533542815
0.11408824803569292
0.1136640089042468
0.11324159497133389
0.11282100316150669
0.11240223029571877
0.11198527309340127
0.11157012817452482
0.11115679206164245
0.11074526118191755
0.1103355318691333
0.10992760036568586
0.10952146282455803
0.10911711531127752
0.10871455380585333
0.10831377420469838
0.10791477232252913
0.10751754389424872
0.107122084576811
0.10672838995106454
0.10633645552357845
0.10594627672844714
0.10555784892907764
0.10517116741995534
0.10478622742839114
0.10440302411624797
0.10402155258164819
0.10364180786065988
0.10326378492896428
0.10288747870350229
0.1025128840441007
0.1021399957550789
0.1017688085868351
0.10139931723741198
0.10103151635404242
0.10066540053467546
0.10030096432948063
0.09993820224233402
0.09957710873228279
0.09921767821498975
0.09885990506415906
0.09850378361293953
0.09814930815531092
0.0977964729474478
0.09744527220906507
0.09709570012474321
0.0967477508452338
0.09640141848874571
0.09605669714221188
0.09571358086253601
0.09537206367782125
0.09503213958857815
0.09469380256891491
0.09435704656770773
0.09402186550975324
0.09368825329690134
0.09335620380916977
0.09302571090584053
0.09269676842653778
0.09236937019228764
0.0920435100065597
0.09171918165629084
0.091396378912892
0.09107509553323576
0.09075532526062788
0.09043706182576136
0.090120298947653
0.0898050303345628
0.08949124968489768
0.08917895068809707
0.08886812702550315
0.08855877237121426
0.08825088039292267
0.08794444475273554
0.08763945910798095
0.08733591711199742
0.08703381241490936
0.08673313866438531
0.08643388950638295
0.08613605858587778
0.08583963954757756
0.08554462603662272
0.08525101169927124
0.08495879018357004
0.08466795514001191
0.08437850022217899
0.08409041908737197
0.08380370539722647
0.08351835281831502
0.08323435502273692
0.08295170568869416
0.08267039850105529
0.08239042715190562
0.08211178534108643
0.08183446677671982
0.0815584651757233
0.0812837742643112
0.08101038777848446
0.08073829946450944
0.08046750307938395
0.08019799239129324
0.07992976118005443
0.07966280323754894
0.07939711236814598
0.0791326823891134
0.07886950713101994
0.07860758043812505
0.07834689616876062
0.07808744819570099
0.07782923040652395
0.07757223670396218
0.0773164610062444
0.07706189724742726
0.07680853937771905
0.0765563813637927
0.0763054171890907
0.07605564085412143
0.07580704637674603
0.07555962779245744
0.0753133791546508
0.07506829453488552
0.07482436802313938
0.07458159372805466
0.07433996577717643
0.07409947831718341
0.07386012551411053
0.07362190155356482
0.073384800640934
0.07314881700158757
0.07291394488107061
0.07268017854529171
0.07244751228070294
0.07221594039447421
0.07198545721466015
0.0717560570903614
0.07152773439187901
0.07130048351086338
0.07107429886045602
0.07084917487542672
0.07062510601230398
0.07040208674949981
0.07018011158742943
0.06995917504862516
0.06973927167784472
0.06952039604217469
0.06930254273112837
0.06908570635673932
0.06886988155364857
0.06865506297918873
0.06844124531346188
0.06822842325941333
0.06801659154290125
0.06780574491276088
0.06759587814086518
0.0673869860221809
0.06717906337482031
0.06697210504008924
0.06676610588253017
0.06656106078996302
0.06635696467352019
0.06615381246767937
0.06595159913029158
0.06575031964260673
0.06554996900929413
0.06535054225846126
0.06515203444166823
0.06495444063393842
0.0647577559337675
0.06456197546312772
0.06436709436747044
0.06417310781572406
0.06398001100029128
0.06378779913704122
0.06359646746530014
0.06340601124783916
0.06321642577085901
0.063027706343973
0.06283984830018582
0.06265284699587217
0.062466697810750996
0.0622813961478583
0.06209693743351767
0.06191331711730859
0.06173053067203202
0.06154857359367467
0.06136744140137074
0.061187129637361753
0.06100763386695455
0.06082894967847713
0.060651072683233
0.06047399851545355
0.06029772283224846
0.060122241313555105
0.0599475496620855
0.05977364360327187
0.05960051888521155
0.05942817127860861
0.05925659657671593
0.059085790595274475
0.05891574917245159
0.05874646816877875
0.05857794346708648
0.058410170972439356
0.0582431466120692
0.05807686633530718
0.05791132611351475
0.05774652194001352
0.05758244983001422
0.057419105820544276
0.05725648597037488
0.057094586359946395
0.05693340309129375
0.05677293228797005
0.05661317009496997
0.05645411267865205
0.05629575622666008
0.056138096947843996
0.055981131072179814
0.05582485485068901
0.05566926455535709
0.05551435647905164
0.0553601269354395
0.055206572258903734
0.0550536888044596
0.054901472947670525
0.054749921084562635
0.054599029631540036
0.05444879502529826
0.054299213722738694
0.05415028220088108
0.05400199695677694
0.05385435450742184
0.05370735138966745
0.05356098416013323
0.05341524939511828
0.05327014369051193
0.05312566366170511
0.05298180594350049
0.052838567190023375
0.05269594407463122
0.052553933289824065
0.0524125315471541
0.052271735577135235
0.05213154212915225
0.05199194797137077
0.051852949890645664
0.051714544692430406
0.051576729200686164
0.05143950025779034
0.051302854724445665
0.051166789479588824
0.05103130142029921
0.05089638746170757
0.050762044536904784
0.050628269596850475
0.050495059610281896
0.05036241156362227
0.05023032246089015
0.05009878932360753
0.04996780919070941
