0.5648031634174979
0.6214585403556908
0.5994178045117423
0.5798961377494867
0.5634723092694088
0.5502800338644146
0.540110814831059
0.5325371110177379
0.5270479046980182
0.5231499713125322
0.5204220277309652
0.5185313169986426
0.5172283589790567
0.5163325832762223
0.5157163770102275
0.5152909955104472
0.5149953875545492
0.5147878529531075
0.5146400402636262
0.5145327282416832
0.514452905718051
0.5143917703526812
0.5143433661116699
0.5143036595891515
0.5142699155469876
0.5142402754444404
0.5142134732232235
0.5141886437047988
0.5141651933976251
0.5141427133334202
0.514120920201399
0.5140996165387205
0.5140786637600908
0.5140579638448728
0.5140374468686486
0.5140170624860774
0.5139967740901051
0.5139765547881199
0.5139563846150286
0.5139362485911971
0.5139161353597295
0.5138960362228533
0.5138759444547185
0.5138558548068141
0.5138357631485435
0.5138156662033787
0.5137955613531779
0.5137754464915644
0.5137553199129632
0.5137351802278127
0.5137150262971953
0.5136948571820154
0.5136746721031902
0.5136544704102587
0.5136342515564758
0.5136140150789551
0.513593760582762
0.5135734877281253
0.513553196220122
0.5135328858003324
0.5135125562400779
0.5134922073349262
0.5134718389002233
0.5134514507674532
0.5134310427812698
0.5134106147970746
0.5133901666790383
0.5133696982984833
0.5133492095325627
0.5133287002631781
0.5133081703760951
0.513287619760219
0.5132670483070008
0.5132464559099534
0.5132258424642518
0.5132052078664084
0.5131845520140056
0.5131638748054761
0.5131431761399243
0.5131224559169786
0.51310171403667
0.5130809503993344
0.5130601649055294
0.5130393574559685
0.5130185279514653
0.5129976762928887
0.5129768023811252
0.5129559061170483
0.5129349874014925
0.5129140461352328
0.5128930822189672
0.5128720955533013
0.5128510860387365
0.5128300535756607
0.5128089980643381
0.5127879194049032
0.5127668174973539
0.5127456922415462
0.5127245435371901
0.5127033712838451
0.5126821753809169
0.5126609557276539
0.5126397122231453
0.5126184447663173
0.5125971532559321
0.5125758375905847
0.5125544976687013
0.5125331333885376
0.5125117446481768
0.5124903313455283
0.512468893378325
0.5124474306441229
0.512425943040299
0.5124044304640502
0.5123828928123907
0.5123613299821522
0.5123397418699812
0.5123181283723381
0.5122964893854953
0.5122748248055369
0.5122531345283559
0.5122314184496536
0.5122096764649386
0.5121879084695242
0.5121661143585282
0.512144294026871
0.512122447369274
0.5121005742802589
0.5120786746541456
0.5120567483850511
0.5120347953668889
0.512012815493366
0.5119908086579825
0.5119687747540307
0.5119467136745929
0.5119246253125399
0.5119025095605305
0.5118803663110095
0.5118581954562063
0.5118359968881335
0.5118137704985861
0.511791516179139
0.5117692338211468
0.5117469233157418
0.5117245845538324
0.5117022174261023
0.5116798218230083
0.5116573976347802
0.5116349447514177
0.5116124630626903
0.5115899524581355
0.5115674128270573
0.5115448440585249
0.511522246041371
0.5114996186641908
0.5114769618153405
0.5114542753829355
0.5114315592548498
0.5114088133187138
0.5113860374619129
0.5113632315715867
0.5113403955346268
0.5113175292376761
0.511294632567127
0.51127170540912
0.5112487476495421
0.5112257591740257
0.5112027398679471
0.5111796896164246
0.5111566083043182
0.5111334958162265
0.5111103520364866
0.5110871768491723
0.5110639701380923
0.5110407317867895
0.5110174616785382
0.5109941596963443
0.5109708257229432
0.510947459640797
0.5109240613320957
0.5109006306787536
0.5108771675624084
0.5108536718644201
0.5108301434658692
0.5108065822475558
0.5107829880899969
0.5107593608734262
0.5107357004777922
0.5107120067827563
0.5106882796676921
0.5106645190116832
0.5106407246935223
0.5106168965917088
0.5105930345844489
0.5105691385496526
0.5105452083649332
0.5105212439076048
0.5104972450546817
0.5104732116828773
0.510449143668601
0.5104250408879579
0.5104009032167472
0.5103767305304608
0.5103525227042813
0.5103282796130802
0.5103040011314179
0.5102796871335408
0.51025533749338
0.5102309520845506
0.5102065307803492
0.5101820734537528
0.5101575799774173
0.5101330502236763
0.5101084840645389
0.5100838813716886
0.5100592420164819
0.5100345658699466
0.5100098528027798
0.5099851026853472
0.5099603153876818
0.5099354907794804
0.5099106287301047
0.509885729108578
0.509860791783584
0.509835816623466
0.5098108034962245
0.5097857522695157
0.5097606628106509
0.5097355349865935
0.5097103686639588
0.5096851637090117
0.5096599199876657
0.5096346373654802
0.5096093157076603
0.509583954879055
0.5095585547441545
0.5095331151670899
0.5095076360116317
0.509482117141187
0.5094565584187991
0.5094309597071452
0.5094053208685358
0.509379641764912
0.5093539222578444
0.5093281622085319
0.5093023614777994
0.5092765199260975
0.5092506374134989
0.5092247137996982
0.509198748944011
0.5091727427053705
0.5091466949423271
0.509120605513047
0.5090944742753095
0.5090683010865064
0.50904208580364
0.5090158282833217
0.5089895283817708
0.5089631859548114
0.5089368008578727
0.5089103729459864
0.5088839020737849
0.5088573880955003
0.5088308308649628
0.5088042302355984
0.5087775860604281
0.508750898192066
0.5087241664827173
0.5086973907841774
0.5086705709478301
0.508643706824645
0.508616798265178
0.5085898451195673
0.5085628472375334
0.5085358044683772
0.508508716660978
0.5084815836637917
0.5084544053248501
0.5084271814917587
0.508399912011695
0.5083725967314066
0.5083452354972108
0.5083178281549915
0.5082903745501984
0.5082628745278456
0.508235327932509
0.5082077346083257
0.5081800943989917
0.5081524071477606
0.5081246726974417
0.5080968908903991
0.5080690615685487
0.5080411845733583
0.5080132597458439
0.5079852869265704
0.5079572659556479
0.5079291966727314
0.5079010789170184
0.5078729125272482
0.5078446973416986
0.507816433198186
0.5077881199340628
0.507759757386216
0.5077313453910656
0.5077028837845631
0.5076743724021892
0.5076458110789528
0.507617199649389
0.5075885379475583
0.5075598258070435
0.5075310630609489
0.5075022495418989
0.5074733850820357
0.5074444695130181
0.5074155026660196
0.507386484371727
0.5073574144603382
0.5073282927615617
0.5072991191046131
0.5072698933182154
0.5072406152305959
0.5072112846694854
0.5071819014621162
0.5071524654352202
0.5071229764150278
0.5070934342272657
0.507063838697156
0.5070341896494132
0.5070044869082437
0.5069747302973442
0.506944919639899
0.5069150547585791
0.5068851354755407
0.5068551616124227
0.506825132990346
0.5067950494299112
0.5067649107511967
0.506734716773758
0.5067044673166252
0.5066741621983016
0.506643801236762
0.5066133842494507
0.506582911053281
0.5065523814646316
0.5065217952993468
0.5064911523727337
0.5064604524995608
0.5064296954940564
0.5063988811699071
0.5063680093402553
0.506337079817699
0.5063060924142886
0.5062750469415259
0.5062439432103625
0.506212781031198
0.5061815602138782
0.5061502805676937
0.5061189419013779
0.5060875440231054
0.5060560867404905
0.5060245698605852
0.5059929931898776
0.5059613565342906
0.5059296596991796
0.5058979024893313
0.505866084708962
0.5058342061617151
0.5058022666506606
0.5057702659782924
0.5057382039465277
0.5057060803567037
0.5056738950095778
0.5056416477053242
0.5056093382435332
0.5055769664232093
0.5055445320427695
0.5055120349000416
0.505479474792262
0.5054468515160748
0.5054141648675299
0.5053814146420804
0.5053486006345829
0.5053157226392929
0.5052827804498659
0.5052497738593541
0.5052167026602049
0.5051835666442599
0.5051503656027517
0.5051170993263044
0.5050837676049297
0.5050503702280261
0.505016906984378
0.504983377662152
0.5049497820488972
0.5049161199315424
0.5048823910963944
0.5048485953291367
0.5048147324148274
0.5047808021378978
0.5047468042821499
0.5047127386307562
0.504678604966256
0.5046444030705555
0.5046101327249248
0.5045757937099963
0.5045413858057638
0.5045069087915801
0.5044723624461552
0.5044377465475547
0.504403060873198
0.504368305199857
0.5043334793036534
0.5042985829600577
0.5042636159438874
0.5042285780293045
0.5041934689898155
0.504158288598267
0.504123036626846
0.5040877128470778
0.5040523170298232
0.5040168489452783
0.5039813083629705
0.5039456950517598
0.5039100087798336
0.5038742493147077
0.503838416423223
0.5038025098715442
0.5037665294251572
0.5037304748488689
0.5036943459068038
0.5036581423624036
0.5036218639784236
0.5035855105169328
0.5035490817393103
0.5035125774062453
0.5034759972777338
0.5034393411130771
0.5034026086708805
0.5033657997090508
0.5033289139847947
0.5032919512546177
0.5032549112743201
0.5032177937989979
0.503180598583039
0.5031433253801214
0.5031059739432128
0.5030685440245667
0.5030310353757222
0.5029934477475014
0.502955780890007
0.5029180345526212
0.5028802084840036
0.5028423024320889
0.5028043161440853
0.5027662493664724
0.5027281018449993
0.5026898733246827
0.5026515635498052
0.5026131722639127
0.5025746992098125
0.5025361441295721
0.5024975067645165
0.5024587868552264
0.5024199841415361
0.5023810983625315
0.5023421292565482
0.5023030765611696
0.5022639400132243
0.5022247193487845
0.5021854143031641
0.5021460246109162
0.502106550005831
0.5020669902209343
0.5020273449884844
0.5019876140399715
0.5019477971061137
0.5019078939168568
0.5018679042013701
0.501827827688046
0.5017876641044975
0.5017474131775551
0.5017070746332654
0.5016666481968887
0.5016261335928968
0.501585530544971
0.5015448387759993
0.5015040580080746
0.5014631879624927
0.5014222283597487
0.5013811789195368
0.5013400393607461
0.5012988094014593
0.5012574887589502
0.5012160771496806
0.5011745742892998
0.5011329798926399
0.5010912936737151
0.5010495153457184
0.5010076446210198
0.5009656812111632
0.5009236248268646
0.5008814751780093
0.500839231973649
0.5007968949220001
0.500754463730441
0.5007119381055086
0.5006693177528974
0.500626602377455
0.5005837916831816
0.5005408853732252
0.5004978831498808
0.5004547847145865
0.5004115897679215
0.5003682980096036
0.500324909138485
0.5002814228525521
0.5002378388489198
0.5001941568238314
0.5001503764726539
0.5001064974898758
0.500062519569105
0.5000184424030641
0.4999742656835899
0.4999299891016282
0.4998856123472325
0.49984113510955996
0.49979655707686904
0.4997518779365165
0.49970709737495345
0.49966221507772357
0.49961723072945946
0.49957214401387867
0.49952695461378244
0.4994816622110505
0.4994362664866392
0.49939076712057745
0.49934516379196453
0.4992994561789656
0.49925364395880906
0.4992077268077829
0.49916170440123175
0.49911557641355275
0.49906934251819285
0.49902300238764496
0.49897655569344457
0.4989300021061657
0.4988833412954184
0.49883657292984396
0.4987896966771122
0.4987427122039174
0.4986956191759741
0.4986484172580146
0.49860110611378433
0.4985536854060375
0.49850615479653493
0.49845851394603824
0.49841076251430744
0.49836290016009666
0.49831492654114884
0.49826684131419374
0.4982186441349426
0.49817033465808386
0.4981219125372805
0.49807337742516344
0.4980247289733304
0.49797596683233813
0.49792709065170115
0.497878100079886
0.4978289947643061
0.49777977435131965
0.49773043848622256
0.4976809868132456
0.4976314189755495
0.4975817346152198
0.497531933373263
0.49748201488960064
0.4974319788030666
0.49738182475140025
0.49733155237124244
0.49728116129813127
0.4972306511664958
0.49718002160965247
0.4971292722597989
0.4970784027480097
0.4970274127042309
0.49697630175727503
0.4969250695348155
0.496873715663382
0.4968222397683545
0.49677064147395805
0.49671892040325805
0.49666707617815375
0.4966151084193737
0.4965630167464689
0.49651080077780874
0.49645846013057454
0.49640599442075345
0.4963534032631331
0.4963006862712961
0.49624784305761327
0.4961948732332389
0.4961417764081033
0.49608855219090797
0.49603520018911884
0.49598172000896035
0.49592811125540914
0.4958743735321877
0.49582050644175824
0.4957665095853162
0.4957123825627836
0.4956581249728025
0.495603736412729
0.49554921647862615
0.495494564765257
0.49543978086607854
0.4953848643732342
0.49532981487754785
0.49527463196851557
0.49521931523429996
0.4951638642617223
0.4951082786362559
0.4950525579420183
0.49499670176176436
0.49494070967687975
0.4948845812673723
0.49482831611186484
0.49477191378758856
0.49471537387037495
0.4946586959346475
0.49460187955341495
0.49454492429826363
0.4944878297393486
0.49443059544538714
0.49437322098364933
0.49431570591995144
0.49425804981864707
0.49420025224261926
0.4941423127532721
0.49408423091052295
0.4940260062727931
0.49396763839700114
0.49390912683855226
0.4938504711513315
0.49379167088769493
0.4937327255984598
0.4936736348328972
0.4936143981387228
0.4935550150620877
0.4934954851475696
0.49343580793816433
0.49337598297527635
0.49331600979870976
0.493255887946659
0.4931956169557
0.49313519636078024
0.49307462569521
0.49301390449065274
0.49295303227711523
0.4928920085829386
0.4928308329347884
0.4927695048576447
0.4927080238747926
0.4926463895078126
0.49258460127657044
0.4925226586992068
0.49246056129212823
0.4923983085699962
0.49233590004571764
0.49227333523043393
0.4922106136335117
0.49214773476253126
0.4920846981232777
0.49202150321972893
0.4919581495540463
0.4918946366265639
0.4918309639357769
0.4917671309783323
0.4917031372490175
0.4916389822407493
0.4915746654445633
0.4915101863496035
0.4914455444431103
0.49138073921041003
0.4913157701349045
0.49125063669805824
0.4911853383793892
0.491119874656456
0.4910542450048479
0.49098844889817217
0.4909224858080439
0.49085635520407356
0.49079005655385655
0.4907235893229603
0.4906569529749143
0.49059014697119724
0.49052317077122565
0.4904560238323422
0.49038870560980435
0.490321215556772
0.49025355312429597
0.4901857177613056
0.4901177089145974
0.4900495260288231
0.489981168546477
0.4899126359078845
0.48984392755118994
0.48977504291234425
0.489705981425093
0.48963674252096423
0.4895673256292563
0.489497730177025
0.4894279555890726
0.4893580012879338
0.4892878666938652
0.48921755122483196
0.48914705429649546
0.489076375322201
0.48900551371296574
0.48893446887746567
0.4888632402220237
0.4887918271505969
0.4887202290647642
0.48864844536371377
0.48857647544423083
0.4885043187006844
0.488431974525016
0.488359442306726
0.4882867214328612
0.4882138112880037
0.4881407112542566
0.4880674207112325
0.4879939390360404
0.4879202656032741
0.4878463997849986
0.48777234095073857
0.4876980884674656
0.4876236416995847
0.487549000008924
0.4874741627547202
0.48739912929360735
0.4873238989796045
0.4872484711641025
0.48717284519585263
0.4870970204209537
0.4870209961828402
0.4869447718222695
0.48686834667731005
0.4867917200833294
0.48671489137298196
0.4866378598761965
0.4865606249201644
0.4864831858293285
0.48640554192536933
0.4863276925271952
0.4862496369509291
0.4861713745098973
0.48609290451461834
0.48601422627279006
0.4859353390892791
0.48585624226610924
0.4857769351024497
0.4856974168946039
0.48561768693599866
0.48553774451717185
0.48545758892576296
0.4853772194465005
0.4852966353611923
0.485215835948714
0.48513482048499856
0.48505358824302564
0.48497213849281134
0.484890470501397
0.4848085835328399
0.48472647684820236
0.4846441497055422
0.48456160135990217
0.4844788310633009
0.4843958380647226
0.4843126216101077
0.4842291809423433
0.4841455153012544
0.4840616239235942
0.48397750604303486
0.48389316089015955
0.48380858769245316
0.48372378567429364
0.4836387540569441
0.483553492058544
0.4834679988941015
0.4833822737754855
0.48329631591141803
0.48321012450746637
0.4831236987660359
0.4830370378863632
0.48295014106450873
0.4828630074933497
0.4827756363625748
0.48268802685867634
0.48260017816494505
0.4825120894614634
0.48242375992510067
0.48233518872950676
0.48224637504510715
0.4821573180390979
0.48206801687544054
0.481978470714858
0.48188867871482943
0.48179864002958683
0.48170835381011096
0.48161781920412755
0.48152703535610386
0.4814360014072461
0.48134471649549637
0.4812531797555297
0.48116139031875266
0.4810693473132998
0.4809770498640343
0.48088449709254405
0.48079168811714257
0.4806986220528667
0.4806052980114771
0.48051171510145735
0.48041787242801487
0.48032376909308006
0.48022940419530863
0.4801347768300816
0.4800398860895066
0.4799447310624206
0.4798493108343911
0.47975362448771935
0.479657671101442
0.47956144975133574
0.4794649595099196
0.4793681994464593
0.4792711686269721
0.4791738661142302
0.47907629096776655
0.47897844224388064
0.4788803189956435
0.47878192027290434
0.47868324512229704
0.4785842925872472
0.4784850617079803
0.4783855515215276
0.47828576106173704
0.4781856893592797
0.4780853354416607
0.4779846983332274
0.4778837770551804
0.4777825706255837
0.47768107805937576
0.47757929836838037
0.47747723056131974
0.4773748736438258
0.4772722266184531
0.4771692884846931
0.47706605823898657
0.47696253487473966
0.47685871738233676
0.47675460474915726
0.4766501959595908
0.47654548999505386
0.47644048583400633
0.4763351824519696
0.4762295788215434
0.47612367391242494
0.4760174666914285
0.4759109561225038
0.4758041411667565
0.4756970207824701
0.47558959392512506
0.47548185954742245
0.47537381659930533
0.4752654640279824
0.4751568007779509
0.4750478257910211
0.47493853800634167
0.4748289363604236
0.47471901978716735
0.47460878721788946
0.4744982375813493
0.4743873698037767
0.47427618280890105
0.47416467551798014
0.47405284684982973
0.4739406957208543
0.47382822104507727
0.4737154217341743
0.473602296697504
0.4734888448421415
0.4733750650729128
0.47326095629242837
0.4731465174011183
0.4730317472972685
0.47291664487705676
0.4728012090345898
0.4726854386619415
0.47256933264919093
0.4724528898844626
0.4723361092539647
0.472218989642032
0.4721015299311653
0.4719837290020746
0.471865585733722
0.47174709900336464
0.4716282676866004
0.47150909065741103
0.4713895667882103
0.47126969494988874
0.471149474011862
0.47102890284211907
0.47090798030727066
0.4707867052725992
0.4706650766021092
0.4705430931585794
0.47042075380361303
0.4702980573976924
0.4701750028002317
0.47005158886963133
0.46992781446333365
0.4698036784378785
0.4696791796489608
0.46955431695148686
0.4694290891996348
0.46930349524691184
0.4691775339462162
0.4690512041498961
0.46892450470981367
0.46879743447740596
0.4686699923037492
0.4685421770396226
0.468413987535574
0.4682854226419848
0.46815648120913794
0.468027162087285
0.46789746412671496
0.46776738617782293
0.4676369270911802
0.46750608571760693
0.4673748609082423
0.467243251514618
0.4671112563887311
0.46697887438312
0.4668461043509383
0.4667129451460319
0.4665793956230155
0.4664454546373508
0.46631112104542516
0.4661763937046312
0.46604127147344754
0.4659057532115202
0.46576983777974407
0.46563352404034697
0.4654968108569731
0.4653596970947682
0.4652221816204643
0.465084263302468
0.46494594101094605
0.4648072136179145
0.46466807999732823
0.4645285390251698
0.4643885895795409
0.46424823054075504
0.46410746079142756
0.46396627921657163
0.463824684703691
0.46368267614287545
0.4635402524268965
0.46339741245130506
0.46325415511452733
0.46311047931796534
0.46296638396609385
0.46282186796656255
0.46267693023029527
0.46253156967159326
0.46238578520823614
0.4622395757615861
0.4620929402566921
0.4619458776223946
0.46179838679143026
0.4616504667005408
0.46150211629057764
0.46135333450661165
0.4612041202980413
0.4610544726187023
0.46090439042697817
0.4607538726859108
0.4606029183633126
0.46045152643187937
0.46029969586930275
0.4601474256583846
0.4599947147871517
0.4598415622489714
0.459687967042667
0.4595339281726351
0.45937944464896296
0.45922451548754584
0.4590691397102071
0.458913316344816
0.4587570444254092
0.4586003229923101
0.4584431510922512
0.4582855277784949
0.45812745211095646
0.4579689231563273
0.4578099399881978
0.4576505016871821
0.45749060734104197
0.45733025604481325
0.4571694469009301
0.45700817901935187
0.45684645151769016
0.4566842635213349
0.4565216141635833
0.4563585025857665
0.45619492793737904
0.4560308893762072
0.4558663860684589
0.45570141718889245
0.455535981920947
0.45537007945687313
0.4552037089978635
0.45503686975418356
0.4548695609453027
0.4547017818000269
0.4545335315566289
0.4543648094629822
0.45419561477669157
0.45402594676522695
0.45385580470605535
0.45368518788677453
0.4535140956052447
0.4533425271697231
0.45317048189899667
0.45299795912251506
0.4528249581805248
0.4526514784242023
0.45247751921578755
0.4523030799287171
0.4521281599477585
0.45195275866914314
0.4517768755006996
0.45160050986198685
0.45142366118442856
0.4512463289114446
0.45106851249858493
0.45089021141366226
0.4507114251368838
0.45053215316098477
0.45035239499136026
0.4501721501461959
0.4499914181566004
0.4498101985667367
0.44962849093395274
0.44944629482891096
0.4492636098357197
0.44908043555206256
0.4488967715893267
0.44871261757273234
0.44852797314146103
0.44834283794878305
0.4481572116621837
0.44797109396349194
0.44778448454900394
0.44759738312961
0.44740978943091847
0.44722170319337984
0.4470331241724096
0.4468440521385111
0.4466544868773975
0.4464644281901113
0.44627387589314615
0.44608282981856445
0.4458912898141167
0.4456992557433584
0.44550672748576575
0.4453137049368527
0.4451201880082838
0.4449261766279886
0.44473167074027276
0.4445366703059309
0.44434117530235506
0.44414518572364475
0.4439487015807143
0.44375172290139875
0.44355424973056023
0.44335628213019124
0.44315782017951777
0.4429588639750999
0.4427594136309331
0.442559469278545
0.44235903106709445
0.44215809916346654
0.441956673752366
0.4417547550364114
0.4415523432362254
0.44134943859052433
0.4411460413562074
0.4409421518084413
0.4407377702407465
0.44053289696507936
0.4403275323119146
0.4401216766303231
0.4399153302880519
0.4397084936715985
0.43950116718628623
0.4392933512563359
0.43908504632493695
0.43887625285431475
0.43866697132579946
0.4384572022398883
0.43824694611631027
0.4380362034940849
0.4378249749315828
0.43761326100658077
0.43740106231631704
0.43718837947754335
0.4369752131265747
0.43676156391933874
0.43654743253142003
0.4363328196581047
0.43611772601442095
0.43590215233517937
0.43568609937500835
0.4354695679083896
0.43525255872968993
0.43503507265319064
0.434817110513116
0.4345986731636572
0.4343797614789956
0.434160376353322
0.43394051870085587
0.43372018945585855
0.433499389572648
0.43327812002560734
0.433056381809193
0.4328341759379404
0.4326115034464657
0.4323883653894657
0.4321647628417154
0.43194069689806314
0.4317161686734213
0.431491179302757
0.43126572994107815
0.4310398217634175
0.43081345596481435
0.4305866337602924
0.43035935638483624
0.43013162509336467
0.4299034411607005
0.4296748058815385
0.42944572057041075
0.42921618656164756
0.4289862052093386
0.42875577788728764
0.4285249059889674
0.42829359092747055
0.42806183413545684
0.4278296370651
0.427597001188029
0.427363927995268
0.42713041899717347
0.42689647572336875
0.4266620997226739
0.4264272925630354
0.426192055831451
0.4259563911338925
0.4257203000952262
0.42548378435912926
0.42524684558800396
0.42500948546289
0.424771705683372
0.4245335079674863
0.4242948940516227
0.42405586569042575
0.4238164246566917
0.423576572741263
0.4233363117529201
0.42309564351827056
0.42285456988163495
0.422613092704931
0.4223712138675543
0.42212893526625506
0.42188625881501496
0.42164318644491894
0.42139972010402504
0.42115586175723213
0.42091161338614347
0.42066697698892974
0.4204219545801877
0.420176548190796
0.41993075986777106
0.4196845916741167
0.4194380456886739
0.41919112400596686
0.41894382873604724
0.4186961620043347
0.41844812595145553
0.4181997227330807
0.4179509545197575
0.4177018234967428
0.41745233186383024
0.4172024818351797
0.4169522756391388
0.41670171551806656
0.4164508037281529
0.41619954253923624
0.4159479342346182
0.415695981110877
0.41544368547767885
0.4151910496575857
0.41493807598586274
0.41468476681028216
0.41443112449092634
0.41417715139998745
0.41392284992156664
0.41366822245147017
0.413413271397004
0.4131579991767664
0.41290240822043844
0.4126465009685739
0.4123902798723852
0.4121337473935295
0.41187690600389226
0.41161975818536933
0.41136230642964694
0.4111045532379804
0.4108465011209719
0.41058815259834536
0.4103295101987212
0.4100705764593878
0.4098113539260742
0.4095518451527187
0.40929205270123814
0.4090319791412945
0.408771627050061
0.40851099901198706
0.40825009761856057
0.40798892546807186
0.40772748516537416
0.40746577932164285
0.40720381055413635
0.40694158148595266
0.40667909474578695
0.4064163529676885
0.4061533587908155
0.4058901148591889
0.40562662382144815
0.40536288833060224
0.40509891104378315
0.4048346946219976
0.40457024172987727
0.4043055550354301
0.40404063720979005
0.4037754909269663
0.403510118863593
0.4032445236986767
0.4029787081133461
0.4027126747905987
0.40244642641504885
0.40217996567267605
0.40191329525057073
0.40164641783668176
0.40137933611956444
0.40111205278812584
0.4008445705313727
0.4005768920381576
0.40030901999692625
0.40004095709546444
0.3997727060206447
0.3995042694581741
0.3992356500923414
0.3989668506057646
0.39869787367913934
0.39842872199098633
0.39815939821740187
0.39788990503180444
0.3976202451046858
0.3973504211033608
0.39708043569171697
0.39681029152996666
0.39653999127439765
0.3962695375771261
0.3959989330858483
0.39572818044359614
0.395457282288489
0.3951862412534909
0.39491505996616416
0.39464374104842787
0.39437228711631456
0.3941007007797285
0.3938289846422047
0.39355714130067015
0.3932851733452036
0.39301308335879914
0.3927408739171279
0.39246854758830424
0.39219610693264956
0.391923554502459
0.39165089284177024
0.3913781244861312
0.3911052519623706
0.39083227778836904
0.3905592044728313
0.3902860345150613
0.3900127704047354
0.38973941462168116
0.3894659696356522
0.38919243790611024
0.388918821882004
0.38864512400155204
0.3883713466920245
0.3880974923695307
0.3878235634388036
0.38754956229298715
0.38727549131342753
0.38700135286946297
0.38672714931821534
0.3864528830043861
0.38617855626004977
0.3859041714044531
0.38562973074381124
0.3853552365711114
0.3850806911659117
0.3848060967941467
0.3845314557079318
0.3842567701453708
0.3839820423303637
0.38370727447241815
0.38343246876646014
0.3831576273926481
0.38288275251618886
0.38260784628715444
0.38233291084029986
0.3820579482948852
0.38178296075449647
0.38150795030687074
0.38123291902372086
0.3809578689605629
0.3806828021565467
0.380407720634285
0.38013262639968687
0.37985752144179147
0.37958240773260554
0.37930728722693935
0.3790321618622479
0.37875703355847096
0.3784819042178765
0.37820677572490513
0.3779316499460178
0.3776565287295417
0.3773814139055215
0.37710630728557093
0.3768312106627254
0.37655612581129694
0.37628105448673016
0.37600599842546234
0.375730959344781
0.37545593894268636
0.37518093889775467
0.37490596086900213
0.37463100649575143
0.3743560773975004
0.3740811751737901
0.3738063014040762
0.37353145764760254
0.37325664544327347
0.37298186630953045
0.37270712174422915
0.37243241322451703
0.37215774220671427
0.3718831101261947
0.3716085183972678
0.3713339684130649
0.3710594615454227
0.3707849991447708
0.3705105825400208
0.3702362130384542
0.3699618919256148
0.36968762046519976
0.3694133998989535
0.3691392314465611
0.36886511630554586
0.3685910556511648
0.36831705063630704
0.3680431023913927
0.3677692120242738
0.3674953806201342
0.36722160924139363
0.3669478989276093
0.3666742506953815
0.3664006655382576
0.36612714442663924
0.36585368830768866
0.3655802981052363
0.3653069747196904
0.36503371902794535
0.3647605318832927
0.36448741411533214
0.36421436652988215
0.3639413899088928
0.3636684850103592
0.36339565256823436
0.3631228932923431
0.36285020786829736
0.36257759695741043
0.3623050611966122
0.3620326011983666
0.3617602175505861
0.36148791081655013
0.3612156815348197
0.36094353021915654
0.36067145735844036
0.36039946341658496
0.36012754883245773
0.3598557140197963
0.35958395936712756
0.3593122852376849
0.35904069196932586
0.3587691798744509
0.35849774923992095
0.35822640032697534
0.35795513337114826
0.3576839485821879
0.3574128461439721
0.35714182621442553
0.3568708889254365
0.3566000343827729
0.3563292626659976
0.3560585738283838
0.3557879678968299
0.35551744487177367
0.3552470047271055
0.3549766474100817
0.3547063728412364
0.3544361809142934
0.35416607149607654
0.3538960444264204
0.3536260995180781
0.3533562365566308
0.3530864553003944
0.3528167554803254
0.35254713679992644
0.35227759893515054
0.3520081415343039
0.35173876421794764
0.3514694665787984
0.351200248181628
0.35093110856316045
0.3506620472319693
0.350393063668373
0.35012415732432817
0.34985532762332106
0.3495865739602607
0.3493178957013649
0.34904929218404956
0.3487807627168139
0.3485123065791237
0.3482439230212948
0.3479756112643724
0.34770737050000927
0.3474391998903431
0.3471710985678701
0.34690306563531825
0.34663510016551613
0.34636720120126313
0.3460993677551934
0.3458315988096416
0.34556389331650234
0.3452962501970909
0.34502866834199913
0.34476114661094964
0.3444936838326487
0.3442262788046342
0.34395893029312247
0.34369163703285366
0.3434243977269315
0.3431572110466632
0.3428900756313943
0.34262299008834224
0.3423559529924271
0.3420889628860974
0.34182201827915576
0.34155511764857927
0.3412882594383382
0.3410214420592108
0.340754663888595
0.3404879232703177
0.3402212185144397
0.33995454789705776
0.3396879096601036
0.3394213020111393
0.33915472312314937
0.3388881711343282
0.3386216441478659
0.3383551402317299
0.3380886574184412
0.33782219370485
0.3375557470519046
0.33728931538441875
0.3370228965908344
0.33675648852297985
0.33649008899582533
0.33622369578723366
0.33595730663770856
0.33569091925013556
0.3354245312895231
0.33515814038273606
0.3348917441182271
0.33462534004576383
0.33435892567615044
0.3340924984809466
0.3338260558921804
0.3335595953020595
0.3332931140626755
0.3330266094857048
0.33276007884210596
0.3324935193618109
0.33222692823341404
0.3319603026038534
0.3316936395780916
0.33142693621878877
0.33116018954597226
0.33089339653670263
0.33062655412473324
0.3303596592001665
0.3300927086091059
0.3298256991533013
0.3295586275897921
0.32929149063054464
0.32902428494208424
0.3287570071451242
0.3284896538141886
0.3282222214772308
0.327954706615249
0.3276871056618935
0.32741941500307403
0.3271516309765577
0.32688374987156554
0.32661576792836405
0.32634768133784975
0.32607948624113264
0.3258111787291128
0.3255427548420529
0.32527421056914635
0.3250055418480815
0.3247367445646004
0.32446781455205426
0.3241987475909537
0.323929539408515
0.3236601856782031
0.3233906820192681
0.3231210239962806
0.3228512071186602
0.32258122684020285
0.3223110785586013
0.3220407576149644
0.321770259293331
0.32149957882018143
0.3212287113639445
0.32095765203450116
0.32068639588268616
0.32041493789978437
0.32014327301702644
0.3198713961050795
0.3195993019735364
0.3193269853704018
0.3190544409815757
0.3187816634303349
0.3185086472768126
0.318235387017475
0.3179618770845974
0.3176881118457378
0.31741408560320905
0.3171397925935516
0.31686522698700154
0.3165903828869627
0.3163152543294739
0.3160398352826793
0.31576411964629586
0.3154881012510842
0.31521177385831756
0.3149351311592518
0.3146581667745985
0.31438087425399736
0.31410324707549225
0.3138252786450068
0.31354696229582574
0.31326829128807704
0.31298925880821704
0.3127098579685209
0.3124300818065755
0.3121499232847768
0.3118693752898341
0.3115884306322767
0.3113070820459683
0.3110253221876269
0.310743143636352
0.3104605388931583
0.31017750038051806
0.3098940204419097
0.30961009134137957
0.3093257052631071
0.30904085431098594
0.30875553050821136
0.30846972579688087
0.3081834320376069
0.3078966410091415
0.30760934440801246
0.3073215338481782
0.3070332008606911
0.3067443368933817
0.306454933310555
0.30616498139270554
0.30587447233625054
0.3055833972532801
0.3052917471713275
0.3049995130331593
0.30470668569658743
0.30441325593430185
0.3041192144337266
0.30382455179689977
0.3035292585403785
0.30323332509516826
0.30293674180668045
0.30263949893471676
0.3023415866534821
0.3020429950516282
0.3017437141323268
0.3014437338133757
0.301143043927338
0.3008416342217139
0.30053949435914973
0.3002366139176831
0.29993298239102395
0.29962858918887747
0.2993234236373037
0.29901747497912184
0.2987107323743544
0.29840318490071677
0.2980948215541518
0.2977856312494097
0.2974756028206775
0.297164725022256
0.2968529865292884
0.2965403759385386
0.29622688176922735
0.2959124924639162
0.2955971963894536
0.29528098183797397
0.2949638370279581
0.29464575010535293
0.2943267091447515
0.2940067021506381
0.29368571705869595
0.29336374173718105
0.2930407639883642
0.29271677155003967
0.292391752097105
0.29206569324321274
0.29173858254249274
0.29141040749135044
0.29108115553033964
0.2907508140461118
0.29041937037344456
0.29008681179734697
0.28975312555524857
0.2894182988392681
0.289082318798565
0.288745172541777
0.28840684713954123
0.28806732962710163
0.2877266070070053
0.28738466625188713
0.28704149430734194
0.2866970780948895
0.2863514045150285
0.2860044604503853
0.2856562327689523
0.28530670832742255
0.28495587397461725
0.2846037165550075
0.2842502229123321
0.2838953798933107
0.2835391743514527
0.28318159315096186
0.2828226231707381
0.2824622513084745
0.28210046448485177
0.2817372496478283
0.2813725937770254
0.28100648388820987
0.2806389070378701
0.28026985032788704
0.2798993009103002
0.2795272459921653
0.27915367284050474
0.2787785687873486
0.2784019212348677
0.27802371766059103
0.27764394562271616
0.27726259276549975
0.27687964682473526
0.2764950956333115
0.276108927126852
0.27572112934943116
0.27533169045936656
0.2749405987350852
0.27454784258105813
0.27415341053380493
0.2737572912679622
0.27335947360241425
0.2729599465064807
0.27255869910616176
0.27215572069043364
0.27175100071759245
0.2713445288216409
0.2709362948187181
0.2705262887135617
0.27011450070600507
0.269700921197499
0.2692855407976577
0.2688683503308227
0.26844934084263894
0.2680285036066399
0.2676058301308336
0.26718131216428986
0.2667549417037165
0.26632671100002364
0.2658966125648693
0.26546463917717916
0.2650307838896382
0.2645950400351434
0.2641574012332158
0.26371786139636316
0.2632764147363882
0.26283305577063665
0.26238777932817675
0.2619405805559068
0.26149145492458165
0.261040398234753
0.2605874066226183
0.26013247656576866
0.2596756048888321
0.2592167887690057
0.25875602574146706
0.2582933137046633
0.2578286509254673
0.25736203604419866
0.25689346807949753
0.25642294643305225
0.25595047089416945
0.2554760416441828
0.25499965926069423
0.2545213247216412
0.25404103940918554
0.25355880511341955
0.2530746240358783
0.2525884987928618
0.25210043241855506
0.25161042836794234
0.2511184905195155
0.25062462317776696
0.25012883107546496
0.24963111937570712
0.24913149367374993
0.24862995999860782
0.24812652481442274
0.24762119502159505
0.24711397795767995
0.2466048813980427
0.24609391355627203
0.2455810830843482
0.24506639907256644
0.24454987104921422
0.24403150897999715
0.24351132326722105
0.24298932474872054
0.24246552469654098
0.24193993481536902
0.24141256724071794
0.24088343453686195
0.24035254969452566
0.23981992612832717
0.23928557767397834
0.23874951858524301
0.2382117635306565
0.23767232759000673
0.23713122625058333
0.23658847540319497
0.23604409133795856
0.23549809073986683
0.2349504906841331
0.23440130863132314
0.2338505624222742
0.23329827027280703
0.23274445076823874
0.23218912285769486
0.23163230584823435
0.2310740193987856
0.23051428351390352
0.229953118537352
0.22939054514551915
0.22882658434066847
0.2282612574440347
0.2276945860887724
0.22712659221275858
0.22655729805126135
0.2259867261294774
0.22541489925494992
0.2248418405098671
0.22426757324325497
0.22369212106306635
0.22311550782817807
0.22253775764029782
0.2219588948357913
0.2213789439774383
0.22079792984611912
0.22021587743244514
0.21963281192833398
0.21904875871854296
0.21846374337216232
0.21787779163407667
0.21729092941640332
0.21670318278991335
0.21611457797543887
0.2155251413352788
0.21493489936460378
0.21434387868287189
0.2137521060252563
0.2131596082340946
0.2125664122503648
0.2119725451051928
0.21137803391139762
0.210782905855081
0.21018718818726373
0.20959090821557863
0.20899409329602034
0.20839677082475896
0.207798968230024
0.20720071296405973
0.20660203249515738
0.206002954299772
0.2054035058547214
0.20480371462947697
0.20420360807854623
0.20360321363395306
0.2030025586978172
0.202401670635037
0.2018005767660788
0.20119930435987385
0.2005978806268283
0.19999633271194595
0.1993946876880682
0.19879297254923115
0.198191214204144
0.1975894394697898
0.19698767506514808
0.19638594760504552
0.19578428359413125
0.19518270942097982
0.19458125135232474
0.19397993552741952
0.1933787879525316
0.19277783449556507
0.19217710088081644
0.19157661268386206
0.1909763953265786
0.19037647407229408
0.1897768740210737
0.18917762010513592
0.18857873708440243
0.18798024954217904
0.18738218188096872
0.18678455831841445
0.18618740288337526
0.18559073941212875
0.1849945915447052
0.18439898272134875
0.18380393617910726
0.183209474948547
0.18261562185059402
0.18202239949350008
0.18142983026993045
0.18083793635417564
0.18024673969948254
0.17965626203550603
0.17906652486587796
0.178477549465894
0.17788935688031474
0.1773019679212824
0.17671540316634765
0.17612968295660988
0.17554482739496569
0.1749608563444645
0.17437778942677284
0.17379564602074032
0.17321444526107027
0.17263420603709226
0.17205494699163315
0.1714766865199867
0.1708994427689791
0.17032323363613025
0.16974807676890666
0.16917398956406665
0.16860098916709426
0.1680290924717216
0.16745831611953713
0.16688867649967853
0.1663201897486074
0.1657528717499665
0.1651867381345149
0.164621804280141
0.16405808531195248
0.16349559610243905
0.1629343512717082
0.16237436518779277
0.16181565196702616
0.16125822547448637
0.1607020993245057
0.16014728688124394
0.15959380125932543
0.15904165532453687
0.15849086169458365
0.15794143273990635
0.15739338058455077
0.15684671710709563
0.15630145394163097
0.15575760247879078
0.15521517386683442
0.15467417901277694
0.15413462858356813
0.153596533007315
0.15305990247455153
0.15252474693954982
0.15199107612167292
0.15145889950676913
0.15092822634860403
0.15039906567033023
0.149871426265995
0.1493453167020799
0.14882074531907766
0.14829772023309815
0.1477762493375075
0.14725634030459678
0.1467380005872793
0.146221237420815
0.14570605782456125
0.1451924686037501
0.14468047635128695
0.14417008744957527
0.14366130807236
0.14315414418659378
0.14264860155432235
0.14214468573458777
0.1416424020853495
0.14114175576542254
0.1406427517364304
0.1401453947647731
0.1396496894236075
0.1391556400948429
0.1386632509711443
0.13817252605795063
0.13768346917549973
0.13719608396086436
0.1367103738699943
0.13622634217976828
0.13574399199005005
0.13526332622575082
0.13478434763889796
0.13430705881070554
0.13383146215364936
0.13335755991354498
0.1328853541716271
0.13241484684662938
0.13194603969686655
0.13147893432231395
0.1310135321666887
0.13054983451952767
0.13008784251826347
0.1296275571502985
0.12916897925507514
0.12871210952614195
0.12825694851321554
0.12780349662423732
0.1273517541274253
0.12690172115331852
0.12645339769681593
0.12600678361920817
0.12556187865020185
0.12511868238993434
0.12467719431098252
0.12423741376036071
0.12379933996151068
0.12336297201628076
0.12292830890689502
0.12249534949791342
0.12206409253817913
0.12163453666275609
0.1212066803948543
0.1207805221477431
0.12035606022665343
0.11993329283066617
0.11951221805458853
0.11909283389081729
0.11867513823118923
0.11825912886881591
0.11784480349990833
0.11743215972558345
0.11702119505365932
0.11661190690043532
0.11620429259245628
0.1157983493682632
0.11539407438012855
0.11499146469577565
0.11459051730008436
0.11419122909677953
0.1137935969101041
0.1133976174864777
0.11300328749613776
0.11261060353476587
0.11221956212509653
0.11183015971851158
0.11144239269661674
0.11105625737280263
0.11067174999378855
0.11028886674115132
0.10990760373283522
0.1095279570246475
0.10914992261173587
0.10877349643005002
0.10839867435778591
0.10802545221681373
0.10765382577408848
0.10728379074304523
0.10691534278497522
0.1065484775103877
0.10618319048035353
0.10581947720783247
0.10545733315898359
0.10509675375445945
0.10473773437068296
0.1043802703411082
0.10402435695746434
0.10366998947098366
0.10331716309361132
0.10296587299920179
0.10261611432469551
0.1022678821712818
0.10192117160554436
0.10157597766059086
0.10123229533716674
0.10089011960475229
0.10054944540264442
0.10021026764102331
0.09987258120200124
0.09953638094065786
0.09920166168605904
0.09886841824226006
0.09853664538929385
0.09820633788414374
0.09787749046170151
0.09755009783571032
0.09722415469969156
0.09689965572785891
0.0965765955760156
0.09625496888243959
0.0959347702687513
0.09561599434076973
0.09529863568935232
0.09498268889122245
0.09466814850978164
0.0943550090959082
0.09404326518874287
0.09373291131646021
0.09342394199702639
0.09311635173894449
0.09281013504198567
0.09250528639790769
0.09220180029116079
0.09189967119958016
0.09159889359506651
0.0912994619442531
0.09100137070916144
0.09070461434784385
0.09040918731501438
0.09011508406266802
0.08982229904068702
0.08953082669743684
0.08924066148034915
0.08895179783649441
0.0886642302131431
0.08837795305831478
0.0880929608213172
0.08780924795327405
0.08752680890764208
0.08724563814071706
0.08696573011213038
0.08668707928533398
0.08640968012807566
0.08613352711286486
0.0858586147174269
0.08558493742514944
0.08531248972551725
0.08504126611453902
0.08477126109516336
0.08450246917768661
0.08423488488015084
0.08396850272873269
0.08370331725812455
0.08343932301190424
0.08317651454289934
0.08291488641354003
0.08265443319620573
0.08239514947356189
0.0821370298388895
0.08188006889640619
0.08162426126157914
0.08136960156143108
0.08111608443483698
0.08086370453281519
0.08061245651880936
0.08036233506896401
0.0801133348723921
0.07986545063143649
0.07961867706192345
0.07937300889340979
0.07912844086942261
0.07888496774769357
0.07864258430038502
0.07840128531431069
0.07816106559114994
0.07792191994765535
0.07768384321585454
0.07744683024324558
0.07721087589298677
0.07697597504408049
0.07674212259155096
0.076509313446617
0.0762775425368588
0.07604680480637893
0.07581709521595893
0.07558840874320959
0.07536074038271684
0.07513408514618194
0.07490843806255729
0.07468379417817668
0.07446014855688127
0.07423749628014072
0.07401583244716901
0.07379515217503736
0.0735754505987804
0.07335672287149973
0.07313896416446258
0.07292216966719636
0.07270633458757832
0.07249145415192246
0.07227752360506137
0.07206453821042447
0.07185249325011292
0.07164138402496957
0.0714312058546466
0.07122195407766868
0.07101362405149277
0.07080621115256436
0.07059971077637041
0.07039411833748932
0.07018942926963684
0.069985639025709
0.06978274307782309
0.06958073691735292
0.06937961605496448
0.06917937602064543
0.06898001236373404
0.06878152065294378
0.06858389647638642
0.06838713544159102
0.06819123317552168
0.06799618532459147
0.06780198755467483
0.06760863555111657
0.06741612501873946
0.0672244516818483
0.06703361128423264
0.06684359958916686
0.0666544123794075
0.06646604545718969
0.06627849464422032
0.06609175578166933
0.06590582473015945
0.06572069736975375
0.06553636959994097
0.06535283733961922
0.0651700965270779
0.06498814311997791
0.06480697309532951
0.06462658244946916
0.06444696719803458
0.06426812337593772
0.06409004703733659
0.06391273425560545
0.06373618112330347
0.06356038375214182
0.06338533827294958
0.0632110408356377
0.06303748760916256
0.0628646747814873
0.06269259855954215
0.0625212551691838
0.06235064085515325
0.06218075188103239
0.06201158452919983
0.061843135100785145
0.0616753999156225
0.06150837531220245
0.06134205764762407
0.0611764432975445
0.06101152865612864
0.06084731013599727
0.06068378416817491
0.06052094720203653
0.06035879570525221
0.060197326163733404
0.060036535081576324
0.059876418981005264
0.05971697440231552
0.059558197903815016
0.05940008606176532
0.05924263547032256
0.05908584274147654
0.05892970450499068
0.058774217408340025
0.05861937811664947
0.058465183312631265
0.058311629696521254
0.05815871398601622
0.05800643291620898
0.05785478323952364
0.057703761725651295
0.05755336516148349
0.057403590351046946
0.0572544341154364
0.05710589329274875
0.05695796473801502
0.05681064532313328
0.056663931936800735
0.056517821484445466
0.05637231088815771
0.05622739708662137
0.056083077035044754
0.05593934770509121
0.05579620608480976
0.05565364917856498
0.0555116740069671
0.05537027760680183
0.0552294570309596
0.05508920934836521
0.05494953164390716
0.054810421018366355
0.05467187458834536
0.0545338894861967
0.054396462859952345
0.054259591873251384
0.05412327370526909
0.05398750555064509
0.053852284619411724
0.05371760813692226
0.05358347334377931
0.05344987749576272
0.053316817863757866
0.05318429173368352
0.053052296406420445
0.05292082919773911
0.05278988743822784
0.05265946847322102
0.05252956966272719
0.05240018838135716
0.05227132201825255
0.05214296797701351
0.052015123675627536
0.05188778654639761
0.05176095403587053
0.05163462360476572
0.051508792727903825
0.05138345889413509
0.051258619606268534
0.05113427238100048
0.0510104147488441
0.05088704425405802
0.050764158454575756
0.0506417549219353
0.05051983124120822
0.0503983850109299
0.05027741384302856
0.050156915362756
0.050036887208617
0.0499173270323003
