1.9889197676419128
2.114832294991849
2.026806312801487
2.2347054784389235
2.078308701272915
2.107519577655863
2.0052758558891837
2.429903769280149
2.4197473073332665
2.2576355561071395
2.4509186992532395
2.228143493188973
2.5852156432348474
2.2844854440805142
2.186390050600941
2.227944340943979
2.017031838866691
2.2382575394839175
1.8920822013184693
1.9580302316916016
2.028617915431263
2.1629054049940404
2.5425469782199013
1.9818075903631986
2.3085441212297306
2.0698158337227417
2.2870887911907545
2.495910239723782
1.8779209696029584
2.091157544291764
1.888109013160356
1.8511796068818687
1.9686156901175988
1.3483778318187727
1.47179707887947
1.3685700360037643
1.2158193156503574
1.1761676217159525
1.0584468995636866
1.1653646614765738
1.027773987678721
0.9821425789621707
0.8218507562530475
0.8480501974089147
0.6803170961452762
0.5967498609103132
0.3914814847450914
0.29680112576726037
0.18374315553543666
0.1142160851016037
0.08598264603955263
0.06473033913423751
0.04918641394463121
