0.555685955105928
0.5495000215741197
0.5415863685295967
0.5354530119408537
0.5308223954035955
0.527377613852955
0.5248432408649277
0.5229936213704337
0.5216512204267703
0.5206803161145931
0.5199792532585943
0.5194729974872827
0.519106740771828
0.5188407493805022
0.518646374357045
0.5185030413423852
0.5183960186727278
0.5183147822495223
0.5182518275524033
0.518201811553931
0.5181609354904888
0.5181265022055744
0.5180965993822363
0.518069873232889
0.5180453670207776
0.5180224059605419
0.5180005152514885
0.5179793617553463
0.51795871253296
0.5179384053928813
0.5179183279926093
0.5178984030254197
0.517878577734376
0.5178588165008926
0.5178390956159786
0.5178193995994869
0.5177997186159888
0.5177800466664524
0.5177603803278727
0.5177407178791663
0.5177210586987111
0.5177014028523814
0.5176817508146976
0.5176621032825973
0.517642461053303
0.5176228249462497
0.5176031957550365
0.5175835742196105
0.5175639610118807
0.5175443567300682
0.5175247618985721
0.51750517697117
0.5174856023360823
0.5174660383219406
0.5174464852040346
0.5174269432104496
0.5174074125278671
0.5173878933069062
0.5173683856669471
0.5173488897004354
0.5173294054766769
0.5173099330451592
0.5172904724384421
0.5172710236746565
0.5172515867596605
0.5172321616888906
0.5172127484489479
0.5171933470189539
0.5171739573717078
0.5171545794746721
0.5171352132908126
0.5171158587793105
0.517096515896169
0.5170771845947271
0.5170578648260955
0.5170385565395268
0.5170192596827283
0.5169999742021278
0.5169807000430982
0.5169614371501471
0.5169421854670793
0.5169229449371312
0.5169037155030874
0.516884497107378
0.516865289692161
0.5168460931993916
0.5168269075708823
0.516807732748352
0.5167885686734687
0.5167694152878844
0.5167502725332662
0.5167311403513222
0.5167120186838211
0.5166929074726132
0.5166738066596435
0.5166547161869662
0.5166356359967558
0.5166165660313151
0.516597506233085
0.5165784565446497
0.5165594169087437
0.516540387268255
0.5165213675662313
0.5165023577458815
0.5164833577505795
0.5164643675238674
0.5164453870094565
0.5164264161512298
0.5164074548932429
0.5163885031797262
0.5163695609550857
0.5163506281639034
0.5163317047509395
0.5163127906611316
0.516293885839596
0.5162749902316287
0.516256103782705
0.5162372264384807
0.516218358144792
0.516199498847656
0.5161806484932707
0.516161807028016
0.5161429743984529
0.5161241505513247
0.5161053354335565
0.5160865289922555
0.5160677311747117
0.5160489419283973
0.5160301612009673
0.5160113889402596
0.5159926250942944
0.5159738696112759
0.5159551224395906
0.5159363835278091
0.5159176528246845
0.5158989302791538
0.5158802158403376
0.5158615094575398
0.5158428110802483
0.5158241206581345
0.5158054381410542
0.5157867634790463
0.5157680966223348
0.5157494375213265
0.5157307861266136
0.5157121423889716
0.5156935062593607
0.5156748776889254
0.5156562566289946
0.5156376430310814
0.5156190368468838
0.5156004380282841
0.5155818465273492
0.5155632622963306
0.5155446852876648
0.515526115453973
0.5155075527480604
0.5154889971229184
0.5154704485317216
0.5154519069278313
0.5154333722647921
0.5154148444963345
0.5153963235763734
0.5153778094590091
0.515359302098527
0.5153408014493968
0.5153223074662739
0.515303820103999
0.5152853393175968
0.515266865062278
0.5152483972934383
0.5152299359666581
0.5152114810377029
0.5151930324625238
0.5151745901972562
0.5151561541982214
0.5151377244219251
0.5151193008250583
0.515100883364497
0.5150824719973027
0.5150640666807207
0.5150456673721824
0.5150272740293036
0.5150088866098854
0.5149905050719132
0.5149721293735579
0.5149537594731745
0.5149353953293033
0.514917036900669
0.5148986841461815
0.5148803370249346
0.5148619954962073
0.5148436595194624
0.5148253290543481
0.5148070040606962
0.514788684498523
0.5147703703280296
0.5147520615096005
0.514733758003805
0.5147154597713957
0.5146971667733099
0.5146788789706683
0.5146605963247757
0.5146423187971205
0.5146240463493744
0.5146057789433932
0.5145875165412157
0.5145692591050639
0.5145510065973433
0.5145327589806427
0.5145145162177331
0.5144962782715692
0.514478045105288
0.5144598166822095
0.5144415929658359
0.5144233739198515
0.5144051595081235
0.5143869496947007
0.514368744443814
0.5143505437198767
0.5143323474874827
0.5143141557114084
0.5142959683566112
0.5142777853882294
0.5142596067715832
0.5142414324721729
0.5142232624556803
0.5142050966879669
0.5141869351350753
0.5141687777632282
0.5141506245388281
0.5141324754284577
0.5141143303988791
0.514096189417034
0.5140780524500437
0.514059919465208
0.5140417904300062
0.5140236653120961
0.5140055440793139
0.513987426699674
0.5139693131413692
0.5139512033727701
0.5139330973624248
0.5139149950790586
0.5138968964915746
0.5138788015690523
0.5138607102807482
0.5138426225960951
0.5138245384847029
0.5138064579163557
0.5137883808610153
0.5137703072888178
0.5137522371700749
0.5137341704752733
0.5137161071750743
0.5136980472403139
0.5136799906420022
0.513661937351323
0.5136438873396343
0.5136258405784665
0.5136077970395241
0.5135897566946838
0.5135717195159949
0.513553685475679
0.5135356545461295
0.5135176266999115
0.5134996019097613
0.5134815801485865
0.5134635613894649
0.513445545605645
0.513427532770545
0.5134095228577533
0.5133915158410274
0.5133735116942937
0.513355510391648
0.5133375119073538
0.5133195162158426
0.5133015232917145
0.5132835331097361
0.513265545644841
0.5132475608721302
0.5132295787668704
0.5132115993044941
0.5131936224605999
0.5131756482109514
0.5131576765314769
0.5131397073982691
0.5131217407875852
0.5131037766758455
0.513085815039634
0.5130678558556976
0.5130498991009456
0.5130319447524496
0.5130139927874425
0.512996043183319
0.5129780959176347
0.5129601509681052
0.5129422083126067
0.512924267929175
0.5129063297960048
0.5128883938914499
0.5128704601940228
0.5128525286823933
0.5128345993353891
0.5128166721319951
0.5127987470513526
0.5127808240727595
0.5127629031756689
0.5127449843396894
0.5127270675445847
0.5127091527702728
0.5126912399968255
0.5126733292044683
0.5126554203735789
0.512637513484689
0.5126196085184809
0.5126017054557893
0.5125838042775996
0.5125659049650484
0.5125480074994218
0.5125301118621551
0.5125122180348342
0.5124943259991923
0.5124764357371111
0.5124585472306202
0.5124406604618964
0.5124227754132624
0.5124048920671875
0.5123870104062866
0.5123691304133198
0.512351252071191
0.512333375362949
0.5123155002717852
0.5122976267810349
0.5122797548741748
0.5122618845348242
0.5122440157467434
0.5122261484938336
0.5122082827601362
0.5121904185298322
0.5121725557872416
0.5121546945168233
0.5121368347031738
0.5121189763310274
0.512101119385255
0.5120832638508641
0.5120654097129973
0.5120475569569332
0.5120297055680842
0.5120118555319972
0.5119940068343524
0.5119761594609623
0.5119583133977724
0.5119404686308595
0.5119226251464313
0.5119047829308262
0.5118869419705119
0.511869102252086
0.5118512637622743
0.511833426487931
0.5118155904160369
0.5117977555337005
0.5117799218281559
0.5117620892867631
0.5117442578970066
0.5117264276464955
0.5117085985229626
0.511690770514263
0.5116729436083755
0.5116551177933996
0.5116372930575563
0.511619469389187
0.5116016467767532
0.5115838252088352
0.5115660046741317
0.51154818516146
0.5115303666597537
0.511512549158064
0.511494732645557
0.5114769171115146
0.5114591025453332
0.5114412889365232
0.5114234762747081
0.5114056645496238
0.5113878537511184
0.5113700438691512
0.5113522348937919
0.51133442681522
0.5113166196237245
0.5112988133097027
0.5112810078636594
0.511263203276207
0.5112453995380641
0.511227596640055
0.5112097945731093
0.5111919933282605
0.5111741928966458
0.5111563932695057
0.5111385944381824
0.5111207963941203
0.511102999128864
0.5110852026340585
0.5110674069014479
0.5110496119228753
0.5110318176902815
0.5110140241957046
0.5109962314312795
0.5109784393892363
0.5109606480619006
0.5109428574416921
0.5109250675211245
0.5109072782928041
0.5108894897494289
0.5108717018837892
0.5108539146887655
0.5108361281573284
0.5108183422825368
0.5108005570575399
0.5107827724755727
0.5107649885299586
0.5107472052141065
0.5107294225215108
0.5107116404457508
0.5106938589804898
0.5106760781194745
0.5106582978565334
0.5106405181855777
0.5106227391005984
0.5106049605956682
0.5105871826649379
0.5105694053026373
0.5105516285030747
0.5105338522606351
0.5105160765697799
0.5104983014250466
0.5104805268210466
0.5104627527524663
0.5104449792140653
0.5104272062006754
0.5104094337072003
0.510391661728615
0.5103738902599644
0.5103561192963628
0.5103383488329936
0.510320578865108
0.5103028093880241
0.5102850403971263
0.5102672718878648
0.5102495038557545
0.5102317362963747
0.510213969205367
0.5101962025784363
0.5101784364113489
0.5101606706999317
0.510142905440072
0.5101251406277161
0.5101073762588693
0.5100896123295938
0.5100718488360095
0.5100540857742921
0.5100363231406727
0.5100185609314367
0.5100007991429235
0.5099830377715255
0.5099652768136871
0.5099475162659042
0.5099297561247228
0.5099119963867396
0.5098942370485992
0.5098764781069952
0.5098587195586683
0.5098409614004056
0.5098232036290402
0.5098054462414501
0.5097876892345574
0.5097699326053275
0.5097521763507689
0.5097344204679313
0.5097166649539053
0.5096989098058226
0.5096811550208528
0.5096634005962053
0.5096456465291268
0.5096278928169009
0.5096101394568474
0.5095923864463214
0.5095746337827128
0.5095568814634448
0.5095391294859741
0.509521377847789
0.5095036265464091
0.5094858755793851
0.5094681249442968
0.5094503746387535
0.5094326246603921
0.509414875006877
0.5093971256758989
0.5093793766651743
0.5093616279724449
0.5093438795954762
0.509326131532057
0.5093083837799981
0.509290636337133
0.5092728892013153
0.5092551423704186
0.5092373958423362
0.5092196496149796
0.5092019036862778
0.5091841580541773
0.5091664127166395
0.509148667671642
0.5091309229171764
0.5091131784512484
0.5090954342718755
0.5090776903770885
0.5090599467649284
0.5090422034334472
0.5090244603807061
0.5090067176047758
0.5089889751037342
0.5089712328756669
0.5089534909186658
0.5089357492308286
0.5089180078102573
0.5089002666550586
0.508882525763342
0.5088647851332198
0.5088470447628053
0.508829304650213
0.5088115647935577
0.5087938251909534
0.5087760858405121
0.5087583467403438
0.5087406078885552
0.5087228692832495
0.5087051309225248
0.5086873928044736
0.5086696549271825
0.5086519172887309
0.5086341798871902
0.5086164427206231
0.5085987057870831
0.5085809690846133
0.5085632326112459
0.5085454963650011
0.5085277603438869
0.5085100245458977
0.5084922889690137
0.5084745536112001
0.5084568184704067
0.5084390835445668
0.5084213488315963
0.5084036143293929
0.5083858800358357
0.5083681459487843
0.5083504120660779
0.5083326783855343
0.5083149449049498
0.5082972116220974
0.5082794785347275
0.5082617456405658
0.5082440129373129
0.508226280422644
0.5082085480942075
0.5081908159496245
0.5081730839864882
0.5081553522023631
0.508137620594784
0.5081198891612552
0.5081021578992501
0.5080844268062104
0.5080666958795447
0.5080489651166289
0.5080312345148043
0.5080135040713774
0.5079957737836189
0.5079780436487639
0.5079603136640094
0.5079425838265151
0.5079248541334019
0.5079071245817516
0.5078893951686054
0.5078716658909639
0.5078539367457862
0.507836207729989
0.5078184788404457
0.5078007500739863
0.5077830214273956
0.5077652928974139
0.5077475644807349
0.5077298361740055
0.5077121079738257
0.5076943798767466
0.5076766518792707
0.5076589239778508
0.5076411961688889
0.5076234684487366
0.507605740813693
0.5075880132600048
0.5075702857838655
0.5075525583814146
0.5075348310487363
0.5075171037818603
0.5074993765767593
0.5074816494293493
0.5074639223354891
0.5074461952909785
0.5074284682915589
0.5074107413329114
0.5073930144106574
0.5073752875203562
0.5073575606575058
0.5073398338175419
0.5073221069958362
0.5073043801876971
0.5072866533883676
0.5072689265930265
0.507251199796785
0.507233472994689
0.507215746181716
0.5071980193527758
0.507180292502709
0.5071625656262873
0.5071448387182115
0.5071271117731119
0.5071093847855471
0.5070916577500035
0.5070739306608949
0.5070562035125605
0.507038476299266
0.5070207490152023
0.5070030216544837
0.5069852942111492
0.50696756667916
0.5069498390524
0.5069321113246749
0.5069143834897112
0.5068966555411555
0.5068789274725743
0.5068611992774534
0.5068434709491962
0.5068257424811243
0.5068080138664763
0.5067902850984071
0.5067725561699868
0.5067548270742013
0.5067370978039504
0.506719368352048
0.5067016387112206
0.5066839088741075
0.5066661788332599
0.5066484485811398
0.5066307181101195
0.506612987412482
0.5065952564804186
0.5065775253060301
0.5065597938813239
0.5065420621982164
0.5065243302485289
0.5065065980239905
0.5064888655162341
0.5064711327167982
0.5064533996171257
0.5064356662085621
0.5064179324823567
0.5064001984296602
0.5063824640415259
0.5063647293089072
0.5063469942226585
0.5063292587735336
0.5063115229521856
0.5062937867491663
0.506276050154925
0.506258313159809
0.5062405757540615
0.5062228379278222
0.5062050996711264
0.5061873609739038
0.506169621825979
0.5061518822170699
0.5061341421367872
0.5061164015746346
0.5060986605200073
0.5060809189621919
0.5060631768903654
0.5060454342935954
0.5060276911608383
0.5060099474809402
0.5059922032426343
0.5059744584345427
0.5059567130451738
0.5059389670629231
0.5059212204760711
0.5059034732727852
0.5058857254411158
0.5058679769689989
0.505850227844253
0.5058324780545803
0.5058147275875655
0.5057969764306748
0.5057792245712557
0.5057614719965365
0.505743718693626
0.5057259646495119
0.5057082098510615
0.50569045428502
0.5056726979380111
0.5056549407965351
0.5056371828469695
0.505619424075568
0.5056016644684596
0.5055839040116485
0.5055661426910137
0.5055483804923075
0.505530617401156
0.5055128534030583
0.5054950884833851
0.5054773226273795
0.5054595558201556
0.5054417880466976
0.5054240192918604
0.5054062495403682
0.5053884787768144
0.5053707069856601
0.505352934151235
0.505335160257736
0.5053173852892267
0.5052996092296367
0.5052818320627619
0.5052640537722628
0.5052462743416649
0.5052284937543579
0.5052107119935947
0.5051929290424916
0.5051751448840271
0.505157359501042
0.5051395728762381
0.5051217849921787
0.5051039958312872
0.5050862053758467
0.5050684136079999
0.5050506205097485
0.5050328260629519
0.5050150302493277
0.5049972330504511
0.5049794344477532
0.5049616344225218
0.5049438329559006
0.5049260300288883
0.5049082256223381
0.5048904197169575
0.5048726122933077
0.504854803331803
0.5048369928127107
0.5048191807161494
0.50480136702209
0.5047835517103545
0.5047657347606148
0.504747916152394
0.504730095865064
0.5047122738778457
0.5046944501698094
0.5046766247198728
0.5046587975068013
0.5046409685092076
0.504623137705551
0.5046053050741367
0.5045874705931154
0.5045696342404836
0.5045517959940815
0.5045339558315943
0.50451611373055
0.5044982696683207
0.5044804236221203
0.5044625755690052
0.5044447254858735
0.5044268733494647
0.5044090191363587
0.5043911628229758
0.504373304385576
0.5043554438002585
0.5043375810429616
0.5043197160894614
0.5043018489153723
0.5042839794961458
0.5042661078070704
0.5042482338232707
0.5042303575197076
0.504212478871177
0.5041945978523108
0.5041767144375737
0.5041588286012663
0.5041409403175213
0.5041230495603051
0.5041051563034166
0.5040872605204874
0.5040693621849793
0.5040514612701873
0.5040335577492357
0.5040156515950798
0.5039977427805041
0.503979831278123
0.5039619170603796
0.5039440000995455
0.5039260803677202
0.5039081578368309
0.5038902324786314
0.5038723042647025
0.5038543731664513
0.50383643915511
0.5038185022017366
0.5038005622772136
0.5037826193522478
0.5037646733973697
0.5037467243829339
0.5037287722791173
0.5037108170559195
0.5036928586831622
0.5036748971304887
0.5036569323673636
0.503638964363072
0.5036209930867194
0.5036030185072309
0.5035850405933513
0.5035670593136443
0.5035490746364919
0.5035310865300944
0.5035130949624693
0.5034950999014519
0.5034771013146935
0.503459099169662
0.5034410934336416
0.5034230840737313
0.5034050710568451
0.5033870543497118
0.5033690339188742
0.5033510097306887
0.5033329817513251
0.5033149499467658
0.5032969142828054
0.5032788747250511
0.5032608312389207
0.5032427837896437
0.5032247323422602
0.5032066768616198
0.5031886173123828
0.5031705536590185
0.5031524858658047
0.5031344138968282
0.5031163377159837
0.5030982572869737
0.5030801725733073
0.503062083538301
0.5030439901450775
0.5030258923565653
0.5030077901354985
0.5029896834444164
0.5029715722456624
0.5029534565013851
0.5029353361735363
0.502917211223871
0.5028990816139479
0.5028809473051274
0.5028628082585729
0.5028446644352487
0.5028265157959214
0.5028083623011571
0.5027902039113241
0.5027720405865892
0.5027538722869197
0.5027356989720821
0.5027175206016414
0.502699337134961
0.5026811485312027
0.5026629547493257
0.502644755748086
0.5026265514860369
0.5026083419215277
0.502590127012704
0.5025719067175062
0.5025536809936708
0.5025354497987281
0.5025172130900035
0.5024989708246158
0.5024807229594772
0.5024624694512935
0.5024442102565626
0.502425945331575
0.5024076746324132
0.502389398114951
0.502371115734853
0.5023528274475749
0.5023345332083624
0.5023162329722514
0.5022979266940664
0.5022796143284218
0.5022612958297207
0.5022429711521536
0.5022246402496998
0.5022063030761255
0.5021879595849839
0.5021696097296152
0.5021512534631458
0.5021328907384878
0.5021145215083386
0.5020961457251811
0.5020777633412827
0.502059374308695
0.5020409785792534
0.5020225761045769
0.5020041668360677
0.5019857507249106
0.5019673277220726
0.5019488977783025
0.5019304608441311
0.5019120168698701
0.5018935658056115
0.5018751076012283
0.501856642206373
0.5018381695704781
0.5018196896427544
0.5018012023721926
0.5017827077075611
0.5017642055974063
0.5017456959900524
0.5017271788336007
0.5017086540759296
0.5016901216646936
0.5016715815473236
0.5016530336710258
0.5016344779827818
0.5016159144293483
0.5015973429572561
0.5015787635128108
0.5015601760420909
0.5015415804909491
0.5015229768050102
0.5015043649296724
0.5014857448101055
0.5014671163912516
0.5014484796178236
0.5014298344343058
0.5014111807849535
0.5013925186137919
0.5013738478646159
0.5013551684809905
0.5013364804062492
0.5013177835834947
0.501299077955598
0.5012803634651979
0.5012616400547009
0.5012429076662808
0.5012241662418783
0.5012054157232
0.5011866560517195
0.5011678871686754
0.501149109015072
0.5011303215316784
0.5011115246590281
0.5010927183374191
0.5010739025069129
0.5010550771073345
0.5010362420782724
0.5010173973590772
0.5009985428888619
0.5009796786065016
0.5009608044506325
0.5009419203596528
0.5009230262717206
0.5009041221247548
0.500885207856434
0.5008662834041975
0.5008473487052424
0.5008284036965256
0.5008094483147623
0.5007904824964255
0.5007715061777466
0.5007525192947141
0.5007335217830731
0.5007145135783256
0.5006954946157306
0.5006764648303017
0.5006574241568087
0.5006383725297765
0.5006193098834844
0.5006002361519665
0.5005811512690106
0.5005620551681581
0.5005429477827039
0.5005238290456956
0.500504698889933
0.5004855572479683
0.5004664040521056
0.5004472392344
0.5004280627266576
0.5004088744604352
0.5003896743670401
0.5003704623775287
0.5003512384227075
0.500332002433132
0.500312754339106
0.5002934940706821
0.5002742215576608
0.5002549367295896
0.5002356395157641
0.5002163298452261
0.5001970076467638
0.5001776728489119
0.5001583253799503
0.5001389651679046
0.500119592140545
0.5001002062253866
0.5000808073496882
0.5000613954404527
0.5000419704244263
0.5000225322280984
0.500003080777701
0.499983615999208
0.4999641378183356
0.4999446461605412
0.49992514095102353
0.4999056221147221
0.4998860895763166
0.4998665432602266
0.4998469830906116
0.4998274089913702
0.4998078208861394
0.49978821869829526
0.49976860235095144
0.49974897176695954
0.4997293268689085
0.4997096675791238
0.4996899938196675
0.49967030551233826
0.49965060257866994
0.499630884939932
0.4996111525171289
0.4995914052309993
0.49957164300201673
0.49955186575038796
0.4995320733960533
0.49951226585868613
0.4994924430576925
0.4994726049122108
0.4994527513411108
0.49943288226299426
0.49941299759619373
0.4993930972587723
0.49937318116852386
0.4993532492429714
0.49933330139936816
0.4993133375546961
0.49929335762566573
0.49927336152871615
0.499253349180014
0.4992333204954538
0.499213275390657
0.4991932137809718
0.49917313558147236
0.4991530407069594
0.49913292907195866
0.49911280059072066
0.4990926551772213
0.49907249274516063
0.49905231320796206
0.49903211647877277
0.49901190247046334
0.4989916710956265
0.4989714222665773
0.49895115589535277
0.49893087189371127
0.49891057017313256
0.4988902506448161
0.49886991321968244
0.4988495578083712
0.498829184321242
0.498808792668373
0.4987883827595606
0.49876795450432
0.49874750781188343
0.4987270425912008
0.4987065587509389
0.49868605619948
0.4986655348449238
0.49864499459508455
0.4986244353574917
0.4986038570393898
0.4985832595477376
0.4985626427892073
0.49854200667018483
0.4985213510967691
0.4985006759747715
0.49847998120971526
0.4984592667068358
0.4984385323710795
0.4984177781071035
0.498397003819275
0.4983762094116718
0.4983553947880808
0.4983345598519977
0.49831370450662693
0.4982928286548812
0.4982719321993807
0.49825101504245306
0.4982300770861323
0.4982091182321589
0.4981881383819796
0.4981671374367458
0.4981461152973145
0.49812507186424676
0.49810400703780805
0.4980829207179667
0.498061812804395
0.4980406831964672
0.49801953179325986
0.49799835849355156
0.4979771631958214
0.49795594579824987
0.4979347061987173
0.49791344429480394
0.49789215998378916
0.4978708531626515
0.4978495237280675
0.4978281715764116
0.49780679660375576
0.4977853987058684
0.49776397777821474
0.4977425337159556
0.4977210664139474
0.49769957576674106
0.4976780616685822
0.4976565240134102
0.4976349626948577
0.4976133776062506
0.49759176864060634
0.49757013569063513
0.4975484786487377
0.4975267974070061
0.49750509185722275
0.497483361890859
0.49746160739907647
0.4974398282727248
0.49741802440234206
0.49739619567815396
0.497374341990073
0.4973524632276992
0.49733055928031744
0.4973086300368988
0.49728667538609905
0.49726469521625855
0.4972426894154014
0.4972206578712348
0.497198600471149
0.49717651710221655
0.4971544076511913
0.49713227200450794
0.4971101100482825
0.49708792166831006
0.4970657067500657
0.4970434651787027
0.49702119683905305
0.496998901615626
0.496976579392608
0.49695423005386186
0.4969318534829264
0.49690944956301575
0.496887018177018
0.4968645592074963
0.49684207253668655
0.4968195580464979
0.4967970156185116
0.49677444513398017
0.496751846473828
0.4967292195186488
0.49670656414870684
0.49668388024393506
0.49666116768393553
0.4966384263479772
0.49661565611499703
0.4965928568635982
0.4965700284720501
0.4965471708182871
0.4965242837799085
0.49650136723417737
0.49647842105802
0.4964554451280256
0.4964324393204453
0.49640940351119134
0.49638633757583656
0.4963632413896141
0.4963401148274163
0.4963169577637935
0.4962937700729547
0.4962705516287651
0.49624730230474784
0.49622402197408055
0.49620071050959613
0.496177367783782
0.4961539936687798
0.49613058803638277
0.49610715075803746
0.4960836817048411
0.496060180747542
0.49603664775653855
0.4960130826018779
0.495989485153256
0.49596585528001624
0.4959421928511491
0.49591849773529106
0.49589476980072444
0.4958710089153754
0.4958472149468146
0.49582338776225554
0.4957995272285537
0.4957756332122064
0.4957517055793514
0.4957277441957663
0.49570374892686775
0.4956797196377108
0.49565565619298746
0.4956315584570266
0.4956074262937927
0.4955832595668851
0.49555905813953716
0.4955348218746158
0.4955105506346196
0.4954862442816788
0.49546190267755447
0.49543752568363736
0.4954131131609469
0.49538866497012995
0.49536418097146173
0.4953396610248422
0.49531510498979736
0.4952905127254774
0.49526588409065553
0.4952412189437281
0.49521651714271253
0.49519177854524676
0.49516700300858907
0.49514219038961527
0.49511734054482026
0.49509245333031476
0.49506752860182557
0.49504256621469456
0.49501756602387714
0.49499252788394177
0.49496745164906886
0.49494233717304936
0.4949171843092841
0.4948919929107831
0.49486676283016395
0.49484149391965054
0.4948161860310733
0.49479083901586685
0.49476545272506955
0.4947400270093218
0.49471456171886624
0.4946890567035456
0.49466351181280166
0.49463792689567454
0.49461230180080173
0.49458663637641614
0.49456093047034644
0.4945351839300139
0.4945093966024329
0.49448356833420964
0.49445769897154024
0.49443178836020973
0.4944058363455916
0.49437984277264574
0.49435380748591795
0.4943277303295382
0.4943016111472196
0.4942754497822574
0.4942492460775275
0.49422299987548557
0.49419671101816515
0.49417037934717706
0.49414400470370795
0.4941175869285188
0.4940911258619439
0.4940646213438895
0.4940380732138324
0.49401148131081873
0.49398484547346283
0.4939581655399456
0.49393144134801287
0.49390467273497546
0.4938778595377058
0.493851001592638
0.49382409873576666
0.49379715080264375
0.4937701576283793
0.4937431190476385
0.49371603489464105
0.49368890500315965
0.49366172920651813
0.4936345073375904
0.49360723922879896
0.4935799247121132
0.49355256361904815
0.49352515578066297
0.49349770102755924
0.49347019918987944
0.4934426500973059
0.49341505357905885
0.4933874094638945
0.49335971758010433
0.49333197775551285
0.4933041898174767
0.4932763535928818
0.4932484689081434
0.4932205355892029
0.49319255346152735
0.49316452235010744
0.49313644207945484
0.49310831247360276
0.493080133356102
0.4930519045500207
0.49302362587794174
0.4929952971619618
0.49296691822368877
0.4929384888842409
0.4929100089642443
0.49288147828383155
0.49285289666263976
0.49282426391980866
0.49279557987397954
0.49276684434329204
0.49273805714538343
0.4927092180973865
0.49268032701592723
0.49265138371712364
0.49262238801658353
0.4925933397294019
0.49256423867016036
0.49253508465292417
0.4925058774912404
0.4924766169981363
0.4924473029861175
0.4924179352671652
0.49238851365273434
0.4923590379537527
0.49232950798061714
0.4922999235431925
0.49227028445081017
0.49224059051226393
0.4922108415358102
0.49218103732916374
0.4921511776994978
0.4921212624534397
0.4920912913970703
0.49206126433592084
0.49203118107497135
0.4920010414186477
0.49197084517082035
0.4919405921348011
0.49191028211334137
0.4918799149086301
0.4918494903222905
0.4918190081553788
0.49178846820838096
0.49175787028121165
0.4917272141732101
0.4916964996831387
0.4916657266091811
0.4916348947489385
0.49160400389942793
0.4915730538570801
0.4915420444177356
0.4915109753766443
0.491479846528461
0.491448657667244
0.49141740858645244
0.491386099078943
0.4913547289369676
0.4913232979521717
0.4912918059155904
0.491260252617646
0.49122863784814613
0.49119696139628016
0.49116522305061666
0.49113342259910137
0.49110155982905324
0.49106963452716246
0.49103764647948744
0.49100559547145206
0.4909734812878428
0.49094130371280564
0.49090906252984345
0.490876757521813
0.49084438847092193
0.4908119551587257
0.49077945736612527
0.490746894873363
0.49071426746002084
0.4906815749050161
0.49064881698659946
0.49061599348235085
0.4905831041691775
0.4905501488233097
0.49051712722029844
0.4904840391350116
0.4904508843416315
0.4904176626136506
0.4903843737238696
0.4903510174443929
0.4903175935466264
0.49028410180127296
0.4902505419783303
0.49021691384708677
0.4901832171761187
0.49014945173328595
0.4901156172857293
0.4900817135998668
0.49004774044139054
0.49001369757526225
0.4899795847657103
0.4899454017762268
0.48991114836956323
0.48987682430772606
0.48984242935197553
0.48980796326281906
0.48977342580000993
0.4897388167225424
0.48970413578864747
0.48966938275579064
0.4896345573806673
0.48959965941919814
0.4895646886265266
0.48952964475701455
0.48949452756423734
0.4894593368009821
0.4894240722192418
0.48938873357021184
0.489353320604286
0.4893178330710531
0.489282270719292
0.48924663329696777
0.48921092055122795
0.48917513222839787
0.4891392680739765
0.48910332783263294
0.48906731124820124
0.4890312180636767
0.4889950480212116
0.48895880086211024
0.4889224763268253
0.4888860741549532
0.4888495940852299
0.48881303585552593
0.488776399202842
0.4887396838633053
0.48870288957216385
0.48866601606378285
0.488629063071639
0.48859203032831744
0.4885549175655056
0.48851772451398934
0.488480450903648
0.4884430964634494
0.48840566092144566
0.48836814400476775
0.48833054543962123
0.48829286495128066
0.4882551022640855
0.4882172571014344
0.48817932918578083
0.48814131823862794
0.48810322398052314
0.48806504613105334
0.48802678440883984
0.4879884385315334
0.48795000821580864
0.48791149317735893
0.48787289313089144
0.48783420779012177
0.48779543686776816
0.4877565800755472
0.487717637124167
0.48767860772332355
0.4876394915816936
0.4876002884069305
0.48756099790565754
0.4875216197834637
0.48748215374489673
0.4874425994934586
0.4874029567315994
0.4873632251607116
0.48732340448112477
0.48728349439209917
0.48724349459182026
0.48720340477739366
0.48716322464483774
0.48712295388907906
0.4870825922039459
0.48704213928216217
0.4870015948153422
0.48696095849398346
0.48692023000746165
0.486879409044024
0.48683849529078294
0.4867974884337113
0.48675638815763367
0.48671519414622233
0.4866739060819904
0.48663252364628473
0.48659104651928065
0.48654947437997476
0.4865078069061789
0.4864660437745137
0.4864241846604018
0.48638222923806185
0.48634017718050127
0.48629802815950995
0.4862557818456541
0.4862134379082685
0.4861709960154506
0.4861284558340539
0.48608581702968046
0.4860430792666745
0.486000242208115
0.4859573055158101
0.485914268850289
0.48587113187079495
0.48582789423527867
0.4857845556003916
0.48574111562147815
0.4856975739525689
0.4856539302463732
0.4856101841542724
0.48556633532631216
0.4855223834111955
0.4854783280562755
0.48543416890754754
0.4853899056096422
0.48534553780581774
0.4853010651379535
0.48525648724654047
0.4852118037706754
0.48516701434805326
0.485122118614958
0.485077116206257
0.4850320067553917
0.4849867898943711
0.4849414652537628
0.4848960324626865
0.48485049114880524
0.48480484093831794
0.484759081455951
0.48471321232495107
0.4846672331670767
0.4846211436025901
0.48457494325024963
0.4845286317273014
0.48448220864947067
0.48443567363095486
0.4843890262844138
0.4843422662209634
0.48429539305016545
0.4842484063800203
0.48420130581695897
0.4841540909658335
0.4841067614299096
0.4840593168108577
0.48401175670874486
0.48396408072202546
0.48391628844753365
0.4838683794804741
0.48382035341441343
0.483772209841272
0.48372394835131416
0.4836755685331409
0.48362706997368043
0.48357845225817897
0.48352971497019254
0.4834808576915781
0.4834318800024837
0.48338278148134123
0.4833335617048561
0.48328422024799816
0.4832347566839938
0.4831851705843164
0.4831354615186763
0.4830856290550131
0.4830356727594857
0.4829855921964633
0.48293538692851623
0.4828850565164062
0.4828346005190782
0.4827840184936501
0.4827333099954033
0.4826824745777743
0.4826315117923448
0.4825804211888315
0.48252920231507834
0.4824778547170451
0.4824263779387995
0.4823747715225067
0.4823230350084201
0.48227116793487185
0.4822191698382632
0.4821670402530543
0.48211477871175507
0.4820623847449158
0.48200985788111683
0.4819571976469592
0.48190440356705433
0.4818514751640153
0.48179841195844597
0.4817452134689316
0.48169187921202894
0.48163840870225655
0.4815848014520848
0.4815310569719258
0.48147717477012364
0.4814231543529444
0.48136899522456633
0.4813146968870692
0.4812602588404252
0.48120568058248897
0.4811509616089862
0.48109610141350534
0.48104109948748597
0.48098595532021005
0.48093066839879106
0.480875238208164
0.4808196642310752
0.4807639459480728
0.4807080828374957
0.4806520743754642
0.48059592003586893
0.48053961929036204
0.4804831716083456
0.48042657645696213
0.48036983330108474
0.480312941603306
0.4802559008239287
0.4801987104209548
0.4801413698500758
0.48008387856466284
0.4800262360157549
0.47996844165205066
0.4799104949198968
0.47985239526327844
0.47979414212380905
0.4797357349407195
0.4796771731508487
0.47961845618863286
0.47955958348609534
0.4795005544728366
0.4794413685760245
0.47938202522038326
0.4793225238281834
0.479262863819232
0.47920304461086294
0.4791430656179255
0.47908292625277554
0.4790226259252643
0.47896216404272934
0.47890154000998353
0.478840753229306
0.4787798031004312
0.47871868902053905
0.47865741038424575
0.4785959665835925
0.4785343570080368
0.4784725810444417
0.47841063807706635
0.47834852748755596
0.47828624865493186
0.47822380095558187
0.4781611837632505
0.47809839644902935
0.47803543838134693
0.47797230892595916
0.47790900744594045
0.4778455333016729
0.4777818858508376
0.477718064448405
0.47765406844662506
0.4775898971950183
0.47752555004036573
0.4774610263267005
0.4773963253952973
0.47733144658466503
0.4772663892305354
0.4772011526658549
0.47713573622077654
0.4770701392226491
0.4770043609960093
0.4769384008625728
0.47687225814122475
0.4768059321480116
0.4767394221961323
0.4766727275959296
0.4766058476548813
0.47653878167759145
0.47647152896578293
0.4764040888182882
0.47633646053104134
0.4762686433970692
0.4762006367064849
0.4761324397464777
0.4760640518013064
0.4759954721522912
0.47592670007780546
0.4758577348532685
0.47578857575113787
0.47571922204090145
0.4756496729890705
0.4755799278591718
0.4755099859117413
0.47543984640431564
0.475369508591427
0.47529897172459373
0.47522823505231565
0.4751572978200664
0.47508615927028713
0.4750148186423794
0.47494327517269985
0.4748715280945529
0.4747995766381856
0.4747274200307804
0.4746550574964509
0.4745824882562347
0.47450971152808796
0.4744367265268809
0.4743635324643912
0.47429012854929986
0.47421651398718534
0.47414268798051873
0.47406864972865936
0.47399439842785007
0.4739199332712126
0.4738452534487425
0.4737703581473071
0.47369524655063866
0.4736199178393327
0.47354437119084347
0.47346860577948024
0.4733926207764044
0.473316415349626
0.47323998866400047
0.4731633398812265
0.4730864681598426
0.4730093726552254
0.47293205251958664
0.4728545069019711
0.4727767349482557
0.472698735801146
0.47262050860017685
0.472542052481709
0.47246336657892934
0.47238445002184937
0.4723053019373047
0.47222592144895453
0.4721463076772816
0.4720664597395915
0.4719863767500133
0.4719060578195004
0.4718255020558299
0.4717447085636042
0.47166367644425244
0.4715824047960312
0.4715008927140261
0.47141913929015417
0.4713371436131648
0.4712549047686432
0.47117242183901237
0.4710896939035358
0.4710067200383208
0.4709234993163218
0.47084003080734377
0.4707563135780459
0.4706723466919469
0.4705881292094275
0.4705036601877367
0.47041893868099605
0.4703339637402049
0.47024873441324655
0.4701632497448935
0.470077508776813
0.4699915105475752
0.4699052540926586
0.4698187384444569
0.4697319626322879
0.469644925682399
0.469557626617977
0.46947006445915573
0.4693822382230247
0.4692941469236377
0.46920578957202286
0.4691171651761919
0.46902827274114967
0.4689391112689054
0.468849679758483
0.4687599772059313
0.4686700026043366
0.4685797549438336
0.46848923321161773
0.4683984363919577
0.46830736346620866
0.46821601341282404
0.4681243852073709
0.4680324778225426
0.4679402902281738
0.46784782139125475
0.4677550702759467
0.46766203584359733
0.4675687170527564
0.46747511285919274
0.46738122221590966
0.46728704407316396
0.46719257737848147
0.4670978210766765
0.46700277410986935
0.4669074354175054
0.466811803936374
0.4667158786006293
0.4666196583418085
0.46652314208885376
0.46642632876813245
0.4663292173034593
0.46623180661611696
0.46613409562487973
0.4660360832460359
0.4659377683934097
0.46583914997838727
0.4657402269099389
0.4656409980946441
0.46554146243671785
0.46544161883803437
0.4653414661981543
0.46524100341435115
0.46514022938163774
0.4650391429927947
0.4649377431383972
0.4648360287068446
0.4647339985843888
0.4646316516551642
0.4645289868012165
0.46442600290253533
0.4643226988370835
0.4642190734808288
0.46411512570777735
0.4640108543900042
0.4639062583976884
0.463801336599145
0.4636960878608606
0.46359051104752663
0.46348460502207595
0.46337836864571813
0.4632718007779755
0.46316490027672014
0.46305766599821163
0.46295009679713434
0.4628421915266371
0.46273394903837095
0.46262536818252975
0.46251644780789003
0.46240718676185133
0.4622975838904787
0.4621876380385433
0.46207734804956546
0.46196671276585816
0.46185573102856947
0.46174440167772796
0.4616327235522868
0.4615206954901695
0.4614083163283146
0.4612955849027246
0.4611825000485107
0.4610690605999417
0.46095526539049214
0.4608411132528909
0.46072660301917057
0.46061173352071816
0.46049650358832517
0.46038091205223874
0.46026495774221415
0.4601486394875665
0.4600319561172242
0.4599149064597826
0.45979748934355774
0.4596797035966421
0.4595615480469592
0.45944302152232
0.45932412285047935
0.4592048508591937
0.45908520437627814
0.45896518222966576
0.4588447832474666
0.45872400625802595
0.45860285008998647
0.45848131357234806
0.4583593955345297
0.4582370948064307
0.45811441021849475
0.4579913406017721
0.4578678847879837
0.4577440416095858
0.45761980989983525
0.4574951884928542
0.4573701762236979
0.4572447719284198
0.45711897444414074
0.4569927826091156
0.45686619526280225
0.4567392112459316
0.45661182940057604
0.45648404857022123
0.4563558675998356
0.4562272853359435
0.45609830062669565
0.45596891232194314
0.4558391192733098
0.4557089203342666
0.45557831436020596
0.4554473002085163
0.4553158767386577
0.45518404281223857
0.45505179729309087
0.45491913904734915
0.45478606694352625
0.4546525798525934
0.454518676648057
0.4543843562060397
0.45424961740535963
0.4541144591276103
0.4539788802572418
0.4538428796816419
0.45370645629121853
0.4535696089794818
0.4534323366431262
0.45329463818211513
0.45315651249976396
0.45301795850282467
0.4528789751015705
0.45273956120988096
0.45259971574532765
0.4524594376292609
0.45231872578689586
0.4521775791473997
0.45203599664397887
0.45189397721396735
0.4517515197989143
0.4516086233446738
0.45146528680149295
0.45132150912410185
0.4511772892718038
0.45103262620856444
0.45088751890310375
0.4507419663289864
0.45059596746471225
0.4504495212938102
0.45030262680492783
0.4501552829919251
0.4500074888539665
0.44985924339561434
0.4497105456269219
0.4495613945635265
0.44941178922674385
0.44926172864366165
0.44911121184723474
0.4489602378763784
0.44880880577606397
0.448656914597414
0.4485045633977969
0.44835175124092247
0.4481984771969376
0.4480447403425227
0.4478905397609857
0.4477358745423607
0.44758074378350204
0.4474251465881819
0.44726908206718613
0.4471125493384112
0.4469555475269605
0.44679807576524166
0.44664013319306195
0.4464817189577272
0.4463228322141369
0.44616347212488155
0.44600363786034003
0.4458433285987763
0.44568254352643566
0.4455212818376423
0.44535954273489575
0.4451973254289677
0.4450346291389987
0.44487145309259435
0.44470779652592235
0.4445436586838079
0.4443790388198312
0.44421393619642174
0.44404835008495613
0.44388227976585154
0.44371572452866365
0.4435486836721796
0.4433811565045146
0.4432131423432057
0.4430446405153069
0.4428756503574831
0.44270617121610434
0.4425362024473388
0.44236574341724655
0.4421947935018723
0.4420233520873384
0.4418514185699359
0.44167899235621777
0.4415060728630893
0.4413326595178995
0.4411587517585308
0.4409843490334907
0.4408094508019994
0.4406340565340798
0.4404581657106461
0.440281777823592
0.4401048923758768
0.43992750888161425
0.4397496268661565
0.4395712458661816
0.4393923654297779
0.4392129851165284
0.43903310449759414
0.43885272315579765
0.43867184068570536
0.43849045669370845
0.43830857079810503
0.4381261826291791
0.43794329182928005
0.43775989805290194
0.4375760009667608
0.43739160024987117
0.43720669559362246
0.437021286701855
0.4368353732909327
0.43664895508981816
0.4364620318401441
0.43627460329628526
0.43608666922542944
0.435898229407646
0.4357092836359562
0.435519831716399
0.43532987346809987
0.4351394087233341
0.4349484373275928
0.4347569591396462
0.4345649740316051
0.4343724818889835
0.43417948261075784
0.4339859761094253
0.43379196231106354
0.4335974411553851
0.4334024125957949
0.43320687659944224
0.43301083314727595
0.4328142822340943
0.4326172238685969
0.4324196580734322
0.4322215848852471
0.4320230043547322
0.4318239165466673
0.4316243215399659
0.4314242194277167
0.43122361031722517
0.43102249433005346
0.4308208716020582
0.43061874228342767
0.4304161065387174
0.43021296454688335
0.43000931650131513
0.42980516260986706
0.4296005030948868
0.42939533819324405
0.4291896681563571
0.4289834932502169
0.42877681375541143
0.42856962996714676
0.4283619421952673
0.42815375076427464
0.4279450560133444
0.42773585829634153
0.42752615798183413
0.4273159554531053
0.4271052511081638
0.42689404535975245
0.426682338635356
0.4264701313772051
0.42625742404228106
0.426044217102318
0.4258305110438019
0.4256163063679699
0.42540160359080664
0.42518640324303986
0.4249707058701332
0.42475451203227743
0.4245378223043801
0.42432063727605424
0.42410295755160365
0.42388478375000715
0.4236661165049012
0.423446956464561
0.4232273042918786
0.42300716066434035
0.4227865262740017
0.4225654018274606
0.4223437880458294
0.4221216856647031
0.4218990954341294
0.4216760181185715
0.42145245449687496
0.42122840536222816
0.4210038715221229
0.4207788537983124
0.4205533530267691
0.42032737005763704
0.4201009057551869
0.4198739609977647
0.41964653667774215
0.41941863370146304
0.41919025298918833
0.4189613954750393
0.41873206210693914
0.41850225384655226
0.4182719716692212
0.41804121656390325
0.41780998953310367
0.41757829159280635
0.4173461237724063
0.41711348711463514
0.4168803826754885
0.4166468115241496
0.41641277474291294
0.4161782734271024
0.41594330868499246
0.4157078816377223
0.4154719934192132
0.41523564517607925
0.4149988380675398
0.4147615732653282
0.4145238519535993
0.41428567532883487
0.41404704459974745
0.4138079609871818
0.4135684257240154
0.4133284400550564
0.41308800523694006
0.412847122538023
0.41260579323827673
0.4123640186291778
0.4121218000135972
0.411879138705688
0.4116360360307712
0.41139249332521866
0.4111485119363363
0.41090409322224386
0.4106592385517539
0.4104139493042481
0.41016822686955373
0.4099220726478156
0.4096754880493695
0.40942847449461095
0.40918103341386525
0.4089331662472521
0.40868487444455304
0.40843615946507394
0.4081870227775076
0.40793746585979296
0.4076874901989746
0.40743709729106037
0.40718628864087647
0.40693506576192096
0.40668343017621794
0.40643138341416646
0.40617892701439207
0.40592606252359276
0.4056727914963878
0.40541911549516063
0.40516503608990345
0.40491055485805993
0.40465567338436426
0.4044003932606828
0.4041447160858493
0.40388864346550424
0.40363217701192766
0.40337531834387474
0.4031180690864068
0.402860430870724
0.40260240533399394
0.40234399411918154
0.40208519887487487
0.40182602125511274
0.4015664629192083
0.40130652553157375
0.4010462107615422
0.4007855202831887
0.4005244557751512
0.400263018920448
0.40000121140629763
0.3997390349239335
0.3994764911684207
0.39921358183847006
0.39895030863625125
0.3986866732672059
0.39842267743985865
0.3981583228656269
0.3978936112586308
0.3976285443355012
0.39736312381518735
0.3970973514187623
0.39683122886922995
0.3965647578913279
0.3962979402113325
0.3960307775568609
0.39576327165667213
0.39549542424047
0.39522723703870155
0.394958711782357
0.3946898502027685
0.39442065403140775
0.3941511249996827
0.39388126483873354
0.39361107527922906
0.3933405580511603
0.3930697148836356
0.39279854750467275
0.39252705764099227
0.39225524701780945
0.39198311735862507
0.39171067038501683
0.3914379078164282
0.3911648313699587
0.39089144276015286
0.3906177436987873
0.390343735894659
0.39006942105337267
0.3897948008771267
0.38951987706449953
0.3892446513102339
0.3889691253050239
0.3886933007352976
0.388417179283001
0.38814076262538283
0.3878640524347759
0.38758705037838076
0.38730975811804713
0.3870321773100558
0.38675430960489954
0.38647615664706425
0.386197720074809
0.38591900151994635
0.3856400026076211
0.38536072495609075
0.385081170176503
0.38480133987267534
0.3845212356408719
0.3842408590695823
0.38396021173929856
0.3836792952222924
0.38339811108239136
0.38311666087475554
0.38283494614565433
0.3825529684322403
0.3822707292623271
0.3819882301541627
0.38170547261620497
0.38142245814689596
0.381139188234436
0.3808556643565589
0.3805718879803034
0.38028786056178826
0.3800035835459848
0.3797190583664892
0.379434286445296
0.3791492691925695
0.3788640080064157
0.3785785042726542
0.3782927593645898
0.37800677464278315
0.37772055145482186
0.3774340911350902
0.3771473950045409
0.37686046437046294
0.3765733005262532
0.3762859047511846
0.37599827831017496
0.37571042245355696
0.3754223384168448
0.37513402742050406
0.37484549066971756
0.3745567293541549
0.3742677446477374
0.3739785377084068
0.37368910967788965
0.373399461681466
0.3731095948277319
0.37281951020836757
0.3725292088979006
0.3722386919534706
0.3719479604145944
0.3716570153029293
0.37136585762203533
0.37107448835713985
0.3707829084748989
0.37049111892315956
0.37019912063072125
0.36990691450709734
0.3696145014422752
0.36932188230647633
0.3690290579499163
0.36873602920256376
0.36844279687389825
0.36814936175266927
0.3678557246066522
0.3675618861824075
0.367267847205034
0.3669736083779268
0.3666791703825309
0.3663845338780965
0.3660896995014317
0.36579466786665676
0.3654994395649551
0.36520401516432527
0.3649083952093328
0.3646125802208592
0.36431657069585127
0.3640203671070711
0.36372396990284195
0.363427379506797
0.36313059631762395
0.36283362070881164
0.36253645302839366
0.36223909359869205
0.36194154271606005
0.361643800650624
0.3613458676460234
0.3610477439191518
0.36074942965989404
0.36045092503086584
0.36015223016714915
0.35985334517602846
0.3595542701367256
0.35925500510013303
0.3589555500885464
0.35865590509539613
0.35835607008497683
0.35805604499217775
0.35775582972220915
0.35745542415033
0.35715482812157306
0.3568540414504692
0.3565530639207702
0.35625189528517054
0.3559505352650279
0.355648983550082
0.35534723979817295
0.355045303634957
0.3547431746536216
0.3544408524146002
0.3541383364452829
0.35383562623972886
0.35353272125837465
0.3532296209277432
0.3529263246401496
0.35262283175340714
0.35231914159053024
0.3520152534394367
0.35171116655264906
0.3514068801469927
0.3511023934032949
0.35079770546608013
0.3504928154432645
0.35018772240584933
0.34988242538761294
0.3495769233847997
0.34927121535580957
0.3489653002208846
0.34865917686179443
0.34835284412151946
0.34804630080393395
0.347739545673487
0.3474325774548803
0.3471253948327474
0.3468179964513288
0.3465103809141469
0.34620254678367957
0.3458944925810313
0.34558621678560264
0.3452777178347608
0.3449689941235048
0.34466004400413286
0.3443508657859057
0.3440414577347103
0.3437318180727214
0.3434219449780614
0.3431118365844603
0.3428014909809125
0.34249090621133466
0.3421800802742195
0.34186901112229157
0.3415576966621595
0.3412461347539684
0.34093432321105127
0.34062225979957894
0.34030994223820854
0.33999736819773385
0.3396845353007313
0.33937144112120754
0.33905808318424646
0.3387444589656536
0.3384305658916027
0.3381164013382806
0.3378019626315311
0.33748724704649996
0.33717225180727883
0.33685697408655024
0.33654141100523116
0.336225559632118
0.33590941698353083
0.3355929800229594
0.3352762456607085
0.3349592107535447
0.3346418721043429
0.334324226461735
0.33400627051975873
0.3336880009175091
0.33336941423878924
0.33305050701176353
0.33273127570861355
0.33241171674519443
0.332091826480694
0.3317716012172939
0.33145103719983354
0.33113013061547586
0.3308088775933766
0.33048727420435636
0.33016531646057673
0.3298430003152176
0.3295203216621614
0.3291972763356785
0.32887386011011827
0.3285500686996044
0.32822589775773514
0.327901342877287
0.3275763995899267
0.3272510633659249
0.3269253296138801
0.3265991936804443
0.3262726508500584
0.3259456963446932
0.32561832532359697
0.3252905328830521
0.32496231405613785
0.3246336638125015
0.3243045770581402
0.3239750486351885
0.32364507332171744
0.3233146458315431
0.3229837608140437
0.32265241285399004
0.32232059647138334
0.32198830612130874
0.32165553619379555
0.32132228101369487
0.32098853484056644
0.3206542918685804
0.32031954622643205
0.3199842919772708
0.3196485231186451
0.3193122335824609
0.3189754172349569
0.3186380678766956
0.3183001792425717
0.3179617450018376
0.31762275875814766
0.3172832140496189
0.31694310434891315
0.31660242306333874
0.31626116353497
0.31591931904079207
0.3155768827928628
0.31523384793849957
0.314890207560489
0.31454595467731894
0.3142010822434348
0.3138555831495226
0.3135094502228146
0.3131626762274234
0.3128152538647022
0.31246717577363303
0.3121184345312421
0.3117690226530457
0.3114189325935251
0.3110681567466319
0.31071668744632464
0.3103645169671373
0.31001163752478117
0.309658041276778
0.3093037203231303
0.3089486667070244
0.30859287241556926
0.30823632938057294
0.307879029479355
0.3075209645355964
0.3071621263202301
0.30680250655236885
0.3064420969002736
0.30608088898236363
0.30571887436826745
0.3053560445799155
0.3049923910926772
0.30462790533654044
0.3042625786973364
0.3038964025180085
0.30352936809992787
0.30316146670425564
0.30279268955335026
0.3024230278322252
0.3020524726900531
0.30168101524172014
0.3013086465694286
0.3009353577243506
0.30056113972833187
0.30018598357564785
0.2998098802348091
0.2994328206504216
0.2990547957450976
0.29867579642142056
0.29829581356396284
0.29791483804135815
0.29753286070842655
0.2971498724083553
0.2967658639749336
0.2963808262348417
0.29599475000999703
0.29560762611995284
0.2952194453843536
0.2948301986254461
0.29443987667064436
0.294048470355152
0.2936559705246373
0.293262368037965
0.29286765376998297
0.29247181861436233
0.2920748534864935
0.2916767493264344
0.291277497101914
0.29087708781138755
0.2904755124871457
0.2900727621984742
0.2896688280548658
0.2892637012092823
0.28885737286146773
0.28844983426130816
0.28804107671224155
0.28763109157471367
0.2872198702696803
0.28680740428215545
0.2863936851647998
0.2859787045415563
0.28556245411132375
0.28514492565167004
0.28472611102258544
0.2843060021702707
0.2838845911309619
0.2834618700347861
0.28303783110965164
0.2826124666851653
0.2821857691965794
0.2817577311887634
0.281328345320199
0.28089760436699884
0.28046550122694086
0.2800320289235247
0.27959718061003763
0.27916094957363713
0.27872332923944104
0.27828431317462515
0.27784389509252666
0.27740206885674923
0.2769588284852661
0.2765141681545228
0.2760680822035302
0.2756205651379512
0.2751716116341738
0.2747212165433707
0.27426937489553865
0.2738160819035194
0.2733613329669955
0.27290512367645764
0.27244744981714364
0.2719883073729431
0.2715276925302651
0.27106560168186666
0.27060203143063705
0.2701369785933374
0.26967044020428926
0.2692024135190106
0.26873289601779626
0.2682618854092394
0.26778937963368943
0.2673153768666449
0.2668398755220779
0.2663628742556852
0.265884371968066
0.26540436780782056
0.26492286117456665
0.2644398517218732
0.26395533936010757
0.2634693242591887
0.2629818068512525
0.2624927878332177
0.2620022681692548
0.26151024909315396
0.26101673211058873
0.2605217190012745
0.26002521182101634
0.2595272129036494
0.25902772486286285
0.25852675059391106
0.25802429327520565
0.2575203563697896
0.25701494362669075
0.25650805908215085
0.25599970706073205
0.25548989217629703
0.25497861933286153
0.2544658937253189
0.2539517208400361
0.2534361064553171
0.25291905664173636
0.25240057776233993
0.25188067647271434
0.2513593597209203
0.25083663474729584
0.2503125090841225
0.24978699055515932
0.24926008727504392
0.2487318076485569
0.24820216036975531
0.24767115442097243
0.2471387990716849
0.2466051038772481
0.2460700786775007
0.24553373359523917
0.24499607903456405
0.24445712567909686
0.2439168844900713
0.2433753667043011
0.24283258383202094
0.24228854765460872
0.24174327022218628
0.241196763851101
0.2406490411212936
0.2401001148735491
0.23954999820663736
0.2389987044743432
0.238446247282389
0.23789264048525322
0.23733789818288376
0.2367820347173154
0.23622506466918541
0.2356670028541586
0.2351078643192571
0.23454766433910373
0.23398641841207812
0.23342414225638913
0.23286085180606814
0.23229656320688513
0.231731292812189
0.2311650571786793
0.23059787306210788
0.23002975741291798
0.22946072737181822
0.22889080026530323
0.22831999360111355
0.22774832506364734
0.22717581250932245
0.22660247396188998
0.22602832760771033
0.22545339179098525
0.22487768500895589
0.2243012259070678
0.2237240332741055
0.22314612603729977
0.22256752325741205
0.22198824412379764
0.22140830794945043
0.22082773416603452
0.22024654231890142
0.21966475206210162
0.2190823831533852
0.21849945544920493
0.21791598889971264
0.2173320035437632
0.21674751950391827
0.21616255698146075
0.21557713625141733
0.2149912776575939
0.21440500160762477
0.21381832856804045
0.2132312790593529
0.2126438736511635
0.2120561329572944
0.2114680776309456
0.2108797283598799
0.2102911058616376
0.2097022308787831
0.2091131241741852
0.2085238065263323
0.20793429872468544
0.2073446215650697
0.2067547958451056
0.20616484235968388
0.20557478189648168
0.20498463523152535
0.20439442312479883
0.2038041663158988
0.2032138855197399
0.20262360142230879
0.20203333467647022
0.20144310589782444
0.2008529356606173
0.20026284449370682
0.1996728528765812
0.19908298123543627
0.19849324993930634
0.1979036792962553
0.19731428954962346
0.1967251008743352
0.19613613337326413
0.19554740707365928
0.1949589419236311
0.19437075778869928
0.1937828744484008
0.1931953115929601
0.19260808882002126
0.1920212256314427
0.19143474143015532
0.19084865551708036
0.1902629870881146
0.18967775523117558
0.18909297892331145
0.18850867702787402
0.18792486829175548
0.1873415713426881
0.18675880468660813
0.18617658670508241
0.1855949356527992
0.18501386965512187
0.18443340670570654
0.18385356466418173
0.18327436125389135
0.18269581405970126
0.18211794052586772
0.18154075795396793
0.18096428350089358
0.18038853417690576
0.17981352684375096
0.17923927821283914
0.17866580484348246
0.178093123141195
0.17752124935605174
0.1769501995811083
0.17637998975088007
0.1758106356398801
0.17524215286121675
0.17467455686524713
0.1741078629382919
0.17354208620140396
0.17297724160919692
0.17241334394872782
0.1718504078384371
0.17128844772714333
0.17072747789309334
0.1701675124430662
0.1696085653115314
0.16905065025986052
0.16849378087559086
0.1679379705717427
0.16738323258618637
0.1668295799810617
0.1662770256422479
0.16572558227888223
0.16517526242292868
0.16462607842879637
0.16407804247300325
0.16353116655389024
0.16298546249137985
0.16244094192678227
0.1618976163226466
0.1613554969626571
0.16081459495157308
0.16027492121521308
0.1597364865004819
0.15919930137543936
0.15866337622941087
0.15812872127313962
0.15759534653897805
0.1570632618811189
0.15653247697586678
0.15600300132194478
0.15547484424084262
0.15494801487719817
0.15442252219921698
0.15389837499912737
0.1533755818936689
0.15285415132461638
0.15233409155933672
0.15181541069137855
0.15129811664109372
0.15078221715629034
0.15026771981291648
0.14975463201577338
0.14924296099925904
0.14873271382813885
0.14822389739834546
0.1477165184378051
0.1472105835072901
0.14670609900129947
0.14620307114896092
0.1457015060149606
0.14520140950049543
0.14470278734424813
0.14420564512338552
0.1437099882545785
0.1432158219950425
0.1427231514435997
0.14223198154175912
0.14174231707481846
0.14125416267298216
0.14076752281249874
0.14028240181681517
0.1397988038577468
0.13931673295666558
0.13883619298570105
0.13835718766895827
0.13787972058374845
0.13740379516183432
0.13692941469068678
0.13645658231475635
0.13598530103675438
0.13551557371894593
0.1350474030844541
0.13458079171857365
0.13411574207009452
0.13365225645263384
0.13319033704597696
0.13272998589742618
0.13227120492315655
0.13181399590957876
0.13135836051470856
0.1309043002695417
0.1304518165794337
0.13000091072548567
0.12955158386593338
0.12910383703754078
0.1286576711569966
0.1282130870223139
0.1277700853142323
0.12732866659762218
0.12688883132289033
0.12645057982738678
0.12601391233681264
0.12557882896662798
0.12514532972345974
0.12471341450650897
0.12428308310895789
0.12385433521937488
0.1234271704231184
0.12300158820373829
0.12257758794437634
0.12215516892916162
0.12173433034460539
0.12131507128099067
0.12089739073376003
0.12048128760489728
0.12006676070430679
0.11965380875118659
0.11924243037539842
0.11883262411883076
0.11842438843675762
0.11801772169919122
0.11761262219222894
0.11720908811939376
0.11680711760296827
0.11640670868532253
0.11600785933023415
0.11561056742420188
0.11521483077775169
0.11482064712673495
0.11442801413361947
0.11403692938877252
0.11364739041173444
0.11325939465248583
0.11287293949270566
0.11248802224701906
0.1121046401642392
0.11172279042859778
0.1113424701609676
0.11096367642007571
0.11058640620370658
0.11021065644989705
0.1098364240381204
0.10946370579046132
0.10909249847278055
0.10872279879587035
0.10835460341659915
0.107987908939047
0.10762271191562899
0.10725900884821092
0.10689679618921283
0.10653607034270166
0.10617682766547573
0.10581906446813606
0.1054627770161485
0.10510796153089545
0.1047546141907155
0.10440273113193368
0.10405230844988034
0.10370334219989875
0.10335582839834315
0.10300976302356475
0.10266514201688709
0.10232196128357082
0.10198021669376753
0.1016399040834626
0.1013010192554064
0.1009635579800364
0.10062751599638642
0.10029288901298561
0.0999596727087476
0.09962786273384688
0.09929745471058612
0.09896844423425137
0.09864082687395723
0.09831459817348073
0.09798975365208458
0.09766628880532993
0.09734419910587849
0.09702348000428329
0.09670412692976968
0.09638613529100513
0.09606950047685915
0.09575421785715191
0.09544028278339309
0.09512769058951014
0.0948164365925664
0.09450651609346798
0.0941979243776623
0.09389065671582429
0.09358470836453434
0.09328007456694501
0.09297675055343868
0.09267473154227383
0.09237401274022387
0.09207458934320342
0.09177645653688737
0.09147960949731816
0.09118404339150568
0.09088975337801532
0.09059673460754893
0.0903049822235146
0.09001449136258788
0.08972525715526451
0.08943727472640284
0.0891505391957576
0.08886504567850524
0.08858078928575985
0.08829776512508046
0.08801596830096936
0.08773539391536268
0.08745603706811121
0.08717789285745316
0.0869009563804794
0.08662522273358926
0.08635068701293816
0.08607734431487846
0.08580518973639031
0.0855342183755059
0.08526442533172564
0.08499580570642593
0.08472835460325967
0.08446206712854942
0.08419693839167208
0.0839329635054373
0.08367013758645746
0.08340845575551098
0.08314791313789852
0.08288850486379093
0.08263022606857207
0.0823730718931728
0.08211703748439944
0.08186211799525422
0.08160830858525073
0.0813556044207206
0.08110400067511574
0.08085349252930234
0.08060407517184993
0.08035574379931296
0.08010849361650735
0.07986231983677955
0.07961721768227074
0.07937318238417473
0.07913020918298927
0.0788882933287625
0.07864743008133317
0.07840761471056545
0.07816884249657768
0.07793110872996639
0.07769440871202392
0.07745873775495188
0.07722409118206783
0.07699046432800888
0.07675785253892761
0.07652625117268498
0.07629565559903753
0.07606606119981921
0.07583746336911941
0.07560985751345545
0.07538323905194037
0.07515760341644688
0.0749329460517655
0.07470926241575976
0.07448654797951562
0.0742647982274875
0.07404400865763905
0.07382417478158115
0.07360529212470436
0.07338735622630793
0.07317036263972529
0.07295430693244426
0.07273918468622462
0.07252499149721159
0.07231172297604496
0.07209937474796534
0.07188794245291633
0.07167742174564264
0.07146780829578628
0.07125909778797715
0.0710512859219225
0.07084436841249038
0.07063834098979327
0.07043319939926465
0.07022893940173565
0.07002555677350647
0.069823047306416
0.0696214068079076
0.06942063110109238
0.06922071602480954
0.06902165743368391
0.06882345119818013
0.06862609320465515
0.06842957935540703
0.0682339055687215
0.06803906777891619
0.06784506193638198
0.06765188400762126
0.06745952997528551
0.06726799583820844
0.06707727761143822
0.06688737132626632
0.06669827303025534
0.06650997878726307
0.06632248467746579
0.0661357867973786
0.06594988125987372
0.06576476419419719
0.06558043174598288
0.0653968800772653
0.06521410536648962
0.06503210380852054
0.06485087161464875
0.0646704050125961
0.06449070024651837
0.0643117535770068
0.06413356128108777
0.0639561196522207
0.06377942500029425
0.06360347365162101
0.06342826194893121
0.06325378625136349
0.06308004293445565
0.06290702839013311
0.06273473902669588
0.06256317126880472
0.06239232155746531
0.06222218635001169
0.06205276212008754
0.061884045357626837
0.06171603256883361
0.061548720276159014
0.06138210501827901
0.06121618335006954
0.061050951842581164
0.0608864070830125
0.06072254567468269
0.060559364237002145
0.06039685940544341
0.060235027831509996
0.06007386618270474
0.059913371142497125
0.059753539410289463
0.0595943677013825
0.05943585274693988
0.05927799129395213
0.059120780105198896
0.058964215959211655
0.05880829565023429
0.05865301598818437
0.05849837379861199
0.05834436592265961
0.05819098921701937
0.05803824055389163
0.05788611682094124
0.05773461492125391
0.05758373177329229
0.05743346431085011
0.05728380948300747
0.05713476425408411
0.05698632560359291
0.05683849052619289
0.05669125603164046
0.05654461914474257
0.056398576905306516
0.05625312636809171
0.05610826460275929
0.05596398869382236
0.055820295740595036
0.055677182857141884
0.055534647172226156
0.05539268582925806
0.055251295986242746
0.05511047481572759
0.054970219504749465
0.05483052725478149
0.054691395281679586
0.05455282081562878
0.05441480110108856
0.05427733339673919
0.054140414975426855
0.05400404312410852
0.05386821514379699
0.053732928349505625
0.05359818007019255
0.053463967648704966
0.053330288441723314
0.05319713981970486
0.05306451916682739
0.052932423880932854
0.05280085137347048
0.052669799069440255
0.05253926440733558
0.0524092448390864
0.0522797378300022
0.05215074085871431
0.05202225141711894
0.0518942670103192
0.05176678515656773
0.051639803387209346
0.05151331924662292
0.05138733029216351
0.05126183409410515
0.05113682823558234
0.051012310312532484
0.050888277933637725
0.05076472872026742
0.05064166030641952
0.050519070338663055
0.050396956476080126
0.050275316390207866
0.050154147764980235
0.05003344829667057
0.04991321569383321
