0.6941986838634947
0.7026873810224913
0.5871280600426867
0.5252927405120513
0.5568848833705263
0.568391212557396
0.5384830841994203
0.5135435444474975
0.5174972524376883
0.5226955114038566
0.5177069618143362
0.5150125546904811
0.5172688036926949
0.5172917323286284
0.5142134647288266
0.5122473256139705
0.5123569910660013
0.5126687335388803
0.5126518520774315
0.5127816221654454
0.5128625234609191
0.5125254156261198
0.5119929719323589
0.51165172558574
0.5115453638444225
0.5115297954875584
0.5115222316699192
0.5114810681185407
0.511364044210883
0.5111777836566926
0.5109824947122852
0.5108281420970652
0.5107196019162566
0.5106352878785719
0.5105514631994883
0.5104518015641686
0.5103322265552028
0.5102015946398409
0.5100736970069146
0.509957097778309
0.5098517106319449
0.5097520184737843
0.5096518590952013
0.5095477396696839
0.5094399320183874
0.5093313380568932
0.5092251194229329
0.5091228256636573
0.5090240422825287
0.5089272549587173
0.508831021429427
0.5087347379591665
0.5086387322457671
0.508543820875882
0.5084507217477375
0.5083596957556961
0.5082705518725372
0.5081828991114109
0.5080964297233891
0.5080110708335498
0.5079269619961145
0.5078443222299112
0.5077633123715125
0.5076839704007258
0.5076062334965514
0.507530008264504
0.5074552359530048
0.5073819184751464
0.5073101027492544
0.5072398444245333
0.5071711771234668
0.5071041024851175
0.5070386002239692
0.5069746466341404
0.5069122288275716
0.506851348172063
0.5067920142883998
0.5067342357462631
0.5066780135748892
0.5066233403204679
0.5065702035087507
0.5065185902916668
0.506468490375245
0.5064198961444201
0.5063728007684134
0.5063271959470383
0.5062830706583838
0.5062404113092365
0.5061992027971767
0.5061594296390555
0.5061210765379909
0.5060841282588724
0.5060485691024857
0.5060143824027401
0.5059815503316464
0.5059500540418338
0.5059198739814061
0.5058909901703981
0.5058633823123525
0.5058370297432829
0.505811911309218
0.5057880052754936
0.5057652893223826
0.5057437406174422
0.5057233359152388
0.505704051634493
0.5056858638898319
0.505668748486961
0.5056526809073504
0.505637636306224
0.5056235895328429
0.5056105151667215
0.5055983875561535
0.5055871808478617
0.5055768690044925
0.505567425814026
0.5055588248980892
0.5055510397243165
0.5055440436237737
0.5055378098109908
0.5055323114030796
0.5055275214356185
0.5055234128751303
0.5055199586295755
0.5055171315586292
0.5055149044847687
0.5055132502051206
0.505512141503284
0.5055115511602817
0.5055114519642198
0.5055118167187826
0.5055126182510025
0.5055138294187316
0.5055154231180053
0.505517372290209
0.5055196499288371
0.5055222290856564
0.5055250828762219
0.5055281844848237
0.5055315071689933
0.5055350242636714
0.5055387091850669
0.5055425354341779
0.505546476599918
0.5055505063618212
0.5055545984923269
0.505558726858678
0.5055628654244703
0.5055669882508775
0.5055710694975584
0.5055750834232345
0.5055790043859334
0.50558280684289
0.5055864653501163
0.5055899545616479
0.5055932492284799
0.5055963241971956
0.5055991544082895
0.5056017148941814
0.5056039807769195
0.5056059272655705
0.5056075296532991
0.5056087633141378
0.5056096036994469
0.5056100263340627
0.5056100068121319
0.505609520792624
0.5056085439945247
0.5056070521916961
0.5056050212074076
0.5056024269085272
0.50559924519937
0.5055954520151943
0.5055910233153396
0.5055859350759973
0.5055801632826028
0.5055736839218425
0.5055664729732622
0.5055585064004676
0.5055497601419032
0.5055402101011979
0.505529832137061
0.5055186020527157
0.5055064955848527
0.5054934883920874
0.5054795560429022
0.5054646740030557
0.5054488176224362
0.5054319621213408
0.505414082576154
0.505395153904403
0.5053751508491651
0.5053540479627944
0.5053318195899473
0.5053084398498677
0.5052838826179031
0.505258121506219
0.5052311298436695
0.5052028806547902
0.5051733466378713
0.5051425001420639
0.5051103131434793
0.5050767572202277
0.5050418035263459
0.5050054227645611
0.5049675851578307
0.504928260419597
0.5048874177226919
0.5048450256668235
0.5048010522445715
0.5047554648058103
0.5047082300204839
0.5046593138396407
0.5046086814546377
0.5045562972544168
0.5045021247807487
0.5044461266813348
0.5043882646606511
0.504328499428409
0.5042667906455032
0.5042030968673087
0.5041373754841756
0.5040695826589702
0.503999673261491
0.50392760079959
0.5038533173468054
0.5037767734663112
0.5036979181309758
0.5036166986392983
0.5035330605269948
0.5034469474739756
0.5033583012064519
0.5032670613938848
0.5031731655404791
0.5030765488709004
0.5029771442098808
0.5028748818553503
0.502769689444718
0.5026614918138962
0.5025502108486444
0.5024357653277756
0.5023180707577511
0.502197039198154
0.5020725790775054
0.5019445949988601
0.5018129875345785
0.5016776530096503
0.5015384832729015
0.501395365455389
0.5012481817152458
0.5010968089682123
0.5009411186030447
0.5007809761809642
0.5006162411182707
0.5004467663512183
0.5002723979822137
0.5000929749063773
0.4999083284174827
0.49971828179227606
0.4995226498521663
0.49932123850128424
0.49911384423991945
0.498900253652375
0.4986802428683288
0.4984535769968623
0.49822000953241075
0.49797928173202766
0.49773112196351493
0.4974752450241909
0.49721135143032774
0.49693912667762263
0.49665824047345836
0.4963683459421898
0.4960690788052643
0.4957600565386513
0.4954408775108541
0.49511112010569314
0.49477034183510393
0.494418078448417
0.494053843045952
0.49367712520630197
0.4932873901384016
0.4928840778713469
0.4924666024969689
0.4920343514823278
0.49158668507155096
0.491122935798733
0.4906424081358798
0.4901443783019995
0.4896280942613175
0.48909277594002554
0.48853761569182697
0.4879617790425356
0.48736440574292333
0.48674461115656226
0.48610148800534725
0.4854341084893461
0.4847415267894268
0.48402278195047777
0.48327690112988636
0.48250290318026445
0.4816998025173912
0.48086661320438484
0.48000235316186357
0.47910604839225945
0.47817673708570985
0.4772134734565884
0.47621533114541315
0.47518140601242875
0.47411081814836487
0.47300271293632945
0.4718562610177062
0.4706706570449056
0.46944511714473974
0.46817887506700234
0.46687117705160164
0.46552127551143646
0.4641284216935457
0.46269185754383874
0.4612108070567047
0.4596844674360587
0.4581120004255573
0.4564925241804133
0.4548251060502557
0.4531087566218853
0.45134242533386726
0.44952499792408174
0.4476552959098007
0.4457320782311785
0.4437540451170322
0.44171984415990184
0.43962807851872454
0.4374773171043985
0.435266106547773
0.4329929847021765
0.4306564953938914
0.4282552041039493
0.42578771424288286
0.42325268366611957
0.42064884107101885
0.4179750019167026
0.4152300835145362
0.41241311895030963
0.40952326951890844
0.4065598353788054
0.40352226416727277
0.4004101573581357
0.3972232741922458
0.3939615330666198
0.3906250103310059
0.38721393650978403
0.3837286900414418
0.38016978870584056
0.37653787898907
0.3728337237145055
0.3690581883440065
0.3652122264220796
0.361296864695239
0.35731318848572663
0.35326232793034446
0.3491454457088972
0.344963726880507
0.34071837141827616
0.3364105899824458
0.3320416033990358
0.32761264621536923
0.32312497458713996
0.31857987861579673
0.31397869910304954
0.3093228485251313
0.30461383585806295
0.2998532947124295
0.2950430140688072
0.2901849707503181
0.2852813626343992
0.28033464149911264
0.2753475443267446
0.2703231218543103
0.2652647631702857
0.2601762152107525
0.25506159610531043
0.24992540146076958
0.2447725028444629
0.23960813793375638
0.23443789202817808
0.22926767086961758
0.2241036649780651
0.21895230597866588
0.21382021566272466
0.20871414878153133
0.20364093080667528
0.19860739209181447
0.19362030002616398
0.18868629086770883
0.18381180297520458
0.17900301311718436
0.1742657774231846
0.16960557836230908
0.16502747889729233
0.1605360846827196
0.15613551487111774
0.15182938177839023
0.1476207793580759
0.14351228015764894
0.13950594019186585
0.13560331097652206
0.13180545782542663
0.12811298342464839
0.1245260556585579
0.12104443866673843
0.11766752615253792
0.11439437603499925
0.11122374562799112
0.1081541266357764
0.1051837793660027
0.10231076567324036
0.09953298025400989
0.09684818001423612
0.09425401131990899
0.09174803502008287
0.0893277491977339
0.08699060965860973
0.08473404821168685
0.08255548882821044
0.0804523617906804
0.07842211595982919
0.07646222929784083
0.07457021779097665
0.07274364291546564
0.0709801177879561
0.06927731213681734
0.06763295622383585
0.0660448438379366
0.06451083447394561
0.06302885480045671
0.061596899511866435
0.0602130316508032
0.0588753824786572
0.05758215096382917
0.05633160294972026
0.055122070057436155
0.05395194837167648
0.052819696952346847
0.051723836209030094
0.050662946170586254
0.04963566467777275
