0.498992200618418
0.5566156643357164
0.5473270282613467
0.5399559291698408
0.5344239160807014
0.5303505828343617
0.5273942292027929
0.5252713058454472
0.5237584590008662
0.522686013133077
0.5219283059387666
0.5213939207821312
0.521017185796558
0.5207513397495738
0.5205632935543321
0.520429735264468
0.520334291710828
0.5202654880580693
0.5202152945548786
0.5201780981289259
0.5201499778736604
0.5201281962204936
0.5201108423706748
0.5200965828108624
0.5200844869431974
0.5200739053078733
0.5200643845811499
0.5200556082649751
0.5200473553131961
0.5200394712743791
0.5200318481661945
0.5200244104395568
0.5200171051893944
0.5200098953265108
0.5200027548140884
0.5199956653438024
0.5199886140157843
0.5199815917186523
0.5199745919978263
0.5199676102644928
0.5199606432422759
0.5199536885798496
0.5199467445794327
0.5199398100062608
0.5199328839546744
0.5199259657538275
0.5199190549011476
0.5199121510152586
0.5199052538025705
0.5198983630334864
0.5198914785253848
0.5198846001303938
0.5198777277265594
0.5198708612114248
0.5198640004973347
0.519857145507973
0.5198502961757915
0.5198434524400819
0.5198366142455207
0.5198297815410585
0.5198229542790638
0.5198161324146603
0.5198093159052077
0.5198025047098892
0.5197956987893864
0.5197888981056159
0.5197821026215182
0.5197753123008862
0.5197685271082251
0.5197617470086364
0.5197549719677246
0.5197482019515184
0.5197414369264061
0.5197346768590813
0.5197279217164987
0.5197211714658369
0.5197144260744659
0.5197076855099225
0.5197009497398872
0.519694218732166
0.5196874924546757
0.5196807708754302
0.5196740539625292
0.51966734168415
0.5196606340085386
0.5196539309040041
0.5196472323389125
0.519640538281682
0.5196338487007789
0.5196271635647148
0.5196204828420427
0.5196138065013555
0.5196071345112829
0.5196004668404899
0.5195938034576759
0.519587144331572
0.5195804894309408
0.5195738387245747
0.5195671921812954
0.5195605497699526
0.5195539114594239
0.5195472772186129
0.5195406470164503
0.5195340208218917
0.5195273986039181
0.5195207803315345
0.5195141659737709
0.5195075554996803
0.5195009488783386
0.5194943460788454
0.5194877470703222
0.5194811518219123
0.5194745603027814
0.5194679724821162
0.5194613883291243
0.5194548078130339
0.5194482309030939
0.519441657568573
0.5194350877787597
0.5194285215029617
0.5194219587105058
0.5194153993707378
0.5194088434530214
0.5194022909267393
0.519395741761291
0.5193891959260942
0.519382653390584
0.5193761141242116
0.5193695780964456
0.5193630452767704
0.5193565156346867
0.5193499891397106
0.5193434657613745
0.5193369454692247
0.519330428232823
0.5193239140217459
0.5193174028055839
0.5193108945539411
0.5193043892364357
0.5192978868226992
0.5192913872823762
0.519284890585124
0.519278396700612
0.5192719055985227
0.5192654172485495
0.519258931620398
0.5192524486837853
0.5192459684084387
0.5192394907640971
0.5192330157205095
0.519226543247435
0.5192200733146428
0.5192136058919112
0.5192071409490285
0.5192006784557918
0.5191942183820063
0.5191877606974865
0.5191813053720546
0.5191748523755411
0.5191684016777833
0.5191619532486267
0.5191555070579233
0.5191490630755319
0.5191426212713179
0.5191361816151532
0.5191297440769144
0.5191233086264853
0.5191168752337538
0.5191104438686136
0.5191040145009629
0.5190975871007044
0.5190911616377449
0.5190847380819953
0.5190783164033703
0.5190718965717878
0.5190654785571687
0.5190590623294367
0.5190526478585186
0.5190462351143428
0.5190398240668402
0.5190334146859431
0.5190270069415855
0.5190206008037022
0.5190141962422292
0.5190077932271036
0.5190013917282614
0.5189949917156405
0.5189885931591771
0.5189821960288079
0.5189758002944684
0.5189694059260934
0.5189630128936162
0.5189566211669683
0.51895023071608
0.5189438415108794
0.5189374535212914
0.5189310667172395
0.5189246810686436
0.5189182965454204
0.5189119131174835
0.5189055307547424
0.5188991494271032
0.5188927691044674
0.5188863897567318
0.5188800113537888
0.5188736338655257
0.5188672572618245
0.5188608815125613
0.5188545065876071
0.5188481324568261
0.5188417590900765
0.5188353864572098
0.5188290145280707
0.5188226432724966
0.5188162726603178
0.5188099026613564
0.5188035332454273
0.5187971643823364
0.5187907960418818
0.5187844281938526
0.5187780608080292
0.5187716938541822
0.5187653273020731
0.5187589611214539
0.5187525952820663
0.5187462297536415
0.5187398645059004
0.5187334995085535
0.5187271347312996
0.5187207701438264
0.5187144057158105
0.5187080414169164
0.5187016772167962
0.5186953130850902
0.5186889489914256
0.5186825849054173
0.5186762207966671
0.5186698566347628
0.5186634923892791
0.5186571280297774
0.5186507635258037
0.5186443988468908
0.5186380339625563
0.5186316688423033
0.5186253034556193
0.518618937771977
0.5186125717608332
0.5186062053916286
0.5185998386337886
0.5185934714567212
0.5185871038298185
0.5185807357224558
0.5185743671039905
0.5185679979437636
0.5185616282110979
0.5185552578752987
0.5185488869056529
0.5185425152714289
0.5185361429418772
0.5185297698862288
0.5185233960736957
0.5185170214734709
0.5185106460547276
0.5185042697866196
0.5184978926382795
0.5184915145788207
0.5184851355773354
0.5184787556028957
0.5184723746245516
0.518465992611333
0.5184596095322471
0.5184532253562801
0.5184468400523963
0.5184404535895369
0.5184340659366213
0.5184276770625459
0.5184212869361844
0.5184148955263866
0.5184085028019793
0.5184021087317657
0.518395713284525
0.518389316429012
0.5183829181339569
0.5183765183680656
0.5183701171000192
0.5183637142984732
0.518357309932058
0.5183509039693782
0.5183444963790128
0.5183380871295146
0.5183316761894095
0.5183252635271979
0.5183188491113527
0.5183124329103196
0.5183060148925175
0.5182995950263376
0.518293173280143
0.5182867496222694
0.5182803240210239
0.518273896444685
0.5182674668615028
0.5182610352396988
0.5182546015474645
0.5182481657529625
0.5182417278243258
0.518235287729657
0.5182288454370297
0.5182224009144861
0.5182159541300382
0.5182095050516673
0.5182030536473237
0.5181965998849265
0.5181901437323628
0.5181836851574886
0.5181772241281275
0.5181707606120712
0.518164294577079
0.5181578259908777
0.5181513548211604
0.5181448810355882
0.518138404601788
0.5181319254873537
0.5181254436598455
0.5181189590867887
0.5181124717356754
0.5181059815739628
0.5180994885690733
0.5180929926883944
0.5180864938992787
0.5180799921690432
0.5180734874649692
0.5180669797543025
0.5180604690042526
0.5180539551819928
0.5180474382546598
0.5180409181893537
0.5180343949531376
0.5180278685130373
0.5180213388360415
0.5180148058891008
0.5180082696391282
0.5180017300529988
0.5179951870975492
0.5179886407395774
0.5179820909458428
0.5179755376830657
0.5179689809179273
0.5179624206170697
0.5179558567470943
0.5179492892745641
0.5179427181660008
0.5179361433878864
0.5179295649066624
0.5179229826887294
0.5179163967004469
0.5179098069081333
0.5179032132780659
0.5178966157764799
0.5178900143695689
0.5178834090234845
0.5178767997043359
0.5178701863781898
0.51786356901107
0.5178569475689581
0.5178503220177912
0.5178436923234646
0.5178370584518288
0.5178304203686908
0.5178237780398138
0.5178171314309169
0.5178104805076738
0.5178038252357148
0.5177971655806245
0.5177905015079423
0.5177838329831627
0.5177771599717346
0.5177704824390605
0.517763800350498
0.5177571136713577
0.517750422366904
0.5177437264023546
0.5177370257428806
0.5177303203536059
0.5177236101996069
0.5177168952459127
0.5177101754575052
0.5177034507993176
0.5176967212362349
0.5176899867330951
0.5176832472546857
0.5176765027657471
0.5176697532309698
0.5176629986149954
0.517656238882416
0.5176494739977743
0.5176427039255627
0.5176359286302241
0.517629148076151
0.5176223622276851
0.5176155710491179
0.5176087745046898
0.5176019725585898
0.5175951651749561
0.517588352317875
0.5175815339513817
0.5175747100394583
0.517567880546036
0.517561045434993
0.5175542046701548
0.5175473582152945
0.5175405060341319
0.5175336480903339
0.5175267843475138
0.5175199147692313
0.5175130393189922
0.5175061579602485
0.517499270656398
0.5174923773707836
0.5174854780666938
0.5174785727073623
0.5174716612559679
0.5174647436756338
0.5174578199294274
0.5174508899803615
0.517443953791392
0.5174370113254187
0.5174300625452858
0.5174231074137805
0.5174161458936334
0.5174091779475177
0.5174022035380503
0.51739522262779
0.5173882351792387
0.51738124115484
0.5173742405169796
0.5173672332279853
0.5173602192501264
0.5173531985456135
0.5173461710765987
0.5173391368051748
0.5173320956933757
0.5173250477031754
0.5173179927964889
0.5173109309351712
0.5173038620810169
0.517296786195761
0.5172897032410777
0.5172826131785804
0.5172755159698222
0.5172684115762949
0.5172612999594288
0.5172541810805932
0.5172470549010957
0.5172399213821817
0.5172327804850348
0.5172256321707764
0.5172184764004656
0.5172113131350984
0.5172041423356082
0.5171969639628652
0.5171897779776765
0.5171825843407859
0.5171753830128734
0.5171681739545544
0.5171609571263815
0.5171537324888427
0.5171465000023603
0.5171392596272935
0.5171320113239359
0.5171247550525162
0.5171174907731976
0.5171102184460779
0.5171029380311893
0.5170956494884986
0.5170883527779055
0.517081047859244
0.5170737346922818
0.5170664132367195
0.517059083452191
0.5170517452982633
0.5170443987344358
0.5170370437201408
0.5170296802147422
0.5170223081775369
0.5170149275677532
0.5170075383445513
0.5170001404670225
0.5169927338941902
0.5169853185850086
0.5169778944983621
0.5169704615930668
0.5169630198278691
0.5169555691614454
0.5169481095524023
0.5169406409592767
0.5169331633405349
0.5169256766545723
0.5169181808597146
0.5169106759142162
0.5169031617762601
0.5168956384039581
0.5168881057553512
0.516880563788408
0.5168730124610255
0.5168654517310287
0.5168578815561702
0.5168503018941302
0.5168427127025164
0.5168351139388633
0.5168275055606326
0.5168198875252126
0.5168122597899185
0.5168046223119912
0.5167969750485985
0.5167893179568335
0.5167816509937154
0.5167739741161891
0.5167662872811245
0.5167585904453168
0.5167508835654862
0.5167431665982775
0.5167354395002604
0.5167277022279286
0.5167199547377004
0.5167121969859176
0.5167044289288462
0.5166966505226753
0.5166888617235178
0.5166810624874096
0.5166732527703096
0.5166654325280995
0.5166576017165837
0.5166497602914886
0.5166419082084633
0.5166340454230787
0.5166261718908272
0.516618287567123
0.5166103924073018
0.5166024863666207
0.5165945694002573
0.5165866414633102
0.5165787025107987
0.5165707524976626
0.5165627913787615
0.5165548191088755
0.5165468356427041
0.5165388409348666
0.5165308349399017
0.5165228176122675
0.5165147889063406
0.516506748776417
0.5164986971767112
0.5164906340613555
0.5164825593844014
0.5164744730998174
0.5164663751614911
0.5164582655232266
0.5164501441387455
0.5164420109616872
0.516433865945608
0.5164257090439808
0.5164175402101951
0.516409359397557
0.5164011665592887
0.5163929616485287
0.516384744618331
0.5163765154216651
0.5163682740114166
0.5163600203403855
0.5163517543612878
0.5163434760267532
0.5163351852893268
0.516326882101468
0.5163185664155502
0.5163102381838611
0.516301897358602
0.5162935438918879
0.5162851777357472
0.5162767988421215
0.5162684071628658
0.5162600026497473
0.5162515852544459
0.5162431549285543
0.5162347116235775
0.5162262552909319
0.516217785881946
0.51620930334786
0.5162008076398255
0.516192298708905
0.5161837765060724
0.5161752409822121
0.5161666920881192
0.516158129774499
0.5161495539919676
0.5161409646910501
0.5161323618221821
0.5161237453357086
0.5161151151818836
0.5161064713108707
0.5160978136727423
0.5160891422174799
0.5160804568949726
0.5160717576550184
0.5160630444473239
0.5160543172215026
0.5160455759270767
0.516036820513475
0.5160280509300346
0.5160192671259985
0.5160104690505175
0.5160016566526489
0.5159928298813561
0.5159839886855091
0.5159751330138838
0.5159662628151618
0.515957378037931
0.5159484786306834
0.515939564541818
0.5159306357196372
0.5159216921123485
0.5159127336680649
0.515903760334803
0.5158947720604834
0.5158857687929312
0.5158767504798746
0.5158677170689459
0.5158586685076803
0.5158496047435164
0.5158405257237952
0.5158314313957613
0.5158223217065604
0.5158131966032414
0.515804056032755
0.5157948999419535
0.5157857282775907
0.5157765409863226
0.5157673380147052
0.5157581193091962
0.5157488848161536
0.5157396344818359
0.5157303682524024
0.5157210860739119
0.5157117878923231
0.5157024736534945
0.5156931433031838
0.5156837967870482
0.5156744340506436
0.5156650550394246
0.5156556596987443
0.5156462479738542
0.515636819809904
0.5156273751519407
0.5156179139449094
0.5156084361336525
0.5155989416629095
0.515589430477317
0.5155799025214078
0.5155703577396117
0.5155607960762547
0.5155512174755585
0.5155416218816409
0.5155320092385154
0.5155223794900903
0.5155127325801693
0.5155030684524511
0.5154933870505292
0.5154836883178908
0.5154739721979179
0.5154642386338865
0.515454487568966
0.5154447189462188
0.5154349327086019
0.5154251287989642
0.5154153071600478
0.5154054677344869
0.5153956104648084
0.5153857352934315
0.5153758421626663
0.5153659310147156
0.5153560017916727
0.5153460544355223
0.5153360888881401
0.5153261050912921
0.5153161029866347
0.5153060825157145
0.5152960436199683
0.5152859862407221
0.5152759103191912
0.5152658157964802
0.5152557026135831
0.5152455707113816
0.5152354200306464
0.5152252505120362
0.5152150620960974
0.5152048547232643
0.5151946283338585
0.5151843828680888
0.5151741182660505
0.5151638344677261
0.5151535314129838
0.5151432090415782
0.5151328672931503
0.5151225061072258
0.515112125423216
0.5151017251804174
0.5150913053180113
0.5150808657750633
0.5150704064905236
0.515059927403226
0.5150494284518886
0.5150389095751128
0.5150283707113825
0.5150178117990654
0.5150072327764113
0.514996633581553
0.5149860141525048
0.5149753744271633
0.5149647143433064
0.5149540338385934
0.5149433328505644
0.5149326113166409
0.5149218691741237
0.5149111063601953
0.5149003228119169
0.5148895184662297
0.5148786932599543
0.5148678471297903
0.5148569800123162
0.5148460918439886
0.5148351825611428
0.5148242520999919
0.5148133003966262
0.5148023273870138
0.5147913330069995
0.5147803171923049
0.5147692798785284
0.5147582210011441
0.5147471404955022
0.514736038296828
0.5147249143402228
0.5147137685606623
0.5147026008929969
0.5146914112719518
0.5146801996321255
0.5146689659079905
0.5146577100338932
0.5146464319440522
0.5146351315725598
0.5146238088533801
0.5146124637203501
0.5146010961071775
0.5145897059474427
0.5145782931745966
0.5145668577219614
0.5145553995227297
0.5145439185099642
0.5145324146165977
0.5145208877754327
0.5145093379191406
0.5144977649802622
0.5144861688912067
0.5144745495842512
0.5144629069915414
0.5144512410450902
0.5144395516767779
0.5144278388183515
0.5144161024014251
0.5144043423574785
0.5143925586178576
0.5143807511137738
0.5143689197763037
0.5143570645363893
0.5143451853248362
0.5143332820723145
0.5143213547093584
0.514309403166365
0.514297427373595
0.5142854272611713
0.5142734027590798
0.5142613537971678
0.5142492803051444
0.51423718221258
0.5142250594489057
0.5142129119434139
0.5142007396252558
0.5141885424234436
0.5141763202668479
0.514164073084199
0.5141518008040857
0.5141395033549543
0.5141271806651104
0.5141148326627155
0.5141024592757892
0.5140900604322076
0.5140776360597026
0.5140651860858624
0.5140527104381307
0.5140402090438061
0.514027681830042
0.5140151287238458
0.5140025496520794
0.5139899445414574
0.5139773133185478
0.5139646559097713
0.5139519722414007
0.5139392622395607
0.513926525830227
0.5139137629392266
0.5139009734922371
0.5138881574147858
0.5138753146322497
0.5138624450698556
0.5138495486526784
0.5138366253056414
0.5138236749535166
0.5138106975209221
0.5137976929323241
0.5137846611120352
0.5137716019842136
0.5137585154728637
0.5137454015018346
0.5137322599948206
0.5137190908753602
0.5137058940668351
0.5136926694924712
0.5136794170753369
0.5136661367383426
0.5136528284042414
0.5136394919956273
0.5136261274349353
0.513612734644441
0.5135993135462602
0.5135858640623474
0.513572386114497
0.5135588796243413
0.513545344513351
0.5135317807028342
0.5135181881139357
0.5135045666676369
0.5134909162847556
0.5134772368859447
0.5134635283916918
0.5134497907223197
0.5134360237979839
0.5134222275386742
0.5134084018642134
0.513394546694256
0.513380661948288
0.5133667475456276
0.5133528034054231
0.5133388294466528
0.5133248255881251
0.5133107917484767
0.5132967278461736
0.5132826337995091
0.5132685095266044
0.5132543549454065
0.5132401699736898
0.5132259545290537
0.5132117085289225
0.5131974318905457
0.5131831245309959
0.5131687863671693
0.5131544173157853
0.5131400172933844
0.5131255862163293
0.513111124000804
0.5130966305628122
0.5130821058181769
0.513067549682541
0.5130529620713656
0.5130383428999299
0.5130236920833295
0.5130090095364774
0.5129942951741022
0.512979548910748
0.5129647706607734
0.5129499603383509
0.5129351178574668
0.5129202431319199
0.5129053360753209
0.5128903966010923
0.5128754246224667
0.5128604200524874
0.5128453828040069
0.5128303127896865
0.5128152099219951
0.5128000741132095
0.5127849052754128
0.5127697033204941
0.5127544681601479
0.5127391997058732
0.5127238978689725
0.5127085625605523
0.5126931936915203
0.5126777911725872
0.5126623549142633
0.5126468848268603
0.5126313808204888
0.5126158428050582
0.512600270690276
0.5125846643856469
0.512569023800472
0.5125533488438485
0.5125376394246681
0.5125218954516172
0.5125061168331754
0.5124903034776143
0.5124744552929986
0.5124585721871834
0.512442654067814
0.5124267008423251
0.5124107124179407
0.5123946887016722
0.5123786296003179
0.5123625350204628
0.5123464048684769
0.5123302390505153
0.5123140374725161
0.512297800040201
0.5122815266590733
0.5122652172344179
0.5122488716712994
0.512232489874563
0.5122160717488315
0.5121996171985055
0.5121831261277633
0.5121665984405583
0.5121500340406198
0.5121334328314503
0.5121167947163265
0.5121001195982973
0.5120834073801825
0.5120666579645736
0.5120498712538305
0.5120330471500827
0.5120161855552268
0.511999286370927
0.5119823494986129
0.5119653748394789
0.5119483622944838
0.5119313117643494
0.511914223149559
0.5118970963503575
0.5118799312667499
0.5118627277985
0.5118454858451296
0.5118282053059181
0.5118108860799004
0.511793528065867
0.5117761311623622
0.5117586952676833
0.5117412202798794
0.5117237060967512
0.5117061526158486
0.5116885597344708
0.5116709273496646
0.5116532553582234
0.5116355436566864
0.5116177921413375
0.5116000007082039
0.5115821692530552
0.5115642976714027
0.5115463858584969
0.5115284337093284
0.5115104411186253
0.5114924079808525
0.5114743341902104
0.5114562196406347
0.5114380642257936
0.5114198678390879
0.5114016303736497
0.5113833517223407
0.5113650317777514
0.5113466704322
0.5113282675777306
0.5113098231061131
0.5112913369088408
0.5112728088771299
0.5112542389019183
0.5112356268738639
0.5112169726833438
0.5111982762204528
0.5111795373750021
0.5111607560365188
0.511141932094243
0.5111230654371285
0.51110415595384
0.5110852035327527
0.5110662080619501
0.5110471694292239
0.5110280875220716
0.511008962227696
0.5109897934330031
0.510970581024601
0.5109513248887995
0.510932024911607
0.5109126809787308
0.5108932929755745
0.5108738607872373
0.5108543842985125
0.510834863393886
0.5108152979575348
0.5107956878733256
0.5107760330248141
0.5107563332952423
0.5107365885675377
0.5107167987243125
0.510696963647861
0.5106770832201584
0.5106571573228602
0.5106371858372998
0.510617168644487
0.5105971056251071
0.510576996659519
0.5105568416277537
0.510536640409513
0.5105163928841671
0.5104960989307546
0.5104757584279795
0.5104553712542107
0.5104349372874792
0.5104144564054777
0.5103939284855586
0.5103733534047321
0.5103527310396647
0.5103320612666784
0.5103113439617475
0.5102905790004981
0.5102697662582063
0.5102489056097965
0.5102279969298392
0.5102070400925498
0.5101860349717875
0.510164981441052
0.5101438793734837
0.5101227286418599
0.5101015291185951
0.5100802806757379
0.5100589831849698
0.5100376365176031
0.5100162405445798
0.5099947951364688
0.5099733001634649
0.5099517554953866
0.5099301610016749
0.5099085165513902
0.5098868220132122
0.5098650772554362
0.5098432821459729
0.509821436552345
0.5097995403416872
0.509777593380742
0.5097555955358595
0.5097335466729955
0.5097114466577084
0.509689295355158
0.5096670926301036
0.509644838346902
0.5096225323695053
0.5096001745614591
0.5095777647859008
0.5095553029055562
0.5095327887827399
0.5095102222793512
0.5094876032568728
0.5094649315763687
0.5094422070984826
0.5094194296834349
0.509396599191021
0.5093737154806098
0.5093507784111407
0.5093277878411223
0.5093047436286293
0.5092816456313011
0.5092584937063396
0.5092352877105064
0.5092120275001216
0.5091887129310607
0.5091653438587531
0.509141920138179
0.5091184416238683
0.5090949081698974
0.5090713196298873
0.5090476758570013
0.5090239767039431
0.5090002220229539
0.50897641166581
0.5089525454838213
0.5089286233278284
0.5089046450482
0.5088806104948311
0.5088565195171404
0.5088323719640679
0.5088081676840722
0.5087839065251288
0.5087595883347269
0.5087352129598675
0.5087107802470606
0.508686290042323
0.5086617421911757
0.508637136538641
0.5086124729292406
0.5085877512069936
0.5085629712154117
0.5085381327974997
0.5085132357957503
0.508488280052143
0.508463265408141
0.5084381917046891
0.5084130587822099
0.508387866480603
0.5083626146392399
0.5083373030969645
0.5083119316920868
0.5082865002623831
0.5082610086450919
0.5082354566769117
0.5082098441939978
0.5081841710319602
0.5081584370258598
0.5081326420102068
0.508106785818957
0.5080808682855094
0.5080548892427033
0.5080288485228158
0.508002745957558
0.507976581378073
0.5079503546149327
0.5079240654981346
0.5078977138570998
0.5078712995206689
0.5078448223170997
0.5078182820740644
0.5077916786186459
0.5077650117773355
0.5077382813760293
0.5077114872400257
0.5076846291940225
0.5076577070621122
0.5076307206677819
0.5076036698339068
0.50757655438275
0.5075493741359571
0.5075221289145551
0.5074948185389472
0.5074674428289112
0.5074400016035956
0.5074124946815164
0.5073849218805542
0.5073572830179502
0.5073295779103041
0.5073018063735697
0.5072739682230523
0.5072460632734049
0.5072180913386253
0.5071900522320525
0.5071619457663635
0.5071337717535696
0.5071055300050131
0.5070772203313643
0.5070488425426176
0.5070203964480882
0.5069918818564082
0.5069632985755241
0.506934646412692
0.5069059251744757
0.5068771346667416
0.5068482746946551
0.506819345062679
0.5067903455745678
0.5067612760333648
0.5067321362413988
0.5067029260002798
0.5066736451108959
0.506644293373409
0.5066148705872522
0.5065853765511246
0.5065558110629884
0.5065261739200655
0.5064964649188323
0.5064666838550175
0.5064368305235976
0.5064069047187925
0.5063769062340624
0.5063468348621041
0.5063166903948458
0.5062864726234451
0.506256181338283
0.5062258163289615
0.5061953773842987
0.5061648642923258
0.5061342768402817
0.5061036148146101
0.5060728780009547
0.5060420661841559
0.5060111791482459
0.5059802166764452
0.5059491785511578
0.5059180645539676
0.505886874465634
0.5058556080660879
0.5058242651344271
0.5057928454489123
0.505761348786963
0.5057297749251526
0.5056981236392049
0.505666394703989
0.5056345878935159
0.505602702980933
0.5055707397385203
0.5055386979376867
0.5055065773489635
0.5054743777420028
0.5054420988855702
0.5054097405475425
0.5053773024949018
0.5053447844937315
0.5053121863092119
0.5052795077056155
0.5052467484463017
0.5052139082937135
0.5051809870093718
0.5051479843538708
0.5051149000868742
0.5050817339671093
0.5050484857523635
0.5050151551994781
0.5049817420643445
0.5049482461019
0.5049146670661208
0.5048810047100198
0.5048472587856396
0.5048134290440491
0.5047795152353376
0.5047455171086104
0.5047114344119832
0.5046772668925784
0.5046430142965188
0.5046086763689231
0.504574252853901
0.5045397434945477
0.5045051480329392
0.5044704662101273
0.5044356977661334
0.5044008424399453
0.5043658999695101
0.5043308700917297
0.5042957525424561
0.5042605470564852
0.5042252533675522
0.5041898712083263
0.5041544003104048
0.5041188404043082
0.504083191219475
0.5040474524842556
0.5040116239259079
0.5039757052705911
0.5039396962433598
0.5039035965681601
0.5038674059678225
0.5038311241640573
0.5037947508774486
0.503758285827449
0.5037217287323733
0.5036850793093942
0.5036483372745355
0.5036115023426666
0.5035745742274972
0.5035375526415714
0.5035004372962615
0.5034632279017631
0.5034259241670888
0.5033885258000621
0.5033510325073118
0.5033134439942668
0.5032757599651488
0.5032379801229678
0.5032001041695152
0.5031621318053582
0.5031240627298338
0.5030858966410429
0.5030476332358439
0.503009272209847
0.5029708132574079
0.5029322560716215
0.5028936003443167
0.5028548457660487
0.5028159920260944
0.5027770388124451
0.5027379858118004
0.502698832709563
0.5026595791898304
0.5026202249353909
0.5025807696277154
0.5025412129469521
0.5025015545719198
0.5024617941801015
0.502421931447638
0.5023819660493215
0.5023418976585888
0.5023017259475153
0.5022614505868082
0.5022210712458
0.5021805875924417
0.5021399992932968
0.5020993060135341
0.5020585074169213
0.5020176031658181
0.5019765929211701
0.5019354763425015
0.5018942530879084
0.5018529228140521
0.501811485176153
0.5017699398279828
0.5017282864218578
0.5016865246086329
0.5016446540376935
0.5016026743569498
0.5015605852128291
0.5015183862502687
0.5014760771127098
0.5014336574420895
0.5013911268788349
0.5013484850618547
0.5013057316285333
0.5012628662147233
0.5012198884547381
0.5011767979813451
0.5011335944257588
0.5010902774176328
0.5010468465850535
0.5010033015545323
0.5009596419509986
0.5009158673977925
0.5008719775166571
0.5008279719277323
0.5007838502495462
0.5007396120990084
0.5006952570914026
0.5006507848403794
0.5006061949579481
0.5005614870544701
0.500516660738651
0.5004717156175337
0.5004266512964896
0.5003814673792125
0.5003361634677106
0.5002907391622986
0.5002451940615905
0.500199527762492
0.5001537398601923
0.5001078299481573
0.5000617976181216
0.5000156424600808
0.49996936406228354
0.4999229620112244
0.4998764358916357
0.4998297852864799
0.499783009776942
0.49973610894242115
0.49968908236052373
0.4996419296070552
0.4995946502560118
0.4995472438795733
0.4994997100480948
0.49945204833009926
0.499404258292269
0.4993563394994382
0.49930829151458533
0.49926011389882397
0.4992118062113964
0.49916336800966443
0.4991147988491022
0.49906609828328763
0.4990172658638948
0.49896830114068563
0.4989192036615022
0.49886997297225866
0.4988206086169326
0.49877111013755776
0.4987214770742153
0.4986717089650261
0.498621805346143
0.49857176575174167
0.4985215897140135
0.4984712767631567
0.49842082642736885
0.4983702382328381
0.49831951170373584
0.4982686463622076
0.49821764172836547
0.4981664973202797
0.4981152126539709
0.49806378724340106
0.49801222060046657
0.4979605122349887
0.49790866165470604
0.49785666836526676
0.4978045318702195
0.49775225167100556
0.4976998272669511
0.4976472581552581
0.4975945438309971
0.49754168378709773
0.497488677514342
0.4974355245013549
0.49738222423459677
0.49732877619835486
0.49727517987473524
0.49722143474365477
0.49716754028283205
0.49711349596778104
0.49705930127180037
0.49700495566596736
0.49695045861912873
0.4968958095978928
0.49684100806662085
0.4967860534874197
0.496730945320133
0.49667568302233334
0.49662026604931414
0.49656469385408125
0.4965089658873454
0.49645308159751333
0.4963970404306807
0.49634084183062305
0.49628448523878876
0.49622797009428965
0.49617129583389474
0.49611446189202063
0.4960574677007246
0.49600031268969613
0.4959429962862494
0.49588551791531443
0.4958278769994307
0.49577007295873776
0.4957121052109688
0.49565397317144144
0.4955956762530511
0.4955372138662626
0.49547858541910256
0.49541979031715216
0.4953608279635384
0.4953016977589275
0.49524239910151713
0.4951829313870281
0.49512329400869814
0.49506348635727276
0.49500350782099906
0.49494335778561804
0.494883035634357
0.49482254074792187
0.494761872504491
0.4947010302797066
0.4946400134466685
0.49457882137592657
0.49451745343547343
0.494455908990738
0.49439418740457775
0.49433228803727225
0.4942702102465161
0.49420795338741186
0.4941455168124634
0.4940828998715694
0.49402010191201645
0.493957122278472
0.4938939603129784
0.49383061535494643
0.49376708674114816
0.4937033738057113
0.49363947588011226
0.4935753922931705
0.4935111223710422
0.4934466654372136
0.4933820208124959
0.4933171878150183
0.4932521657602234
0.4931869539608599
0.4931215517269777
0.49305595836592275
0.49299017318233057
0.49292419547812094
0.4928580245524931
0.4927916597019201
0.4927251002201434
0.49265834539816783
0.4925913945242572
0.49252424688392843
0.4924569017599475
0.4923893584323242
0.492321616178308
0.49225367427238315
0.4921855319862645
0.49211718858889314
0.4920486433464324
0.49197989552226346
0.4919109443769812
0.4918417891683911
0.4917724291515055
0.49170286357853915
0.4916330916989063
0.4915631127592175
0.4914929260032761
0.4914225306720752
0.4913519260037952
0.4912811112337999
0.4912100855946351
0.4911388483160252
0.49106739862487114
0.49099573574524824
0.4909238588984035
0.4908517673027548
0.490779460173888
0.49070693672455595
0.4906341961646766
0.490561237701332
0.49048806053876737
0.4904146638783894
0.490341046918766
0.49026720885562564
0.4901931488818563
0.49011886618750655
0.49004435995978346
0.4899696293830544
0.4898946736388465
0.4898194919058473
0.4897440833599054
0.4896684471740311
0.489592582518398
0.48951648856034313
0.48944016446437005
0.4893636093921487
0.48928682250251865
0.48920980295149075
0.48913254989224897
0.48905506247515373
0.48897733984774405
0.4888993811547404
0.4888211855380489
0.4887427521367633
0.48866408008716977
0.4885851685227507
0.4885060165741881
0.4884266233693689
0.4883469880333893
0.48826710968855913
0.48818698745440836
0.48810662044769076
0.48802600778239114
0.4879451485697306
0.487864041918173
0.48778268693343063
0.48770108271847307
0.48761922837353167
0.48753712299610946
0.4874547656809865
0.4873721555202294
0.48728929160319906
0.48720617301655944
0.487122798844286
0.48703916816767556
0.486955280065355
0.48687113361329154
0.48678672788480337
0.4867020619505689
0.48661713487863884
0.48653194573444664
0.4864464935808197
0.48636077747799245
0.48627479648361704
0.4861885496527767
0.48610203603799873
0.4860152546892672
0.48592820465403697
0.48584088497724764
0.4857532947013379
0.4856654328662604
0.4855772985094962
0.48548889066607137
0.48540020836857223
0.4853112506471616
0.4852220165295959
0.4851325050412421
0.48504271520509523
0.48495264604179644
0.4848622965696508
0.48477166580464714
0.4846807527604763
0.48458955644855173
0.4844980758780286
0.484406310055825
0.48431425798664257
0.48422191867298825
0.4841292911151963
0.4840363743114503
0.4839431672578059
0.4838496689482146
0.48375587837454725
0.48366179452661856
0.4835674163922115
0.48347274295710274
0.4833777732050884
0.4832825061180105
0.4831869406757835
0.4830910758564214
0.48299491063606603
0.4828984439890147
0.4828016748877501
0.4827046023029683
0.4826072252036098
0.4825095425568894
0.4824115533283272
0.4823132564817805
0.4822146509794757
0.48211573578204114
0.4820165098485398
0.4819169721365036
0.48181712160196777
0.48171695719950586
0.48161647788226486
0.4815156826020016
0.48141457030912
0.48131313995270747
0.4812113904805736
0.48110932083928803
0.4810069299742208
0.4809042168295805
0.4808011803484561
0.48069781947285745
0.4805941331437568
0.4804901203011315
0.48038577988400644
0.48028111083049857
0.48017611207785993
0.48007078256252383
0.4799651212201495
0.4798591269856689
0.4797527987933333
0.47964613557676106
0.47953913626898614
0.4794317998025063
0.47932412510933387
0.479216111121045
0.47910775676883177
0.47899906098355294
0.47889002269578695
0.4787806408358854
0.47867091433402587
0.47856084212026784
0.47845042312460695
0.4783396562770315
0.47822854050757946
0.47811707474639553
0.47800525792378973
0.47789308897029575
0.4777805668167319
0.4776676903942606
0.4775544586344495
0.47744087046933426
0.47732692483148087
0.4772126206540491
0.47709795687085704
0.4769829324164455
0.47686754622614475
0.47675179723614036
0.4766356843835409
0.4765192066064461
0.4764023628440155
0.4762851520365381
0.4761675731255036
0.47604962505367265
0.4759313067651497
0.4758126172054552
0.4756935553215996
0.47557412006215793
0.4754543103773448
0.47533412521909046
0.4752135635411176
0.4750926242990188
0.4749713064503354
0.4748496089546368
0.4747275307735994
0.47460507087108905
0.4744822282132412
0.47435900176854456
0.4742353905079234
0.47411139340482206
0.4739870094352897
0.4738622375780663
0.4737370768146684
0.47361152612947693
0.4734855845098252
0.47335925094608744
0.47323252443176894
0.4731054039635963
0.4729778885416085
0.4728499771692488
0.4727216688534588
0.47259296260477035
0.472463857437401
0.4723343523693494
0.4722044464224907
0.47207413862267306
0.4719434279998167
0.47181231358801007
0.47168079442561117
0.4715488695553457
0.4714165380244085
0.4712837988845647
0.4711506511922523
0.47101709400868436
0.4708831263999532
0.47074874743713446
0.47061395619639224
0.4704787517590853
0.4703431332118737
0.4702070996468247
0.47007065016152294
0.4699337838591778
0.4697964998487321
0.46965879724497445
0.46952067516864826
0.4693821327465635
0.46924316911170905
0.46910378340336567
0.46896397476721885
0.4688237423554737
0.4686830853269691
0.46854200284729264
0.4684004940888979
0.46825855823122026
0.4681161944607937
0.46797340197136905
0.4678301799640321
0.4676865276473232
0.46754244423735547
0.4673979289579361
0.46725298104068586
0.4671075997251609
0.4669617842589739
0.46681553389791647
0.4666688479060812
0.4665217255559852
0.4663741661286933
0.4662261689139423
0.4660777332102646
0.46592885832511394
0.46577954357498996
0.46562978828556406
0.4654795917918047
0.4653289534381047
0.4651778725784073
0.46502634857633285
0.46487438080530696
0.46472196864868726
0.46456911149989133
0.4644158087625252
0.4642620598505114
0.46410786418821776
0.46395322121058574
0.4637981303632601
0.46364259110271716
0.46348660289639493
0.4633301652228217
0.4631732775717465
0.4630159394442674
0.4628581503529629
0.46269990982202014
0.4625412173873657
0.46238207259679454
0.46222247501010066
0.46206242419920607
0.4619019197482907
0.46174096125392244
0.4615795483251861
0.46141768058381305
0.46125535766431025
0.46109257921408986
0.46092934489359727
0.4607656543764408
0.4606015073495192
0.4604369035131505
0.4602718425811995
0.4601063242812057
0.45994034835451014
0.45977391455638267
0.45960702265614817
0.459439672437313
0.4592718636976901
0.45910359624952496
0.4589348699196195
0.458765684549457
0.458596039995325
0.4584259361284396
0.45825537283506645
0.45808435001664377
0.45791286758990324
0.4577409254869902
0.4575685236555841
0.45739566205901694
0.4572223406763928
0.45704855950270384
0.45687431854894867
0.45669961784224655
0.45652445742595466
0.4563488373597796
0.4561727577198935
0.45599621859904316
0.4558192201066645
0.45564176236899046
0.4554638455291616
0.4552854697473331
0.45510663520078315
0.4549273420840181
0.45474759060887704
0.45456738100463606
0.45438671351810994
0.4542055884137539
0.4540240059737629
0.45384196649817066
0.45365947030494663
0.45347651773009146
0.4532931091277323
0.453109244870215
0.4529249253481963
0.45274015097073383
0.4525549221653743
0.4523692393782407
0.45218310307411835
0.4519965137365384
0.45180947186785925
0.45162197798934894
0.45143403264126314
0.4512456363829216
0.45105678979278496
0.4508674934685282
0.450677748027112
0.4504875541048534
0.45029691235749364
0.4501058234602653
0.449914288107956
0.4497223070149714
0.4495298809153956
0.4493370105630502
0.44914369673155063
0.44894994021436035
0.4487557418248445
0.44856110239631924
0.4483660227821006
0.448170503855551
0.4479745465101225
0.4477781516593999
0.4475813202371392
0.4473840531973055
0.4471863515141088
0.446988216182036
0.4467896482158824
0.4465906486507794
0.4463912185422208
0.4461913589660863
0.4459910710186628
0.4457903558166636
0.4455892144972441
0.4453876482180167
0.44518565815706174
0.4449832455129367
0.4447804115046827
0.44457715737182907
0.4443734843743942
0.44416939379288517
0.44396488692829417
0.44375996510209104
0.44355462965621717
0.443348881953072
0.44314272337549954
0.4429361553267726
0.4427291792305728
0.44252179653096946
0.4423140086923939
0.44210581719961395
0.4418972235577024
0.44168822929200574
0.4414788359481083
0.4412690450917943
0.4410588583090074
0.4408482772058069
0.4406373034083224
0.44042593856270373
0.4402141843350704
0.4400020424114569
0.43978951449775533
0.43957660231965606
0.43936330762258446
0.4391496321716361
0.4389355777515084
0.4387211461664297
0.43850633924008575
0.43829115881554354
0.43807560675517127
0.4378596849405573
0.43764339527242563
0.4374267396705475
0.4372097200736525
0.43699233843933477
0.4367745967439574
0.4365564969825555
0.43633804116873287
0.43611923133456065
0.4359000695304688
0.43568055782513887
0.43546069830539064
0.4352404930760686
0.4350199442599246
0.43479905399749763
0.4345778244469927
0.43435625778415443
0.43413435620214
0.43391212191138984
0.4336895571394928
0.4334666641310531
0.4332434451475514
0.4330199024672045
0.4327960383848225
0.43257185521166375
0.4323473552752869
0.4321225409194006
0.43189741450371105
0.4316719784037671
0.43144623501080254
0.4312201867315764
0.4309938359882112
0.4307671852180285
0.43054023687338183
0.43031299342148843
0.43008545734425796
0.4298576311381195
0.4296295173138447
0.42940111839637274
0.4291724369246279
0.42894347545134004
0.42871423654285945
0.42848472277897137
0.4282549367527085
0.4280248810701606
0.4277945583502839
0.4275639712247059
0.4273331223375316
0.42710201434514505
0.4268706499160113
0.4266390317304746
0.42640716248055704
0.4261750448697531
0.4259426816128249
0.4257100754355943
0.42547722907473434
0.42524414527755766
0.42501082680180563
0.4247772764154343
0.4245434968963999
0.42430949103244187
0.42407526162086595
0.423840811468325
0.4236061433905989
0.4233712602123725
0.4231361647670144
0.4229008598963521
0.4226653484504477
0.4224296332873718
0.4221937172729767
0.421957603280669
0.42172129419117965
0.42148479289233576
0.4212481022788292
0.4210112252519853
0.420774164719531
0.42053692359536204
0.42029950479930955
0.4200619112569059
0.4198241458991494
0.4195862116622704
0.4193481114874942
0.41910984832080583
0.41887142511271286
0.4186328448180087
0.41839411039553487
0.4181552248079443
0.4179161910214624
0.4176770120056498
0.4174376907331639
0.4171982301795201
0.41695863332285454
0.41671890314368454
0.4164790426246709
0.4162390547503793
0.4159989425070423
0.4157587088823203
0.4155183568650657
0.4152778894450829
0.41503730961289237
0.41479662035949294
0.4145558246761255
0.4143149255540364
0.41407392598424086
0.4138328289572897
0.41359163746303124
0.4133503544903797
0.4131089830270803
0.41286752605947596
0.41262598657227506
0.41238436754832014
0.41214267196835597
0.41190090281080066
0.4116590630515148
0.4114171556635743
0.4111751836170419
0.41093314987874074
0.4106910574120294
0.41044890917657584
0.4102067081281353
0.4099644572183262
0.4097221593944104
0.40947981759907204
0.4092374347701981
0.408995013840661
0.4087525577381025
0.4085100693847179
0.4082675516970413
0.4080250075857347
0.40778243995537466
0.4075398517042447
0.40729724572412485
0.4070546249000855
0.4068119921102826
0.4065693502257527
0.40632670211021105
0.4060840506198509
0.4058413986031442
0.4055987489006435
0.40535610434478736
0.40511346775970464
0.4048708419610234
0.40462822975567886
0.4043856339417252
0.40414305730814826
0.40390050263467947
0.40365797269161324
0.4034154702396243
0.40317299802958817
0.4029305588024028
0.40268815528881335
0.4024457902092371
0.40220346627359105
0.4019611861811224
0.40171895262023977
0.40147676826834655
0.4012346357916771
0.4009925578451342
0.40075053707212827
0.4005085761044201
0.40026667756196377
0.40002484405275296
0.39978307817266867
0.39954138250532967
0.3992997596219436
0.399058212081163
0.39881674242893994
0.39857535319838605
0.39833404690963164
0.39809282606969
0.3978516931723214
0.39761065069790064
0.3973697011132864
0.39712884687169225
0.39688809041256135
0.3966474341614408
0.3964068805298615
0.3961664319152164
0.3959260907006448
0.39568585925491573
0.39544573993231497
0.3952057350725352
0.39496584700056514
0.3947260780265849
0.3944864304458606
0.39424690653864247
0.3940075085700655
0.3937682387900498
0.39352909943320724
0.3932900927187466
0.393051220850383
0.39281248601624863
0.392573890388806
0.39233543612476307
0.3920971253649908
0.39185896023444344
0.3916209428420788
0.39138307528078414
0.39114535962730074
0.39090779794215275
0.3906703922695777
0.39043314463745815
0.3901960570572579
0.38995913152395667
0.3897223700159898
0.38948577449518995
0.38924934690672824
0.38901308917906063
0.38877700322387465
0.3885410909360374
0.3883053541935483
0.38806979485749105
0.3878344147719889
0.3875992157641621
0.38736419964408614
0.38712936820475374
0.386894723222037
0.38666026645465273
0.38642599964412927
0.3861919245147743
0.3859580427736471
0.385724356110529
0.3854908661978994
0.38525757469091076
0.3850244832273672
0.38479159342770397
0.38455890689496897
0.3843264252148062
0.3840941499554412
0.38386208266766736
0.3836302248848341
0.3833985781228384
0.38316714388011547
0.3829359236376332
0.382704918858887
0.3824741309898965
0.38224356145920513
0.3820132116778784
0.38178308303950736
0.38155317692021085
0.3813234946786406
0.3810940376559868
0.3808648071759874
0.3806358045449365
0.38040703105169404
0.38017848796770026
0.37995017654698704
0.3797220980261945
0.37949425362458683
0.3792666445440693
0.37903927196920884
0.37881213706725303
0.3785852409881526
0.3783585848645844
0.3781321698119752
0.3779059969285278
0.37768006729524656
0.3774543819759669
0.37722894201738344
0.3770037484490803
0.37677880228356286
0.37655410451628923
0.3763296561257056
0.3761054580732795
0.37588151130353586
0.3756578167440943
0.3754343753057059
0.3752111878822934
0.37498825535098945
0.3747655785721786
0.3745431583895382
0.3743209956300809
0.374099091104199
0.3738774456057071
0.3736560599118898
0.3734349347835453
0.37321407096503334
0.37299346918432286
0.37277313015304
0.37255305456651794
0.3723332431038463
0.37211369642792147
0.3718944151854987
0.37167540000724325
0.37145665150778373
0.3712381702857653
0.3710199569239026
0.3708020119890359
0.37058433603218477
0.37036692958860434
0.37014979317784125
0.36993292730379057
0.3697163324547533
0.3695000091034933
0.36928395770729583
0.36906817870802594
0.3688526725321887
0.3686374395909865
0.3684224802803812
0.36820779498115247
0.36799338405896
0.36777924786440286
0.3675653867330818
0.36735180098566117
0.3671384909279295
0.3669254568508625
0.3667126990306856
0.36650021772893615
0.3662880131925263
0.36607608565380595
0.36586443533062685
0.36565306242640505
0.36544196713018495
0.3652311496167032
0.36502061004645214
0.36481034856574385
0.36460036530677464
0.3643906603876885
0.3641812339126425
0.36397208597186936
0.36376321664174344
0.363554625984844
0.36334631405001994
0.3631382808724542
0.3629305264737275
0.3627230508618834
0.362515854031492
0.36230893596371433
0.36210229662636606
0.361895935973982
0.36168985394787984
0.36148405047622345
0.361278525474087
0.3610732788435185
0.36086831047360246
0.36066362024052356
0.36045920800763004
0.3602550736254957
0.3600512169319826
0.35984763775230355
0.35964433589908434
0.3594413111724256
0.3592385633599643
0.3590360922369349
0.35883389756623074
0.3586319790984644
0.35843033657202905
0.3582289697131572
0.35802787823598264
0.3578270618425974
0.3576265202231125
0.3574262530557169
0.3572262600067349
0.35702654073068524
0.35682709487033787
0.3566279220567717
0.3564290219094317
0.35623039403618506
0.35603203803337663
0.35583395348588603
0.3556361399671809
0.3554385970393734
0.3552413242532732
0.35504432114844164
0.35484758725324506
0.35465112208490757
0.3544549251495631
0.3542589959423077
0.35406333394725026
0.3538679386375633
0.3536728094755337
0.35347794591261184
0.35328334738946066
0.35308901333600484
0.35289494317147796
0.35270113630447064
0.3525075921329766
0.35231431004444036
0.35212128941580084
0.35192852961353793
0.35173602999371656
0.3515437899020307
0.35135180867384563
0.3511600856342418
0.35096862009805574
0.35077741136992224
0.35058645874431377
0.35039576150558216
0.35020531892799633
0.35001513027578135
0.349825194803157
0.34963551175437485
0.3494460803637538
0.3492568998557178
0.349067969444829
0.3488792883358244
0.34869085572364744
0.34850267079348274
0.34831473272078733
0.34812704067132294
0.34793959380118655
0.3477523912568402
0.3475654321751412
0.3473787156833695
0.34719224089925677
0.3470060069310123
0.34682001287735037
0.3466342578275152
0.34644874086130567
0.34626346104909955
0.3460784174518761
0.3458936091212391
0.3457090350994384
0.34552469441939015
0.345340586104697
0.34515670916966723
0.34497306261933347
0.3447896454494692
0.34460645664660666
0.34442349518805127
0.34424076004189774
0.34405825016704406
0.3438759645132038
0.34369390202092015
0.34351206162157605
0.34333044223740533
0.3431490427815032
0.34296786215783426
0.3427868992612411
0.34260615297745173
0.3424256221830851
0.34224530574565765
0.3420652025235869
0.3418853113661956
0.34170563111371444
0.34152616059728325
0.34134689863895334
0.3411678440516863
0.34098899563935336
0.3408103521967341
0.34063191250951275
0.34045367535427556
0.3402756394985058
0.3400978037005778
0.3399201667097509
0.3397427272661622
0.33956548410081777
0.33938843593558365
0.3392115814831753
0.3390349194471467
0.3388584485218775
0.3386821673925609
0.3385060747351887
0.3383301692165363
0.33815444949414675
0.33797891421631376
0.3378035620220637
0.3376283915411363
0.33745340139396435
0.33727859019165385
0.33710395653596054
0.33692949901926783
0.33675521622456256
0.33658110672540986
0.33640716908592694
0.33623340186075645
0.33605980359503823
0.3358863728243797
0.33571310807482707
0.33554000786283256
0.33536707069522337
0.33519429506916765
0.3350216794721417
0.3348492223818924
0.33467692226640294
0.3345047775838548
0.3343327867825886
0.3341609483010657
0.33398926056782713
0.333817722001452
0.3336463310105152
0.33347508599354325
0.3333039853389698
0.3331330274250902
0.3329622106200136
0.3327915332816157
0.33262099375749027
0.3324505903848979
0.33228032149071507
0.3321101853913827
0.33194018039285245
0.3317703047905311
0.3316005568692273
0.3314309349030929
0.33126143715556716
0.33109206187931567
0.33092280731617296
0.33075367169708
0.3305846532420227
0.3304157501599688
0.33024696064880366
0.3300782828952646
0.3299097150748752
0.3297412553518772
0.3295729018791625
0.32940465279820236
0.3292365062389781
0.32906846031990844
0.3289005131477766
0.3287326628176561
0.32856490741283584
0.3283972450047441
0.32822967365287076
0.32806219140468873
0.32789479629557533
0.32772748634873095
0.32756025957509716
0.32739311397327475
0.32722604752943923
0.327059058217256
0.3268921439977947
0.32672530281944157
0.326558532617812
0.32639183131566074
0.32622519682279116
0.32605862703596533
0.32589211983881045
0.3257256731017258
0.32555928468178763
0.32539295242265537
0.3252266741544722
0.32506044769376996
0.32489427084336947
0.32472814139228096
0.32456205711560293
0.3243960157744215
0.3242300151157065
0.32406405287220885
0.3238981267623551
0.3237322344901422
0.3235663737450309
0.3234005422018381
0.32323473752062776
0.3230689573466027
0.32290319930999295
0.32273746102594497
0.3225717400944097
0.32240603410002905
0.32224034061202195
0.32207465718406947
0.32190898135419926
0.3217433106446689
0.321577642561849
0.32141197459610343
0.3212463042216724
0.32108062889655115
0.3209149460623703
0.32074925314427377
0.32058354755079715
0.3204178266737453
0.32025208788806814
0.3200863285517375
0.3199205460056213
0.31975473757335904
0.31958890056123507
0.31942303225805246
0.3192571299350059
0.31909119084555376
0.3189252122252897
0.3187591912918144
0.3185931252446063
0.31842701126489104
0.31826084651551356
0.318094628140805
0.3179283532664545
0.31776201899937584
0.31759562242757766
0.31742916062003146
0.3172626306265393
0.31709602947760174
0.316929354184286
0.316762601738094
0.3165957691108283
0.3164288532544619
0.31626185110100363
0.31609475956236693
0.315927575530237
0.31576029587593857
0.31559291745030404
0.31542543708354076
0.3152578515851001
0.3150901577435457
0.3149223523264222
0.3147544320801247
0.31458639372976877
0.31441823397905977
0.31424994951016455
0.3140815369835819
0.3139129930380148
0.3137443142902432
0.313575497334997
0.3134065387448306
0.31323743506999707
0.31306818283832527
0.3128987785550955
0.3127292187029182
0.31255949974161307
0.31238961810808796
0.31221957021622193
0.31204935245674675
0.31187896119713177
0.31170839278146834
0.31153764353035773
0.31136670974079955
0.3111955876860807
0.31102427361566976
0.3108527637551073
0.3106810543059041
0.3105091414454377
0.31033702132685137
0.3101646900789565
0.3099921438061355
0.30981937858824843
0.30964639048054127
0.3094731755135555
0.3092997296930435
0.30912604899988216
0.30895212938999306
0.3087779667942623
0.30860355711846543
0.30842889624319486
0.30825398002378873
0.30807880429026496
0.30790336484725755
0.30772765747395625
0.3075516779240492
0.30737542192566986
0.30719888518134764
0.30702206336796084
0.3068449521366951
0.30666754711300404
0.30648984389657613
0.30631183806130224
0.30613352515525155
0.3059549007006478
0.3057759601938525
0.30559669910535187
0.3054171128797476
0.3052371969357536
0.30505694666619604
0.30487635743802033
0.3046954245923006
0.3045141434442557
0.30433250928327066
0.30415051737292265
0.30396816295101187
0.30378544122959966
0.30360234739505026
0.3034188766080797
0.30323502400380953
0.3030507846918264
0.30286615375624865
0.3026811262557977
0.30249569722387615
0.3023098616686521
0.3021236145731503
0.30193695089534783
0.30174986556827965
0.30156235350014704
0.3013744095744353
0.3011860286500371
0.30099720556138304
0.3008079351185795
0.3006182121075515
0.30042803129019713
0.3002373874045428
0.30004627516491206
0.29985468926209624
0.29966262436353813
0.2994700751135166
0.2992770361333452
0.2990835020215733
0.29888946735419775
0.29869492668487996
0.2984998745451743
0.29830430544475994
0.29810821387168307
0.2979115942926076
0.2977144411530699
0.2975167488777468
0.29731851187072783
0.2971197245157954
0.29692038117671593
0.2967204761975354
0.29652000390288547
0.29631895859829593
0.2961173345705164
0.29591512608784576
0.29571232740046877
0.2955089327408014
0.29530493632384425
0.29510033234754385
0.2948951149931611
0.29468927842564885
0.29448281679403626
0.29427572423182136
0.29406799485737206
0.2938596227743336
0.2936506020720445
0.29344092682596035
0.293230591098084
0.2930195889374036
0.29280791438033993
0.2925955614511983
0.2923825241626273
0.2921687965160895
0.2919543725023327
0.29173924610187274
0.29152341128548054
0.2913068620146781
0.2910895922422384
0.29087159591269396
0.2906528669628501
0.29043339932230583
0.29021318691397985
0.289992223654642
0.2897705034554523
0.28954802022250314
0.28932476785736966
0.2891007402576618
0.28887593131758577
0.2886503349285069
0.2884239449795189
0.2881967553580185
0.28796875995028154
0.28773995264204805
0.2875103273191056
0.2872798778678821
0.2870485981760391
0.2868164821330686
0.286583523630895
0.28634971656447883
0.286115054832424
0.285879532337587
0.28564314298769067
0.28540588069593764
0.28516773938162837
0.2849287129707796
0.2846887953967462
0.2844479806008431
0.28420626253296966
0.28396363515223494
0.2837200924275844
0.2834756283384278
0.2832302368752667
0.2829839120403236
0.2827366478481719
0.2824884383263646
0.282239277516065
0.28198915947267505
0.2817380782664674
0.2814860279832118
0.2812330027248057
0.2809789966099031
0.2807240037745403
0.28046801837276375
0.2802110345772568
0.2799530465799631
0.2796940485927119
0.27943403484783974
0.27917299959881314
0.2789109371208469
0.27864784171152507
0.27838370769141696
0.27811852940469434
0.2778523012197449
0.27758501752978615
0.27731667275347677
0.27704726133552715
0.27677677774730713
0.276505216487455
0.2762325720824816
0.27595883908737634
0.2756840120862093
0.27540808569273456
0.27513105455099
0.27485291333589823
0.27457365675386447
0.2742932795433754
0.2740117764755968
0.2737291423549698
0.27344537201980734
0.2731604603428911
0.2728744022320669
0.27258719263084064
0.2722988265189757
0.27200929891308867
0.2717186048672479
0.27142673947357077
0.2711336978628247
0.2708394752050263
0.2705440667100451
0.27024746762820695
0.26994967325090113
0.26965067891118805
0.2693504799844112
0.269049071888811
0.26874645008614206
0.2684426100822944
0.2681375474279169
0.26783125771904737
0.2675237365977431
0.26721497975272135
0.2669049829199997
0.26659374188354373
0.2662812524759212
0.2659675105789603
0.2656525121244162
0.2653362530946414
0.26501872952326505
0.2646999374958786
0.26437987315072803
0.2640585326794159
0.2637359123276095
0.2634120083957572
0.2630868172398156
0.26276033527198234
0.2624325589614404
0.2621034848351118
0.26177310947841914
0.26144142953605853
0.26110844171278297
0.26077414277419386
0.2604385295475462
0.26010159892256324
0.25976334785226024
0.2594237733537838
0.2590828725092573
0.2587406424666428
0.2583970804406113
0.258052183713426
0.2577059496358378
0.25735837562799285
0.2570094591803511
0.25665919785461827
0.25630758928468983
0.25595463117760675
0.25560032131452504
0.25524465755169495
0.25488763782145457
0.25452926013323685
0.25416952257458414
0.2538084233121807
0.253445960592893
0.25308213274482333
0.2527169381783759
0.2523503753873335
0.2519824429499462
0.2516131395300305
0.2512424638780808
0.25087041483239164
0.250496991320187
0.25012219235876637
0.24974601705665433
0.24936846461476278
0.24898953432756307
0.24860922558426488
0.24822753787000496
0.24784447076704372
0.2474600239559696
0.2470741972169096
0.24668699043074754
0.24629840358034866
0.2459084367517887
0.24551709013558998
0.2451243640279585
0.2447302588320312
0.24433477505911816
0.24393791332995682
0.24353967437596002
0.24314005904047137
0.24273906828001818
0.24233670316556616
0.24193296488377236
0.24152785473823699
0.2411213741507544
0.24071352466255905
0.24030430793556967
0.23989372575362794
0.23948178002373222
0.23906847277726626
0.2386538061712184
0.23823778248939553
0.23782040414362818
0.23740167367496479
0.23698159375485595
0.23656016718632966
0.23613739690515045
0.23571328598096963
0.23528783761845795
0.2348610551584262
0.23443294207892865
0.23400350199634926
0.2335727386664723
0.23314065598553135
0.23270725799124103
0.232272548863808
0.23183653292691872
0.23139921464870733
0.23096059864269758
0.23052068966872302
0.23007949263381888
0.2296370125930908
0.22919325475055455
0.22874822445994678
0.22830192722551035
0.22785436870274503
0.22740555469913012
0.22695549117481484
0.2265041842432756
0.22605164017193982
0.22559786538277407
0.22514286645283965
0.22468665011480773
0.2242292232574419
0.22377059292603868
0.2233107663228313
0.22284975080735447
0.22238755389676604
0.22192418326613114
0.22145964674865995
0.220993952335907
0.2205271081779239
0.22005912258337015
0.21959000401957646
0.21911976111256545
0.21864840264702393
0.21817593756622966
0.21770237497193085
0.21722772412417568
0.21675199444109583
0.21627519549864022
0.21579733703025739
0.21531842892653144
0.21483848123476357
0.21435750415850602
0.21387550805704203
0.21339250344481725
0.2129085009908158
0.21242351151788696
0.21193754600201764
0.21145061557155265
0.2109627315063626
0.2104739052369579
0.20998414834354917
0.20949347255505574
0.20900188974805958
0.20850941194570616
0.20801605131655146
0.20752182017335608
0.2070267309718265
0.2065307963093011
0.20603402892338477
0.20553644169053106
0.2050380476245683
0.20453885987517834
0.2040388917263183
0.20353815659459318
0.20303666802757492
0.20253443970207302
0.2020314854223514
0.20152781911829654
0.20102345484353557
0.20051840677350496
0.20001268920347018
0.19950631654649742
0.19899930333137786
0.19849166420050404
0.1979834139077025
0.19747456731601734
0.19696513939545193
0.19645514522066576
0.1959445999686273
0.1954335189162261
0.1949219174378424
0.19440981100287585
0.19389721517323638
0.1933841456007951
0.19287061802479688
0.19235664826923918
0.19184225224021162
0.19132744592320455
0.19081224538038147
0.19029666674782125
0.18978072623272818
0.18926444011061147
0.1887478247224388
0.1882308964717584
0.187713671821798
0.1871961672925371
0.18667839945775613
0.18616038494206266
0.1856421404178969
0.18512368260251685
0.1846050282549652
0.18408619417301875
0.1835671971901224
0.1830480541723081
0.18252878201510062
0.18200939764041268
0.181489917993428
0.18097036003947686
0.1804507407609032
0.17993107715392603
0.1794113862254956
0.17889168499014638
0.17837199046684904
0.17785231967586046
0.17733268963557425
0.1768131173593768
0.17629361985250214
0.17577421410889624
0.17525491710808483
0.17473574581205054
0.17421671716211945
0.17369784807585553
0.1731791554439721
0.17266065612725043
0.17214236695347856
0.17162430471440135
0.17110648616269136
0.1705889280089366
0.17007164691864668
0.1695546595092838
0.16903798234731215
0.16852163194527203
0.16800562475888048
0.16748997718415493
0.1669747055545653
0.16645982613821458
0.1659453551350481
0.1654313086740926
0.16491770281072762
0.16440455352398956
0.16389187671390798
0.16337968819887705
0.1628680037130627
0.16235683890384547
0.16184620932930094
0.16133613045571843
0.16082661765515793
0.16031768620304762
0.159809351275822
0.15930162794859998
0.15879453119290737
0.15828807587443955
0.15778227675086945
0.157277148469699
0.15677270556615483
0.15626896246112948
0.15576593345916892
0.1552636327465056
0.1547620743891383
0.15426127233096032
0.1537612403919332
0.15326199226631074
0.15276354152090973
0.15226590159343045
0.15176908579082554
0.1512731072877178
0.15077797912486907
0.1502837142076962
0.1497903253048392
0.1492978250467787
0.14880622592450202
0.14831554028822236
0.14782578034614494
0.1473369581632855
0.14684908566033822
0.1463621746125945
0.14587623664891058
0.1453912832507261
0.14490732575113274
0.14442437533399163
0.1439424430331016
0.14346153973141523
0.14298167616030544
0.14250286289888062
0.1420251103733473
0.1415484288564232
0.14107282846679606
0.14059831916863202
0.1401249107711294
0.1396526129281211
0.1391814351377234
0.13871138674202857
0.1382424769268464
0.1377747147214884
0.1373081089985978
0.13684266847402343
0.13637840170673762
0.13591531709879634
0.13545342289534335
0.13499272718465452
0.13453323789822585
0.1340749628109002
0.13361790954103592
0.13316208555071368
0.13270749814598368
0.13225415447715053
0.13180206153909627
0.1313512261716391
0.13090165505993084
0.13045335473488873
0.1300063315736611
0.12956059180013113
0.12911614148544986
0.12867298654860507
0.12823113275702192
0.12779058572719418
0.12735135092534752
0.12691343366813224
0.12647683912334512
0.12604157231068117
0.12560763810251163
0.12517504122469125
0.12474378625738985
0.12431387763595142
0.12388531965177724
0.12345811645323415
0.12303227204658548
0.12260779029694534
0.12218467492925528
0.1217629295292824
0.12134255754463698
0.12092356228581187
0.12050594692724012
0.12008971450837132
0.11967486793476602
0.11926140997920695
0.11884934328282726
0.11843867035625412
0.11802939358076818
0.11762151520947564
0.11721503736849725
0.11680996205816672
0.1164062911542447
0.11600402640914284
0.11560316945315975
0.11520372179572672
0.11480568482666476
0.11440905981744942
0.11401384792248552
0.1136200501803894
0.11322766751527794
0.11283670073806648
0.11244715054777171
0.11205901753281966
0.11167230217236107
0.11128700483758965
0.11090312579306524
0.11052066519804005
0.11013962310778949
0.10975999947494337
0.10938179415082132
0.10900500688676815
0.10862963733549222
0.10825568505240235
0.10788314949694663
0.10751203003395045
0.10714232593495354
0.10677403637954672
0.10640716045670652
0.10604169716612749
0.10567764541955381
0.1053150040421068
0.10495377177360915
0.10459394726990771
0.10423552910418964
0.10387851576829692
0.10352290567403544
0.10316869715447863
0.10281588846526711
0.1024644777859025
0.10211446322103497
0.10176584280174526
0.10141861448682164
0.1010727761640274
0.10072832565136439
0.10038526069832743
0.10004357898715321
0.0997032781340599
0.09936435569048052
0.09902680914428719
0.09869063592100755
0.09835583338503295
0.09802239884081831
0.09769032953407214
0.0973596226529388
0.09703027532917093
0.09670228463929287
0.09637564760575472
0.09605036119807667
0.09572642233398304
0.09540382788052837
0.09508257465521104
0.0947626594270788
0.09444407891782296
0.09412682980286284
0.09381090871241987
0.09349631223258051
0.09318303690634962
0.09287107923469257
0.09256043567756662
0.092251102654942
0.09194307654781164
0.0916363536991902
0.09133093041510242
0.09102680296556029
0.09072396758552886
0.09042242047588205
0.09012215780434613
0.08982317570643292
0.08952547028636201
0.08922903761797094
0.08893387374561502
0.08863997468505688
0.08834733642434223
0.08805595492466756
0.08776582612123442
0.08747694592409413
0.08718931021898066
0.0869029148681326
0.08661775571110386
0.08633382856556412
0.08605112922808758
0.08576965347493068
0.08548939706280002
0.08521035572960753
0.08493252519521712
0.08465590116217862
0.08438047931645212
0.08410625532812095
0.08383322485209457
0.08356138352880088
0.08329072698486742
0.08302125083379289
0.08275295067660782
0.08248582210252522
0.08221986068958045
0.08195506200526197
0.08169142160713032
0.08142893504342903
0.08116759785368392
0.08090740556929353
0.08064835371410906
0.0803904378050054
0.08013365335244127
0.07987799586101144
0.07962346082998743
0.07937004375385108
0.07911774012281673
0.07886654542334556
0.07861645513864968
0.07836746474918865
0.07811956973315508
0.07787276556695305
0.07762704772566703
0.07738241168352124
0.07713885291433253
0.07689636689195187
0.07665494909070047
0.07641459498579489
0.07617530005376523
0.07593705977286523
0.07569986962347358
0.07546372508848795
0.07522862165371005
0.07499455480822445
0.07476152004476846
0.07452951286009464
0.07429852875532592
0.07406856323630337
0.07383961181392629
0.07361167000448532
0.0733847333299883
0.07315879731847891
0.07293385750434864
0.0727099094286415
0.07248694863935207
0.07226497069171674
0.07204397114849886
0.07182394558026622
0.07160488956566365
0.07138679869167738
0.07116966855389485
0.07095349475675726
0.07073827291380647
0.0705239986479256
0.07031066759157446
0.07009827538701734
0.06988681768654764
0.06967629015270438
0.06946668845848483
0.06925800828755067
0.06905024533442891
0.06884339530470794
0.06863745391522766
0.06843241689426484
0.06822827998171335
0.0680250389292592
0.06782268950055045
0.06762122747136333
0.06742064862976166
0.06722094877625362
0.06702212372394234
0.06682416929867302
0.06662708133917428
0.06643085569719687
0.06623548823764625
0.0660409748387119
0.06584731139199275
0.06565449380261694
0.06546251798935973
0.06527137988475523
0.06508107543520582
0.0648916006010869
0.06470295135684814
0.06451512369111109
0.06432811360676265
0.06414191712104554
0.06395653026564495
0.06377194908677203
0.06358816964524311
0.06340518801655709
0.06322300029096767
0.06304160257355468
0.06286099098428924
0.06268116165809912
0.06250211074492869
0.06232383440979669
0.06214632883285119
0.061969590209421374
0.06179361475006713
0.06161839868062487
0.061443938242251514
0.061270229691465304
0.06109726930018452
0.060925053355763176
0.0607535781610243
0.06058284003429068
0.060412835309413965
0.06024356033580029
0.060075011478434415
0.059907185117900996
0.05974007765040459
0.05957368548778602
0.05940800505753811
0.059243032802818736
0.05907876518246137
0.0589151986709843
0.058752329758597996
0.05859015495120972
0.058428670770427266
0.058267873753560184
0.05810776045361959
0.057948327439316154
0.05778957129505602
0.05763148862093595
0.05747407603273578
0.05731733016191005
0.057161247655577674
0.057005825176510413
0.05685105940311942
0.056696947029440815
0.05654348476511956
0.056390669335392045
0.05623849748106721
0.056086965958506624
0.055936071539602825
0.05578581101175719
0.05563618117785546
0.05548717885624303
0.055338800880699014
0.05519104410040817
0.05504390537993342
0.0548973815991852
0.05475146965339212
0.05460616645306845
0.054461468923982084
0.05431737400712076
0.054173878658657686
0.054030979849916075
0.053888674567333095
0.05374695981242246
0.05360583260173653
0.05346528996682752
0.05332532895420835
0.05318594662531148
0.05304714005644824
0.052908906338767325
0.05277124257821165
0.05263414589547572
0.052497613425961126
0.05236164231973269
0.05222622974147283
0.052091372870436164
0.051957068900403
0.05182331503963268
0.05169010851081572
0.05155744655102656
0.05142532641167431
0.051293745358454476
0.051162700671299126
0.051032189644327486
0.050902209585795
0.05077275781804321
0.050643831677448084
0.05051542851436906
0.05038754569309668
0.050260180591800534
0.05013333060247656
0.05000699313089438
0.049881165596543514
