2.4768563833588035
2.232201344237607
2.2192091333301045
2.037345192019207
2.2112771982930783
2.0185905471392016
1.9864201741148695
2.0315590979154674
2.3276136075391247
2.517997814326397
2.107565508877984
2.558558530246789
2.2026170080507317
2.516183290600578
2.5938754021028543
2.1216498066645233
2.297234642090468
2.2452930850099877
2.113966972812499
2.3817420387189276
2.1790165545877915
2.0399079301044067
2.1785265468130235
2.017931948516252
2.296637397547964
2.1914461163638475
2.009713108868965
2.1622500925207713
2.020083928240294
2.351008343196129
2.1722761226904415
2.00262536742101
2.1092143198500013
1.9780343761719985
2.3001761724936713
1.958199202483509
1.879441675182897
1.8476034265535382
1.8830769371447986
2.00946266422378
1.4651672961034135
1.6176650126204493
1.41307552942835
1.4972009642491875
1.2538121262783612
1.1789331888124528
1.2344405217739867
1.063769275573477
1.0164875661782415
0.901214115562882
0.9922460346116031
0.8639711459774536
0.8384661802793998
0.6299142013764271
0.5368314197315995
0.3311913614329975
0.26103687737650716
0.16625299159237697
0.11122110571533245
0.08379032928775502
0.06485104609358577
0.05006206996436494
0.03983906843489987
