2.6168274272698824
2.436213652270669
2.2969475416690055
2.2194620216044534
2.187576551262935
2.176434813934295
2.171993287336144
2.169245285208886
2.1668424470575736
2.1644948797008796
2.162160787926438
2.159843212433276
2.157547376857032
2.1552746298438996
2.1530232068860777
2.1507895393087906
2.148569132619174
2.14635705655465
2.1441481985402753
2.1419373885746467
2.139719457511456
2.137489261710895
2.1352416910676886
2.1329716690760336
2.130674149328906
2.128344110696603
2.1259765523499112
2.1235664892558175
2.1211089485092316
2.1185989667371414
2.116031588753531
2.1134018676196553
2.1107048662572745
2.1079356607629762
2.105089345574762
2.102161040644834
2.0991459007729425
2.09603912725131
2.092835981963703
2.089531804066384
2.0861220293562335
2.0826022123998915
2.0789680514564113
2.0752154161732794
2.071340377971167
2.067339242955873
2.063208587106604
2.0589452933887373
2.054546590327921
2.0500100914632564
2.0453338349737384
2.040516322648746
2.035556557255866
2.0304540772544257
2.025208987718412
2.019821986276059
2.014294382853429
2.0086281120334215
2.002825736916264
1.996890443497093
1.9908260247626832
1.984636853951262
1.9783278467116756
1.9719044122319802
1.9653723937702754
1.9587379993964147
1.9520077241239482
1.9451882649579229
1.938286430686773
1.9313090484878155
1.9242628695812891
1.9171544762469583
1.9099901925046239
1.90277600065547
1.8955174656904115
1.8882196693047903
1.8808871549301467
1.873523884820569
1.8661332098319041
1.8587178521259093
1.8512799006360683
1.843820818763362
1.8363414634419017
1.828842114436144
1.8213225125100811
1.8137819049477848
1.8062190968044305
1.798632506225308
1.7910202221830613
1.7833800630447088
1.7757096344829475
1.7680063853833312
1.760267660562334
1.752490749293397
1.7446729288314395
1.7368115023241055
1.728903830694012
1.7209473582649124
1.7129396320812187
1.7048783150308138
1.6967611930221957
1.6885861765864947
1.6803512973709251
1.672054700062041
1.663694630324355
1.6552694193629822
1.6467774657189136
1.638217214883829
1.6295871372800201
1.6208857050922132
1.6121113683645603
1.603262530690405
1.59433752472753
1.5853345876702558
1.5762518367046967
1.5670872443673876
1.5578386136227258
1.5485035523735697
1.5390794470238907
1.5295634346244718
1.5199523730539461
1.5102428086195547
1.5004309404063494
1.4905125806616892
1.480483110475381
1.470337430006504
1.4600699025180277
1.4496742915123955
1.4391436903186827
1.4284704435689168
1.4176460601229546
1.4066611171647199
1.3955051554058224
1.384166565606044
1.3726324669665186
1.3608885783860174
1.3489190841120073
1.3367064959878985
1.3242315153214297
1.3114728984053412
1.2984073309422075
1.2850093180943327
1.2712510986301502
1.2571025936990723
1.2425314031538173
1.2275028650462436
1.2119801969026023
1.1959247405247142
1.1792963351534147
1.1620538465157095
1.1441558810106351
1.125561714281817
1.106232460613966
1.0861325026506368
1.065231188370519
1.0435047826509332
1.0209386331263504
0.9975294745025253
0.9732877538522835
0.9482398159370888
0.9224297491994223
0.8959206689370387
0.8687952142707018
0.8411550681171651
0.8131193780043654
0.7848220564024138
0.7564080601560893
0.7280288706140724
0.6998374972740717
0.6719833887856435
0.6446076441267643
0.6178388725432725
0.5917899630789694
0.5665559108726923
0.5422127287050454
0.5188173674984853
0.4964084918106697
0.4750079115481169
0.45462245793647094
0.4352461040578219
0.4168621595145839
0.39944540648151583
0.38296408353807676
0.36738165937622536
0.3526583680594035
0.33875250002773194
0.32562145876828485
0.31322260294702764
0.3015138990563897
0.2904544115008918
0.28000465660784807
0.2701268451860743
0.2607850356205867
0.25194521654917523
0.24357533522304023
0.23564528489375214
0.2281268620914393
0.2209937025045301
0.21422120234226455
0.20778643053791188
0.20166803590221116
0.19584615232717037
0.19030230433416712
0.18501931462351823
0.17998121478515322
0.1751731599454983
0.170581347831893
0.1661929425142683
0.16199600291917357
0.15797941609111807
0.15413283509064712
0.15044662135961306
0.14691179134541033
0.1435199671525597
0.14026333097804278
0.1371345830831867
0.13412690305734037
0.13123391413527105
0.12844965033976902
0.12576852623236529
0.1231853090675388
0.12069509315877766
0.11829327627792077
0.11597553792206111
0.11373781929473102
0.11157630485997119
0.10948740533913819
0.10746774203085772
0.10551413234440402
0.1036235764459303
0.10179324492546749
0.10002046740040833
0.09830272197839955
0.09663762550915782
0.09502292456077435
0.09345648706161602
0.09193629455398045
0.09046043501029088
0.0890270961668326
0.08763455933387637
0.0862811936445458
0.08496545070798164
0.08368585963526945
0.08244102240925663
0.08122960957180336
0.08005035620421982
0.07890205817865825
0.07778356866005745
0.07669379483991728
0.07563169488470728
0.07459627508310519
0.0735865871775406
0.07260172586667524
0.07164082646652334
0.0707030627188796
0.06978764473661848
0.06889381707624001
0.06802085692878099
0.06716807242089948
0.06633480101856008
0.06552040802632662
0.06472428517579373
0.0639458492971735
0.0631845410684979
0.06243982383730633
0.061711182510063675
0.06099812250489969
0.06030016876357856
0.05961686481890365
0.05894777191402718
0.05829246817039077
0.05765054780124697
0.05702162036792783
0.056405310076221654
0.05580125511040076
0.05520910700260804
0.05462853003547173
0.05405920067595457
0.05350080703857875
0.05295304837629437
0.05241563459736934
0.051888285806786116
0.0513707318707292
0.05086271200284102
0.0503639743710025
0.04987427572348026
