0.5329133099962403
0.5786086615869924
0.5642823624833616
0.5524696108604279
0.5430713809838867
0.5358015362460382
0.5303064106655027
0.5262276186225452
0.5232414996758288
0.5210769662959064
0.5195184268607905
0.5184005504541973
0.5175997774225156
0.5170254459355812
0.5166118999242297
0.5163120374705915
0.5160922961784582
0.5159288792790351
0.5158049758015243
0.5157087426854431
0.5156318547478017
0.5155684700862944
0.515514495617689
0.5154670675798624
0.515424185063557
0.5153844520150902
0.5153468958870732
0.5153108403268878
0.5152758158971525
0.5152414975276958
0.5152076607361276
0.5151741510141457
0.5151408624417586
0.5151077227643712
0.5150746829926812
0.5150417101651029
0.5150087823195897
0.5149758850074202
0.5149430088819114
0.5149101480354671
0.5148772988567838
0.5148444592489303
0.5148116280972339
0.5147788049096191
0.5147459895756095
0.5147131822066502
0.5146803830318806
0.5146475923314834
0.5146148103952944
0.5145820374982231
0.5145492738867077
0.5145165197722859
0.5144837753296354
0.5144510406973173
0.514418315980058
0.51438560125181
0.5143528965591146
0.5143202019244686
0.5142875173495225
0.5142548428180227
0.5142221782984501
0.5141895237463527
0.5141568791063813
0.5141242443140464
0.5140916192972268
0.5140590039774569
0.5140263982710166
0.5139938020898555
0.5139612153423702
0.5139286379340587
0.5138960697680671
0.5138635107456506
0.5138309607665551
0.5137984197293386
0.5137658875316367
0.5137333640703852
0.5137008492420043
0.5136683429425518
0.5136358450678499
0.5136033555135908
0.513570874175423
0.5135384009490239
0.5135059357301589
0.5134734784147297
0.5134410288988152
0.5134085870787026
0.5133761528509166
0.5133437261122391
0.5133113067597277
0.5132788946907297
0.5132464898028938
0.5132140919941773
0.5131817011628561
0.5131493172075265
0.5131169400271121
0.5130845695208643
0.5130522055883665
0.5130198481295328
0.5129874970446104
0.5129551522341788
0.5129228135991492
0.5128904810407637
0.5128581544605949
0.5128258337605436
0.5127935188428376
0.5127612096100307
0.5127289059649991
0.512696607810941
0.5126643150513746
0.5126320275901344
0.5125997453313711
0.5125674681795475
0.5125351960394372
0.5125029288161228
0.5124706664149918
0.5124384087417366
0.51240615570235
0.5123739072031246
0.5123416631506491
0.5123094234518064
0.5122771880137722
0.5122449567440104
0.5122127295502732
0.5121805063405971
0.5121482870233013
0.5121160715069848
0.5120838597005246
0.5120516515130732
0.512019446854056
0.5119872456331691
0.5119550477603774
0.5119228531459115
0.5118906617002659
0.5118584733341967
0.5118262879587191
0.5117941054851054
0.5117619258248823
0.5117297488898291
0.5116975745919747
0.5116654028435964
0.5116332335572168
0.5116010666456017
0.5115689020217581
0.5115367395989319
0.5115045792906054
0.5114724210104957
0.5114402646725518
0.5114081101909523
0.5113759574801042
0.5113438064546398
0.5113116570294147
0.5112795091195061
0.5112473626402094
0.5112152175070377
0.5111830736357184
0.5111509309421912
0.5111187893426068
0.5110866487533237
0.5110545090909062
0.5110223702721232
0.510990232213945
0.510958094833542
0.5109259580482817
0.5108938217757268
0.5108616859336346
0.5108295504399522
0.510797415212817
0.5107652801705524
0.5107331452316678
0.510701010314855
0.5106688753389863
0.5106367402231136
0.5106046048864644
0.5105724692484416
0.5105403332286205
0.5105081967467465
0.5104760597227339
0.5104439220766633
0.5104117837287793
0.5103796445994893
0.5103475046093606
0.5103153636791189
0.5102832217296462
0.5102510786819788
0.5102189344573047
0.5101867889769625
0.5101546421624387
0.5101224939353664
0.5100903442175221
0.510058192930825
0.510026039997335
0.5099938853392486
0.5099617288788996
0.5099295705387559
0.5098974102414173
0.5098652479096142
0.5098330834662046
0.5098009168341734
0.5097687479366295
0.5097365766968042
0.509704403038049
0.509672226883834
0.5096400481577457
0.5096078667834848
0.509575682684865
0.5095434957858102
0.5095113060103527
0.5094791132826321
0.5094469175268923
0.5094147186674802
0.5093825166288429
0.5093503113355273
0.5093181027121767
0.5092858906835289
0.5092536751744161
0.5092214561097608
0.5091892334145743
0.5091570070139559
0.5091247768330901
0.5090925427972444
0.5090603048317686
0.509028062862091
0.508995816813718
0.5089635666122322
0.5089313121832892
0.508899053452617
0.5088667903460133
0.5088345227893436
0.5088022507085402
0.5087699740295988
0.5087376926785779
0.5087054065815959
0.5086731156648301
0.508640819854514
0.5086085190769356
0.5085762132584359
0.5085439023254067
0.5085115862042882
0.5084792648215678
0.5084469381037778
0.508414605977494
0.5083822683693329
0.5083499252059501
0.5083175764140395
0.5082852219203294
0.5082528616515822
0.5082204955345916
0.508188123496181
0.5081557454632021
0.5081233613625314
0.5080909711210702
0.5080585746657417
0.5080261719234885
0.5079937628212724
0.5079613472860701
0.5079289252448742
0.5078964966246882
0.5078640613525269
0.5078316193554135
0.5077991705603775
0.5077667148944532
0.5077342522846778
0.5077017826580892
0.5076693059417239
0.5076368220626155
0.5076043309477928
0.5075718325242771
0.5075393267190813
0.5075068134592072
0.5074742926716438
0.5074417642833654
0.5074092282213295
0.507376684412475
0.50734413278372
0.5073115732619605
0.5072790057740675
0.5072464302468856
0.5072138466072311
0.5071812547818896
0.5071486546976143
0.5071160462811243
0.5070834294591021
0.5070508041581918
0.5070181703049974
0.5069855278260804
0.506952876647958
0.5069202166971012
0.5068875478999324
0.5068548701828242
0.5068221834720964
0.5067894876940149
0.506756782774789
0.5067240686405696
0.5066913452174476
0.5066586124314513
0.5066258702085444
0.5065931184746248
0.5065603571555211
0.5065275861769921
0.5064948054647235
0.5064620149443267
0.5064292145413368
0.5063964041812095
0.50636358378932
0.5063307532909611
0.5062979126113403
0.5062650616755779
0.5062322004087058
0.5061993287356643
0.5061664465813006
0.5061335538703667
0.5061006505275174
0.5060677364773075
0.5060348116441904
0.506001875952516
0.5059689293265281
0.5059359716903625
0.5059030029680454
0.50587002308349
0.5058370319604958
0.5058040295227456
0.5057710156938034
0.5057379903971122
0.5057049535559928
0.50567190509364
0.5056388449331218
0.5056057729973763
0.5055726892092103
0.5055395934912966
0.5055064857661716
0.5054733659562339
0.5054402339837415
0.5054070897708093
0.5053739332394074
0.505340764311359
0.5053075829083378
0.5052743889518655
0.5052411823633103
0.5052079630638839
0.5051747309746399
0.5051414860164711
0.5051082281101066
0.5050749571761115
0.505041673134882
0.5050083759066455
0.5049750654114564
0.5049417415691954
0.5049084042995653
0.5048750535220905
0.5048416891561138
0.5048083111207942
0.5047749193351037
0.5047415137178267
0.5047080941875562
0.504674660662692
0.5046412130614377
0.5046077513017995
0.5045742753015822
0.5045407849783886
0.5045072802496153
0.5044737610324518
0.5044402272438765
0.5044066788006557
0.5043731156193404
0.504339537616264
0.5043059447075398
0.5042723368090581
0.5042387138364848
0.5042050757052573
0.504171422330584
0.5041377536274395
0.5041040695105643
0.5040703698944604
0.5040366546933898
0.5040029238213717
0.5039691771921796
0.5039354147193396
0.5039016363161266
0.5038678418955628
0.5038340313704142
0.5038002046531885
0.5037663616561323
0.5037325022912288
0.5036986264701945
0.5036647341044771
0.5036308251052523
0.5035968993834216
0.5035629568496094
0.5035289974141604
0.5034950209871364
0.5034610274783144
0.5034270167971834
0.5033929888529413
0.5033589435544926
0.5033248808104456
0.5032908005291094
0.5032567026184915
0.5032225869862944
0.5031884535399133
0.5031543021864328
0.5031201328326245
0.5030859453849437
0.5030517397495271
0.5030175158321897
0.5029832735384212
0.5029490127733838
0.5029147334419097
0.5028804354484971
0.5028461186973079
0.5028117830921649
0.5027774285365478
0.502743054933592
0.5027086621860836
0.5026742501964578
0.5026398188667954
0.5026053680988198
0.5025708977938937
0.5025364078530166
0.5025018981768211
0.5024673686655703
0.5024328192191542
0.5023982497370869
0.5023636601185038
0.5023290502621578
0.5022944200664164
0.5022597694292585
0.5022250982482718
0.5021904064206479
0.5021556938431813
0.5021209604122647
0.5020862060238859
0.502051430573625
0.5020166339566511
0.5019818160677183
0.5019469768011635
0.5019121160509017
0.5018772337104243
0.501842329672794
0.5018074038306429
0.5017724560761685
0.50173748630113
0.5017024943968453
0.5016674802541876
0.5016324437635813
0.5015973848150002
0.5015623032979613
0.5015271991015241
0.5014920721142855
0.5014569222243763
0.5014217493194584
0.5013865532867207
0.5013513340128753
0.5013160913841547
0.5012808252863075
0.501245535604595
0.5012102222237872
0.5011748850281604
0.5011395239014919
0.501104138727057
0.5010687293876254
0.5010332957654575
0.5009978377422998
0.5009623551993831
0.5009268480174165
0.5008913160765847
0.5008557592565435
0.5008201774364176
0.5007845704947951
0.5007489383097237
0.5007132807587078
0.5006775977187035
0.5006418890661157
0.5006061546767933
0.5005703944260257
0.5005346081885386
0.50049879583849
0.5004629572494665
0.5004270922944785
0.5003912008459572
0.5003552827757496
0.5003193379551146
0.5002833662547194
0.5002473675446344
0.5002113416943301
0.5001752885726722
0.5001392080479178
0.5001030999877106
0.5000669642590772
0.5000308007284228
0.4999946092615266
0.49995838972353773
0.49992214197897117
0.49988586589170253
0.4998495613249649
0.49981322814134294
0.4997768662027704
0.4997404753705239
0.49970405550521935
0.49966760646680786
0.4996311281145698
0.4995946203071121
0.4995580829023621
0.49952151575756437
0.49948491872927503
0.49944829167335775
0.49941163444497894
0.4993749468986034
0.4993382288879886
0.4993014802661818
0.4992647008855139
0.4992278905975945
0.4991910492533088
0.4991541767028112
0.499117272795521
0.4990803373801179
0.49904337030453694
0.4990063714159632
0.4989693405608279
0.4989322775848022
0.49889518233279345
0.4988580546489397
0.49882089437660426
0.49878370135837147
0.49874647543604184
0.4987092164506254
0.4986719242423386
0.49863459865059795
0.49859723951401547
0.4985598466703929
0.49852241995671764
0.4984849592091561
0.49844746426304976
0.49840993495290914
0.4983723711124088
0.4983347725743822
0.4982971391708158
0.49825947073284454
0.49822176709074545
0.49818402807393347
0.49814625351095476
0.49810844322948233
0.4980705970563096
0.4980327148173459
0.49799479633761023
0.49795684144122576
0.49791884995141467
0.4978808216904918
0.49784275647986
0.4978046541400039
0.497766514490484
0.49772833734993127
0.497690122536042
0.49765186986557075
0.49761357915432547
0.49757525021716176
0.49753688286797615
0.4974984769197015
0.4974600321843001
0.49742154847275805
0.4973830255950794
0.49734446336028015
0.4973058615763821
0.49726722005040735
0.49722853858837157
0.49718981699527787
0.49715105507511154
0.49711225263083325
0.49707340946437273
0.4970345253766233
0.49699560016743516
0.49695663363560877
0.4969176255788898
0.49687857579396105
0.49683948407643796
0.49680035022086116
0.49676117402069014
0.496721955268297
0.49668269375496044
0.49664338927085855
0.49660404160506266
0.496564650545531
0.49652521587910176
0.4964857373914867
0.4964462148672648
0.49640664808987467
0.4963670368416094
0.49632738090360834
0.49628768005585167
0.4962479340771524
0.4962081427451507
0.4961683058363061
0.4961284231258917
0.4960884943879866
0.49604851939546857
0.49600849792000856
0.49596842973206196
0.4959283146008635
0.4958881522944185
0.4958479425794968
0.4958076852216254
0.4957673799850815
0.49572702663288526
0.4956866249267927
0.4956461746272882
0.4956056754935776
0.4955651272835811
0.49552452975392564
0.49548388265993737
0.49544318575563506
0.4954024387937219
0.49536164152557893
0.49532079370125637
0.4952798950694678
0.4952389453775813
0.4951979443716128
0.4951568917962175
0.4951157873946835
0.49507463090892356
0.49503342207946704
0.4949921606454537
0.4949508463446236
0.4949094789133117
0.49486805808643886
0.4948265835975046
0.49478505517857846
0.49474347256029316
0.494701835471836
0.494660143640941
0.49461839679388114
0.49457659465546133
0.4945347369490077
0.4944928233963627
0.4944508537178747
0.4944088276323917
0.49436674485725113
0.49432460510827375
0.4942824080997543
0.4942401535444536
0.4941978411535902
0.49415547063683163
0.49411304170228726
0.4940705540564989
0.49402800740443276
0.49398540144947156
0.4939427358934047
0.4939000104364215
0.49385722477710137
0.4938143786124064
0.4937714716376714
0.4937285035465965
0.49368547403123864
0.49364238278200123
0.49359922948762797
0.4935560138351919
0.4935127355100879
0.4934693941960238
0.49342598957501094
0.49338252132735616
0.49333898913165225
0.4932953926647696
0.4932517316018469
0.4932080056162823
0.4931642143797245
0.49312035756206407
0.49307643483142327
0.49303244585414824
0.49298839029479924
0.49294426781614187
0.4929000780791374
0.49285582074293405
0.49281149546485775
0.4927671019004026
0.4927226397032215
0.49267810852511784
0.4926335080160345
0.492588837824046
0.49254409759534834
0.49249928697424983
0.492454405603161
0.49240945312258666
0.49236442917111445
0.49231933338540684
0.492274165400191
0.4922289248482485
0.49218361136040734
0.4921382245655302
0.4920927640905071
0.4920472295602439
0.4920016205976527
0.4919559368236433
0.49191017785711244
0.4918643433149338
0.4918184328119489
0.49177244596095687
0.49172638237270444
0.4916802416558761
0.4916340234170845
0.49158772726085975
0.49154135278963995
0.491494899603761
0.4914483673014469
0.491401755478799
0.4913550637297863
0.49130829164623546
0.4912614388178201
0.4912145048320513
0.491167489274267
0.4911203917276218
0.49107321177307645
0.49102594898938834
0.4909786029531003
0.49093117323853097
0.49088365941776413
0.49083606106063804
0.49078837773473577
0.4907406090053742
0.49069275443559374
0.49064481358614787
0.4905967860154924
0.4905486712797759
0.4905004689328277
0.49045217852614864
0.49040379960889996
0.49035533172789225
0.4903067744275758
0.49025812725002926
0.490209389734949
0.49016056141963904
0.4901116418389998
0.4900626305255173
0.49001352700925294
0.48996433081783225
0.48991504147643417
0.48986565850778074
0.48981618143212635
0.4897666097672453
0.4897169430284235
0.4896671807284456
0.48961732237758493
0.48956736748359264
0.48951731555168637
0.4894671660845401
0.4894169185822723
0.48936657254243593
0.48931612746000597
0.4892655828273706
0.4892149381343182
0.4891641928680279
0.48911334651305716
0.48906239855133193
0.4890113484621347
0.48896019572209426
0.488908939805174
0.48885758018266157
0.48880611632315657
0.48875454769256055
0.48870287375406585
0.4886510939681437
0.48859920779253396
0.48854721468223383
0.488495114089486
0.4884429054637682
0.48839058825178244
0.4883381618974428
0.48828562584186497
0.48823297952335504
0.488180222377398
0.4881273538366473
0.4880743733309129
0.4880212802871504
0.48796807412944976
0.48791475427902475
0.48786132015420064
0.48780777117040447
0.48775410674015235
0.4877003262730397
0.487646429175729
0.48759241485193905
0.4875382827024341
0.4874840321250124
0.4874296625144948
0.4873751732627148
0.48732056375850513
0.48726583338768903
0.487210981533068
0.4871560075744107
0.48710091088844165
0.48704569084883104
0.4869903468261828
0.48693487818802383
0.4868792842987929
0.4868235645198298
0.4867677182093641
0.4867117447225039
0.48665564341122597
0.48659941362436304
0.4865430547075944
0.486486566003434
0.48642994685121976
0.4863731965871034
0.4863163145440382
0.48625930005176937
0.48620215243682263
0.4861448710224932
0.48608745512883583
0.48602990407265345
0.4859722171674864
0.48591439372360185
0.4858564330479835
0.48579833444431986
0.4857400972129955
0.48568172065107856
0.4856232040523116
0.48556454670709986
0.48550574790250217
0.4854468069222194
0.4853877230465845
0.4853284955525526
0.4852691237136896
0.4852096068001631
0.4851499440787314
0.48509013481273344
0.4850301782620791
0.48497007368323863
0.48490982032923247
0.4848494174496221
0.48478886429049944
0.48472816009447683
0.4846673041006778
0.48460629554472684
0.48454513365874
0.48448381767131465
0.48442234680752067
0.4843607202888903
0.4842989373334091
0.4842369971555064
0.4841748989660454
0.48411264197231496
0.48405022537801934
0.48398764838326996
0.48392491018457595
0.4838620099748344
0.4837989469433229
0.4837357202756898
0.4836723291539453
0.48360877275645353
0.48354505025792327
0.48348116082939985
0.48341710363825596
0.4833528778481848
0.48328848261919033
0.4832239171075795
0.483159180465955
0.48309427184320647
0.48302919038450237
0.48296393523128345
0.4828985055212534
0.48283290038837307
0.4827671189628514
0.4827011603711389
0.48263502373592027
0.4825687081761079
0.4825022128068329
0.4824355367394408
0.48236867908148234
0.48230163893670863
0.48223441540506334
0.4821670075826774
0.4820994145618613
0.4820316354311005
0.48196366927504797
0.48189551517451934
0.4818271722064863
0.4817586394440718
0.48168991595654365
0.48162100080931003
0.4815518930639138
0.4814825917780275
0.48141309600544835
0.48134340479609394
0.48127351719599715
0.4812034322473019
0.48113314898825904
0.4810626664532218
0.4809919836726425
0.48092109967306806
0.48085001347713685
0.48077872410357525
0.48070723056719433
0.48063553187888686
0.48056362704562394
0.48049151507045307
0.4804191949524953
0.48034666568694256
0.48027392626505633
0.48020097567416486
0.48012781289766227
0.4800544369150064
0.4799808467017178
0.4799070412293787
0.47983301946563195
0.47975878037418046
0.47968432291478674
0.47960964604327294
0.47953474871152024
0.4794596298674698
0.4793842884551229
0.47930872341454184
0.4792329336818505
0.4791569181892359
0.4790806758649498
0.47900420563331025
0.47892750641470333
0.4788505771255857
0.47877341667848694
0.47869602398201216
0.4786183979408457
0.47854053745575365
0.47846244142358796
0.47838410873728965
0.47830553828589434
0.47822672895453466
0.4781476796244471
0.47806838917297545
0.47798885647357736
0.47790908039582897
0.47782905980543133
0.47774879356421707
0.47766828053015625
0.4775875195573639
0.4775065094961066
0.4774252491928111
0.477343737490071
0.47726197322665614
0.47717995523752055
0.4770976823538111
0.47701515340287826
0.47693236720828364
0.47684932258981205
0.4767660183634806
0.47668245334155024
0.47659862633253575
0.4765145361412194
0.4764301815686602
0.4763455614122082
0.47626067446551684
0.47617551951855513
0.4760900953576225
0.4760044007653613
0.47591843452077226
0.47583219539922916
0.47574568217249324
0.47565889360872915
0.47557182847252166
0.4754844855248911
0.4753968635233111
0.4753089612217257
0.47522077737056695
0.47513231071677364
0.47504356000380976
0.47495452397168364
0.4748652013569681
0.47477559089282007
0.4746856913090018
0.474595501331902
0.47450501968455666
0.47441424508667257
0.47432317625464854
0.4742318119016001
0.47414015073738175
0.4740481914686125
0.4739559327986996
0.47386337342786394
0.4737705120531669
0.4736773473685354
0.4735838780647897
0.4734901028296707
0.47339602034786743
0.47330162930104663
0.47320692836788153
0.47311191622408055
0.4730165915424197
0.4729209529927719
0.47282499924213905
0.47272872895468454
0.47263214079176485
0.4725352334119646
0.4724380054711286
0.4723404556223982
0.4722425825162449
0.4721443848005083
0.47204586112043007
0.47194701011869267
0.47184783043545714
0.4717483207084011
0.47164847957275724
0.4715483056613551
0.4714477976046591
0.4713469540308112
0.47124577356567277
0.4711442548328658
0.47104239645381724
0.4709401970478026
0.4708376552319908
0.4707347696214885
0.4706315388293876
0.47052796146681053
0.4704240361429589
0.47031976146516064
0.4702151360389204
0.4701101584679675
0.4700048273543076
0.46989914129827337
0.46979309889857673
0.46968669875236146
0.4695799394552562
0.4694728196014295
0.4693653377836447
0.46925749259331495
0.4691492826205609
0.46904070645426704
0.4689317626821411
0.46882244989077215
0.4687127666656903
0.46860271159142797
0.4684922832515816
0.46838148022887216
0.4682703011052099
0.4681587444617582
0.4680468088789972
0.4679344929367908
0.4678217952144514
0.46770871429080885
0.4675952487442773
0.467481397152925
0.46736715809454377
0.46725253014671964
0.4671375118869046
0.4670221018924888
0.46690629874087375
0.46679010100954715
0.46667350727615725
0.466556516118589
0.46643912611504035
0.4663213358441014
0.4662031438848314
0.46608454881683875
0.465965549220362
0.4658461436763498
0.46572633076654435
0.46560610907356415
0.4654854771809869
0.46536443367343594
0.46524297713666507
0.4651211061576453
0.4649988193246527
0.4648761152273568
0.4647529924569096
0.464629449606037
0.4645054852691284
0.46438109804233024
0.46425628652363815
0.4641310493129915
0.46400538501236815
0.46387929222587965
0.463752769559869
0.4636258156230071
0.46349842902639216
0.46337060838364874
0.4632423523110281
0.46311365942750926
0.4629845283549019
0.46285495771794855
0.4627249461444286
0.4625944922652638
0.4624635947146235
0.4623322521300315
0.4622004631524731
0.46206822642650447
0.4619355406003611
0.46180240432606795
0.46166881625955186
0.4615347750607512
0.4614002793937306
0.4612653279267942
0.4611299193325992
0.46099405228827295
0.46085772547552717
0.4607209375807767
0.46058368729525656
0.4604459733151414
0.4603077943416638
0.4601691490812361
0.4600300362455703
0.45989045455180144
0.4597504027226092
0.45960987948634235
0.4594688835771422
0.4593274137350688
0.45918546870622595
0.4590430472428888
0.4589001481036301
0.4587567700534493
0.4586129118639012
0.458468572313225
0.45832375018647586
0.45817844427565424
0.4580326533798388
0.45788637630531825
0.4577396118657248
0.4575923588821671
0.4574446161833652
0.4572963826057849
0.45714765699377413
0.45699843819969826
0.45684872508407703
0.4566985165157224
0.45654781137187495
0.45639660853834435
0.4562449069096465
0.45609270538914387
0.455940002889185
0.4557867983312452
0.4556330906460671
0.45547887877380266
0.4553241616641535
0.4551689382765146
0.45501320758011604
0.4548569685541658
0.4547002201879937
0.45454296148119416
0.4543851914437708
0.4542269090962805
0.454068113469978
0.45390880360696007
0.4537489785603117
0.45358863739425
0.45342777918427074
0.4532664030172935
0.45310450799180724
0.4529420932180167
0.45277915781798783
0.4526157009257946
0.4524517216876646
0.45228721926212523
0.45212219282015054
0.4519566415453069
0.4517905646338992
0.45162396129511784
0.45145683075118276
0.451289172237492
0.4511209850027653
0.4509522683091919
0.4507830214325736
0.45061324366247213
0.4504429343023527
0.45027209266973006
0.4501007180963118
0.4499288099281433
0.44975636752575165
0.44958339026428773
0.4494098775336713
0.449235828738732
0.4490612432993522
0.44888612065060884
0.4487104602429139
0.44853426154215525
0.4483575240298372
0.4481802472032191
0.4480024305754545
0.4478240736757294
0.4476451760493992
0.44746573725812544
0.4472857568800124
0.4471052345097412
0.44692416975870475
0.44674256225514036
0.4465604116442636
0.4463777175883986
0.44619447976710935
0.44601069787732894
0.4458263716334889
0.4456415007676462
0.44545608502961
0.44527012418706624
0.4450836180257033
0.444896566349334
0.44470896898001777
0.4445208257581811
0.44433213654273673
0.44414290121120226
0.4439531196598159
0.4437627918036523
0.4435719175767361
0.4433804969321544
0.4431885298421678
0.44299601629831914
0.4428029563115425
0.44260934991226797
0.44241519715052785
0.4422204980960579
0.44202525283840016
0.44182946148700153
0.4416331241713125
0.4414362410408816
0.4412388122654514
0.4410408380350501
0.4408423185600818
0.44064325407141547
0.44044364482047116
0.4402434910793051
0.4400427931406924
0.4398415513182075
0.4396397659463019
0.43943743738038193
0.4392345659968824
0.4390311521933388
0.438827196388457
0.4386226990221813
0.4384176605557602
0.4382120814718084
0.43800596227436894
0.4377993034889708
0.43759210566268614
0.43738436936418246
0.4371760951837753
0.4369672837334767
0.4367579356470413
0.4365480515800103
0.4363376322097535
0.4361266782355061
0.43591519037840787
0.4357031693815345
0.43549061600992867
0.4352775310506297
0.4350639153126976
0.4348497696272371
0.43463509484741725
0.4344198918484885
0.4342041615277985
0.43398790480480276
0.43377112262107453
0.43355381594030984
0.4333359857483326
0.4331176330530935
0.43289875888466833
0.43267936429525244
0.4324594503591526
0.43223901817277577
0.432018068854615
0.4317966035452324
0.43157462340723807
0.4313521296252687
0.4311291234059606
0.43090560597791966
0.43068157859169065
0.43045704251972144
0.43023199905632403
0.4300064495176345
0.4297803952415678
0.4295538375877697
0.4293267779375672
0.4290992176939148
0.42887115828133676
0.428642601145868
0.4284135477549911
0.4281839995975693
0.4279539581837783
0.42772342504503336
0.42749240173391345
0.4272608898240837
0.4270288909102124
0.4267964066078872
0.4265634385535257
0.42632998840428626
0.4260960578379728
0.42586164855293657
0.42562676226797735
0.42539140072223897
0.42515556567510293
0.4249192589060787
0.4246824822146914
0.42444523742036444
0.42420752636230263
0.4239693508993694
0.42373071290996095
0.42349161429188
0.4232520569622028
0.42301204285714766
0.4227715739319356
0.42253065216065144
0.4222892795361015
0.4220474580696667
0.42180518979115456
0.4215624767486475
0.42131932100834885
0.42107572465442383
0.42083168978884194
0.42058721853121217
0.42034231301861813
0.4200969754054489
0.41985120786322877
0.41960501258044214
0.41935839176235873
0.41911134763085184
0.4188638824242187
0.41861599839699515
0.4183676978197681
0.41811898297898664
0.4178698561767701
0.41762031973071234
0.41737037597368565
0.4171200272536413
0.4168692759334075
0.4166181243904849
0.41636657501684127
0.4161146302187003
0.4158622924163335
0.41560956404384486
0.4153564475489564
0.41510294539279036
0.4148490600496494
0.41459479400679533
0.41434014976422473
0.4140851298344438
0.4138297367422406
0.41357397302445514
0.41331784122974835
0.4130613439183688
0.4128044836619176
0.4125472630431109
0.41228968465554355
0.41203175110344636
0.4117734650014463
0.41151482897432246
0.4112558456567611
0.41099651769310996
0.41073684773713026
0.4104768384517474
0.41021649250880104
0.40995581258879293
0.4096948013806342
0.409433461581391
0.4091717958960292
0.40890980703715846
0.4086474977247739
0.4083848706859983
0.40812192865482194
0.40785867437184287
0.40759511058400566
0.4073312400443383
0.4070670655116905
0.4068025897504694
0.40653781553037555
0.4062727456261378
0.40600738281724835
0.40574172988769536
0.40547578962569797
0.4052095648234384
0.40494305827679467
0.404676272785073
0.4044092111507403
0.4041418761791539
0.40387427067829607
0.40360639745850263
0.4033382593321961
0.40306985911361515
0.4028011996185472
0.40253228366405946
0.4022631140682291
0.4019936936498755
0.4017240252282917
0.4014541116229759
0.4011839556533637
0.40091356013856033
0.40064292789707323
0.40037206174654527
0.40010096450348803
0.39982963898301627
0.39955808799858145
0.3992863143617078
0.3990143208817275
0.39874211036551704
0.3984696856172347
0.3981970494380571
0.3979242046259194
0.39765115397525336
0.39737790027672804
0.39710444631699127
0.39683079487841044
0.3965569487388173
0.39628291067125027
0.3960086834437011
0.39573426981885984
0.39545967255386294
0.39518489440004073
0.3949099381026688
0.3946348064007164
0.3943595020266013
0.39408402770594164
0.3938083861573104
0.3935325800919933
0.39325661221374425
0.39298048521854617
0.39270420179437043
0.3924277646209388
0.3921511763694876
0.39187443970253144
0.3915975572736314
0.391320531727162
0.3910433656980816
0.3907660618117035
0.39048862268346946
0.3902110509187243
0.3899333491124929
0.38965551984925784
0.38937756570274007
0.389099489235681
0.3888212929996252
0.38854297953470746
0.38826455136943916
0.38798601102049785
0.3877073609925187
0.3874286037778871
0.3871497418565346
0.3868707776957351
0.38659171374990386
0.386312552460399
0.3860332962553241
0.3857539475493334
0.38547450874343764
0.385194982224815
0.38491537036662055
0.38463567552779987
0.38435590005290404
0.3840760462719072
0.3837961165000252
0.3835161130375374
0.3832360381696103
0.382955894166123
0.3826756832814939
0.38239540775451164
0.38211506980816656
0.3818346716494844
0.3815542154693629
0.3812737034424093
0.3809931377267812
0.38071252046402854
0.3804318537789392
0.38015113977938375
0.37987038055616584
0.3795895781828728
0.37930873471572735
0.37902785219344454
0.3787469326370877
0.37846597804992815
0.3781849904173057
0.37790397170649376
0.37762292386656304
0.37734184882825
0.37706074850382654
0.3767796247869713
0.3764984795526434
0.3762173146569578
0.37593613193706443
0.3756549332110253
0.3753737202776988
0.37509249491662194
0.3748112588878964
0.3745300139320757
0.37424876177005545
0.3739675041029633
0.3736862426120547
0.37340497895860525
0.37312371478380957
0.37284245170868
0.3725611913339467
0.37227993523996067
0.37199868498659777
0.37171744211316465
0.3714362081383077
0.371154984559921
0.37087377285505857
0.37059257447984706
0.37031139086940096
0.3700302234377373
0.369749073577695
0.36946794266085436
0.3691868320374565
0.36890574303632734
0.36862467696480183
0.36834363510864826
0.36806261873199625
0.36778162907726497
0.36750066736509285
0.36721973479426917
0.3669388325416664
0.36665796176217436
0.3663771235886347
0.36609631913177887
0.3658155494801648
0.36553481570011537
0.36525411883566
0.3649734599084744
0.36469283991782453
0.3644122598405087
0.364131720630803
0.36385122322040614
0.3635707685183867
0.36329035741113014
0.3630099907622877
0.36272966941272505
0.36244939418047295
0.3621691658606784
0.361888985225556
0.3616088530243407
0.3613287699832416
0.36104873680539457
0.3607687541708182
0.36048882273636856
0.3602089431356952
0.35992911597919675
0.3596493418539787
0.3593696213238106
0.35908995492908347
0.35881034318676785
0.35853078659037363
0.35825128560990716
0.3579718406918314
0.35769245225902513
0.35741312071074294
0.35713384642257445
0.3568546297464046
0.35657547101037335
0.356296370518837
0.3560173285523258
0.3557383453675071
0.35545942119714335
0.35518055625005285
0.3549017507110691
0.35462300474100095
0.3543443184765922
0.35406569203047983
0.35378712549115426
0.35350861892291646
0.35323017236583787
0.35295178583571657
0.35267345932403515
0.3523951927979185
0.3521169862000889
0.35183883944882216
0.35156075243790347
0.3512827250365803
0.3510047570895183
0.35072684841675233
0.35044899881364006
0.3501712080508135
0.34989347587412833
0.3496158020046152
0.34933818613842743
0.34906062794678927
0.3487831270759426
0.34850568314709274
0.3482282957563529
0.3479509644746879
0.34767368884785604
0.34739646839635047
0.34711930261533913
0.34684219097460267
0.3465651329184726
0.34628812786576574
0.3460111752097194
0.34573427431792403
0.345457424532254
0.34518062516879866
0.3449038755177889
0.34462717484352484
0.34435052238429975
0.3440739173523242
0.34379735893364627
0.3435208462880719
0.34324437854908235
0.34296795482374953
0.3426915741926504
0.3424152357097787
0.342138938402455
0.34186268127123387
0.3415864632898107
0.3413102834049236
0.34103414053625625
0.3407580335763373
0.3404819613904357
0.3402059228164565
0.3399299166648328
0.33965394171841606
0.33937799673236313
0.3391020804340208
0.33882619152280946
0.33855032867010243
0.33827449051910313
0.33799867568472075
0.3377228827534407
0.33744711028319624
0.33717135680323324
0.33689562081397506
0.3366199007868835
0.3363441951643165
0.3360685023593849
0.3357928207558029
0.3355171487077392
0.33524148453966196
0.334965826546184
0.33469017299190185
0.3344145221112326
0.3341388721082491
0.3338632211565106
0.33358756739889045
0.33331190894739926
0.3330362438830082
0.3327605702554648
0.3324848860831088
0.3322091893526825
0.33193347801913914
0.33165775000544556
0.33138200320238503
0.3311062354683531
0.330830444629151
0.33055462847777706
0.3302787847742119
0.3300029112452025
0.32972700558404006
0.3294510654503366
0.3291750884697964
0.3288990722339847
0.3286230143000903
0.32834691219068823
0.32807076339349567
0.3277945653611241
0.32751831551082966
0.32724201122425806
0.32696564984718496
0.32668922868925515
0.3264127450237145
0.32613619608714045
0.3258595790791674
0.3255828911622092
0.3253061294611753
0.3250292910631864
0.3247523730172834
0.32447537233413243
0.32419828598572875
0.32392111090509296
0.3236438439859654
0.32336648208249585
0.32308902200893025
0.32281146053929155
0.32253379440705837
0.32225602030483863
0.3219781348840399
0.3217001347545358
0.32142201648432683
0.3211437765992
0.3208654115823831
0.3205869178741946
0.3203082918716904
0.32002952992830713
0.3197506283535013
0.31947158341238424
0.3191923913253539
0.3189130482677234
0.31863355036934393
0.31835389371422773
0.31807407434016305
0.31779408823833
0.31751393135291006
0.3172335995806924
0.3169530887706795
0.3166723947236857
0.3163915131919367
0.3161104398786618
0.31582917043768743
0.31554770047302394
0.3152660255384528
0.31498414113710865
0.31470204272106006
0.31441972569088794
0.3141371853952603
0.3138544171305069
0.31357141614018946
0.31328817761467104
0.3130046966906842
0.31272096845089575
0.31243698792347185
0.31215275008163995
0.31186824984325084
0.31158348207033937
0.3112984415686827
0.3110131230873611
0.3107275213183144
0.31044163089590116
0.31015544639645637
0.30986896233784983
0.30958217317904335
0.30929507331965134
0.30900765709949907
0.3087199187981845
0.3084318526346405
0.3081434527666977
0.30785471329065134
0.3075656282408275
0.30727619158915565
0.3069863972447392
0.30669623905343396
0.30640571079742607
0.3061148061948161
0.3058235188992072
0.3055318424992949
0.3052397705184674
0.3049472964144047
0.30465441357868817
0.304361115336414
0.30406739494581386
0.30377324559788166
0.30347866041600946
0.30318363245562974
0.30288815470386615
0.30259222007919384
0.3022958214311089
0.30199895153980766
0.3017016031158759
0.30140376879999015
0.3011054411626293
0.3008066127038002
0.300507275852773
0.30020742296783315
0.2999070463360457
0.2996061381730336
0.29930469062277354
0.29900269575740507
0.29870014557705893
0.29839703200970047
0.2980933469109933
0.2977890820641807
0.29748422917998607
0.2971787798965358
0.2968727257793006
0.296566058321062
0.29625876894189845
0.29595084898919866
0.2956422897376955
0.29533308238952943
0.2950232180743347
0.29471268784935584
0.29440148269958943
0.29408959353795844
0.2937770112055131
0.2934637264716655
0.29314973003445505
0.29283501252084665
0.2925195644870653
0.2922033764189624
0.29188643873242115
0.2915687417737981
0.29125027582040225
0.290931031081016
0.29061099769645354
0.29029016574016364
0.28996852521887423
0.2896460660732796
0.28932277817877544
0.28899865134623826
0.288673675322852
0.28834783979298456
0.28802113437911353
0.2876935486428021
0.28736507208572887
0.2870356941507688
0.2867054042231313
0.28637419163155076
0.28604204564953806
0.28570895549668585
0.2853749103400371
0.2850398992955107
0.2847039114293922
0.2843669357598833
0.2840289612587193
0.283689976852849
0.28334997142618207
0.28300893382140285
0.28266685284185455
0.28232371725348954
0.2819795157868942
0.2816342371393822
0.28128786997716276
0.2809404029375806
0.28059182463143095
0.2802421236453515
0.2798912885442884
0.2795393078740414
0.27918617016388464
0.2788318639292689
0.278476377674601
0.2781196998961045
0.27776181908476066
0.2774027237293301
0.27704240231945804
0.2766808433488578
0.27631803531858207
0.27595396674037226
0.2755886261400935
0.2752220020612516
0.27485408306859416
0.2744848577517946
0.27411431472921816
0.2737424426517732
0.27336923020684273
0.2729946661223006
0.27261873917060775
0.27224143817299123
0.2718627520037028
0.27148266959435857
0.27110117993835714
0.2707182720953762
0.27033393519594623
0.2699481584461
0.26956093113209706
0.2691722426252211
0.2687820823866491
0.26839043997239054
0.2679973050382951
0.2676026673451257
0.26720651676369805
0.26680884328007903
0.2664096370008482
0.26600888815841384
0.2656065871163862
0.2652027243750017
0.26479729057659523
0.264390276511122
0.2639816731217185
0.2635714715103071
0.26315966294323495
0.26274623885694653
0.26233119086368567
0.2619145107572236
0.26149619051860856
0.26107622232193256
0.2606545985401122
0.26023131175067926
0.2598063547415758
0.2593797205169489
0.2589514023029424
0.25852139355347953
0.25808968795603116
0.25765627943736585
0.2572211621692757
0.25678433057427386
0.2563457793312579
0.25590550338113366
0.2554634979323943
0.2550197584666499
0.25457428074410055
0.2541270608089491
0.2536780949947469
0.2532273799296668
0.2527749125416997
0.25232069006376545
0.25186471003873595
0.2514069703243629
0.25094746909810456
0.2504862048618469
0.2500231764465116
0.24955838301654878
0.24909182407430372
0.248623499464257
0.24815340937713085
0.24768155435385364
0.2472079352893828
0.2467325534363754
0.24625541040870452
0.24577650818481644
0.24529584911092117
0.24481343590401505
0.24432927165472768
0.2438433598299921
0.24335570427552902
0.24286630921814684
0.24237517926784902
0.24188231941974764
0.241387735055777
0.24089143194620694
0.240393416250951
0.23989369452066628
0.23939227369764246
0.23888916111647882
0.23838436450454503
0.23787789198222514
0.23736975206294275
0.2368599536529638
0.23634850605098073
0.2358354189474702
0.2353207024238306
0.23480436695129342
0.23428642338961064
0.2337668829855196
0.23324575737098188
0.2327230585612012
0.23219879895241724
0.23167299131947972
0.23114564881320257
0.23061678495750063
0.23008641364630864
0.22955454914028955
0.22902120606332846
0.22848639939882115
0.22795014448575485
0.2274124570145889
0.22687335302293407
0.22633284889104038
0.22579096133709203
0.225247707412314
0.2247031044959007
0.22415717028976206
0.22360992281309994
0.22306138039681447
0.22251156167774938
0.22196048559277795
0.2214081713727379
0.2208546385362204
0.220299906883217
0.21974399648863277
0.21918692769567086
0.21862872110909415
0.21806939758836935
0.21750897824070453
0.21694748441397843
0.21638493768957615
0.21582135987513218
0.21525677299719026
0.2146911992937851
0.2141246612069529
0.21355718137517846
0.21298878262578305
0.2124194879672623
0.21184932058157946
0.21127830381641913
0.21070646117741104
0.2101338163203274
0.20956039304326265
0.20898621527879996
0.20841130708617148
0.20783569264341822
0.20725939623955777
0.2066824422667613
0.20610485521254995
0.20552665965201428
0.2049478802400631
0.20436854170370677
0.20378866883437968
0.20320828648030934
0.20262741953893437
0.20204609294937845
0.2014643316849832
0.2008821607459069
0.20029960515179074
0.19971668993449906
0.19913344013093687
0.1985498807759487
0.19796603689530226
0.19738193349876013
0.19679759557324533
0.19621304807610085
0.1956283159284478
0.19504342400864572
0.19445839714585691
0.1938732601137158
0.19328803762411045
0.1927027543210734
0.19211743477478643
0.19153210347570174
0.19094678482877878
0.19036150314784062
0.18977628265005156
0.1891911474505147
0.18860612155699275
0.18802122886475295
0.18743649315153615
0.18685193807265088
0.1862675871561934
0.1856834637983947
0.1850995912590922
0.18451599265732993
0.18393269096708414
0.18334970901311695
0.1827670694669551
0.18218479484299524
0.18160290749473507
0.1810214296111309
0.1804403832130772
0.1798597901500125
0.1792796720966485
0.17870005054981852
0.17812094682545113
0.1775423820556618
0.17696437718596417
0.17638695297259976
0.1758101299799839
0.17523392857826736
0.17465836894101283
0.1740834710429826
0.17350925465803882
0.17293573935715306
0.17236294450652348
0.1717908892658002
0.17121959258641314
0.17064907321000536
0.17007934966696736
0.16951044027507067
0.16894236313819977
0.16837513614518126
0.16780877696870655
0.16724330306434726
0.1666787316696632
0.16611507980339713
0.16555236426475872
0.16499060163279297
0.1644298082658331
0.16387000030103374
0.16331119365398644
0.1627534040184101
0.16219664686592103
0.16164093744587493
0.16108629078528258
0.16053272168879662
0.1599802447387654
0.15942887429535751
0.15887862449674764
0.1583295092593694
0.15778154227822783
0.15723473702727364
0.15668910675983466
0.1561446645091046
0.15560142308868713
0.15505939509319244
0.15451859289888625
0.153979028664389
0.15344071433142317
0.15290366162560776
0.152367882057298
0.15183338692246928
0.15130018730364259
0.15076829407085218
0.15023771788265147
0.14970846918715716
0.14918055822313056
0.14865399502109336
0.14812878940447688
0.14760495099080567
0.14708248919290984
0.14656141322016883
0.14604173207978405
0.14552345457807725
0.14500658932181645
0.144491144719567
0.1439771289830657
0.1434645501286182
0.1429534159785165
0.14244373416248024
0.14193551211911407
0.14142875709738512
0.1409234761581175
0.14041967617550327
0.13991736383862907
0.13941654565301714
0.13891722794217914
0.13841941684918446
0.13792311833823856
0.13742833819627343
0.13693508203454752
0.1364433552902556
0.135953163228147
0.13546451094215117
0.13497740335701142
0.13449184522992352
0.13400784115218123
0.13352539555082654
0.13304451269030318
0.1325651966741156
0.13208745144648915
0.13161128079403428
0.13113668834741127
0.13066367758299718
0.1301922518245534
0.12972241424489273
0.1292541678675471
0.12878751556843396
0.12832246007752102
0.1278590039804907
0.12739714972040034
0.1269368995993413
0.12647825578009475
0.12602122028778312
0.12556579501151924
0.1251119817060496
0.12465978199339445
0.12420919736448188
0.12376022918077759
0.12331287867590823
0.12286714695727907
0.12242303500768609
0.12198054368692128
0.12153967373337027
0.12110042576560434
0.12066280028396469
0.12022679767213815
0.11979241819872749
0.11935966201881143
0.11892852917549762
0.1184990196014674
0.11807113312051179
0.11764486944905782
0.11722022819768843
0.11679720887265015
0.1163758108773543
0.11595603351386718
0.11553787598439132
0.11512133739273725
0.11470641674578547
0.11429311295493802
0.1138814248375607
0.11347135111841561
0.11306289043108206
0.11265604131936878
0.11225080223871502
0.111847171557581
0.11144514755882898
0.11104472844109231
0.11064591232013542
0.11024869723020181
0.10985308112535185
0.10945906188079035
0.10906663729418262
0.10867580508696005
0.10828656290561466
0.10789890832298313
0.10751283883951904
0.1071283518845558
0.10674544481755667
0.10636411492935578
0.10598435944338641
0.1056061755168997
0.10522956024217177
0.10485451064769966
0.10448102369938711
0.10410909630171855
0.10373872529892261
0.10336990747612489
0.10300263956048887
0.10263691822234751
0.10227274007632223
0.10191010168243278
0.10154899954719428
0.10118943012470552
0.10083138981772555
0.10047487497873825
0.10011988191100914
0.09976640686962873
0.09941444606254682
0.09906399565159524
0.09871505175350076
0.09836761044088706
0.09802166774326668
0.09767721964802122
0.0973342621013729
0.09699279100934452
0.09665280223870934
0.09631429161793106
0.09597725493809296
0.09564168795381736
0.09530758638417458
0.0949749459135821
0.09464376219269353
0.09431403083927692
0.09398574743908467
0.0936589075467123
0.09333350668644681
0.09300954035310764
0.09268700401287468
0.0923658931041096
0.09204620303816533
0.09172792920018688
0.09141106694990259
0.09109561162240612
0.09078155852892777
0.09046890295759832
0.09015764017420194
0.08984776542292056
0.089539273927069
0.08923216088982067
0.08892642149492418
0.08862205090741139
0.08831904427429618
0.08801739672526318
0.0877171033733502
0.08741815931561885
0.08712055963381862
0.08682429939504108
0.08652937365236596
0.08623577744549811
0.08594350580139662
0.08565255373489486
0.08536291624931214
0.08507458833705742
0.08478756498022409
0.08450184115117743
0.08421741181313247
0.08393427192072506
0.08365241642057428
0.08337184025183637
0.08309253834675176
0.08281450563118278
0.08253773702514558
0.08226222744333164
0.08198797179562366
0.08171496498760282
0.08144320192104851
0.08117267749443091
0.08090338660339508
0.08063532414123911
0.08036848499938343
0.08010286406783348
0.0798384562356352
0.0795752563913231
0.0793132594233613
0.07905246022057677
0.07879285367258712
0.07853443467021964
0.07827719810592457
0.07802113887418122
0.07776625187189695
0.0775125319988001
0.07725997415782536
0.07700857325549308
0.0767583242022824
0.07650922191299664
0.07626126130712352
0.0760144373091881
0.07576874484910023
0.07552417886249449
0.07528073429106533
0.07503840608289508
0.07479718919277613
0.07455707858252734
0.07431806922130398
0.07408015608590214
0.07384333416105705
0.07360759843973576
0.07337294392342392
0.07313936562240717
0.0729068585560461
0.072675417753047
0.07244503825172559
0.07221571510026653
0.07198744335697652
0.07176021809053287
0.07153403438022637
0.07130888731619897
0.07108477199967644
0.07086168354319539
0.0706396170708265
0.07041856771839072
0.07019853063367257
0.06997950097662753
0.06976147391958452
0.06954444464744383
0.06932840835787044
0.0691133602614828
0.06889929558203592
0.06868620955660167
0.0684740974357433
0.06826295448368576
0.06805277597848154
0.06784355721217303
0.06763529349094916
0.06742798013529919
0.06722161248016109
0.06701618587506741
0.06681169568428492
0.066608137286952
0.0664055060772118
0.06620379746434035
0.06600300687287228
0.06580312974272193
0.06560416152930067
0.06540609770363084
0.06520893375245569
0.06501266517834636
0.06481728749980428
0.06462279625136116
0.06442918698367474
0.06423645526362151
0.06404459667438593
0.06385360681554635
0.06366348130315785
0.06347421576983163
0.06328580586481138
0.06309824725404647
0.06291153562026228
0.06272566666302687
0.06254063609881556
0.062356439661072044
0.0621730731002669
0.06199053218395269
0.06180881269681678
0.06162791044073173
0.06144782123480214
0.06126854091540905
0.06109006533625275
0.06091239036839105
0.06073551190027729
0.06055942583779397
0.060384128104285006
0.06020961464058491
0.06003588140504655
0.059862924373565524
0.0596907395396028
0.05951932291420542
0.05934867052602388
0.05917877842132889
0.05900964266402445
0.058841259335660194
0.05867362453544093
0.058506734380233946
0.05834058500457504
0.05817517256067251
0.058010493218408364
0.05784654316533892
0.05768331860669272
0.05752081576536704
0.05735903088192224
0.057197960214574795
0.057037600039188736
0.05687794664926469
0.056718996355928336
0.0565607454879164
0.05640319039156151
0.05624632743077537
0.05609015298703081
0.055934663459341505
0.05577985526424147
0.055625724835762114
0.05547226862540849
0.05531948310213389
0.055167364752313305
0.055015910079715846
0.05486511560547531
0.0547149778680599
0.05456549342324091
0.05441665884405969
0.054268470720794236
0.05412092566092369
0.05397402028909295
0.053827751247074826
0.05368211519373262
0.05353710880498036
0.05339272877374292
0.0532489718099151
0.053105834640319136
0.05296331400866223
0.05282140667549217
0.05268010941815315
0.05253941903073981
0.052399332324050946
0.05225984612554241
0.05212095727927931
0.05198266264588663
0.051844959102500844
0.05170784354271864
0.05157131287654675
0.0514353640303503
0.051299993946800654
0.05116519958482219
0.05103097791953949
0.05089732594222299
0.0507642406602343
0.05063171909697137
0.050499758291812344
0.05036835530005981
0.05023750719288383
0.0501072110572648
0.049977463995935514
