2.6241681805231205
2.4326830248257636
2.310433845090428
2.2329348465281695
2.1885387000657865
2.161653087635111
2.1422784020411125
2.12591399315733
2.11088563501651
2.0966288163560574
2.082963343558029
2.0698349094068402
2.0572298607341333
2.0451481748673417
2.03359506225663
2.022578309224958
2.0121073055912007
2.0021925247621972
1.9928451018344868
1.9840764195638574
1.9758976879421009
1.9683195231075403
1.9613515354957345
1.9550019371454384
1.9492771770934538
1.9441816126088938
1.9397172227939108
1.9358833698345363
1.9326766119227488
1.9300905705954583
1.928115853960359
1.926740036019286
1.92594769107553
1.9257204810420325
1.9260372923728797
1.926874418341928
1.9282057815115143
1.930003190492688
1.9322366245170406
1.9348745389371074
1.9378841845610233
1.9412319337149313
1.944883606112984
1.9488047879904162
1.952961138502312
1.9573186780834175
1.9618440542706945
1.9665047813736725
1.9712694512999278
1.9761079137663542
1.9809914250165945
1.9858927649908185
1.9907863236320407
1.9956481576459733
2.0004560195487873
2.005189361235417
2.009829314582379
2.014358651770592
2.0187617280861487
2.023024409943709
2.0271339907928008
2.0310790974269755
2.034849589034049
2.0384364511162665
2.041831686184294
2.0450282028989673
2.0480197051083833
2.0508005820120916
2.0533658004841246
2.055710800406023
2.0578313937023665
2.0597236676358883
2.0613838928074006
2.0628084362171544
2.063993679678048
2.064935943825773
2.065631417944906
2.0660760958210007
2.0662657178345154
2.066195719530393
2.0658611869241943
2.0652568188387876
2.064376896600941
2.063215261460832
2.061765300125118
2.0600199388110334
2.057971646230117
2.055612445890537
2.052933938061776
2.049927331670274
2.046583486286196
2.04289296421789
2.0388460925522143
2.034433034768705
2.0296438713200713
2.02446868832096
2.0188976732356685
2.0129212162216086
2.006530015590146
1.9997151857130575
1.9924683656541688
1.984781826862056
1.9766485784354177
1.968062468773288
1.959018282840991
1.9495118347984761
1.9395400563133671
1.9291010814643372
1.9181943296656265
1.9068205884362803
1.8949820980213674
1.8826826397761867
1.8699276297924827
1.8567242184467936
1.8430813953871719
1.8290100979878234
1.814523319577805
1.799636211919791
1.7843661746467316
1.7687329228544888
1.752758523005471
1.736467386919922
1.7198862140810751
1.7030438738602858
1.6859712215968927
1.6687008456630399
1.6512667465182211
1.633703953026493
1.6160480856118953
1.5983348797683525
1.580599686632916
1.5628769694481373
1.5451998155563371
1.5275994829947754
1.5101049988514765
1.4927428234889948
1.475536590848756
1.4585069306798737
1.4416713740799614
1.4250443395503245
1.4086371931473278
1.3924583734603668
1.3765135701710227
1.3608059438614304
1.3453363744785278
1.3301037263046684
1.3151051182810176
1.300336189914042
1.2857913546089128
1.2714640339773162
1.257346868346788
1.2434319002688057
1.229710729225255
1.216174636934174
1.2028146836426072
1.1896217765696016
1.176586712239592
1.1637001948468924
1.150952833041134
1.1383351176485745
1.1258373828725292
1.113449753474086
1.1011620803463817
1.0889638667845567
1.0768441876395702
1.0647916034457323
1.0527940715456592
1.0408388562171733
1.028912439847717
1.0170004373149113
1.0050875159271897
0.9931573235643745
0.9811924280409209
0.9691742711973619
0.9570831418072153
0.944898172060114
0.9325973631316984
0.9201576461500981
0.9075549856751637
0.8947645335575733
0.8817608416518595
0.8685181421995047
0.855010704616361
0.8412132767109147
0.8271016167814751
0.8126531203110501
0.7978475408044565
0.7826677984255429
0.7671008623199496
0.7511386828665165
0.7347791389139693
0.7180269530897214
0.70089451680582
0.6834025574654364
0.6655805758278687
0.647466983830389
0.6291088842514708
0.6105614542115704
0.5918869237770744
0.5731531760699298
0.554432031787801
0.5357973134504375
0.5173228077526562
0.49908025430000386
0.48113748424719543
0.4635568141067912
0.4463937716537726
0.4296961971816218
0.41350372938133717
0.3978476551054251
0.3827510791724822
0.3682293555130502
0.35429071426584
0.3409370197553996
0.32816459986883745
0.3159650962808217
0.3043262954876313
0.29323291128493834
0.2826672991643472
0.27261009152085697
0.2630407493052903
0.2539380308177512
0.24528038187412332
0.23704625382459088
0.22921435712582194
0.22176385862214765
0.214674530600873
0.20792685923845855
0.20150211939277152
0.19538242192970695
0.189550738976317
0.18399091171789453
0.17868764463447886
0.17362648942002484
0.1687938212520456
0.16417680958128397
0.15976338518607208
0.15554220487838083
0.15150261495078027
0.14763461420809462
0.14392881722701767
0.14037641832455575
0.13696915658571462
0.13369928219694646
0.13055952424984044
0.12754306011540917
0.1246434864397131
0.12185479177371002
0.11917133082175421
0.11658780027223056
0.11409921615880077
0.111700892690413
0.10938842248154254
0.10715765811026387
0.10500469493005285
0.1029258550611247
0.10091767248824735
0.09897687919395812
0.09710039225872993
0.09528530186265209
0.09352886012646944
0.0918284707332357
0.09018167927528713
0.08858616427467816
0.0870397288285692
0.0855402928343057
0.08408588575203654
0.08267463986568017
0.08130478400584894
0.07997463770098355
0.07868260572541924
0.07742717301542774
0.07620689992643417
0.07502041780661847
0.07386642486397874
0.07274368230566519
0.07165101072998975
0.07058728675301605
0.06955143985298298
0.06854244941710401
0.06755934197643555
0.06660118861559845
0.06566710254512757
0.06475623682513931
0.06386778222985849
0.06300096524332421
0.06215504617731001
0.0613293174031634
0.060523101689874924
0.059735750641255234
0.05896664322561656
0.05821518439183308
0.05748080376610246
0.0567629544241325
0.05606111173385974
0.055374772264151405
0.05470345275526456
0.05404668914713546
0.05340403566184289
0.052775063936847576
0.05215936220584077
0.0515565345242561
0.050966200036697926
0.05038799228372472
0.04982155854560249
