0.5240469250679765
0.5310120923092994
0.5280036733739616
0.5258645177209404
0.5244290652482577
0.5234736300379106
0.5228414936909046
0.5224253716081648
0.5221527629237834
0.5219750970474051
0.5218600286951918
0.5217861088206615
0.5217391591244962
0.5217098316403896
0.5216919774284097
0.5216815611775438
0.5216759413331494
0.5216733937470444
0.521672797026513
0.521673425003206
0.5216748100460372
0.5216766531651925
0.521678764985544
0.5216810270631275
0.5216833665922412
0.5216857399152353
0.5216881218100027
0.5216904985625581
0.5216928635135112
0.5216952142167381
0.5216975506448362
0.5216998740710461
0.5217021863857045
0.5217044896896197
0.5217067860620934
0.5217090774375384
0.5217113655483007
0.5217136519067005
0.5217159378092998
0.5217182243528506
0.5217205124555185
0.5217228028795942
0.5217250962535738
0.5217273930924972
0.5217296938160676
0.5217319987644262
0.5217343082116719
0.521736622377309
0.5217389414358602
0.5217412655248811
0.5217435947516098
0.5217459291984612
0.5217482689275521
0.52175061398442
0.52175296440107
0.5217553201984709
0.5217576813885956
0.5217600479760862
0.5217624199596144
0.5217647973329895
0.5217671800860626
0.5217695682054615
0.5217719616751915
0.5217743604771221
0.5217767645913848
0.5217791739966962
0.5217815886706206
0.521784008589785
0.5217864337300511
0.5217888640666583
0.5217912995743388
0.5217937402274109
0.5217961859998547
0.5217986368653743
0.5218010927974492
0.5218035537693736
0.5218060197542898
0.5218084907252175
0.521810966655073
0.5218134475166889
0.5218159332828284
0.5218184239261958
0.5218209194194492
0.5218234197352052
0.5218259248460464
0.521828434724528
0.5218309493431801
0.5218334686745122
0.5218359926910161
0.5218385213651674
0.5218410546694283
0.5218435925762496
0.5218461350580698
0.5218486820873185
0.5218512336364165
0.5218537896777763
0.5218563501838025
0.5218589151268926
0.5218614844794385
0.5218640582138244
0.5218666363024296
0.5218692187176275
0.5218718054317859
0.5218743964172676
0.5218769916464302
0.5218795910916265
0.5218821947252048
0.5218848025195084
0.5218874144468766
0.5218900304796444
0.5218926505901423
0.5218952747506971
0.5218979029336313
0.5219005351112638
0.5219031712559097
0.5219058113398805
0.5219084553354838
0.5219111032150247
0.5219137549508037
0.5219164105151188
0.5219190698802653
0.5219217330185342
0.521924399902215
0.5219270705035928
0.5219297447949514
0.521932422748571
0.5219351043367295
0.5219377895317028
0.5219404783057636
0.5219431706311832
0.5219458664802297
0.5219485658251705
0.5219512686382697
0.5219539748917903
0.5219566845579935
0.5219593976091387
0.5219621140174835
0.5219648337552847
0.521967556794797
0.521970283108274
0.521973012667969
0.521975745446133
0.5219784814150168
0.5219812205468702
0.5219839628139424
0.5219867081884816
0.5219894566427357
0.5219922081489523
0.5219949626793788
0.5219977202062618
0.5220004807018482
0.5220032441383851
0.5220060104881192
0.5220087797232978
0.5220115518161688
0.5220143267389796
0.5220171044639791
0.5220198849634166
0.5220226682095416
0.5220254541746053
0.5220282428308595
0.522031034150557
0.5220338281059522
0.5220366246693005
0.5220394238128587
0.5220422255088853
0.5220450297296406
0.5220478364473866
0.5220506456343871
0.5220534572629077
0.5220562713052167
0.522059087733584
0.5220619065202824
0.5220647276375869
0.5220675510577752
0.5220703767531276
0.5220732046959273
0.5220760348584603
0.5220788672130163
0.5220817017318871
0.5220845383873685
0.5220873771517598
0.5220902179973634
0.5220930608964859
0.5220959058214371
0.5220987527445311
0.5221016016380862
0.5221044524744242
0.5221073052258716
0.5221101598647594
0.5221130163634227
0.5221158746942017
0.5221187348294412
0.5221215967414907
0.5221244604027049
0.5221273257854436
0.5221301928620719
0.52213306160496
0.5221359319864841
0.522138803979026
0.5221416775549725
0.5221445526867173
0.5221474293466597
0.5221503075072049
0.5221531871407649
0.5221560682197572
0.5221589507166073
0.522161834603746
0.5221647198536117
0.5221676064386491
0.5221704943313105
0.522173383504055
0.5221762739293493
0.5221791655796676
0.5221820584274915
0.5221849524453102
0.5221878476056208
0.5221907438809286
0.5221936412437466
0.5221965396665965
0.5221994391220082
0.5222023395825199
0.5222052410206788
0.5222081434090404
0.5222110467201697
0.5222139509266401
0.522216856001035
0.522219761915946
0.522222668643975
0.5222255761577335
0.5222284844298424
0.5222313934329321
0.522234303139644
0.5222372135226285
0.5222401245545472
0.5222430362080714
0.5222459484558837
0.5222488612706766
0.5222517746251537
0.5222546884920298
0.5222576028440304
0.5222605176538926
0.5222634328943645
0.522266348538206
0.5222692645581886
0.5222721809270954
0.5222750976177215
0.5222780146028744
0.5222809318553733
0.5222838493480499
0.5222867670537487
0.5222896849453263
0.5222926029956525
0.5222955211776096
0.5222984394640936
0.5223013578280129
0.5223042762422897
0.5223071946798598
0.5223101131136718
0.5223130315166893
0.5223159498618887
0.522318868122261
0.522321786270811
0.5223247042805583
0.5223276221245368
0.5223305397757946
0.5223334572073949
0.5223363743924158
0.5223392913039502
0.5223422079151065
0.5223451241990082
0.5223480401287943
0.5223509556776191
0.5223538708186534
0.522356785525083
0.5223596997701103
0.5223626135269535
0.5223655267688474
0.5223684394690431
0.5223713516008084
0.5223742631374273
0.5223771740522019
0.5223800843184498
0.5223829939095072
0.5223859027987261
0.5223888109594774
0.5223917183651487
0.5223946249891455
0.522397530804891
0.5224004357858272
0.5224033399054135
0.5224062431371274
0.5224091454544654
0.5224120468309426
0.5224149472400923
0.5224178466554673
0.5224207450506388
0.5224236423991977
0.5224265386747533
0.5224294338509357
0.522432327901393
0.5224352207997945
0.5224381125198282
0.5224410030352025
0.5224438923196462
0.5224467803469077
0.5224496670907565
0.5224525525249823
0.5224554366233953
0.5224583193598271
0.5224612007081295
0.5224640806421759
0.5224669591358612
0.5224698361631006
0.5224727116978319
0.5224755857140142
0.5224784581856281
0.5224813290866767
0.5224841983911843
0.5224870660731983
0.5224899321067878
0.5224927964660446
0.5224956591250832
0.5224985200580405
0.5225013792390767
0.5225042366423744
0.5225070922421403
0.5225099460126031
0.5225127979280159
0.522515647962655
0.5225184960908205
0.5225213422868356
0.5225241865250484
0.5225270287798308
0.5225298690255782
0.5225327072367114
0.5225355433876746
0.5225383774529372
0.5225412094069932
0.5225440392243614
0.5225468668795856
0.5225496923472346
0.5225525156019022
0.522555336618208
0.5225581553707968
0.5225609718343388
0.5225637859835304
0.5225665977930936
0.522569407237776
0.5225722142923519
0.5225750189316214
0.522577821130411
0.5225806208635735
0.5225834181059887
0.5225862128325627
0.5225890050182288
0.5225917946379462
0.5225945816667025
0.5225973660795116
0.5226001478514148
0.522602926957481
0.5226057033728067
0.5226084770725152
0.5226112480317586
0.5226140162257162
0.5226167816295955
0.5226195442186317
0.5226223039680886
0.5226250608532581
0.5226278148494609
0.5226305659320448
0.5226333140763884
0.5226360592578969
0.5226388014520058
0.5226415406341788
0.5226442767799087
0.5226470098647177
0.5226497398641569
0.5226524667538068
0.5226551905092778
0.5226579111062092
0.5226606285202701
0.5226633427271596
0.5226660537026062
0.5226687614223691
0.5226714658622362
0.522674166998027
0.5226768648055902
0.5226795592608051
0.5226822503395814
0.5226849380178593
0.5226876222716093
0.5226903030768331
0.5226929804095628
0.5226956542458611
0.5226983245618221
0.522700991333571
0.5227036545372626
0.5227063141490854
0.522708970145257
0.5227116225020271
0.522714271195677
0.5227169162025193
0.5227195574988978
0.5227221950611886
0.5227248288657989
0.522727458889168
0.5227300851077672
0.5227327074980994
0.5227353260366995
0.5227379407001347
0.522740551465004
0.522743158307939
0.5227457612056032
0.5227483601346927
0.5227509550719358
0.5227535459940932
0.5227561328779582
0.5227587157003568
0.5227612944381475
0.5227638690682213
0.5227664395675021
0.5227690059129465
0.5227715680815443
0.5227741260503178
0.522776679796322
0.5227792292966459
0.5227817745284101
0.5227843154687697
0.5227868520949117
0.5227893843840572
0.5227919123134599
0.5227944358604069
0.5227969550022189
0.5227994697162497
0.5228019799798859
0.5228044857705486
0.5228069870656914
0.522809483842802
0.522811976079401
0.5228144637530431
0.5228169468413156
0.5228194253218406
0.5228218991722731
0.5228243683703016
0.5228268328936484
0.5228292927200695
0.5228317478273548
0.5228341981933272
0.5228366437958442
0.5228390846127962
0.5228415206221078
0.5228439518017369
0.5228463781296759
0.5228487995839501
0.5228512161426193
0.5228536277837765
0.5228560344855484
0.5228584362260961
0.5228608329836141
0.5228632247363302
0.5228656114625067
0.5228679931404392
0.5228703697484575
0.5228727412649241
0.5228751076682365
0.5228774689368252
0.5228798250491542
0.5228821759837217
0.522884521719059
0.5228868622337317
0.5228891975063387
0.5228915275155119
0.5228938522399179
0.5228961716582559
0.5228984857492588
0.5229007944916934
0.5229030978643594
0.5229053958460904
0.522907688415753
0.5229099755522473
0.5229122572345064
0.5229145334414973
0.5229168041522196
0.5229190693457062
0.5229213290010235
0.5229235830972704
0.522925831613579
0.5229280745291146
0.522930311823075
0.5229325434746919
0.522934769463228
0.5229369897679802
0.5229392043682777
0.522941413243482
0.5229436163729875
0.5229458137362208
0.5229480053126414
0.5229501910817401
0.5229523710230413
0.5229545451161006
0.5229567133405061
0.522958875675878
0.5229610321018678
0.5229631825981601
0.5229653271444699
0.522967465720545
0.5229695983061639
0.5229717248811371
0.5229738454253068
0.5229759599185461
0.5229780683407591
0.5229801706718816
0.52298226689188
0.5229843569807517
0.5229864409185253
0.5229885186852594
0.5229905902610437
0.5229926556259982
0.5229947147602736
0.52299676764405
0.5229988142575388
0.5230008545809806
0.5230028885946462
0.5230049162788359
0.52300693761388
0.523008952580138
0.5230109611579992
0.5230129633278815
0.5230149590702327
0.5230169483655287
0.5230189311942754
0.5230209075370061
0.5230228773742837
0.5230248406866989
0.5230267974548708
0.5230287476594466
0.5230306912811019
0.5230326283005394
0.5230345586984901
0.5230364824557121
0.5230383995529908
0.5230403099711389
0.5230422136909965
0.5230441106934294
0.5230460009593316
0.5230478844696226
0.5230497612052483
0.5230516311471809
0.523053494276419
0.523055350573986
0.5230572000209321
0.5230590425983321
0.5230608782872862
0.5230627070689198
0.5230645289243832
0.5230663438348512
0.5230681517815229
0.5230699527456224
0.5230717467083972
0.523073533651119
0.523075313555083
0.5230770864016079
0.5230788521720358
0.5230806108477318
0.5230823624100835
0.5230841068405021
0.52308584412042
0.5230875742312922
0.5230892971545964
0.5230910128718307
0.5230927213645162
0.5230944226141939
0.5230961166024268
0.5230978033107986
0.5230994827209131
0.5231011548143948
0.5231028195728885
0.5231044769780584
0.5231061270115889
0.5231077696551834
0.5231094048905643
0.5231110326994735
0.5231126530636707
0.5231142659649347
0.5231158713850619
0.5231174693058672
0.5231190597091824
0.5231206425768571
0.5231222178907576
0.5231237856327676
0.5231253457847866
0.5231268983287309
0.5231284432465326
0.5231299805201396
0.5231315101315148
0.5231330320626373
0.5231345462954995
0.5231360528121098
0.5231375515944904
0.523139042624677
0.5231405258847199
0.5231420013566823
0.5231434690226405
0.5231449288646837
0.5231463808649136
0.5231478250054442
0.5231492612684014
0.5231506896359227
0.5231521100901568
0.5231535226132633
0.5231549271874127
0.523156323794786
0.5231577124175737
0.5231590930379763
0.5231604656382036
0.5231618302004748
0.5231631867070174
0.5231645351400677
0.5231658754818693
0.5231672077146747
0.5231685318207429
0.5231698477823401
0.5231711555817398
0.5231724552012211
0.5231737466230695
0.5231750298295763
0.5231763048030379
0.5231775715257561
0.5231788299800365
0.5231800801481898
0.5231813220125306
0.5231825555553764
0.5231837807590485
0.5231849976058707
0.5231862060781695
0.5231874061582732
0.5231885978285122
0.5231897810712183
0.5231909558687234
0.5231921222033611
0.523193280057465
0.5231944294133679
0.5231955702534027
0.5231967025599011
0.5231978263151935
0.523198941501609
0.5232000481014736
0.523201146097112
0.5232022354708453
0.5232033162049917
0.5232043882818652
0.5232054516837763
0.5232065063930306
0.5232075523919291
0.523208589662767
0.5232096181878346
0.5232106379494154
0.5232116489297868
0.5232126511112185
0.523213644475974
0.5232146290063078
0.523215604684467
0.5232165714926899
0.5232175294132053
0.5232184784282332
0.5232194185199832
0.5232203496706543
0.5232212718624354
0.5232221850775038
0.5232230892980252
0.5232239845061529
0.5232248706840281
0.5232257478137787
0.5232266158775192
0.5232274748573501
0.5232283247353579
0.5232291654936143
0.5232299971141753
0.5232308195790814
0.5232316328703569
0.5232324369700101
0.5232332318600312
0.5232340175223934
0.523234793939052
0.5232355610919432
0.5232363189629853
0.5232370675340758
0.5232378067870935
0.5232385367038964
0.5232392572663215
0.5232399684561846
0.5232406702552796
0.5232413626453778
0.523242045608229
0.5232427191255581
0.5232433831790673
0.5232440377504338
0.5232446828213109
0.523245318373326
0.523245944388081
0.5232465608471517
0.523247167732087
0.5232477650244085
0.5232483527056104
0.5232489307571583
0.5232494991604891
0.5232500578970107
0.5232506069481011
0.523251146295108
0.5232516759193482
0.5232521958021074
0.5232527059246392
0.5232532062681652
0.5232536968138738
0.5232541775429203
0.5232546484364259
0.5232551094754774
0.5232555606411268
0.5232560019143901
0.5232564332762479
0.523256854707644
0.5232572661894848
0.5232576677026394
0.5232580592279386
0.5232584407461747
0.5232588122381001
0.5232591736844281
0.5232595250658316
0.5232598663629421
0.5232601975563502
0.5232605186266039
0.5232608295542093
0.5232611303196292
0.5232614209032821
0.5232617012855434
0.5232619714467428
0.5232622313671651
0.5232624810270493
0.5232627204065875
0.5232629494859251
0.5232631682451598
0.5232633766643413
0.5232635747234703
0.5232637624024983
0.523263939681327
0.5232641065398074
0.5232642629577399
0.5232644089148728
0.5232645443909028
0.5232646693654728
0.5232647838181738
0.5232648877285413
0.5232649810760577
0.5232650638401488
0.5232651360001865
0.5232651975354847
0.5232652484253013
0.5232652886488365
0.5232653181852323
0.5232653370135724
0.5232653451128808
0.5232653424621218
0.5232653290401994
0.5232653048259558
0.5232652697981728
0.5232652239355684
0.5232651672167987
0.5232650996204561
0.5232650211250686
0.5232649317090996
0.5232648313509473
0.5232647200289436
0.5232645977213543
0.5232644644063772
0.5232643200621432
0.5232641646667141
0.5232639981980828
0.5232638206341724
0.5232636319528362
0.5232634321318556
0.5232632211489412
0.5232629989817312
0.5232627656077907
0.5232625210046116
0.5232622651496113
0.5232619980201332
0.5232617195934444
0.5232614298467362
0.523261128757124
0.5232608163016448
0.5232604924572581
0.5232601572008452
0.5232598105092073
0.5232594523590663
0.5232590827270633
0.5232587015897583
0.5232583089236296
0.5232579047050723
0.5232574889103991
0.5232570615158386
0.523256622497535
0.5232561718315468
0.5232557094938475
0.5232552354603236
0.5232547497067747
0.5232542522089122
0.5232537429423599
0.5232532218826513
0.5232526890052311
0.5232521442854526
0.5232515876985788
0.5232510192197807
0.523250438824136
0.5232498464866301
0.5232492421821544
0.523248625885505
0.5232479975713838
0.5232473572143965
0.5232467047890517
0.5232460402697614
0.5232453636308388
0.5232446748464993
0.5232439738908584
0.5232432607379318
0.5232425353616345
0.5232417977357797
0.523241047834079
0.5232402856301408
0.5232395110974701
0.5232387242094678
0.5232379249394296
0.5232371132605457
0.5232362891458999
0.5232354525684693
0.5232346035011227
0.5232337419166208
0.5232328677876154
0.5232319810866476
0.5232310817861485
0.5232301698584381
0.5232292452757236
0.5232283080101001
0.5232273580335493
0.5232263953179379
0.5232254198350187
0.5232244315564284
0.5232234304536871
0.5232224164981983
0.5232213896612473
0.5232203499140013
0.5232192972275079
0.5232182315726948
0.5232171529203686
0.5232160612412151
0.5232149565057973
0.5232138386845558
0.5232127077478071
0.5232115636657433
0.5232104064084315
0.5232092359458129
0.5232080522477017
0.5232068552837851
0.523205645023622
0.5232044214366423
0.5232031844921461
0.5232019341593037
0.5232006704071536
0.5231993932046026
0.5231981025204251
0.5231967983232614
0.5231954805816181
0.5231941492638668
0.5231928043382432
0.5231914457728467
0.5231900735356392
0.5231886875944447
0.5231872879169485
0.523185874470696
0.5231844472230928
0.5231830061414027
0.523181551192748
0.5231800823441086
0.5231785995623206
0.5231771028140754
0.5231755920659203
0.5231740672842561
0.5231725284353375
0.5231709754852714
0.5231694084000167
0.5231678271453832
0.5231662316870314
0.523164621990471
0.52316299802106
0.5231613597440047
0.5231597071243583
0.5231580401270202
0.5231563587167354
0.5231546628580935
0.5231529525155278
0.523151227653315
0.5231494882355736
0.5231477342262636
0.5231459655891857
0.5231441822879803
0.5231423842861274
0.5231405715469439
0.5231387440335851
0.5231369017090423
0.5231350445361427
0.5231331724775482
0.5231312854957548
0.5231293835530919
0.5231274666117209
0.5231255346336348
0.5231235875806578
0.5231216254144433
0.523119648096474
0.5231176555880608
0.5231156478503425
0.5231136248442831
0.5231115865306734
0.5231095328701287
0.5231074638230881
0.5231053793498137
0.5231032794103905
0.5231011639647242
0.5230990329725411
0.5230968863933878
0.5230947241866292
0.523092546311448
0.5230903527268448
0.5230881433916352
0.5230859182644515
0.5230836773037395
0.523081420467759
0.5230791477145825
0.5230768590020946
0.5230745542879902
0.5230722335297753
0.5230698966847641
0.5230675437100797
0.5230651745626527
0.5230627891992201
0.5230603875763244
0.523057969650313
0.5230555353773374
0.5230530847133519
0.5230506176141126
0.5230481340351776
0.5230456339319038
0.523043117259449
0.5230405839727689
0.523038034026616
0.5230354673755409
0.5230328839738884
0.5230302837757991
0.5230276667352072
0.5230250328058395
0.5230223819412153
0.5230197140946449
0.5230170292192284
0.5230143272678558
0.5230116081932049
0.5230088719477406
0.5230061184837149
0.5230033477531649
0.5230005597079124
0.5229977542995625
0.5229949314795032
0.5229920911989042
0.5229892334087158
0.5229863580596683
0.5229834651022703
0.5229805544868088
0.5229776261633473
0.5229746800817259
0.5229717161915587
0.5229687344422345
0.5229657347829147
0.5229627171625331
0.5229596815297944
0.5229566278331731
0.5229535560209131
0.5229504660410262
0.5229473578412918
0.5229442313692545
0.522941086572225
0.5229379233972775
0.5229347417912494
0.5229315417007405
0.5229283230721112
0.5229250858514827
0.5229218299847346
0.522918555417505
0.5229152620951889
0.5229119499629373
0.5229086189656563
0.5229052690480058
0.5229019001543989
0.5228985122290006
0.5228951052157265
0.5228916790582422
0.5228882336999622
0.5228847690840487
0.5228812851534104
0.522877781850702
0.5228742591183226
0.522870716898415
0.5228671551328642
0.5228635737632968
0.5228599727310799
0.5228563519773195
0.52285271144286
0.5228490510682833
0.5228453707939069
0.5228416705597835
0.5228379503056992
0.5228342099711738
0.522830449495458
0.5228266688175335
0.5228228678761115
0.5228190466096316
0.5228152049562607
0.5228113428538914
0.5228074602401425
0.5228035570523555
0.5227996332275959
0.5227956887026499
0.5227917234140249
0.5227877372979479
0.522783730290364
0.522779702326935
0.5227756533430399
0.5227715832737714
0.522767492053937
0.5227633796180562
0.5227592459003596
0.5227550908347894
0.5227509143549959
0.5227467163943373
0.5227424968858791
0.5227382557623927
0.5227339929563529
0.5227297083999388
0.5227254020250307
0.522721073763211
0.5227167235457604
0.522712351303659
0.5227079569675843
0.5227035404679091
0.5226991017347021
0.5226946406977246
0.5226901572864318
0.5226856514299684
0.5226811230571703
0.522676572096562
0.5226719984763555
0.5226674021244492
0.5226627829684259
0.5226581409355534
0.5226534759527812
0.5226487879467406
0.5226440768437426
0.5226393425697773
0.5226345850505121
0.5226298042112909
0.522624999977133
0.5226201722727303
0.5226153210224481
0.5226104461503226
0.5226055475800594
0.5226006252350335
0.5225956790382864
0.5225907089125263
0.5225857147801254
0.5225806965631189
0.5225756541832054
0.5225705875617426
0.5225654966197488
0.5225603812778996
0.5225552414565273
0.52255007707562
0.5225448880548192
0.5225396743134196
0.522534435770367
0.5225291723442567
0.5225238839533329
0.5225185705154874
0.5225132319482569
0.5225078681688232
0.5225024790940109
0.5224970646402862
0.5224916247237557
0.5224861592601647
0.5224806681648961
0.5224751513529686
0.5224696087390355
0.5224640402373838
0.5224584457619316
0.5224528252262277
0.5224471785434495
0.5224415056264022
0.5224358063875171
0.5224300807388496
0.5224243285920781
0.5224185498585031
0.5224127444490451
0.5224069122742434
0.522401053244254
0.5223951672688493
0.5223892542574152
0.5223833141189512
0.5223773467620673
0.5223713520949832
0.5223653300255275
0.5223592804611348
0.5223532033088452
0.5223470984753023
0.5223409658667517
0.5223348053890402
0.5223286169476125
0.5223224004475117
0.5223161557933765
0.5223098828894395
0.5223035816395267
0.5222972519470552
0.5222908937150315
0.5222845068460498
0.5222780912422915
0.522271646805522
0.5222651734370904
0.5222586710379277
0.5222521395085437
0.522245578749028
0.5222389886590459
0.5222323691378385
0.5222257200842195
0.5222190413965752
0.5222123329728617
0.5222055947106036
0.522198826506892
0.5221920282583838
0.522185199861299
0.522178341211419
0.5221714522040859
0.5221645327341998
0.5221575826962175
0.522150601984151
0.5221435904915652
0.5221365481115763
0.5221294747368512
0.5221223702596036
0.5221152345715945
0.5221080675641289
0.5221008691280544
0.5220936391537603
0.5220863775311744
0.5220790841497625
0.5220717588985252
0.5220644016659983
0.5220570123402481
0.5220495908088726
0.5220421369589971
0.5220346506772744
0.5220271318498811
0.5220195803625177
0.522011996100405
0.5220043789482839
0.5219967287904118
0.521989045510562
0.5219813289920218
0.5219735791175895
0.5219657957695738
0.5219579788297913
0.5219501281795648
0.521942243699721
0.5219343252705886
0.5219263727719973
0.5219183860832748
0.5219103650832453
0.5219023096502275
0.5218942196620326
0.5218860949959626
0.5218779355288076
0.5218697411368449
0.5218615116958358
0.5218532470810252
0.5218449471671379
0.5218366118283774
0.521828240938424
0.5218198343704324
0.5218113919970303
0.5218029136903154
0.521794399321854
0.5217858487626789
0.5217772618832874
0.5217686385536385
0.5217599786431522
0.5217512820207058
0.5217425485546332
0.5217337781127216
0.5217249705622106
0.5217161257697892
0.5217072436015934
0.5216983239232055
0.5216893665996503
0.5216803714953938
0.5216713384743414
0.5216622673998345
0.5216531581346494
0.5216440105409947
0.5216348244805097
0.5216255998142604
0.5216163364027395
0.521607034105863
0.521597692782968
0.5215883122928107
0.521578892493564
0.5215694332428156
0.521559934397565
0.5215503958142218
0.5215408173486034
0.5215311988559326
0.5215215401908346
0.5215118412073363
0.5215021017588627
0.5214923216982341
0.521482500877666
0.5214726391487637
0.5214627363625228
0.5214527923693248
0.5214428070189359
0.5214327801605039
0.5214227116425562
0.5214126013129969
0.5214024490191057
0.5213922546075336
0.5213820179243016
0.5213717388147985
0.5213614171237774
0.5213510526953541
0.5213406453730043
0.5213301949995615
0.5213197014172134
0.5213091644675009
0.5212985839913142
0.521287959828892
0.5212772918198164
0.5212665798030133
0.521255823616747
0.5212450230986203
0.5212341780855699
0.5212232884138649
0.5212123539191035
0.5212013744362112
0.5211903497994376
0.521179279842354
0.5211681643978504
0.5211570032981337
0.5211457963747238
0.5211345434584522
0.5211232443794589
0.5211118989671889
0.5211005070503908
0.521089068457113
0.5210775830147019
0.5210660505497984
0.5210544708883356
0.5210428438555361
0.5210311692759089
0.5210194469732472
0.5210076767706244
0.5209958584903929
0.5209839919541805
0.5209720769828873
0.5209601133966834
0.5209481010150059
0.520936039656556
0.520923929139296
0.5209117692804472
0.5208995598964858
0.5208873008031409
0.5208749918153914
0.520862632747463
0.5208502234128254
0.520837763624189
0.5208252531935028
0.5208126919319503
0.5208000796499475
0.5207874161571396
0.5207747012623978
0.5207619347738164
0.5207491164987098
0.5207362462436101
0.5207233238142632
0.5207103490156254
0.5206973216518623
0.5206842415263435
0.5206711084416407
0.5206579221995242
0.5206446826009606
0.5206313894461088
0.5206180425343163
0.5206046416641181
0.5205911866332322
0.5205776772385559
0.5205641132761638
0.5205504945413042
0.5205368208283956
0.5205230919310243
0.52050930764194
0.5204954677530538
0.5204815720554334
0.5204676203393026
0.5204536123940342
0.5204395480081503
0.5204254269693169
0.5204112490643413
0.5203970140791687
0.5203827217988788
0.5203683720076827
0.5203539644889191
0.5203394990250518
0.5203249753976652
0.5203103933874615
0.5202957527742578
0.5202810533369817
0.5202662948536686
0.520251477101458
0.52023659985659
0.5202216628944022
0.5202066659893254
0.5201916089148815
0.5201764914436786
0.5201613133474083
0.5201460743968421
0.5201307743618273
0.5201154130112848
0.5200999901132037
0.5200845054346394
0.5200689587417087
0.5200533497995875
0.5200376783725061
0.5200219442237465
0.5200061471156376
0.5199902868095527
0.5199743630659055
0.5199583756441459
0.5199423243027574
0.5199262087992523
0.5199100288901685
0.5198937843310661
0.5198774748765231
0.519861100280132
0.5198446602944957
0.5198281546712247
0.5198115831609318
0.5197949455132294
0.5197782414767258
0.5197614707990204
0.5197446332267015
0.5197277285053401
0.5197107563794885
0.5196937165926749
0.5196766088874003
0.5196594330051338
0.5196421886863095
0.5196248756703221
0.5196074936955235
0.519590042499218
0.5195725218176597
0.5195549313860464
0.5195372709385184
0.519519540208152
0.5195017389269568
0.5194838668258717
0.51946592363476
0.5194479090824069
0.5194298228965135
0.5194116648036946
0.5193934345294732
0.5193751317982771
0.519356756333435
0.5193383078571718
0.5193197860906047
0.5193011907537393
0.5192825215654651
0.5192637782435515
0.5192449605046439
0.5192260680642586
0.5192071006367802
0.5191880579354555
0.5191689396723905
0.5191497455585461
0.5191304753037332
0.5191111286166095
0.5190917052046735
0.5190722047742623
0.5190526270305458
0.5190329716775229
0.519013238418017
0.5189934269536726
0.5189735369849486
0.5189535682111172
0.5189335203302567
0.5189133930392482
0.5188931860337723
0.5188728990083027
0.5188525316561028
0.5188320836692211
0.5188115547384871
0.5187909445535066
0.5187702528026572
0.5187494791730829
0.5187286233506918
0.5187076850201497
0.518686663864876
0.5186655595670394
0.5186443718075536
0.5186231002660723
0.5186017446209847
0.5185803045494108
0.5185587797271975
0.518537169828913
0.5185154745278429
0.5184936934959854
0.5184718264040464
0.5184498729214356
0.5184278327162604
0.5184057054553228
0.5183834908041139
0.5183611884268096
0.5183387979862648
0.5183163191440101
0.5182937515602466
0.5182710948938412
0.5182483488023206
0.5182255129418688
0.5182025869673205
0.518179570532157
0.5181564632885018
0.518133264887115
0.5181099749773885
0.5180865932073419
0.518063119223617
0.5180395526714734
0.5180158931947835
0.517992140436027
0.5179682940362872
0.5179443536352448
0.5179203188711743
0.5178961893809378
0.517871964799981
0.5178476447623279
0.5178232289005761
0.5177987168458912
0.5177741082280024
0.5177494026751974
0.5177245998143181
0.5176996992707531
0.517674700668436
0.5176496036298386
0.5176244077759654
0.5175991127263501
0.5175737180990492
0.5175482235106372
0.5175226285762025
0.5174969329093407
0.5174711361221512
0.5174452378252308
0.517419237627669
0.517393135137043
0.517366929959413
0.5173406216993156
0.5173142099597605
0.5172876943422241
0.5172610744466444
0.5172343498714164
0.5172075202133868
0.5171805850678481
0.5171535440285345
0.5171263966876154
0.5170991426356917
0.5170717814617889
0.517044312753353
0.5170167360962454
0.5169890510747366
0.5169612572715017
0.5169333542676149
0.5169053416425444
0.516877218974147
0.5168489858386622
0.5168206418107085
0.5167921864632764
0.5167636193677236
0.51673494009377
0.5167061482094921
0.5166772432813179
0.5166482248740212
0.5166190925507166
0.5165898458728533
0.5165604844002112
0.5165310076908941
0.516501415301325
0.5164717067862408
0.5164418816986863
0.5164119395900097
0.516381880009856
0.5163517025061626
0.5163214066251537
0.516290991911334
0.516260457907485
0.516229804154657
0.5161990301921666
0.5161681355575889
0.5161371197867528
0.5161059824137358
0.5160747229708591
0.5160433409886798
0.5160118359959882
0.5159802075198008
0.5159484550853546
0.5159165782161027
0.5158845764337073
0.515852449258036
0.5158201962071547
0.5157878167973227
0.5157553105429873
0.5157226769567781
0.5156899155495013
0.5156570258301345
0.5156240073058209
0.5155908594818636
0.5155575818617208
0.5155241739469989
0.5154906352374484
0.5154569652309575
0.5154231634235464
0.515389229309362
0.5153551623806731
0.5153209621278629
0.5152866280394254
0.515252159601958
0.515217556300158
0.5151828176168152
0.515147943032807
0.5151129320270926
0.5150777840767081
0.5150424986567597
0.5150070752404189
0.5149715132989168
0.5149358123015384
0.514899971715617
0.5148639910065282
0.5148278696376849
0.5147916070705314
0.5147552027645376
0.5147186561771934
0.5146819667640034
0.5146451339784812
0.5146081572721433
0.5145710360945039
0.5145337698930692
0.5144963581133317
0.5144588001987643
0.5144210955908155
0.5143832437289024
0.5143452440504064
0.5143070959906669
0.5142687989829756
0.514230352458571
0.5141917558466327
0.5141530085742763
0.5141141100665464
0.5140750597464123
0.5140358570347621
0.5139965013503963
0.5139569921100231
0.513917328728252
0.5138775106175885
0.5138375371884285
0.5137974078490527
0.5137571220056206
0.5137166790621652
0.5136760784205873
0.5136353194806497
0.5135944016399718
0.5135533242940236
0.5135120868361202
0.5134706886574166
0.5134291291469016
0.513387407691392
0.5133455236755275
0.5133034764817646
0.5132612654903711
0.5132188900794209
0.5131763496247876
0.5131336435001395
0.5130907710769337
0.5130477317244102
0.5130045248095874
0.5129611496972546
0.5129176057499685
0.5128738923280456
0.5128300087895584
0.5127859544903283
0.5127417287839209
0.51269733102164
0.5126527605525222
0.5126080167233311
0.5125630988785519
0.5125180063603857
0.512472738508744
0.5124272946612427
0.5123816741531971
0.512335876317616
0.5122899004851967
0.5122437459843177
0.5121974121410354
0.5121508982790772
0.512104203719836
0.5120573277823652
0.5120102697833719
0.5119630290372135
0.5119156048558897
0.5118679965490388
0.5118202034239312
0.5117722247854641
0.5117240599361567
0.5116757081761424
0.5116271688031662
0.5115784411125772
0.5115295243973237
0.5114804179479481
0.51143112105258
0.5113816329969327
0.5113319530642957
0.5112820805355307
0.5112320146890654
0.5111817548008878
0.5111313001445412
0.5110806499911189
0.511029803609258
0.5109787602651339
0.510927519222456
0.510876079742461
0.5108244410839077
0.5107726025030721
0.5107205632537415
0.5106683225872086
0.5106158797522673
0.510563233995206
0.5105103845598029
0.5104573306873202
0.5104040716164988
0.5103506065835532
0.5102969348221654
0.51024305556348
0.5101889680360987
0.5101346714660748
0.5100801650769079
0.510025448089538
0.5099705197223414
0.5099153791911241
0.5098600257091163
0.5098044584869683
0.5097486767327438
0.5096926796519153
0.5096364664473587
0.5095800363193476
0.5095233884655477
0.5094665220810127
0.5094094363581777
0.5093521304868542
0.5092946036542251
0.5092368550448392
0.5091788838406055
0.5091206892207887
0.509062270362003
0.5090036264382075
0.5089447566207006
0.5088856600781144
0.5088263359764102
0.5087667834788727
0.5087070017461046
0.5086469899360218
0.5085867472038473
0.5085262727021076
0.5084655655806252
0.5084046249865153
0.5083434500641795
0.5082820399553009
0.508220393798839
0.5081585107310241
0.5080963898853526
0.5080340303925812
0.5079714313807222
0.5079085919750381
0.5078455112980368
0.5077821884694653
0.507718622606306
0.5076548128227706
0.507590758230295
0.5075264579375348
0.5074619110503592
0.5073971166718471
0.5073320739022804
0.5072667818391404
0.5072012395771018
0.5071354462080276
0.5070694008209649
0.5070031025021386
0.506936550334947
0.5068697433999568
0.5068026807748983
0.5067353615346589
0.5066677847512804
0.5065999494939516
0.5065318548290052
0.5064634998199115
0.506394883527274
0.5063260050088247
0.5062568633194185
0.5061874575110284
0.5061177866327409
0.5060478497307506
0.5059776458483561
0.5059071740259538
0.5058364333010339
0.505765422708176
0.5056941412790429
0.5056225880423768
0.5055507620239938
0.50547866224678
0.5054062877306855
0.5053336374927206
0.5052607105469507
0.505187505904491
0.5051140225735028
0.5050402595591885
0.5049662158637859
0.5048918904865646
0.5048172824238213
0.5047423906688747
0.5046672142120612
0.5045917520407301
0.5045160031392392
0.5044399664889502
0.5043636410682237
0.5042870258524161
0.5042101198138734
0.5041329219219277
0.5040554311428931
0.5039776464400598
0.5038995667736921
0.5038211911010214
0.5037425183762438
0.5036635475505157
0.5035842775719482
0.5035047073856043
0.5034248359334941
0.5033446621545705
0.5032641849847259
0.5031834033567867
0.5031023162005106
0.5030209224425825
0.5029392210066093
0.5028572108131173
0.5027748907795476
0.502692259820253
0.5026093168464933
0.5025260607664319
0.5024424904851323
0.5023586049045545
0.5022744029235509
0.5021898834378629
0.5021050453401179
0.5020198875198255
0.5019344088633737
0.5018486082540266
0.5017624845719192
0.5016760366940571
0.5015892634943107
0.5015021638434127
0.5014147366089563
0.5013269806553912
0.5012388948440203
0.5011504780329978
0.5010617290773263
0.5009726468288531
0.5008832301362691
0.5007934778451052
0.5007033887977299
0.5006129618333475
0.5005221957879952
0.5004310894945413
0.5003396417826826
0.5002478514789432
0.5001557174066715
0.5000632383860389
0.499970413234038
0.49987724076448137
0.49978371978799874
0.4996898491120367
0.4995956275408572
0.499501053875536
0.49940612691396113
0.4993108454508328
0.49921520827766197
0.4991192141827695
0.4990228619512857
0.49892615036514953
0.49882907820310873
0.4987316442407185
0.4986338472503422
0.49853568600115156
0.498437159259126
0.4983382657870531
0.49823900434452917
0.4981393736879602
0.4980393725705613
0.49793899974235967
0.49783825395019277
0.4977371339377128
0.49763563844538466
0.49753376621049056
0.49743151596712953
0.4973288864462202
0.49722587637550286
0.4971224844795413
0.4970187094797258
0.4969145500942751
0.4968100050382396
0.49670507302350453
0.49659975275879287
0.4964940429496688
0.49638794229854133
0.49628144950466857
0.49617456326416076
0.4960672822699861
0.495959605211974
0.49585153077682087
0.4957430576480938
0.4956341845062372
0.4955249100285777
0.49541523288932976
0.4953051517596023
0.4951946653074042
0.4950837721976514
0.49497247109217357
0.49486076064972184
0.4947486395259746
0.49463610637354716
0.4945231598419988
0.4944097985778406
0.49429602122454486
0.49418182642255404
0.494067212809289
0.4939521790191603
0.4938367236835764
0.49372084543095474
0.4936045428867325
0.49348781467337677
0.49337065941039693
0.49325307571435517
0.4931350621988795
0.4930166174746757
0.4928977401495399
0.492778428828372
0.49265868211318975
0.4925384986031418
0.492417876894523
0.492296815580788
0.4921753132525682
0.49205336849768594
0.49193097990117096
0.49180814604527784
0.4916848655095015
0.4915611368705962
0.4914369587025925
0.4913123295768155
0.4911872480619047
0.4910617127238329
0.49093572212592573
0.4908092748288826
0.49068236939079724
0.49055500436717975
0.49042717831097704
0.49029888977259767
0.4901701372999331
0.4900409194383816
0.48991123473087306
0.48978108171789353
0.4896504589375099
0.48951936492539694
0.489387798214863
0.48925575733687743
0.48912324082009795
0.4889902471909001
0.4888567749734052
0.4887228226895106
0.48858838885891953
0.4884534719991728
0.4883180706256797
0.4881821832517509
0.4880458083886313
0.487908944545534
0.4877715902296742
0.4876337439463049
0.48749540419875315
0.4873565694884557
0.4872172383149967
0.48707740917614717
0.48693708056790197
0.48679625098452134
0.4866549189185698
0.4865130828609587
0.4863707413009879
0.4862278927263889
0.4860845356233684
0.4859406684766532
0.48579628976953565
0.48565139798391976
0.4855059916003692
0.48536006909815455
0.48521362895530296
0.4850666696486474
0.48491918965387915
0.48477118744559755
0.48462266149736366
0.48447361028175523
0.48432403227041865
0.4841739259341271
0.48402328974283615
0.4838721221657414
0.483720421671337
0.483568186727476
0.4834154158014303
0.483262107359953
0.4831082598693407
0.48295387179549787
0.4827989416040016
0.48264346776016737
0.48248744872911686
0.4823308829758455
0.4821737689652921
0.4820161051624102
0.48185789003223833
0.4816991220399736
0.4815397996510459
0.48137992133119295
0.48121948554653604
0.4810584907636588
0.4808969354496849
0.48073481807235896
0.4805721371001268
0.48040889100221906
0.48024507824873486
0.48008069731072534
0.47991574666028214
0.47975022477062373
0.4795841301161847
0.47941746117270617
0.4792502164173268
0.4790823943286763
0.4789139933869695
0.47874501207410225
0.4785754488737479
0.47840530227145617
0.47823457075475273
0.4780632528132399
0.4778913469387006
0.47771885162520056
0.47754576536919546
0.4773720866696371
0.4771978140280809
0.4770229459487975
0.4768474809388823
0.47667141750836983
0.4764947541703462
0.4763174894410668
0.47613962184007186
0.4759611498903064
0.47578207211823975
0.4756023870539884
0.4754220932314378
0.47524118918836866
0.47505967346658345
0.4748775446120333
0.47469480117494856
0.4745114417099703
0.4743274647762816
0.47414286893774393
0.4739576527630317
0.47377181482577024
0.4735853537046758
0.47339826798369483
0.4732105562521477
0.4730222171048727
0.4728332491423709
0.47264365097095473
0.4724534212028958
0.47226255845657655
0.472071061356642
0.4718789285341539
0.4716861586267461
0.47149275027878246
0.4712987021415147
0.47110401287324455
0.4709086811394847
0.4707127056131234
0.4705160849745892
0.47031881791202035
0.4701209031214313
0.4699223393068843
0.4697231251806628
0.4695232594634429
0.4693227408844715
0.46912156818174244
0.4689197401021752
0.4687172554017961
0.46851411284591976
0.4683103112093343
0.4681058492764858
0.46790072584166564
0.4676949397091996
0.46748848969363854
0.46728137461994956
0.46707359332371073
0.4668651446513057
0.466656027460121
0.46644624061874407
0.4662357830071638
0.4660246535169722
0.4658128510515666
0.46560037452635583
0.4653872228689655
0.4651733950194459
0.46495888993048196
0.464743706567603
0.46452784390939605
0.4643113009477188
0.46409407668791575
0.4638761701490337
0.46365758036404026
0.46343830638004363
0.4632183472585132
0.46299770207550184
0.46277636992186894
0.4625543499035062
0.46233164114156267
0.46210824277267326
0.46188415394918647
0.46165937383939504
0.46143390162776704
0.4612077365151773
0.4609808777191418
0.46075332447405226
0.4605250760314113
0.46029613166006894
0.46006649064646155
0.45983615229484986
0.45960511592755876
0.4593733808852181
0.45914094652700455
0.45890781223088384
0.4586739773938546
0.4584394414321923
0.45820420378169385
0.4579682638979241
0.4577316212564617
0.45749427535314713
0.4572562257043282
0.45701747184711145
0.45677801333960827
0.4565378497611863
0.45629698071271796
0.45605540581683124
0.4558131247181604
0.4555701370835964
0.455326442602539
0.45508204098714744
0.4548369319725924
0.4545911153173082
0.45434459080324385
0.454097358236116
0.4538494174456597
0.4536007682858816
0.4533514106353107
0.45310134439725025
0.45285056950002955
0.45259908589725406
0.4523468935680573
0.4520939925173506
0.45184038277607264
0.45158606440144033
0.4513310374771957
0.45107530211385577
0.4508188584489593
0.4505617066473141
0.45030384690124253
0.4500452794308265
0.4497860044841533
0.44952602233755623
0.449265333295859
0.4490039376926157
0.4487418358903508
0.4484790282807979
0.44821551528513714
0.44795129735423034
0.447686374968857
0.4474207486399453
0.44715441890880464
0.44688738634735514
0.44661965155835537
0.44635121517562826
0.4460820778642853
0.44581224032095046
0.4455417032739777
0.44527046748367116
0.4449985337425005
0.44472590287531477
0.44445257573955443
0.44417855322545907
0.4439038362562755
0.4436284257884614
0.44335232281188597
0.4430755283500306
0.44279804346018325
0.4425198692336324
0.44224100679585754
0.4419614573067161
0.4416812219606291
0.44140030198676006
0.4411186986491949
0.44083641324711653
0.44055344711497557
0.4402698016226587
0.4399854781756531
0.4397004782152075
0.4394148032184892
0.4391284546987384
0.438841434205417
0.43855374332435504
0.4382653836778929
0.43797635692501924
0.43768666476150414
0.43739630892003023
0.4371052911703177
0.4368136133192447
0.4365212772109658
0.4362282847270236
0.4359346377864569
0.43564033834590454
0.4353453883997035
0.4350497899799842
0.43475354515675835
0.434456656038005
0.4341591247697496
0.4338609535361392
0.43356214455951114
0.4332627001004592
0.43296262245789185
0.4326619139690875
0.4323605770097434
0.43205861399401957
0.43175602737457686
0.4314528196426106
0.4311489933278779
0.43084455099871977
0.4305394952620778
0.43023382876350524
0.4299275541871716
0.42962067425586314
0.42931319173097604
0.4290051094125046
0.42869643013902337
0.4283871567876638
0.42807729227408425
0.42776683955243444
0.42745580161531405
0.42714418149372513
0.42683198225701824
0.4265192070128332
0.42620585890703255
0.42589194112363027
0.42557745688471293
0.42526240945035576
0.4249468021185321
0.4246306382250161
0.42431392114328004
0.4239966542843846
0.42367884109686355
0.42336048506660157
0.4230415897167058
0.42272215860737145
0.42240219533574025
0.42208170353575414
0.42176068687800017
0.4214391490695518
0.421117093853802
0.42079452501028947
0.42047144635452144
0.42014786173778684
0.4198237750469643
0.419499190204325
0.41917411116732817
0.41884854192840887
0.41852248651476254
0.4181959489881212
0.41786893344452336
0.4175414440140781
0.41721348486072457
0.4168850601819819
0.4165561742086951
0.41622683120477594
0.415897035466934
0.41556679132440644
0.41523610313867754
0.41490497530319403
0.4145734122430754
0.41424141841481654
0.4139089983059846
0.41357615643491236
0.41324289735038255
0.41290922563130794
0.4125751458864077
0.4122406627538734
0.41190578090103436
0.4115705050240137
0.4112348398473823
0.41089879012380415
0.41056236063367774
0.4102255561847735
0.40988838161186314
0.40955084177634593
0.4092129415658701
0.4088746858939468
0.40853607969956246
0.4081971279467831
0.4078578356243564
0.40751820774530684
0.407178249346528
0.40683796548836926
0.4064973612542181
0.40615644175007837
0.4058152121041436
0.4054736774663669
0.40513184300802574
0.4047897139212834
0.4044472954187462
0.4041045927330158
0.4037616111162403
0.40341835583965896
0.4030748321931439
0.40273104548473937
0.40238700104019687
0.40204270420250576
0.40169816033142336
0.40135337480299893
0.4010083530090969
0.4006631003569149
0.40031762226850176
0.3999719241802703
0.3996260115425079
0.39927988981888674
0.39893356448596706
0.3985870410327036
0.3982403249599452
0.3978934217799351
0.39754633701580755
0.3971990762010833
0.39685164487916347
0.3965040486028205
0.39615629293369004
0.3958083834417573
0.3954603257048464
0.39511212530810524
0.39476378784349087
0.39441531890925297
0.394066724109417
0.39371800905326626
0.3933691793548224
0.3930202406323271
0.3926711985077217
0.39232205860612657
0.391972826555321
0.39162350798522316
0.3912741085273669
0.3909246338143839
0.3905750894794805
0.39022548115591904
0.3898758144764967
0.3895260950730263
0.38917632857581774
0.38882652061315814
0.3884766768107959
0.3881268027914233
0.38777690417416055
0.3874269865740418
0.3870770556015012
0.38672711686186156
0.38637717595482235
0.38602723847395204
0.3856773100061799
0.3853273961312893
0.384977502421416
0.3846276344405437
0.38427779774400506
0.38392799787798326
0.3835782403790179
0.38322853077350916
0.3828788745772278
0.3825292772948272
0.38217974441935687
0.3818302814317792
0.3814808938004887
0.381131586980835
0.3807823664146479
0.3804332375297652
0.3800842057395647
0.3797352764424996
0.37938645502163465
0.3790377468441894
0.37868915726108143
0.3783406916064759
0.3779923551973372
0.3776441533329842
0.3772960912946498
0.3769481743450453
0.37660040772792536
0.3762527966676613
0.37590534636881545
0.3755580620157206
0.3752109487720634
0.37486401178047263
0.37451725616211085
0.37417068701627143
0.3738243094199796
0.37347812842759676
0.37313214907043246
0.37278637635635753
0.3724408152694247
0.37209547076949157
0.3717503477918499
0.3714054512468604
0.3710607860195895
0.3707163569694548
0.370372168929872
0.3700282267079096
0.36968453508394705
0.3693410988113388
0.3689979226160826
0.36865501119649413
0.3683123692228859
0.36797000133725255
0.36762791215295987
0.36728610625443925
0.36694458819689046
0.36660336250598613
0.3662624336775816
0.3659218061774342
0.36558148444092375
0.36524147287278075
0.3649017758468188
0.3645623977056742
0.3642233427605488
0.36388461529096044
0.36354621954449784
0.3632081597365816
0.36287044005023017
0.36253306463583046
0.3621960376109181
0.36185936305995825
0.36152304503413435
0.3611870875511427
0.36085149459499277
0.3605162701158111
0.36018141802965387
0.35984694221832136
0.35951284652918214
0.3591791347749992
0.3588458107337642
0.3585128781485345
0.35818034072727944
0.35784820214272905
0.3575164660322286
0.35718513599760165
0.3568542156050128
0.35652370838484315
0.35619361783156434
0.35586394740362265
0.3555347005233269
0.35520588057674063
0.35487749091358206
0.35454953484712615
0.35422201565411693
0.35389493657467724
0.35356830081223345
0.3532421115334372
0.35291637186809566
0.3525910849091075
0.3522662537124026
0.3519418812968884
0.3516179706443983
0.3512945246996485
0.3509715463701979
0.3506490385264128
0.35032700400143757
0.3500054455911693
0.3496843660542368
0.34936376811198583
0.34904365444846785
0.3487240277104337
0.34840489050733214
0.34808624541131217
0.3477680949572311
0.3474504416426664
0.3471332879279315
0.3468166362360967
0.34650048895301455
0.3461848484273483
0.3458697169706064
0.3455550968571792
0.3452409903243814
0.3449273995724976
0.3446143267648318
0.3443017740277624
0.34398974345079836
0.34367823708664225
0.3433672569512546
0.343056805023923
0.3427468832473362
0.34243749352765873
0.34212863773461233
0.34182031770155874
0.341512535225587
0.3412052920676041
0.3408985899524282
0.3405924305688858
0.3402868155699128
0.3399817465726568
0.3396772251585848
0.3393732528735922
0.3390698312281156
0.3387669616972486
0.3384646457208602
0.3381628847037166
0.33786168001560457
0.33756103299145823
0.33726094493149017
0.3369614171013222
0.3366624507321193
0.3363640470207292
0.3360662071298196
0.3357689321880216
0.3354722232900733
0.33517608149696665
0.3348805078360959
0.33458550330140935
0.3342910688535613
0.3339972054200674
0.33370391389546206
0.33341119514145734
0.33311904998710273
0.3328274792289493
0.33253648363121324
0.33224606392594125
0.3319562208131797
0.3316669549611435
0.33137826700638595
0.3310901575539723
0.33080262717765263
0.3305156764200379
0.33022930579277554
0.3299435157767273
0.32965830682214925
0.3293736793488707
0.3290896337464756
0.32880617037448545
0.3285232895625426
0.328240991610594
0.32795927678907694
0.3276781453391047
0.3273975974726543
0.32711763337275335
0.32683825319366855
0.3265594570610957
0.3262812450723487
0.32600361729654936
0.3257265737748203
0.32545011452047334
0.32517423951920443
0.32489894872928393
0.32462424208174956
0.3243501194806004
0.3240765808029881
0.3238036258994121
0.32353125459391335
0.32325946668426625
0.32298826194217484
0.3227176401134654
0.3224476009182809
0.32217814405127493
0.32190926918180623
0.32164097595413194
0.3213732639876016
0.3211061328768511
0.32083958219199565
0.32057361147882374
0.3203082202589895
0.3200434080302056
0.31977917426643576
0.31951551841808645
0.31925243991219904
0.3189899381526402
0.3187280125202932
0.31846666237324883
0.31820588704699304
0.31794568585459826
0.3176860580869111
0.3174270030127395
0.31716851987904227
0.3169106079111138
0.31665326631277013
0.31639649426653604
0.316140290933827
0.3158846554551352
0.3156295869502107
0.31537508451824475
0.3151211472380506
0.31486777416824396
0.31461496434742203
0.3143627167943431
0.3141110305081032
0.31385990446831324
0.3136093376352743
0.31335932895015284
0.3131098773351544
0.31286098169369486
0.3126126409105737
0.3123648538521434
0.3121176193664788
0.3118709362835459
0.31162480341536813
0.3113792195561926
0.31113418348265526
0.31088969395394295
0.3106457497119575
0.3104023494814756
0.3101594919703089
0.309917175869463
0.3096753998532934
0.3094341625796633
0.30919346269009773
0.3089532988099351
0.3087136695484821
0.3084745734991625
0.3082360092396671
0.3079979753321014
0.30776047032313314
0.307523492744136
0.3072870411113342
0.30705111392594603
0.30681570967432215
0.3065808268280876
0.30634646384427877
0.30611261916548044
0.3058792912199605
0.30564647842180415
0.30541417917104624
0.3051823918538009
0.3049511148423928
0.30472034649548324
0.3044900851581972
0.30426032916224793
0.30403107682606
0.3038023264548916
0.30357407634095346
0.3033463247635298
0.3031190699890929
0.3028923102714203
0.30266604385170837
0.30244026895868437
0.3022149838087179
0.3019901866059306
0.3017658755423022
0.30154204879777924
0.30131870454037724
0.3010958409262855
0.3008734560999683
0.30065154819426315
0.3004301153304817
0.3002091556185047
0.2999886671568771
0.29976864803290254
0.2995490963227349
0.29933001009146853
0.2991113873932264
0.298893226271249
0.29867552475797776
0.2984582808751406
0.2982414926338336
0.29802515803460194
0.2978092750675193
0.2975938417122651
0.29737885593819996
0.2971643157044415
0.29695021895993623
0.2967365636435303
0.29652334768404026
0.2963105690003197
0.2960982255013269
0.2958863150861891
0.2956748356442655
0.2954637850552094
0.2952531611890278
0.2950429619061401
0.29483318505743483
0.2946238284843252
0.29441489001880283
0.2942063674834893
0.2939982586916877
0.293790561447431
0.29358327354552893
0.2933763927716154
0.29316991690219174
0.2929638437046695
0.2927581709374114
0.29255289634977216
0.29234801768213525
0.2921435326659503
0.2919394390237673
0.2917357344692715
0.2915324167073138
0.2913294834339415
0.29112693233642806
0.2909247610932997
0.29072296737436154
0.29052154884072146
0.29032050314481345
0.29011982793041935
0.2899195208326871
0.2897195794781506
0.2895200014847463
0.28932078446182774
0.28912192601018044
0.2889234237220333
0.2887252751810705
0.2885274779624408
0.28833002963276455
0.28813292775014154
0.28793616986415616
0.2877397535158791
0.28754367623787214
0.2873479355541879
0.2871525289803687
0.2869574540234455
0.28676270818193395
0.2865682889458293
0.286374193796601
0.2861804202071846
0.28598696564197257
0.2857938275568047
0.2856010033989551
0.2854084906071205
0.2852162866114045
0.2850243888333037
0.2848327946856879
0.2846415015727841
0.2844505068901549
0.284259808024679
0.2840694023545274
0.28387928724914085
0.28368946006920404
0.2834999181666199
0.28331065888448104
0.283121679557043
0.28293297750969193
0.2827445500589147
0.28255639451226616
0.2823685081683348
0.2821808883167086
0.2819935322379381
0.28180643720349974
0.28161960047575724
0.28143301930792064
0.28124669094400745
0.2810606126187991
0.28087478155779844
0.280689194977185
0.2805038500837701
0.28031874407494983
0.28013387413865776
0.27994923745331646
0.2797648311877869
0.27958065250131847
0.27939669854349686
0.2792129664541908
0.2790294533634992
0.27884615639169497
0.27866307264916995
0.27848019923637735
0.2782975332437753
0.27811507175176686
0.27793281183064045
0.2777507505405097
0.27756888493125215
0.2773872120424459
0.27720572890330747
0.27702443253262726
0.2768433199387051
0.2766623881192834
0.2764816340614824
0.2763010547417315
0.27612064712570156
0.2759404081682367
0.27576033481328494
0.2755804239938276
0.27540067263180784
0.27522107763806103
0.275041635912241
0.2748623443427487
0.27468319980665756
0.27450419916964114
0.2743253392858975
0.2741466169980756
0.27396802913719864
0.2737895725225893
0.27361124396179337
0.27343304025050275
0.27325495817247836
0.2730769944994737
0.2728991459911559
0.272721409395029
0.2725437814463545
0.27236625886807375
0.27218883837072866
0.27201151665238416
0.2718342903985468
0.2716571562820879
0.2714801109631637
0.27130315108913533
0.27112627329449057
0.2709494742007639
0.2707727504164583
0.2705960985369652
0.27041951514448576
0.27024299680795355
0.27006654008295294
0.2698901415116444
0.2697137976226839
0.2695375049311466
0.2693612599384492
0.26918505913227325
0.26900889898648794
0.26883277596107596
0.268656686502056
0.2684806270414103
0.26830459399700907
0.2681285837725366
0.26795259275742095
0.2677766173267598
0.26760065384125076
0.26742469864712026
0.26724874807605536
0.2670727984451359
0.266896846056765
0.2667208871986064
0.26654491814351705
0.26636893514948495
0.266192934459566
0.26601691230182334
0.26584086488926817
0.26566478841980046
0.2654886790761538
0.26531253302583935
0.2651363464210924
0.2649601153988216
0.2647838360805583
0.2646075045724087
0.26443111696500765
0.2642546693334749
0.2640781577373722
0.2639015782206642
0.2637249268116796
0.26354819952307723
0.2633713923518103
0.26319450127909877
0.26301752227039854
0.2628404512753766
0.26266328422788787
0.2624860170459548
0.26230864563175055
0.26213116587158236
0.2619535736358811
0.261775864779193
0.26159803514017327
0.261420080541583
0.261241996790291
0.261063779677278
0.2608854249776452
0.2607069284506222
0.2605282858395858
0.2603494928720761
0.2601705452598201
0.25999143869875674
0.2598121688690684
0.2596327314352146
0.25945312204596993
0.2592733363344685
0.2590933699182483
0.2589132183993056
0.25873287736414835
0.25855234238385894
0.25837160901415873
0.2581906727954769
0.2580095292530279
0.2578281738968897
0.25764660222208957
0.25746480970869456
0.2572827918219059
0.25710054401216165
0.25691806171524223
0.25673534035238177
0.2565523753303866
0.25636916204175836
0.25618569586482265
0.2560019721638647
0.2558179862892702
0.25563373357767244
0.2554492093521055
0.25526440892216445
0.25507932758417096
0.2548939606213457
0.254708303303987
0.2545223508896578
0.2543360986233767
0.25414954173781784
0.2539626754535168
0.2537754949790827
0.25358799551141964
0.2534001722359533
0.2532120203268646
0.2530235349473322
0.2528347112497812
0.2526455443761389
0.2524560294580994
0.2522661616173948
0.25207593596607314
0.25188534760678694
0.2516943916330848
0.2515030631297173
0.2513113571729426
0.2511192688308479
0.2509267931636726
0.25073392522414384
0.2505406600578174
0.2503469927034272
0.25015291819324387
0.24995843155344039
0.2497635278044662
0.24956820196142948
0.24937244903448813
0.24917626402924717
0.24897964194716762
0.24878257778597976
0.24858506654010792
0.2483871032011009
0.24818868275807315
0.2479898001981518
0.24779045050693294
0.2475906286689465
0.2473903296681293
0.24718954848830477
0.24698828011367258
0.2467865195293053
0.24658426172165332
0.2463815016790583
0.24617823439227365
0.2459744548549934
0.24577015806438876
0.24556533902165298
0.2453599927325523
0.2451541142079866
0.2449476984645565
0.2447407405251371
0.24453323541946115
0.2443251781847073
0.24411656386609656
0.24390738751749558
0.24369764420202766
0.24348732899268877
0.24327643697297197
0.24306496323749793
0.24285290289264996
0.2426402510572193
0.24242700286305274
0.2422131534557077
0.24199869799511423
0.24178363165623967
0.24156794962976236
0.2413516471227491
0.24113471935933628
0.24091716158141843
0.2406989690493403
0.24048013704259386
0.24026066086052056
0.24004053582301538
0.23981975727123706
0.2395983205683226
0.23937622110010404
0.23915345427582763
0.2389300155288806
0.23870590031751499
0.23848110412557982
0.23825562246325172
0.2380294508677709
0.23780258490417727
0.23757502016604964
0.23734675227624605
0.23711777688764618
0.23688808968389408
0.23665768638014423
0.23642656272380436
0.23619471449528373
0.23596213750873785
0.23572882761281602
0.23549478069140725
0.23525999266438638
0.23502445948836118
0.23478817715741518
0.23455114170385347
0.23431334919894622
0.23407479575366796
0.23383547751944145
0.2335953906888731
0.23335453149649124
0.23311289621948056
0.23287048117841355
0.23262728273798125
0.23238329730771934
0.23213852134273383
0.2318929513444207
0.23164658386118514
0.23139941548915582
0.23115144287289544
0.2309026627061107
0.23065307173235317
0.23040266674572066
0.2301514445915536
0.22989940216712512
0.22964653642232982
0.22939284436036605
0.22913832303841375
0.22888296956831006
0.22862678111721552
0.2283697549082811
0.22811188822130604
0.2278531783933923
0.2275936228195944
0.22733321895356237
0.22707196430818377
0.22680985645621343
0.2265468930309062
0.22628307172663692
0.22601839029952114
0.2257528465680259
0.2254864384135778
0.22521916378116574
0.224951020679936
0.2246820071837843
0.22441212143194217
0.22414136162955617
0.22386972604826355
0.2235972130267617
0.22332382097137332
0.2230495483566038
0.2227743937256969
0.22249835569118115
0.2222214329354142
0.22194362421112002
0.22166492834192264
0.22138534422287187
0.22110487082096708
0.2208235071756742
0.22054125239943576
0.22025810567818072
0.2199740662718253
0.21968913351476838
0.21940330681638523
0.21911658566151315
0.21882896961093523
0.2185404583018528
0.21825105144836232
0.21796074884191985
0.21766955035180213
0.21737745592556568
0.21708446558949632
0.216790579449058
0.21649579768933297
0.2162001205754595
0.21590354845306298
0.21560608174868212
0.2153077209701903
0.21500846670721044
0.21470831963152726
0.21440728049748886
0.21410535014240945
0.21380252948696013
0.2134988195355574
0.2131942213767467
0.21288873618357432
0.2125823652139599
0.21227510981105852
0.2119669714036168
0.21165795150632336
0.2113480517201506
0.21103727373269165
0.21072561931848754
0.21041309033934927
0.21009968874466997
0.20978541657173008
0.20947027594599427
0.20915426908139978
0.2088373982806352
0.20851966593541207
0.20820107452672462
0.20788162662510146
0.20756132489084733
0.20724017207427303
0.20691817101591778
0.2065953246467564
0.2062716359883994
0.20594710815327777
0.2056217443448195
0.2052955478576095
0.20496852207754127
0.2046406704819521
0.2043119966397462
0.20398250421150377
0.2036521969495766
0.20332107869816757
0.20298915339339602
0.20265642506334974
0.20232289782811563
0.20198857589980157
0.20165346358253533
0.2013175652724508
0.2009808854576557
0.2006434287181797
0.20030519972590768
0.1999662032444931
0.1996264441292515
0.19928592732703704
0.19894465787609744
0.1986026409059111
0.19825988163700242
0.19791638538073608
0.19757215753909455
0.19722720360442791
0.19688152915918808
0.19653513987563703
0.19618804151553637
0.19584023992981187
0.1954917410581974
0.19514255092885324
0.19479267565796538
0.19444212144931655
0.1940908945938395
0.19373900146914044
0.19338644853900241
0.19303324235286462
0.19267938954527564
0.19232489683532283
0.1919697710260383
0.19161401900377892
0.19125764773758244
0.19090066427850014
0.1905430757589005
0.1901848893917534
0.1898261124698853
0.18946675236521254
0.18910681652794675
0.18874631248577933
0.18838524784303903
0.18802363027982316
0.18766146755110866
0.18729876748583474
0.18693553798596554
0.18657178702552218
0.186207522649599
0.1858427529733503
0.18547748618095494
0.1851117305245596
0.1847454943231967
0.1843787859616807
0.18401161388948276
0.18364398661958115
0.1832759127272922
0.18290740084907908
0.18253845968133872
0.1821690979791683
0.18179932455511277
0.18142914827789197
0.1810585780711062
0.18068762291192653
0.18031629182976355
0.17994459390491896
0.1795725382672207
0.17920013409463997
0.1788273906118913
0.17845431708901754
0.17808092283995958
0.17770721722110994
0.1773332096298531
0.17695890950309145
0.1765843263157586
0.17620946957932
0.1758343488402605
0.17545897367856256
0.17508335370617156
0.1747074985654528
0.17433141792763823
0.1739551214912633
0.17357861898059807
0.173201920144068
0.17282503475267064
0.17244797259838332
0.17207074349256746
0.17169335726436735
0.17131582375910295
0.17093815283666275
0.1705603543698909
0.170182438242971
0.1698044143498135
0.16942629259243724
0.1690480828793518
0.16866979512394212
0.16829143924285353
0.16791302515437673
0.16753456277683731
0.1671560620269883
0.16677753281840518
0.16639898505988598
0.16602042865385677
0.1656418734947825
0.16526332946758376
0.1648848064460604
0.16450631429132412
0.16412786285023778
0.16374946195386264
0.16337112141591825
0.162992851031248
0.16261466057429777
0.1622365597976059
0.16185855843030272
0.1614806661766242
0.16110289271443617
0.16072524769377472
0.16034774073539676
0.15997038142934705
0.1595931793335401
0.15921614397235473
0.15883928483524756
0.15846261137537931
0.15808613300826027
0.15770985911041135
0.15733379901804156
0.15695796202574522
0.1565823573852161
0.15620699430397966
0.15583188194414477
0.1554570294211747
0.15508244580267613
0.154708140107211
0.154334121303125
0.1539603983073979
0.1535869799845157
0.1532138751453614
0.1528410925461296
0.15246864088725878
0.15209652881239
0.1517247649073425
0.1513533576991153
0.15098231565490847
0.15061164718116815
0.15024136062265248
0.14987146426152217
0.14950196631645302
0.14913287494176974
0.14876419822660558
0.14839594419408259
0.14802812080051653
0.14766073593464418
0.14729379741687332
0.14692731299855766
0.14656129036129376
0.14619573711624173
0.14583066080346774
0.14546606889131308
0.1451019687757828
0.1447383677799598
0.14437527315344142
0.14401269207179906
0.1436506316360609
0.1432890988722173
0.1429281007307499
0.142567644086182
0.14220773573665346
0.141848382403516
0.14148959073095252
0.14113136728561818
0.14077371855630308
0.14041665095361805
0.14006017080969996
0.13970428437794224
0.1393489978327428
0.13899431726927636
0.1386402487032855
0.13828679807089445
0.13793397122844253
0.13758177395233784
0.13723021193893137
0.1368792908044117
0.13652901608471818
0.1361793932354748
0.13583042763194236
0.1354821245689905
0.13513448926108793
0.134787526842311
0.13444124236637064
0.13409564080665834
0.1337507270563074
0.13340650592827435
0.13306298215543505
0.13272016039069973
0.13237804520714302
0.13203664109815055
0.13169595247758387
0.13135598367995538
0.13101673896062604
0.13067822249601274
0.13034043838381223
0.1300033906432396
0.12966708321528186
0.12933151996296316
0.12899670467162613
0.12866264104922528
0.12832933272663222
0.12799678325795727
0.1276649961208789
0.127333974716989
0.12700372237214766
0.12667424233685057
0.1263455377866076
0.12601761182233126
0.12569046747073725
0.12536410768475434
0.12503853534394438
0.12471375325493232
0.12438976415184537
0.12406657069676168
0.12374417548016717
0.12342258102142209
0.12310178976923426
0.12278180410214154
0.12246262632900176
0.12214425868948975
0.12182670335460116
0.12150996242716522
0.12119403794236043
0.12087893186824038
0.12056464610626348
0.12025118249182873
0.11993854279481694
0.1196267287201387
0.11931574190828509
0.11900558393588503
0.11869625631626535
0.11838776050001842
0.11808009787556858
0.11777326976974808
0.11746727744837258
0.11716212211682109
0.11685780492062037
0.11655432694602959
0.11625168922063078
0.11594989271391876
0.11564893833789476
0.11534882694766291
0.11504955934202604
0.11475113626408628
0.11445355840184307
0.11415682638879784
0.11386094080455308
0.11356590217541863
0.11327171097501376
0.11297836762487287
0.11268587249504886
0.11239422590472005
0.11210342812279336
0.1118134793685096
0.11152437981204749
0.1112361295751277
0.11094872873161504
0.11066217730812242
0.11037647528460931
0.1100916225949847
0.10980761912770395
0.10952446472636618
0.10924215919031163
0.10896070227521372
0.10868009369367301
0.10840033311580705
0.10812142016983814
0.10784335444268081
0.10756613548052485
0.10728976278941678
0.10701423583583938
0.10673955404728837
0.10646571681284556
0.10619272348375
0.10592057337396665
0.10564926576075116
0.10537879988521165
0.10510917495286892
0.10484039013421068
0.10457244456524503
0.10430533734804943
0.1040390675513159
0.10377363421089411
0.10350903633032923
0.10324527288139695
0.10298234280463495
0.10272024500987072
0.10245897837674439
0.10219854175522926
0.10193893396614823
0.10168015380168399
0.10142220002588895
0.1011650713751878
0.10090876655887857
0.10065328425962655
0.10039862313395789
0.10014478181274547
0.09989175890169262
0.09963955298181171
0.09938816260989913
0.09913758631900543
0.09888782261890088
0.09863886999653727
0.09839072691650554
0.09814339182148797
0.09789686313270732
0.09765113925036986
0.09740621855410597
0.09716209940340487
0.09691878013804497
0.09667625907852079
0.09643453452646403
0.09619360476506147
0.09595346805946733
0.09571412265721245
0.09547556678860683
0.09523779866714074
0.09500081648987847
0.09476461843784922
0.09452920267643335
0.0942945673557439
0.09406071061100388
0.0938276305629191
0.09359532531804582
0.093363792969156
0.09313303159559586
0.09290303926364121
0.0926738140268489
0.09244535392640257
0.09221765699145504
0.09199072123946653
0.0917645446765375
0.09153912529773853
0.0913144610874353
0.09109055001960899
0.09086739005817321
0.090644979157286
0.0904233152616585
0.09020239630685922
0.08998222021961307
0.08976278491809761
0.08954408831223595
0.08932612830398248
0.08910890278760851
0.08889240964998077
0.08867664677083763
0.08846161202306119
0.08824730327294461
0.08803371838045718
0.08782085519950307
0.0876087115781792
0.08739728535902702
0.0871865743792817
0.08697657647111665
0.08676728946188636
0.08655871117436233
0.08635083942696826
0.08614367203401097
0.08593720680590641
0.08573144154940346
0.08552637406780368
0.08532200216117838
0.0851183236265809
0.08491533625825598
0.0847130378478473
0.08451142618459845
0.08431049905555442
0.08411025424575587
0.08391068953843395
0.08371180271519874
0.08351359155622678
0.08331605384044419
0.08311918734570675
0.08292298984897774
0.08272745912650134
0.08253259295397497
0.08233838910671629
0.08214484535982966
0.08195195948836742
0.08175972926748967
0.081568152472622
0.08137722687960712
0.08118695026485782
0.08099732040550392
0.0808083350795389
0.08061999206596185
0.08043228914491807
0.0802452240978362
0.08005879470756408
0.07987299875849992
0.07968783403672347
0.07950329833012193
0.07931938942851627
0.07913610512378219
0.07895344320997225
0.07877140148343112
0.07858997774291249
0.07840916978969156
0.07822897542767603
0.07804939246351372
0.07787041870670028
0.07769205196968185
0.07751429006795743
0.07733713082017873
0.07716057204824736
0.0769846115774114
0.07680924723635749
0.07663447685730286
0.07646029827608544
0.07628670933225014
0.07611370786913543
0.0759412917339563
0.07576945877788649
0.07559820685613783
0.07542753382803868
0.07525743755711023
0.07508791591114047
0.07491896676225754
0.0747505879869999
0.0745827774663865
0.07441553308598331
0.07424885273597047
0.07408273431120552
0.07391717571128648
0.07375217484061308
0.07358772960844619
0.07342383792896566
0.07326049772132709
0.07309770690971668
0.07293546342340455
0.0727737651967976
0.07261261016948911
0.07245199628630916
0.07229192149737118
0.07213238375811967
0.07197338102937528
0.07181491127737781
0.07165697247382968
0.07149956259593707
0.07134267962645012
0.07118632155370108
0.07103048637164298
0.07087517207988497
0.07072037668372913
0.0705660981942025
0.07041233462809243
0.0702590840079766
0.07010634436225457
0.06995411372517762
0.06980239013687703
0.06965117164339214
0.069500456296696
0.06935024215472255
0.06920052728138966
0.06905130974662341
0.06890258762638116
0.06875435900267231
0.06860662196358007
0.06845937460328066
0.06831261502206273
0.0681663413263455
0.06802055162869576
0.06787524404784448
0.06773041670870264
0.0675860677423754
0.067442195286177
0.067298797483643
0.06715587248454376
0.0670134184448948
0.06687143352696939
0.06672991589930743
0.0665888637367255
0.06644827522032568
0.06630814853750361
0.06616848188195587
0.0660292734536869
0.0658905214590149
0.0657522241105778
0.06561437962733746
0.06547698623458428
0.06534004216394135
0.06520354565336663
0.06506749494715568
0.06493188829594417
0.06479672395670864
0.06466200019276744
0.06452771527378111
0.06439386747575246
0.06426045508102507
0.06412747637828255
0.06399492966254722
0.06386281323517673
0.06373112540386285
0.06359986448262658
0.06346902879181647
0.0633386166581029
0.06320862641447471
0.0630790564002339
0.0629499049609902
0.06282117044865537
0.06269285122143778
0.06256494564383461
0.06243745208662619
0.06231036892686785
0.06218369454788349
0.062057427339255455
0.061931565696818805
0.06180610802265084
0.06168105272506295
0.06155639821859078
0.06143214292398513
0.06130828526820145
0.06118482368439011
0.06106175661188564
0.06093908249619568
0.06081679978899024
0.06069490694809043
0.06057340243745611
0.06045228472717448
0.060331552293448304
0.06021120361858261
0.060091237190972493
0.059971651505090505
0.05985244506147282
0.05973361636670664
0.05961516393341626
0.05949708628024912
0.05937938193186218
0.0592620494189076
0.05914508727801829
0.059028494051793334
0.05891226828878346
0.05879640854347572
0.05868091337627871
0.05856578135350714
0.05845101104736652
0.0583366010359372
0.05822254990315921
0.058108856238815496
0.057995518638517256
0.057882535703685505
0.057769906041537235
0.05765762826506704
0.05754570099303174
0.05743412284993278
0.0573228924660001
0.05721200847717438
0.05710146952509079
0.05699127425706125
0.05688142132605739
0.056771909390692835
0.056662737115206155
0.05655390316944306
0.05644540622883871
0.056337244974399986
0.05622941809268743
0.05612192427579758
0.056014762221345216
0.055907930632444536
0.055801428217691705
0.05569525369114605
0.05558940577231231
0.05548388318612217
0.05537868466291516
0.05527380893842174
0.05516925475374272
0.05506502085533266
0.0549611059949799
0.05485750892978861
0.054754228422159885
0.05465126323977269
0.05454861215556585
0.05444627394771837
0.054344247399631285
0.054242531299908206
0.054141124442336916
0.054040025625870014
0.05393923365460637
0.053838747337771775
0.053738565489700324
0.053638686929814966
0.05353911048260885
0.05343983497762596
0.053340859249442776
0.05324218213764788
0.053143802486824196
0.05304571914652945
0.05294793097127694
0.05285043682051634
0.05275323555861517
0.05265632605483937
0.05255970718333425
0.05246337782310498
0.05236733685799873
0.052271583176684254
0.05217611567263371
0.052080933244103206
0.05198603479411404
0.051891419230433465
0.05179708546555606
0.051703032416683975
0.05160925900570908
0.05151576415919279
0.05142254680834839
0.05132960588902115
0.051236940341669986
0.05114454911134824
0.051052431147685054
0.05096058540486685
0.050869010841618004
0.05077770642118226
0.050686671111304274
0.050595903884210855
0.05050540371659193
0.05041516958958237
0.050325200488743005
0.0502354954040425
0.05014605332983857
0.0500568732648594
0.049967954212185424
