2.0298674990616106
1.9493734950002048
1.9474778008768503
1.9271845849773084
2.002548795685902
1.7783961788915823
1.9037069478948734
1.918573014876777
2.223671882741438
1.8151527576235527
2.0463975542028443
1.6816157739084485
1.925750594563303
1.25707302731389
1.1512216569182736
1.3446149039256172
1.2338808072436986
1.3571707808558795
0.7419760496281705
0.8906091908688099
0.7671005727035767
0.7199605050942286
0.34797265032002744
0.2769256252253606
0.20482875536677622
0.11251675677164785
0.07409969625274791
0.05880937509596399
0.0475226300883684
