2.163900097261489
2.2345308952046694
2.233783226184242
2.2054747145656273
2.18308943694858
2.164738479486445
2.1482192480735036
2.1325771322428393
2.1174432217160546
2.102676967228883
2.0882279291637715
2.074084540957622
2.060254092483166
2.046753974746582
2.033607253305231
2.0208400858555433
2.0084800249179033
1.9965547974275228
1.9850913708493474
1.9741152112330416
1.9636496845713052
1.9537155757545923
1.9443307106334733
1.9355096716660616
1.9272635992856637
1.9196000711666905
1.9125230509885611
1.906032897666661
1.9001264256347197
1.8947970067485096
1.890034704750446
1.8858264339367392
1.8821561346176812
1.879004959060222
1.8763514627566524
1.8741717969931861
1.8724398997347507
1.871127682754121
1.8702052136905332
1.8696408923178331
1.8694016207416975
1.8694529675467346
1.8697593261017806
1.8702840673337202
1.8709896873262974
1.8718379501189448
1.8727900260969021
1.87380662639863
1.874848133835181
1.8758747309282342
1.876846525832507
1.87772367711164
1.8784665185765488
1.8790356856583932
1.8793922450571876
1.8794978296600735
1.8793147809356299
1.8788063011549745
1.8779366178376802
1.8766711627408774
1.8749767674739288
1.872821877401291
1.8701767848695052
1.8670138819438507
1.8633079317593082
1.8590363562851164
1.854179536795463
1.8487211216737764
1.8426483344208633
1.835952272978144
1.8286281898307564
1.820675740955686
1.8120991906754471
1.8029075590191876
1.7931146984209236
1.7827392876119492
1.7718047324594548
1.7603389662722655
1.748374145668494
1.7359462423277823
1.7230945356012695
1.7098610157258836
1.696289711940649
1.6824259637723158
1.6683156568097879
1.6540044461474326
1.6395369911672848
1.6249562243890396
1.610302674812302
1.5956138626970089
1.5809237783641918
1.5662624527052447
1.551655622044376
1.5371244851718773
1.5226855460712923
1.5083505323423874
1.4941263767269317
1.4800152475402664
1.466014613185346
1.4521173262040046
1.438311713391775
1.424581660240917
1.4109066802589285
1.3972619624337486
1.3836183932078554
1.3699425527395808
1.3561966889589885
1.3423386769768328
1.3283219757969635
1.3140955990255088
1.2996041213473584
1.2847877478849452
1.2695824790249137
1.2539204086531972
1.2377301986066942
1.220937775994982
1.2034673021307971
1.1852424611502954
1.166188111737448
1.1462323351316823
1.1253088949979442
1.1033600979261264
1.0803400057885024
1.0562179023829337
1.0309818580701595
1.0046421717425476
0.9772344075148176
0.9488216961239396
0.9194959533110081
0.8893776948503158
0.8586142115986221
0.8273760096176233
0.7958516078130377
0.7642409914157978
0.7327482059223344
0.7015737030515626
0.6709070881371225
0.6409208572716047
0.6117655660840948
0.5835666731442248
0.5564230913590029
0.5304072987214871
0.5055667310886235
0.4819261136663847
0.45949037941311105
0.43824785723965937
0.4181734730446069
0.3992317761188793
0.3813796702486715
0.3645687856955758
0.348747472072302
0.3338624228765691
0.31985996175204534
0.3066870308158108
0.29429192510544694
0.2826248165400482
0.2716381074973868
0.26128664946316216
0.25152785708313724
0.2423217429000352
0.23363089340300852
0.22542040291352033
0.21765777832651112
0.21031282480444605
0.20335752013387254
0.19676588353325045
0.19051384317698672
0.1845791055066681
0.17894102847593946
0.17358050016775128
0.1684798236874469
0.16362260883564322
0.15899367077123294
0.15457893566301212
0.15036535317936184
0.1463408155639309
0.14249408297965516
0.1388147147644604
0.13529300622261933
0.13191993057049173
0.12868708566016152
0.12558664511615666
0.12261131353665694
0.11975428542961697
0.11700920757477123
0.11437014452362274
0.11183154697058494
0.10938822274898834
0.10703531022537141
0.10476825388416446
0.10258278191242229
0.10047488561062275
0.09844080047072162
0.09647698877664126
0.0945801235952487
0.0927470740376583
0.09097489168148858
0.08926079805453042
0.08760217308925733
0.08599654446575974
0.08444157776810449
0.08293506738585435
0.0814749280986006
0.08005918728691437
0.07868597771815404
0.07735353086014046
0.07606017067985606
0.07480430788808293
0.07358443459431362
0.07239911933935789
0.07124700247589104
0.07012679186973642
0.06903725889699691
0.06797723471426353
0.06694560678104126
0.06594131561527986
0.06496335176448734
0.06401075297634501
0.06308260155406509
0.062178021882931006
0.06129617811555417
0.060436272004386796
0.059597540870934426
0.05877925570195633
0.05798071936369453
0.057201264925878056
0.05644025408788333
0.055697075700017175
0.054971144373425644
0.05426189917262409
0.05356880238509163
0.052891338362792695
0.05222901243086308
0.05158134985905154
0.050947894891828036
0.050328209833365015
0.04972187418387308
