0.5076626081711019
0.5575596785343394
0.550938757985525
0.5455759678876242
0.5414438347022186
0.5382968600078393
0.5359201318264344
0.5341351258496629
0.5327986761574324
0.5317988698332909
0.531049841218202
0.5304866018571667
0.5300604525689337
0.52973516562645
0.529483934003834
0.5292869984346285
0.5291298355415389
0.5290017921922018
0.5288950656046509
0.5288039466597083
0.528724261144158
0.5286529585585558
0.5285878102661075
0.5285271883038849
0.528469903510983
0.5284150871766872
0.5283621045655547
0.5283104917631034
0.5282599095675931
0.5282101098337604
0.5281609109085054
0.5281121797031157
0.5280638186087402
0.528015755945942
0.5279679389928842
0.5279203288949834
0.5278728969474094
0.5278256218793833
0.527778487869605
0.5277314830953489
0.5276845986711897
0.5276378278722607
0.5275911655653638
0.5275446077919717
0.5274981514622792
0.5274517941304805
0.5274055338295025
0.5273593689492818
0.5273132981469643
0.5272673202805269
0.5272214343596064
0.5271756395089822
0.527129934941382
0.5270843199371666
0.5270387938290997
0.5269933559908845
0.5269480058285023
0.5269027427736325
0.5268575662786322
0.5268124758126838
0.5267674708588218
0.5267225509116247
0.52667771547541
0.5266329640628179
0.5265882961936861
0.5265437113941568
0.5264992091959582
0.5264547891358246
0.526410450755026
0.5263661935989816
0.5263220172169434
0.5262779211617328
0.5262339049895225
0.5261899682596524
0.5261461105344751
0.526102331379226
0.5260586303619103
0.5260150070532087
0.5259714610263948
0.5259279918572637
0.52588459912407
0.525841282407474
0.5257980412904926
0.5257548753584587
0.5257117841989816
0.5256687674019145
0.5256258245593224
0.5255829552654555
0.5255401591167232
0.5254974357116703
0.5254547846509559
0.5254122055373325
0.5253696979756276
0.5253272615727252
0.5252848959375498
0.525242600681049
0.5252003754161787
0.5251582197578888
0.525116133323108
0.5250741157307308
0.5250321666016028
0.5249902855585094
0.5249484722261617
0.5249067262311846
0.5248650472021049
0.5248234347693387
0.5247818885651796
0.5247404082237883
0.5246989933811798
0.524657643675213
0.5246163587455794
0.5245751382337922
0.5245339817831753
0.5244928890388529
0.5244518596477388
0.5244108932585254
0.5243699895216748
0.5243291480894064
0.5242883686156892
0.524247650756229
0.524206994168461
0.5241663985115381
0.524125863446322
0.5240853886353727
0.5240449737429397
0.5240046184349519
0.5239643223790084
0.5239240852443683
0.5238839067019426
0.5238437864242842
0.5238037240855782
0.5237637193616334
0.5237237719298738
0.5236838814693288
0.5236440476606234
0.5236042701859719
0.5235645487291664
0.5235248829755696
0.5234852726121063
0.5234457173272535
0.5234062168110332
0.5233667707550032
0.523327378852249
0.5232880407973755
0.5232487562864981
0.5232095250172354
0.5231703466887005
0.5231312210014933
0.5230921476576915
0.5230531263608442
0.5230141568159622
0.5229752387295118
0.5229363718094056
0.5228975557649959
0.5228587903070663
0.522820075147824
0.5227814100008934
0.5227427945813063
0.5227042286054968
0.5226657117912931
0.5226272438579088
0.5225888245259378
0.5225504535173456
0.5225121305554623
0.5224738553649759
0.522435627671925
0.5223974472036912
0.5223593136889934
0.5223212268578791
0.5222831864417191
0.5222451921732001
0.5222072437863172
0.5221693410163681
0.5221314835999465
0.5220936712749342
0.5220559037804957
0.5220181808570712
0.5219805022463702
0.521942867691365
0.5219052769362839
0.5218677297266053
0.5218302258090516
0.521792764931582
0.5217553468433869
0.5217179712948818
0.521680638037701
0.5216433468246909
0.5216060974099048
0.5215688895485969
0.521531722997215
0.5214945975133959
0.5214575128559595
0.5214204687849018
0.5213834650613902
0.5213465014477573
0.5213095777074949
0.5212726936052485
0.5212358489068117
0.5211990433791208
0.5211622767902488
0.5211255489093999
0.5210888595069039
0.5210522083542113
0.521015595223887
0.5209790198896058
0.5209424821261462
0.5209059817093856
0.5208695184162946
0.5208330920249327
0.520796702314441
0.5207603490650398
0.5207240320580211
0.5206877510757445
0.5206515059016324
0.520615296320164
0.5205791221168709
0.5205429830783321
0.5205068789921693
0.5204708096470408
0.5204347748326381
0.5203987743396801
0.5203628079599085
0.5203268754860831
0.5202909767119772
0.5202551114323721
0.5202192794430534
0.5201834805408052
0.520147714523407
0.5201119811896276
0.5200762803392209
0.520040611772922
0.520004975292442
0.5199693707004638
0.5199337978006372
0.519898256397575
0.5198627462968487
0.5198272673049831
0.5197918192294528
0.5197564018786781
0.5197210150620201
0.5196856585897761
0.5196503322731765
0.5196150359243793
0.5195797693564669
0.5195445323834418
0.5195093248202215
0.5194741464826353
0.5194389971874201
0.5194038767522166
0.5193687849955635
0.5193337217368963
0.5192986867965408
0.5192636799957107
0.5192287011565027
0.5191937501018928
0.5191588266557339
0.5191239306427484
0.5190890618885281
0.5190542202195282
0.519019405463064
0.5189846174473076
0.5189498560012831
0.5189151209548637
0.518880412138768
0.5188457293845554
0.5188110725246239
0.5187764413922046
0.5187418358213596
0.5187072556469782
0.5186727007047718
0.5186381708312726
0.5186036658638284
0.5185691856405996
0.5185347300005554
0.5185002987834709
0.5184658918299232
0.5184315089812882
0.5183971500797369
0.5183628149682312
0.5183285034905231
0.5182942154911478
0.5182599508154236
0.5182257093094464
0.5181914908200869
0.518157295194988
0.5181231222825606
0.5180889719319808
0.5180548439931869
0.5180207383168753
0.5179866547544983
0.5179525931582603
0.5179185533811143
0.51788453527676
0.5178505386996392
0.5178165635049338
0.5177826095485617
0.5177486766871745
0.5177147647781541
0.5176808736796101
0.5176470032503757
0.5176131533500052
0.5175793238387716
0.517545514577663
0.5175117254283794
0.5174779562533305
0.517444206915632
0.5174104772791026
0.5173767672082623
0.5173430765683278
0.517309405225211
0.5172757530455152
0.5172421198965326
0.5172085056462418
0.5171749101633043
0.5171413333170622
0.5171077749775349
0.5170742350154169
0.5170407133020748
0.5170072097095438
0.5169737241105264
0.5169402563783886
0.5169068063871574
0.5168733740115182
0.5168399591268118
0.5168065616090325
0.5167731813348244
0.5167398181814797
0.516706472026935
0.51667314274977
0.5166398302292035
0.5166065343450919
0.5165732549779258
0.5165399920088278
0.5165067453195505
0.5164735147924725
0.5164403003105973
0.5164071017575498
0.516373919017574
0.5163407519755315
0.5163076005168972
0.5162744645277582
0.5162413438948106
0.5162082385053575
0.5161751482473063
0.5161420730091664
0.5161090126800465
0.5160759671496524
0.5160429363082845
0.5160099200468355
0.5159769182567883
0.5159439308302127
0.5159109576597637
0.5158779986386797
0.5158450536607783
0.5158121226204562
0.5157792054126856
0.5157463019330119
0.5157134120775515
0.5156805357429902
0.5156476728265798
0.5156148232261364
0.5155819868400383
0.5155491635672232
0.5155163533071866
0.5154835559599789
0.5154507714262038
0.5154179996070156
0.515385240404117
0.5153524937197574
0.5153197594567299
0.5152870375183702
0.5152543278085531
0.5152216302316914
0.5151889446927331
0.51515627109716
0.5151236093509846
0.5150909593607482
0.5150583210335198
0.5150256942768923
0.5149930789989816
0.5149604751084244
0.5149278825143755
0.5148953011265062
0.5148627308550023
0.5148301716105613
0.5147976233043912
0.5147650858482077
0.5147325591542333
0.5147000431351938
0.5146675377043173
0.5146350427753315
0.5146025582624624
0.5145700840804317
0.5145376201444547
0.5145051663702391
0.5144727226739825
0.5144402889723695
0.5144078651825719
0.5143754512222445
0.5143430470095244
0.5143106524630289
0.514278267501853
0.5142458920455679
0.5142135260142197
0.5141811693283256
0.5141488219088738
0.5141164836773207
0.5140841545555894
0.5140518344660673
0.5140195233316046
0.5139872210755123
0.5139549276215601
0.5139226428939749
0.5138903668174388
0.5138580993170868
0.5138258403185054
0.5137935897477306
0.513761347531246
0.5137291135959814
0.5136968878693102
0.5136646702790475
0.5136324607534495
0.5136002592212101
0.5135680656114605
0.513535879853766
0.5135037018781252
0.5134715316149682
0.5134393689951537
0.5134072139499684
0.5133750664111247
0.5133429263107593
0.5133107935814303
0.513278668156117
0.5132465499682165
0.5132144389515433
0.5131823350403268
0.5131502381692102
0.5131181482732473
0.5130860652879022
0.5130539891490471
0.5130219197929602
0.5129898571563247
0.5129578011762262
0.5129257517901514
0.5128937089359865
0.512861672552015
0.5128296425769168
0.5127976189497654
0.5127656016100269
0.5127335904975585
0.512701585552606
0.5126695867158025
0.512637593928167
0.5126056071311023
0.5125736262663929
0.5125416512762048
0.5125096821030819
0.512477718689946
0.5124457609800939
0.512413808917196
0.5123818624452953
0.5123499215088051
0.5123179860525071
0.5122860560215505
0.5122541313614499
0.5122222120180835
0.5121902979376916
0.5121583890668746
0.5121264853525926
0.5120945867421626
0.5120626931832561
0.5120308046238994
0.5119989210124711
0.5119670422976997
0.5119351684286632
0.5119032993547865
0.5118714350258403
0.5118395753919394
0.5118077204035408
0.5117758700114423
0.5117440241667812
0.5117121828210318
0.5116803459260049
0.5116485134338447
0.5116166852970285
0.5115848614683653
0.5115530419009924
0.5115212265483755
0.5114894153643066
0.5114576083029021
0.5114258053186014
0.511394006366165
0.511362211400674
0.5113304203775266
0.5112986332524385
0.5112668499814401
0.5112350705208748
0.5112032948273979
0.5111715228579754
0.5111397545698816
0.5111079899206974
0.5110762288683096
0.5110444713709085
0.5110127173869871
0.5109809668753382
0.5109492197950547
0.5109174761055261
0.5108857357664384
0.5108539987377712
0.5108222649797971
0.5107905344530803
0.5107588071184741
0.5107270829371195
0.5106953618704446
0.5106636438801615
0.5106319289282661
0.5106002169770356
0.5105685079890274
0.5105368019270776
0.5105050987542987
0.5104733984340786
0.5104417009300796
0.5104100062062351
0.5103783142267502
0.5103466249560981
0.5103149383590201
0.5102832544005229
0.5102515730458775
0.510219894260618
0.5101882180105394
0.5101565442616959
0.5101248729804003
0.5100932041332213
0.5100615376869828
0.5100298736087618
0.5099982118658866
0.5099665524259361
0.5099348952567377
0.509903240326365
0.5098715876031381
0.50983993705562
0.5098082886526162
0.5097766423631729
0.509744998156575
0.5097133560023451
0.509681715870242
0.5096500777302582
0.5096184415526188
0.5095868073077809
0.5095551749664303
0.5095235444994815
0.5094919158780744
0.5094602890735745
0.5094286640575703
0.5093970408018716
0.5093654192785086
0.5093337994597298
0.5093021813180005
0.5092705648260012
0.5092389499566262
0.5092073366829818
0.5091757249783846
0.5091441148163605
0.5091125061706423
0.5090808990151683
0.5090492933240817
0.5090176890717272
0.5089860862326507
0.508954484781598
0.5089228846935115
0.5088912859435306
0.5088596885069883
0.5088280923594113
0.5087964974765169
0.5087649038342121
0.5087333114085926
0.5087017201759392
0.5086701301127186
0.5086385411955803
0.5086069534013551
0.5085753667070542
0.5085437810898663
0.508512196527158
0.5084806129964696
0.5084490304755157
0.5084174489421822
0.5083858683745258
0.5083542887507709
0.5083227100493094
0.5082911322486979
0.5082595553276574
0.5082279792650701
0.5081964040399789
0.5081648296315852
0.5081332560192475
0.5081016831824798
0.5080701111009499
0.5080385397544773
0.5080069691230322
0.5079753991867338
0.5079438299258477
0.5079122613207856
0.5078806933521026
0.5078491260004964
0.5078175592468045
0.5077859930720037
0.5077544274572077
0.5077228623836655
0.5076912978327602
0.5076597337860067
0.5076281702250505
0.5075966071316655
0.5075650444877531
0.5075334822753395
0.5075019204765747
0.5074703590737311
0.507438798049201
0.5074072373854952
0.5073756770652414
0.5073441170711825
0.5073125573861751
0.5072809979931869
0.5072494388752964
0.5072178800156899
0.5071863213976602
0.5071547630046056
0.5071232048200273
0.5070916468275275
0.5070600890108086
0.5070285313536711
0.5069969738400111
0.50696541645382
0.5069338591791814
0.5069023020002704
0.5068707449013509
0.506839187866775
0.5068076308809799
0.5067760739284873
0.5067445169939013
0.5067129600619064
0.5066814031172657
0.5066498461448197
0.5066182891294838
0.5065867320562473
0.506555174910171
0.5065236176763859
0.5064920603400905
0.5064605028865509
0.5064289453010966
0.5063973875691207
0.5063658296760774
0.5063342716074795
0.5063027133488981
0.5062711548859595
0.506239596204344
0.506208037289784
0.5061764781280624
0.50614491870501
0.506113359006505
0.50608179901847
0.5060502387268706
0.5060186781177142
0.5059871171770467
0.5059555558909524
0.5059239942455512
0.5058924322269963
0.5058608698214738
0.5058293070151998
0.5057977437944184
0.5057661801454012
0.5057346160544435
0.505703051507864
0.5056714864920028
0.5056399209932184
0.5056083549978873
0.5055767884924011
0.5055452214631653
0.5055136538965967
0.5054820857791227
0.5054505170971777
0.5054189478372033
0.5053873779856447
0.5053558075289498
0.5053242364535667
0.5052926647459424
0.5052610923925203
0.5052295193797391
0.5051979456940301
0.5051663713218157
0.5051347962495076
0.5051032204635045
0.5050716439501908
0.5050400666959339
0.5050084886870827
0.5049769099099665
0.5049453303508913
0.5049137499961394
0.5048821688319668
0.5048505868446015
0.5048190040202415
0.5047874203450525
0.504755835805167
0.5047242503866812
0.5046926640756537
0.504661076858103
0.5046294887200068
0.5045978996472982
0.5045663096258658
0.5045347186415501
0.5045031266801419
0.5044715337273812
0.5044399397689541
0.5044083447904919
0.5043767487775682
0.5043451517156973
0.5043135535903324
0.5042819543868633
0.5042503540906149
0.5042187526868447
0.5041871501607407
0.5041555464974203
0.5041239416819278
0.5040923356992314
0.5040607285342232
0.5040291201717155
0.5039975105964402
0.503965899793045
0.5039342877460931
0.5039026744400606
0.5038710598593341
0.5038394439882091
0.5038078268108882
0.5037762083114781
0.503744588473989
0.5037129672823313
0.5036813447203141
0.5036497207716434
0.5036180954199202
0.5035864686486371
0.5035548404411779
0.5035232107808152
0.5034915796507071
0.5034599470338972
0.5034283129133106
0.5033966772717533
0.5033650400919096
0.5033334013563396
0.503301761047478
0.5032701191476313
0.5032384756389762
0.5032068305035571
0.5031751837232846
0.5031435352799334
0.5031118851551394
0.5030802333303985
0.5030485797870642
0.5030169245063454
0.5029852674693046
0.5029536086568558
0.5029219480497621
0.5028902856286335
0.502858621373926
0.5028269552659377
0.5027952872848084
0.5027636174105159
0.5027319456228752
0.5027002719015362
0.5026685962259809
0.502636918575522
0.5026052389293002
0.5025735572662825
0.5025418735652603
0.5025101878048467
0.5024784999634746
0.5024468100193951
0.5024151179506744
0.5023834237351924
0.5023517273506406
0.5023200287745193
0.5022883279841365
0.5022566249566046
0.5022249196688395
0.5021932120975575
0.5021615022192734
0.5021297900102987
0.5020980754467389
0.5020663585044922
0.5020346391592465
0.5020029173864776
0.5019711931614473
0.5019394664592007
0.5019077372545646
0.5018760055221451
0.501844271236325
0.5018125343712627
0.5017807949008897
0.5017490527989069
0.501717308038785
0.5016855605937606
0.5016538104368343
0.5016220575407692
0.501590301878088
0.5015585434210708
0.5015267821417542
0.5014950180119269
0.5014632510031298
0.5014314810866525
0.5013997082335311
0.501367932414547
0.5013361536002234
0.5013043717608243
0.501272586866352
0.5012407988865442
0.5012090077908725
0.5011772135485404
0.5011454161284802
0.5011136154993524
0.5010818116295414
0.5010500044871549
0.5010181940400215
0.5009863802556876
0.5009545631014167
0.5009227425441855
0.5008909185506828
0.5008590910873074
0.5008272601201651
0.5007954256150674
0.5007635875375281
0.5007317458527629
0.5006999005256849
0.5006680515209048
0.5006361988027267
0.5006043423351471
0.5005724820818519
0.5005406180062153
0.5005087500712962
0.500476878239837
0.5004450024742609
0.5004131227366699
0.5003812389888427
0.5003493511922319
0.5003174593079625
0.5002855632968288
0.500253663119294
0.5002217587354852
0.5001898501051938
0.5001579371878715
0.5001260199426291
0.5000940983282337
0.5000621723031069
0.5000302418253223
0.49999830685260344
0.4999663673423208
0.4999344232514912
0.4999024745367738
0.4998705211544691
0.49983856306051627
0.4998066002104906
0.4997746325596018
0.49974266006269175
0.4997106826742316
0.49967870034832007
0.4996467130386814
0.49961472069866253
0.49958272328123143
0.49955072073897405
0.4995187130240935
0.499486700088406
0.49945468188334036
0.49942265835993394
0.4993906294688322
0.49935859516028536
0.4993265553841465
0.4992945100898691
0.4992624592265049
0.49923040274270186
0.49919834058670126
0.4991662727063367
0.4991341990490302
0.49910211956179124
0.4990700341912139
0.4990379428834751
0.49900584558433103
0.4989737422391171
0.4989416327927437
0.4989095171896944
0.49887739537402476
0.4988452672893585
0.4988131328788867
0.4987809920853639
0.4987488448511077
0.4987166911179949
0.4986845308274602
0.4986523639204935
0.49862019033763744
0.49858801001898617
0.4985558229041815
0.49852362893241187
0.4984914280424097
0.49845922017244887
0.49842700526034256
0.49839478324344155
0.4983625540586307
0.498330317642328
0.49829807393048137
0.498265822858567
0.4982335643615864
0.4982012983740644
0.4981690248300476
0.4981367436631007
0.4981044548063053
0.498072158192257
0.4980398537530636
0.49800754142034226
0.4979752211252178
0.4979428927983198
0.49791055636978065
0.4978782117692334
0.497845858925809
0.49781349776813455
0.49778112822433024
0.49774875022200754
0.49771636368826755
0.49768396854969715
0.49765156473236777
0.4976191521618331
0.4975867307631262
0.4975543004607577
0.4975218611787132
0.4974894128404508
0.4974569553688992
0.4974244886864555
0.49739201271498207
0.4973595273758047
0.49732703258971067
0.49729452827694554
0.49726201435721207
0.49722949074966616
0.4971969573729162
0.4971644141450195
0.49713186098348094
0.4970992978052498
0.49706672452671796
0.49703414106371724
0.49700154733151697
0.4969689432448223
0.496936328717771
0.49690370366393155
0.4968710679963008
0.4968384216273015
0.4968057644687798
0.4967730964320034
0.4967404174276582
0.4967077273658473
0.49667502615608705
0.4966423137073065
0.4966095899278431
0.49657685472544166
0.4965441080072517
0.49651134967982435
0.496478579649111
0.49644579782046006
0.49641300409861533
0.4963801983877129
0.4963473805912792
0.496314550612228
0.49628170835285934
0.49624885371485483
0.49621598659927785
0.4961831069065693
0.496150214536546
0.4961173093883979
0.4960843913606856
0.49605146035133835
0.4960185162576513
0.495985558976283
0.49595258840325324
0.49591960443394023
0.4958866069630783
0.49585359588475586
0.49582057109241207
0.49578753247883534
0.4957544799361598
0.49572141335586384
0.49568833262876727
0.4956552376450283
0.49562212829414176
0.49558900446493676
0.495555866045573
0.4955227129235394
0.49548954498565156
0.49545636211804883
0.49542316420619154
0.4953899511348592
0.4953567227881472
0.4953234790494652
0.49529021980153365
0.4952569449263822
0.495223654305346
0.49519034781906424
0.49515702534747674
0.4951236867698224
0.49509033196463503
0.4950569608097428
0.49502357318226364
0.49499016895860465
0.4949567480144573
0.49492331022479663
0.4948898554638783
0.49485638360523504
0.49482289452167494
0.49478938808527867
0.4947558641673966
0.49472232263864613
0.49468876336890955
0.49465518622733073
0.49462159108231285
0.49458797780151587
0.4945543462518534
0.4945206962994902
0.49448702780983944
0.4944533406475606
0.49441963467655575
0.49438590975996755
0.49435216576017627
0.4943184025387973
0.494284619956678
0.4942508178738953
0.4942169961497527
0.4941831546427776
0.49414929321071904
0.4941154117105441
0.4940815099984349
0.49404758792978787
0.4940136453592077
0.49397968214050747
0.4939456981267043
0.4939116931700163
0.4938776671218612
0.49384361983285174
0.4938095511527943
0.493775460930685
0.49374134901470695
0.49370721525222794
0.49367305948979745
0.4936388815731428
0.4936046813471674
0.49357045865594723
0.49353621334272785
0.4935019452499216
0.49346765421910493
0.4934333400910148
0.49339900270554626
0.4933646419017488
0.4933302575178244
0.4932958493911231
0.4932614173581414
0.4932269612545182
0.4931924809150322
0.4931579761735988
0.4931234468632665
0.49308889281621504
0.49305431386375076
0.4930197098363049
0.49298508056342927
0.49295042587379384
0.49291574559518364
0.4928810395544949
0.49284630757773285
0.4928115494900075
0.49277676511553115
0.4927419542776148
0.49270711679866563
0.4926722525001825
0.4926373612027537
0.49260244272605336
0.492567496888838
0.4925325235089436
0.49249752240328193
0.49246249338783715
0.4924274362776629
0.492392350886879
0.49235723702866707
0.4923220945152682
0.49228692315797934
0.4922517227671494
0.49221649315217614
0.4921812341215026
0.49214594548261426
0.4921106270420343
0.49207527860532124
0.4920398999770649
0.49200449096088283
0.49196905135941676
0.49193358097432954
0.4918980796063005
0.4918625470550232
0.49182698311920053
0.4917913875965419
0.4917557602837591
0.49172010097656316
0.49168440946965986
0.4916486855567468
0.4916129290305095
0.49157713968261685
0.49154131730371836
0.4915054616834402
0.49146957261038116
0.4914336498721083
0.49139769325515403
0.4913617025450119
0.4913256775261327
0.4912896179819203
0.491253523694728
0.4912173944458549
0.4911812300155409
0.49114503018296385
0.49110879472623514
0.49107252342239543
0.4910362160474107
0.4909998723761683
0.4909634921824727
0.490927075239042
0.4908906213175025
0.4908541301883859
0.49081760162112464
0.4907810353840469
0.4907444312443736
0.49070778896821365
0.4906711083205595
0.4906343890652829
0.49059763096513104
0.49056083378172144
0.4905239972755383
0.49048712120592786
0.49045020533109357
0.4904132494080926
0.49037625319283024
0.4903392164400566
0.49030213890336105
0.49026502033516806
0.4902278604867331
0.4901906591081375
0.49015341594828427
0.4901161307548928
0.4900788032744949
0.49004143325242966
0.49000402043283936
0.48996656455866366
0.48992906537163616
0.4898915226122784
0.4898539360198959
0.48981630533257314
0.48977863028716795
0.4897409106193079
0.48970314606338416
0.4896653363525479
0.4896274812187033
0.489589580392505
0.4895516336033511
0.48951364057937896
0.48947560104745985
0.4894375147331946
0.48939938136090727
0.4893612006536405
0.48932297233315053
0.489284696119902
0.489246371733062
0.4892079988904955
0.4891695773087598
0.4891311067030994
0.48909258678743983
0.48905401727438325
0.4890153978752025
0.48897672829983563
0.4889380082568805
0.48889923745358915
0.4888604155958626
0.48882154238824466
0.48878261753391655
0.4887436407346919
0.4887046116910099
0.48866553010193053
0.4886263956651281
0.4885872080768863
0.48854796703209136
0.48850867222422734
0.4884693233453694
0.4884299200861779
0.4883904621358937
0.48835094918232996
0.48831138091186843
0.4882717570094516
0.4882320771585779
0.48819234104129555
0.4881525483381943
0.48811269872840307
0.4880727918895803
0.48803282749790905
0.48799280522809113
0.48795272475334056
0.4879125857453765
0.4878723878744176
0.48783213080917537
0.4877918142168479
0.4877514377631133
0.4877110011121232
0.48767050392649536
0.4876299458673091
0.48758932659409665
0.48754864576483753
0.48750790303595176
0.4874670980622926
0.48742623049714057
0.4873852999921961
0.48734430619757313
0.48730324876179193
0.4872621273317721
0.4872209415528258
0.487179691068651
0.4871383755213241
0.4870969945512929
0.48705554779737004
0.4870140348967249
0.48697245548487794
0.4869308091956914
0.4868890956613645
0.4868473145124238
0.4868054653777182
0.48676354788440934
0.4867215616579661
0.48667950632215623
0.4866373814990388
0.4865951868089572
0.48655292187053173
0.4865105863006511
0.48646817971446565
0.4864257017253799
0.4863831519450441
0.4863405299833468
0.48629783544840777
0.4862550679465689
0.48621222708238787
0.48616931245862915
0.4861263236762563
0.4860832603344246
0.4860401220304725
0.485996908359914
0.4859536189164302
0.4859102532918613
0.48586681107619945
0.4858232918575784
0.48577969522226766
0.48573602075466304
0.4856922680372782
0.4856484366507369
0.4856045261737649
0.4855605361831806
0.4855164662538871
0.48547231595886425
0.48542808486915917
0.48538377255387877
0.4853393785801801
0.48529490251326246
0.48525034391635885
0.4852057023507265
0.48516097737563924
0.48511616854837714
0.48507127542422007
0.4850262975564364
0.4849812344962756
0.4849360857929592
0.48489085099367124
0.48484552964354966
0.48480012128567784
0.4847546254610741
0.48470904170868423
0.4846633695653716
0.48461760856590747
0.48457175824296267
0.48452581812709816
0.4844797877467557
0.48443366662824816
0.48438745429575075
0.4843411502712914
0.484294754074741
0.48424826522380504
0.48420168323401286
0.4841550076187088
0.4841082378890424
0.4840613735539594
0.4840144141201911
0.48396735909224575
0.4839202079723984
0.4838729602606806
0.4838256154548719
0.48377817305048926
0.4837306325407771
0.4836829934166983
0.4836352551669231
0.48358741727782034
0.4835394792334471
0.483491440515538
0.48344330060349666
0.48339505897438456
0.4833467151029112
0.4832982684614244
0.4832497185198993
0.4832010647459295
0.4831523066047155
0.48310344355905577
0.48305447506933546
0.4830054005935169
0.48295621958712864
0.4829069315032559
0.4828575357925293
0.48280803190311555
0.4827584192807059
0.482708697368507
0.48265886560722904
0.4826089234350762
0.4825588702877365
0.48250870559837
0.4824584287975995
0.4824080393134991
0.48235753657158414
0.48230691999480046
0.4822561890035133
0.48220534301549783
0.48215438144592704
0.482103303707362
0.48205210920974095
0.48200079736036816
0.481949367563904
0.481897819222353
0.4818461517350542
0.48179436449866986
0.48174245690717465
0.48169042835184467
0.48163827822124683
0.481586005901228
0.48153361077490403
0.4814810922226489
0.48142844962208364
0.48137568234806577
0.48132278977267834
0.48126977126521836
0.4812166261921868
0.4811633539172771
0.481109953801364
0.4810564252024933
0.4810027674758702
0.480948979973849
0.4808950620459208
0.4808410130387042
0.48078683229593344
0.4807325191584473
0.4806780729641786
0.4806234930481422
0.4805687787424259
0.48051392937617676
0.4804589442755931
0.48040382276391114
0.4803485641613952
0.4802931677853265
0.48023763294999183
0.48018195896667304
0.48012614514363605
0.48007019078611957
0.48001409519632454
0.47995785767340265
0.4799014775134465
0.47984495400947713
0.4797882864514347
0.47973147412616657
0.4796745163174166
0.47961741230581517
0.4795601613688671
0.4795027627809412
0.4794452158132604
0.47938751973389
0.4793296738077271
0.47927167729649045
0.47921352945870865
0.4791552295497106
0.47909677682161483
0.4790381705233177
0.4789794099004843
0.478920494195537
0.4788614226476451
0.4788021944927148
0.4787428089633783
0.4786832652889833
0.4786235626955835
0.47856370040592666
0.4785036776394464
0.47844349361225025
0.4783831475371105
0.47832263862345337
0.4782619660773497
0.47820112910150375
0.47814012689524493
0.4780789586545155
0.4780176235718634
0.47795612083643024
0.4778944496339428
0.47783260914670245
0.4777705985535766
0.4777084170299877
0.4776460637479051
0.47758353787583463
0.47752083857881
0.47745796501838267
0.47739491635261294
0.4773316917360616
0.4772682903197794
0.4772047112512991
0.47714095367462583
0.4770770167302291
0.47701289955503345
0.47694860128240957
0.4768841210421665
0.4768194579605419
0.4767546111601955
0.47668957976019877
0.4766243628760279
0.4765589596195555
0.47649336909904266
0.4764275904191305
0.47636162268083293
0.476295464981529
0.4762291164149548
0.4761625760711961
0.4760958430366816
0.476028916394175
0.47596179522276827
0.4758944785978742
0.4758269655912204
0.4757592552708415
0.4756913467010728
0.4756232389425448
0.4755549310521754
0.4754864220831647
0.47541771108498826
0.47534879710339156
0.4752796791803843
0.47521035635423425
0.47514082765946264
0.4750710921268378
0.4750011487833704
0.474930996652309
0.4748606347531344
0.47479006210155517
0.4747192777095034
0.4746482805851301
0.4745770697328011
0.4745056441530929
0.4744340028427891
0.47436214479487687
0.47429006899854287
0.47421777443917074
0.4741452600983375
0.4740725249538109
0.4739995679795472
0.47392638814568744
0.4738529844185565
0.4737793557606605
0.4737055011306849
0.4736314194834929
0.47355710977012455
0.47348257093779433
0.47340780192989185
0.4733328016859796
0.47325756914179357
0.4731821032292424
0.4731064028764075
0.47303046700754353
0.4729542945430783
0.47287788439961426
0.47280123548992914
0.4727243467229766
0.472647217003889
0.47256984523397816
0.4724922303107381
0.47241437112784646
0.47233626657516825
0.47225791553875784
0.4721793169008626
0.47210046953992624
0.47202137233059266
0.47194202414370984
0.47186242384633437
0.4717825703017362
0.4717024623694035
0.47162209890504764
0.47154147876060987
0.47146060078426577
0.47137946382043316
0.4712980667097774
0.471216408289219
0.4711344873919409
0.47105230284739563
0.4709698534813147
0.4708871381157146
0.4708041555689081
0.4707209046555112
0.47063738418645445
0.4705535929689909
0.4704695298067083
0.4703851934995378
0.47030058284376625
0.4702156966320471
0.4701305336534126
0.4700450926932851
0.4699593725334905
0.4698733719522709
0.46978708972429806
0.4697005246206879
0.4696136754090132
0.46952654085332
0.469439119714142
0.46935141074851616
0.46926341270999894
0.4691751243486829
0.4690865444112131
0.4689976716408054
0.46890850477726354
0.46881904255699836
0.4687292837130455
0.4686392269750867
0.46854887106946713
0.46845821471921795
0.4683672566440758
0.46827599556050464
0.468184430181718
0.4680925592177005
0.4680003813752308
0.46790789535790683
0.46781509986616715
0.46772199359731714
0.46762857524555373
0.4675348435019911
0.4674407970546863
0.46734643458866637
0.4672517547859561
0.467156756325605
0.4670614378837165
0.4669657981334767
0.4668698357451843
0.4667735493862798
0.46667693772137797
0.4665799994122979
0.46648273311809574
0.46638513749509747
0.46628721119693145
0.46618895287456347
0.4660903611763303
0.46599143474797533
0.4658921722326848
0.46579257227112364
0.4656926335014728
0.4655923545594674
0.465491734078435
0.46539077068933526
0.4652894630207984
0.46518780969916745
0.4650858093485387
0.46498346059080353
0.4648807620456909
0.4647777123308116
0.4646743100617016
0.46457055385186663
0.46446644231282797
0.46436197405416907
0.46425714768358195
0.4641519618069152
0.4640464150282222
0.46394050594981096
0.46383423317229283
0.4637275952946348
0.46362059091420976
0.4635132186268493
0.4634054770268969
0.4632973647072613
0.46318888025947125
0.4630800222737312
0.46297078933897756
0.4628611800429351
0.4627511929721749
0.4626408267121739
0.46253007984737315
0.46241895096123875
0.4623074386363225
0.4621955414543243
0.4620832579961547
0.4619705868419981
0.46185752657137813
0.46174407576322174
0.4616302329959262
0.4615159968474257
0.4614013658952594
0.4612863387166398
0.4611709138885228
0.4610550899876777
0.4609388655907588
0.46082223927437715
0.46070520961517464
0.46058777518989613
0.46046993457546687
0.4603516863490655
0.4602330290882027
0.46011396137079774
0.4599944817752567
0.45987458888055294
0.45975428126630646
0.45963355751286467
0.45951241620138533
0.45939085591391876
0.4592688752334924
0.4591464727441946
0.45902364703126164
0.4589003966811632
0.45877672028169003
0.45865261642204314
0.45852808369292186
0.45840312068661593
0.45827772599709476
0.45815189822010094
0.45802563595324286
0.45789893779608787
0.4577718023502591
0.4576442282195294
0.45751621400991865
0.45738775832979195
0.4572588597899575
0.45712951700376664
0.4569997285872138
0.4568694931590384
0.4567388093408265
0.4566076757571143
0.45647609103549214
0.45634405380670995
0.4562115627047818
0.45607861636709485
0.45594521343451483
0.4558113525514963
0.4556770323661916
0.4555422515305604
0.4554070087004826
0.4552713025358703
0.45513513170077874
0.45499849486352273
0.4548613906967907
0.4547238178777596
0.45458577508821274
0.4544472610146564
0.4543082743484378
0.45416881378586493
0.4540288780283269
0.4538884657824127
0.4537475757600352
0.45360620667855256
0.45346435726089074
0.45332202623566925
0.4531792123373242
0.45303591430623535
0.4528921308888517
0.45274786083781954
0.4526031029121087
0.45245785587714377
0.452312118504931
0.4521658895741909
0.452019167870487
0.45187195218635934
0.45172424132145506
0.4515760340826632
0.4514273292842471
0.45127812574797943
0.4511284223032772
0.45097821778733715
0.4508275110452724
0.4506763009302494
0.45052458630362535
0.4503723660350862
0.45021963900278616
0.4500664040934857
0.449912660202693
0.4497584062348029
0.4496036411032388
0.4494483637305935
0.44929257304877174
0.44913626799913153
0.44897944753262836
0.4488221106099576
0.4486642562016981
0.4485058832884573
0.4483469908610142
0.44818757792046604
0.44802764347837226
0.44786718655690017
0.4477062061889713
0.4475447014184074
0.44738267130007714
0.44722011490004215
0.4470570312957046
0.44689341957595385
0.44672927884131425
0.44656460820409277
0.4463994067885261
0.44623367373092837
0.4460674081798401
0.44590060929617525
0.44573327625336934
0.44556540823752805
0.4453970044475747
0.4452280640953984
0.44505858640600326
0.44488857061765447
0.4447180159820273
0.4445469217643551
0.44437528724357656
0.44420311171248283
0.4440303944778656
0.4438571348606638
0.4436833321961102
0.4435089858338788
0.44333409513823024
0.443158659488158
0.44298267827753446
0.4428061509152552
0.4426290768253853
0.44245145544730236
0.4422732862358407
0.4420945686614359
0.44191530221026587
0.44173548638439497
0.44155512070191444
0.44137420469708494
0.4411927379204753
0.4410107199391047
0.4408281503365791
0.44064502871323263
0.44046135468626246
0.440277127889868
0.4400923479753849
0.4399070146114228
0.43972112748399633
0.4395346862966616
0.439347690770647
0.43916014064498476
0.4389720356766418
0.4387833756406495
0.4385941603302307
0.4384043895569279
0.4382140631507297
0.43802318096019455
0.4378317428525753
0.43763974871394135
0.4374471984492998
0.43725409198271514
0.43706042925742866
0.43686621023597405
0.43667143490029536
0.4364761032518582
0.43628021531176586
0.4360837711208691
0.4358867707398751
0.43568921424945795
0.43549110175036293
0.4352924333635133
0.43509320923011274
0.43489342951174703
0.434693094390485
0.4344922040689748
0.43429075877054224
0.434088758739284
0.4338862042401613
0.4336830955590895
0.4334794330030284
0.43327521690006826
0.43307044759951485
0.4328651254719728
0.43265925090942653
0.4324528243253178
0.4322458461546248
0.43203831685393473
0.4318302369015172
0.43162160679739425
0.4314124270634083
0.4312026982432881
0.43099242090271256
0.43078159562937096
0.43057022303302306
0.43035830374555495
0.4301458384210329
0.4299328277357564
0.4297192723883055
0.4295051730995896
0.42929053061289013
0.4290753456939039
0.42885961913078086
0.4286433517341623
0.428426544337214
0.4282091977956577
0.42799131298780113
0.42777289081456293
0.4275539321994967
0.4273344380888127
0.4271144094513949
0.4268938472788163
0.4266727525853528
0.4264511264079921
0.42622896980644154
0.42600628386313083
0.42578306968321644
0.4255593283945766
0.4253350611478103
0.42511026911622785
0.42488495349584227
0.4246591155053557
0.4244327563861441
0.42420587740223803
0.4239784798403007
0.42375056500960434
0.42352213424200147
0.42329318889189527
0.4230637303362049
0.4228337599743302
0.4226032792281112
0.4223722895417855
0.4221407923819436
0.42190878923747904
0.4216762816195381
0.42144327106146356
0.4212097591187386
0.4209757473689249
0.4207412374115991
0.42050623086828665
0.42027072938239146
0.42003473461912233
0.4197982482654182
0.4195612720298685
0.4193238076426311
0.41908585685534805
0.41884742144105624
0.41860850319409726
0.4183691039300227
0.4181292254854981
0.417888869718201
0.41764803850671994
0.4174067337504465
0.4171649573694675
0.4169227113044521
0.4166799975165375
0.41643681798721055
0.4161931747181872
0.41594906973128853
0.41570450506831325
0.41545948279091005
0.41521400498044325
0.4149680737378587
0.41472169118354524
0.41447485945719353
0.4142275807176523
0.41397985714278257
0.4137316909293074
0.4134830842926603
0.4132340394668307
0.41298455870420586
0.41273464427541157
0.4124842984691489
0.4122335235920288
0.41198232196840423
0.4117306959402001
0.41147864786673916
0.41122618012456763
0.410973295107276
0.41071999522531905
0.41046628290583353
0.4102121605924517
0.4099576307451139
0.40970269583987917
0.40944735836873214
0.409191620839389
0.40893548577510014
0.40867895571445145
0.4084220332111634
0.40816472083388633
0.4079070211659973
0.4076489368053908
0.40739047036427006
0.40713162446893486
0.40687240175956874
0.40661280489002394
0.4063528365276033
0.406092499352842
0.4058317960592862
0.40557072935327104
0.4053093019536961
0.40504751659179905
0.4047853760109288
0.40452288296631655
0.40426004022484374
0.4039968505648114
0.40373331677570584
0.4034694416579637
0.4032052280227358
0.4029406786916485
0.40267579649656615
0.40241058427934956
0.40214504489161573
0.4018791811944942
0.40161299605838396
0.4013464923627087
0.40107967299567154
0.40081254085400664
0.40054509884273426
0.4002773498749099
0.4000092968713761
0.3997409427605124
0.39947229047798466
0.3992033429664921
0.3989341031755178
0.3986645740610732
0.3983947585854476
0.39812465971695155
0.39785428042966486
0.3975836237031804
0.39731269252235085
0.39704148987703186
0.3967700187618268
0.39649828217583155
0.39622628312237806
0.3959540246087784
0.3956815096460684
0.3954087412487521
0.39513572243454415
0.39486245622411553
0.3945889456408359
0.3943151937105185
0.3940412034611641
0.3937669779227058
0.39349252012675356
0.3932178331063393
0.39294291989566243
0.39266778352983567
0.39239242704463195
0.3921168534762299
0.3918410658609627
0.3915650672350649
0.3912888606344218
0.3910124490943176
0.39073583564918674
0.39045902333236293
0.39018201517583234
0.38990481420998396
0.3896274234633641
0.38934984596243016
0.3890720847313047
0.388794142791533
0.38851602316183814
0.38823772885788066
0.3879592628920159
0.3876806282730557
0.3874018280060292
0.3871228650919455
0.3868437425275566
0.38656446330512334
0.38628503041218193
0.3860054468313107
0.38572571553989954
0.38544583950992023
0.3851658217076983
0.3848856650936865
0.3846053726222387
0.3843249472413877
0.3840443918926211
0.38376370951066163
0.38348290302324906
0.3832019753509206
0.3829209294067968
0.38263976809636685
0.3823584943172758
0.38207711095911473
0.3817956209032108
0.3815140270224212
0.3812323321809262
0.3809505392340271
0.38066865102794323
0.3803866703996132
0.3801046001764953
0.3798224431763732
0.37954020220716034
0.37925788006670724
0.3789754795426135
0.37869300341203666
0.3784104544415065
0.37812783538674183
0.3778451489924668
0.37756239799223007
0.37727958510822773
0.37699671305112675
0.37671378451988863
0.3764308022016
0.3761477687713011
0.37586468689181657
0.37558155921359193
0.37529838837452717
0.37501517699981685
0.3747319277017896
0.3744486430797499
0.3741653257198243
0.3738819781948069
0.3735986030640082
0.37331520287310666
0.3730317801540017
0.37274833742466823
0.37246487718901533
0.3721814019367448
0.3718979141432136
0.37161441626929687
0.3713309107612549
0.37104740005060094
0.3707638865539712
0.3704803726729977
0.37019686079418285
0.3699133532887764
0.3696298525126538
0.3693463608061975
0.3690628804941807
0.3687794138856514
0.36849596327382095
0.3682125309359529
0.36792911913325477
0.367645730110772
0.367362366097283
0.3670790293051982
0.36679572193045906
0.3665124461524398
0.36622920413385257
0.3659459980206526
0.365662829941947
0.3653797020099039
0.3650966163196653
0.36481357494926114
0.3645305799595253
0.3642476333940137
0.3639647372789238
0.36368189362301706
0.36339910441754325
0.363116371636165
0.3628336972348862
0.36255108315198165
0.3622685313079279
0.3619860436053374
0.3617036219288924
0.3614212681452823
0.3611389841031428
0.3608567716329957
0.3605746325471916
0.360292568639853
0.3600105816868203
0.3597286734456004
0.3594468456553129
0.35916510003664404
0.35888343829179636
0.3586018621044443
0.3583203731396886
0.35803897304401455
0.3577576634452492
0.3574764459525232
0.3571953221562307
0.3569142936279943
0.3566333619206285
0.3563525285681065
0.35607179508552683
0.35579116296908364
0.3555106336960354
0.35523020872467864
0.3549498894943177
0.3546696774252434
0.35438957391870474
0.3541095803568874
0.35382969810289183
0.35354992850071276
0.3532702728752189
0.3529907325321348
0.3527113087580246
0.352432002820274
0.3521528159670777
0.35187374942742267
0.3515948044110776
0.35131598210858034
0.35103728369122605
0.3507587103110581
0.3504802631008589
0.3502019431741423
0.34992375162514483
0.3496456895288216
0.34936775794083885
0.34908995789756986
0.34881229041609135
0.3485347564941801
0.34825735711031064
0.34798009322365303
0.34770296577407234
0.34742597568212824
0.3471491238490748
0.34687241115686157
0.346595838468135
0.34631940662624044
0.34604311645522495
0.3457669687598388
0.34549096432554105
0.3452151039185017
0.34493938828560694
0.3446638181544634
0.3443883942334034
0.3441131172114902
0.3438379877585238
0.343563006525047
0.3432881741423511
0.34301349122248337
0.34273895835825297
0.34246457612323766
0.3421903450717918
0.3419162657390523
0.3416423386409462
0.34136856427419904
0.3410949431163408
0.3408214756257136
0.3405481622414797
0.34027500338362865
0.3400019994529837
0.33972915083121047
0.33945645788082274
0.3391839209451902
0.3389115403485447
0.33863931639598754
0.3383672493734954
0.3380953395479265
0.3378235871670262
0.3375519924594338
0.3372805556346865
0.33700927688322463
0.3367381563763971
0.3364671942664644
0.3361963906866028
0.3359257457509083
0.33565525955439807
0.3353849321730144
0.3351147636636256
0.33484475406402664
0.33457490339294144
0.3343052116500219
0.3340356788158475
0.3337663048519236
0.33349708970068104
0.33322803328547235
0.33295913551056855
0.3326903962611556
0.33242181540332855
0.3321533927840876
0.33188512823132976
0.3316170215538428
0.33134907254129614
0.3310812809642328
0.33081364657405793
0.33054616910302903
0.330278848264243
0.3300116837516238
0.32974467523990825
0.32947782238462975
0.3292111248221047
0.3289445821694117
0.32867819402437626
0.3284119599655486
0.3281458795521851
0.3278799523242235
0.3276141778022629
0.3273485554875363
0.3270830848618859
0.32681776538773627
0.32655259650806434
0.326287577646372
0.3260227082066519
0.3257579875733567
0.32549341511136365
0.32522899016593937
0.32496471206270294
0.32470058010758646
0.32443659358679544
0.32417275176676574
0.32390905389412183
0.3236454991956298
0.3233820868781511
0.3231188161285953
0.3228556861138676
0.32259269598081824
0.32232984485618843
0.3220671318465541
0.32180455603827
0.32154211649740844
0.32127981226969937
0.3210176423804665
0.3207556058345629
0.32049370161630353
0.32023192868939643
0.31997028599687066
0.3197087724610046
0.3194473869832495
0.3191861284441529
0.31892499570327865
0.3186639875991249
0.31840310294904073
0.3181423405491398
0.3178816991742123
0.31762117757763275
0.3173607744912689
0.317100488625385
0.3168403186685441
0.31658026328750827
0.31632032112713576
0.3160604908102752
0.3158007709376587
0.31554116008779154
0.31528165681683873
0.3150222596585097
0.31476296712394136
0.31450377770157545
0.3142446898570366
0.3139857020330055
0.31372681264908975
0.3134680201016932
0.3132093227638799
0.3129507189852372
0.3126922070917362
0.3124337853855866
0.31217545214509235
0.31191720562450165
0.3116590440538537
0.3114009656388248
0.31114296856056944
0.31088505097555785
0.310627211015412
0.31036944678673795
0.3101117563709534
0.30985413782411453
0.3095965891767367
0.3093391084336151
0.30908169357363835
0.3088243425496025
0.3085670532880169
0.3083098236889125
0.30805265162564127
0.30779553494467515
0.30753847146539937
0.3072814589799052
0.3070244952527753
0.3067675780208685
0.30651070499309835
0.3062538738502102
0.30599708224455285
0.30574032779984656
0.3054836081109479
0.305226920743611
0.30497026323424287
0.30471363308965665
0.3044570277868203
0.30420044477260144
0.3039438814635071
0.3036873352454213
0.30343080347333606
0.3031742834710804
0.30291777253104335
0.30266126791389497
0.30240476684830053
0.3021482665306317
0.30189176412467383
0.3016352567613277
0.3013787415383077
0.3011222155198358
0.30086567573632983
0.3006091191840886
0.3003525428249718
0.30009594358607583
0.299839318359404
0.2995826640015334
0.2993259773332771
0.2990692551393403
0.29881249416797384
0.2985556911306205
0.2982988427015597
0.2980419455175449
0.2977849961774371
0.29752799124183404
0.2972709272326939
0.29701380063295546
0.2967566078861506
0.2964993453960164
0.2962420095260981
0.2959845965993494
0.29572710289772836
0.29546952466178683
0.2952118580902567
0.29495409933962935
0.29469624452373266
0.29443828971330066
0.2941802309355411
0.29392206417369476
0.29366378536659404
0.29340539040821245
0.2931468751472131
0.29288823538648995
0.2926294668827053
0.2923705653458225
0.2921115264386339
0.2918523457762834
0.29159301892578643
0.29133354140554296
0.29107390868484745
0.29081411618339364
0.2905541592707757
0.29029403326598385
0.2900337334368965
0.2897732549997683
0.28951259311871275
0.2892517429051824
0.28899069941744365
0.28872945766004837
0.288468012583302
0.28820635908272596
0.28794449199851935
0.2876824061150136
0.2874200961601285
0.28715755680481925
0.28689478266252455
0.28663176828860976
0.28636850817980875
0.2861049967736601
0.2858412284479437
0.28557719752011396
0.28531289824672984
0.2850483248228833
0.2847834713816278
0.2845183319934015
0.28425290066545206
0.2839871713412585
0.2837211378999539
0.28345479415574454
0.28318813385733127
0.28292115068732876
0.28265383826168605
0.2823861901291066
0.2821181997704695
0.2818498605982505
0.2815811659559466
0.2813121091174994
0.2810426832867225
0.2807728815967302
0.28050269710936954
0.28023212281465404
0.2799611516302029
0.27968977640068277
0.27941798989725475
0.27914578481702346
0.2788731537824969
0.278600089341046
0.27832658396437426
0.2780526300479936
0.2777782199107054
0.27750334579409264
0.27722799986201807
0.27695217420013263
0.2766758608153927
0.2763990516355889
0.2761217385088852
0.27584391320336815
0.2755655674066111
0.2752866927252513
0.27500728068457797
0.2747273227281386
0.274446810217357
0.27416573443117115
0.27388408656568597
0.2736018577338438
0.2733190389651154
0.2730356212052084
0.2727515953157982
0.2724669520742804
0.27218168217354294
0.2718957762217673
0.2716092247422494
0.27132201817324736
0.27103414686785826
0.2707456010939201
0.2704563710339453
0.2701664467850815
0.26987581835910657
0.2695844756824551
0.26929240859627823
0.2689996068565414
0.26870606013415393
0.26841175801514106
0.26811669000085364
0.267820845508217
0.26752421387002456
0.26722678433527236
0.2669285460695412
0.26662948815542303
0.26632959959299674
0.2660288693003534
0.26572728611417173
0.26542483879034817
0.2651215160046801
0.2648173063536047
0.2645121983549976
0.26420618044902855
0.26389924099908113
0.2635913682927311
0.26328255054279576
0.26297277588844287
0.2626620323963733
0.2623503080620708
0.2620375908111248
0.2617238685006268
0.26140912892064144
0.26109335979575765
0.2607765487867159
0.26045868349211787
0.26013975145022067
0.2598197401408136
0.25949863698718323
0.2591764293581667
0.25885310457029537
0.2585286498900309
0.25820305253609604
0.25787629968190023
0.25754837845806405
0.25721927595504346
0.2568889792258536
0.2565574752888986
0.25622475113090193
0.25589079370994827
0.2555555899586289
0.25521912678729813
0.25488139108744323
0.25454236973516275
0.25420204959476095
0.2538604175224589
0.25351746037021894
0.2531731649896887
0.2528275182362657
0.25248050697327756
0.2521321180762875
0.2517823384375189
0.251431154970403
0.25107855461425094
0.25072452433904713
0.25036905115037017
0.2500121220944341
0.2496537242632582
0.24929384479995986
0.2489324709041708
0.24856958983758048
0.2482051889296013
0.24783925558315892
0.2474717772806034
0.2471027415897452
0.24673213617000847
0.24635994877870832
0.2459861672774415
0.24561077963859917
0.2452337739519897
0.24485513843157652
0.2444748614223289
0.24409293140717597
0.24370933701407121
0.24332406702315743
0.24293711037403087
0.24254845617310541
0.24215809370106406
0.2417660124204046
0.24137220198306855
0.24097665223814946
0.24057935323968047
0.2401802952544915
0.23977946877013326
0.23937686450286352
0.23897247340568936
0.2385662866764573
0.23815829576599049
0.23774849238626217
0.2373368685186017
0.2369234164219229
0.23650812864097281
0.23609099801459016
0.23567201768396573
0.23525118110089915
0.2348284820360433
0.2344039145871271
0.23397747318715034
0.2335491526125413
0.23311894799126592
0.2326868548108847
0.232252868926544
0.23181698656889382
0.23137920435192302
0.23093951928070292
0.23049792875902678
0.23005443059694078
0.22960902301815
0.22916170466729488
0.2287124746170859
0.22826133237528537
0.2278082778915293
0.22735331156397534
0.22689643424577016
0.22643764725132406
0.22597695236238308
0.22551435183389038
0.22504984839962328
0.22458344527759957
0.22411514617524275
0.2236449552942946
0.2231728773354676
0.22269891750282855
0.2222230815079012
0.22174537557348323
0.22126580643716542
0.22078438135454734
0.22030110810214018
0.2198159949799489
0.21932905081372805
0.2188402849569008
0.21834970729214004
0.2178573282325987
0.21736315872278905
0.2168672102391029
0.2163694947899674
0.2158700249156333
0.21536881368759148
0.21486587470761287
0.21436122210641048
0.21385487054191912
0.21334683519719366
0.21283713177792057
0.2123257765095451
0.21181278613401272
0.21129817790612387
0.21078196958950493
0.2102641794521935
0.20974482626184557
0.2092239292805596
0.208701508259327
0.20817758343210957
0.2076521755095489
0.20712530567231055
0.20659699556407296
0.2060672672841629
0.20553614337984258
0.20500364683826372
0.2044698010780837
0.20393462994076297
0.2033981576815459
0.20286040896013552
0.2023214088310719
0.20178118273382495
0.20123975648260828
0.20069715625593126
0.2001534085858923
0.19960854034723224
0.19906257874615513
0.1985155513089284
0.19796748587027915
0.19741841056159287
0.19686835379893297
0.19631734427089104
0.1957654109262826
0.19521258296169974
0.19465888980893836
0.19410436112230803
0.19354902676584204
0.19299291680042338
0.1924360614708323
0.1918784911927405
0.19132023653965313
0.1907613282298265
0.1902017971131613
0.18964167415809513
0.18908099043850102
0.18851977712061063
0.1879580654499707
0.18739588673844754
0.18683327235129288
0.18627025369428235
0.1857068622009388
0.1851431293198521
0.1845790865021093
0.18401476518884144
0.18345019679890337
0.18288541271669415
0.18232044428012797
0.1817553227687665
0.18119007939212195
0.18062474527813968
0.18005935146186772
0.17949392887432486
0.178928508331571
0.17836312052398906
0.17779779600578616
0.1772325651847193
0.17666745831205125
0.17610250547274442
0.17553773657589514
0.17497318134541465
0.17440886931096206
0.1738448297991307
0.17328109192489344
0.17271768458330838
0.17215463644148915
0.17159197593084216
0.17102973123956894
0.17046793030544077
0.1699066008088422
0.16934577016608587
0.1687854655229985
0.16822571374877857
0.16766654143012405
0.16710797486563095
0.16655004006046195
0.16599276272127914
0.16543616825144639
0.16488028174649452
0.16432512798984727
0.16377073144880833
0.16321711627080152
0.1626643062798703
0.16211232497342024
0.16156119551921438
0.1610109407526084
0.16046158317402648
0.15991314494667191
0.15936564789446894
0.15881911350023226
0.1582735629040577
0.15772901690193203
0.15718549594455505
0.15664302013637038
0.15610160923480015
0.15556128264967733
0.15502205944287284
0.15448395832811027
0.15394699767096393
0.15341119548903565
0.1528765694523044
0.1523431368836436
0.15181091475950012
0.15127991971073246
0.15075016802359992
0.1502216756408981
0.1496944581632378
0.14916853085045795
0.14864390862317378
0.14812060606444669
0.14759863742157953
0.14707801660802564
0.14655875720541042
0.14604087246565914
0.14552437531322582
0.14500927834742094
0.14449559384482938
0.14398333376181696
0.14347250973712103
0.1429631330945177
0.14245521484556678
0.1419487656924237
0.14144379603071894
0.14094031595250076
0.14043833524923335
0.13993786341485165
0.13943890964886413
0.13894148285950514
0.13844559166692727
0.1379512444064363
0.13745844913176014
0.1369672136183518
0.13647754536672244
0.1359894516057997
0.1355029392963112
0.135018015134188
0.13453468555398654
0.13405295673232442
0.13357283459133126
0.13309432480210706
0.13261743278819
0.13214216372902862
0.13166852256345815
0.1311965139931757
0.13072614248621653
0.1302574122804258
0.12979032738692553
0.12932489159357458
0.12886110846842042
0.1283989813631395
0.12793851341646684
0.1274797075576114
0.12702256650965657
0.12656709279294476
0.12611328872844466
0.12566115644109768
0.12521069786314704
0.1247619147374444
0.12431480862073395
0.12386938088691371
0.1234256327302734
0.12298356516870616
0.12254317904689516
0.1221044750394732
0.12166745365415615
0.12123211523484673
0.12079845996471071
0.12036648786922433
0.11993619881919107
0.11950759253372921
0.1190806685832278
0.11865542639227279
0.11823186524254095
0.11780998427566226
0.11738978249605056
0.11697125877370182
0.1165544118469602
0.11613924032525091
0.11572574269178063
0.11531391730620533
0.11490376240726423
0.11449527611538093
0.11408845643523208
0.11368330125828184
0.11327980836528337
0.11287797542874754
0.11247780001537773
0.11207927958847225
0.11168241151029334
0.11128719304440285
0.11089362135796614
0.11050169352402144
0.11011140652371842
0.10972275724852375
0.10933574250239311
0.10895035900391331
0.10856660338841065
0.10818447221002835
0.10780396194377206
0.10742506898752471
0.10704778966402984
0.10667212022284356
0.10629805684225721
0.10592559563118875
0.10555473263104379
0.10518546381754806
0.10481778510254881
0.10445169233578859
0.10408718130664789
0.10372424774586125
0.10336288732720392
0.10300309566915007
0.10264486833650407
0.10228820084200305
0.10193308864789419
0.1015795271674818
0.10122751176665233
0.10087703776536827
0.1005281004391396
0.10018069502046795
0.09983481670026531
0.09949046062924849
0.09914762191930795
0.09880629564485302
0.09846647684413157
0.09812816052052775
0.09779134164383453
0.0974560151515041
0.09712217594987456
0.09678981891537444
0.09645893889570505
0.09612953071100018
0.09580158915496477
0.0954751089959921
0.09515008497825922
0.0948265118228023
0.09450438422857106
0.09418369687346323
0.09386444441533878
0.09354662149301492
0.0932302227272411
0.09291524272165569
0.09260167606372334
0.09228951732565374
0.09197876106530294
0.09166940182705571
0.0913614341426903
0.09105485253222723
0.09074965150475826
0.09044582555926138
0.0901433691853969
0.08984227686428842
0.0895425430692869
0.08924416226671991
0.08894712891662382
0.08865143747346199
0.08835708238682637
0.08806405810212647
0.08777235906126063
0.0874819797032755
0.08719291446501021
0.0869051577817263
0.08661870408772472
0.08633354781694856
0.08604968340357327
0.08576710528258283
0.08548580789033426
0.08520578566510802
0.08492703304764776
0.08464954448168631
0.08437331441446042
0.08409833729721321
0.08382460758568591
0.08355211974059688
0.08328086822811047
0.08301084752029445
0.08274205209556651
0.08247447643913025
0.08220811504340036
0.08194296240841821
0.08167901304225655
0.08141626146141477
0.08115470219120385
0.08089432976612276
0.08063513873022402
0.08037712363747103
0.08012027905208606
0.07986459954888896
0.07961007971362737
0.07935671414329859
0.07910449744646211
0.07885342424354487
0.07860348916713719
0.07835468686228224
0.07810701198675563
0.07786045921133929
0.07761502322008616
0.07737069871057782
0.07712748039417609
0.07688536299626558
0.07664434125648945
0.07640440992898026
0.07616556378258124
0.07592779760106262
0.07569110618333111
0.07545548434363228
0.075220926911748
0.07498742873318613
0.07475498466936505
0.0745235895977922
0.07429323841223637
0.07406392602289487
0.07383564735655426
0.07360839735674637
0.07338217098389849
0.07315696321547806
0.0729327690461328
0.0727095834878252
0.07248740156996193
0.07226621833951924
0.0720460288611621
0.0718268282173599
0.07160861150849711
0.07139137385297897
0.07117511038733354
0.07095981626630868
0.07074548666296526
0.070532116768766
0.07031970179365996
0.07010823696616389
0.06989771753343833
0.06968813876136117
0.06947949593459622
0.06927178435665968
0.0690649993499809
0.0688591362559616
0.06865419043503064
0.06845015726669496
0.06824703214958823
0.06804481050151585
0.0678434877594966
0.0676430593798009
0.06744352083798676
0.0672448676289324
0.06704709526686597
0.06685019928539185
0.06665417523751527
0.0664590186956634
0.06626472525170392
0.06607129051696095
0.06587871012222882
0.06568697971778259
0.06549609497338693
0.06530605157830222
0.06511684524128791
0.06492847169060456
0.06474092667401289
0.06455420595877101
0.06436830533162903
0.06418322059882225
0.06399894758606225
0.06381548213852556
0.06363282012084022
0.06345095741707171
0.06326988993070545
0.06308961358462854
0.06291012432110928
0.06273141810177554
0.06255349090759064
0.06237633873882807
0.06219995761504478
0.06202434357505259
0.06184949267688819
0.0616754009977817
0.061502064634124
0.06132947970143202
0.06115764233431368
0.060986548686430664
0.060816194930459665
0.060646577258054155
0.060477691879802384
0.06030953502518613
0.060142102942537724
0.05997539189899548
0.059809398180458676
0.05964411809154112
0.05947954795552417
0.059315684114307626
0.05915252292836123
0.05899006077667379
0.05882829405670226
0.05866721918431966
0.058506832593762007
0.058347130737574575
0.05818811008655768
0.05802976712971058
0.05787209837417605
0.05771510034518325
0.057558769585989884
0.05740310265782459
0.05724809613982745
0.057093746628990555
0.056940050740097975
0.05678700510566485
0.05663460637587622
0.05648285121852477
0.056331736318948486
0.056181258379968305
0.05603141412182355
0.05588220028210884
0.05573361361570924
0.0555856508947359
0.05543830890846036
0.055291584463248944
0.05514547438249677
0.0549999755065616
0.05485508469269656
0.05471079881498331
0.05456711476426475
0.05442402944807695
0.054281539790581375
0.05413964273249648
0.053998335231029156
0.05385761425980573
0.053717476808803365
0.05357791988428035
0.05343894050870693
0.05330053572069536
0.053162702574930276
0.05302543814209866
0.052888739508819574
0.052752603777574014
0.05261702806663421
0.05248200950999318
0.05234754525729432
0.05221363247376025
0.05208026834012204
0.051947450052548465
0.05181517482257492
0.05168343987703226
0.051552242457975794
0.05142157982261407
0.051291449243237745
0.051161848007148764
0.051032773416588226
0.05090422278866631
0.050776193455290226
0.05064868276309363
0.0505216880733649
0.05039520676197673
0.05026923621931433
0.05014377385020497
0.05001881707384654
0.049894363323737013
