0.633460627250136
0.6987035188453661
0.6773333695292991
0.6558157270433367
0.6348021209599265
0.6149786173026275
0.5969700328034446
0.5812359546012096
0.5680043087829495
0.5572647221715208
0.5488162000156577
0.5423425227435739
0.5374860593707155
0.533902020652961
0.5312889616360779
0.5294000130715207
0.5280419600004093
0.5270683283767602
0.5263705577394362
0.5258694668137427
0.5255079561841561
0.5252451814254032
0.5250520926040033
0.5249081121369221
0.5247987055847771
0.5247136275681117
0.524645666155017
0.5245897495142345
0.5245423130247637
0.5245008522562964
0.5244636079061975
0.5244293440755553
0.5243971923978658
0.524366542542867
0.5243369653363487
0.5243081587977448
0.5242799102705136
0.5242520698477187
0.5242245317231164
0.5241972211023297
0.5241700850143379
0.5241430858589768
0.5241161968738535
0.5240893989480002
0.5240626783806703
0.5240360253036386
0.524009432569474
0.5239828949672267
0.5239564086683152
0.5239299708343792
0.523903579339205
0.5238772325710678
0.5238509292918522
0.5238246685363152
0.5237984495397854
0.5237722716860538
0.5237461344696337
0.5237200374682799
0.5236939803228575
0.523667962722498
0.5236419843935747
0.523616045091452
0.5235901445942623
0.5235642826981719
0.523538459213748
0.5235126739631515
0.5234869267779438
0.5234612174973652
0.5234355459669684
0.5234099120375288
0.5233843155641702
0.5233587564056557
0.5233332344238137
0.5233077494830676
0.5232823014500507
0.5232568901932888
0.523231515582938
0.5232061774905674
0.5231808757889789
0.523155610352056
0.5231303810546397
0.5231051877724222
0.5230800303818597
0.5230549087600995
0.5230298227849164
0.523004772334662
0.5229797572882208
0.5229547775249723
0.5229298329247613
0.5229049233678693
0.522880048734994
0.5228552089072303
0.5228304037660519
0.5228056331932996
0.5227808970711694
0.5227561952822009
0.5227315277092689
0.5227068942355777
0.5226822947446519
0.522657729120332
0.5226331972467694
0.5226086990084213
0.5225842342900471
0.5225598029767055
0.5225354049537496
0.5225110401068258
0.5224867083218702
0.522462409485106
0.5224381434830421
0.5224139102024705
0.5223897095304639
0.5223655413543744
0.5223414055618322
0.5223173020407426
0.522293230679285
0.5222691913659125
0.5222451839893482
0.5222212084385853
0.5221972646028855
0.5221733523717769
0.5221494716350534
0.522125622282773
0.5221018042052563
0.522078017293086
0.5220542614371043
0.5220305365284129
0.5220068424583715
0.5219831791185954
0.5219595464009563
0.5219359441975793
0.5219123724008428
0.5218888309033763
0.5218653195980608
0.5218418383780259
0.5218183871366499
0.5217949657675577
0.5217715741646205
0.5217482122219543
0.5217248798339188
0.5217015768951161
0.5216783033003896
0.5216550589448234
0.521631843723741
0.5216086575327036
0.5215855002675096
0.5215623718241938
0.5215392720990254
0.5215162009885079
0.5214931583893776
0.521470144198602
0.5214471583133804
0.521424200631141
0.5214012710495406
0.5213783694664642
0.5213554957800232
0.5213326498885543
0.5213098316906193
0.5212870410850035
0.5212642779707142
0.5212415422469815
0.5212188338132548
0.5211961525692042
0.5211734984147179
0.5211508712499021
0.5211282709750795
0.5211056974907888
0.5210831506977834
0.5210606304970307
0.5210381367897109
0.5210156694772164
0.5209932284611506
0.5209708136433269
0.5209484249257677
0.5209260622107044
0.5209037254005753
0.5208814143980253
0.5208591291059046
0.5208368694272684
0.5208146352653756
0.5207924265236878
0.5207702431058687
0.5207480849157833
0.5207259518574965
0.5207038438352725
0.5206817607535743
0.5206597025170622
0.5206376690305937
0.5206156601992216
0.520593675928194
0.5205717161229534
0.520549780689135
0.5205278695325674
0.5205059825592697
0.5204841196754532
0.5204622807875177
0.520440465802053
0.5204186746258376
0.5203969071658363
0.5203751633292016
0.5203534430232715
0.5203317461555691
0.5203100726338014
0.5202884223658594
0.5202667952598165
0.5202451912239278
0.5202236101666293
0.520202051996538
0.5201805166224496
0.5201590039533386
0.5201375138983574
0.520116046366836
0.5200946012682801
0.5200731785123713
0.5200517780089657
0.5200303996680937
0.5200090433999587
0.5199877091149367
0.5199663967235757
0.5199451061365942
0.5199238372648807
0.5199025900194941
0.5198813643116611
0.519860160052777
0.5198389771544037
0.5198178155282702
0.5197966750862706
0.5197755557404642
0.5197544574030748
0.5197333799864895
0.5197123234032582
0.5196912875660928
0.5196702723878668
0.5196492777816138
0.5196283036605278
0.5196073499379618
0.5195864165274267
0.5195655033425922
0.5195446102972839
0.5195237373054844
0.5195028842813318
0.5194820511391187
0.5194612377932923
0.519440444158453
0.519419670149354
0.5193989156809006
0.5193781806681493
0.5193574650263078
0.519336768670733
0.5193160915169315
0.5192954334805585
0.5192747944774169
0.5192541744234572
0.5192335732347757
0.5192129908276153
0.5191924271183632
0.5191718820235518
0.519151355459857
0.5191308473440976
0.5191103575932353
0.5190898861243728
0.5190694328547545
0.5190489977017647
0.5190285805829282
0.5190081814159075
0.5189878001185052
0.51896743660866
0.5189470908044482
0.5189267626240829
0.5189064519859123
0.5188861588084202
0.5188658830102242
0.5188456245100757
0.5188253832268596
0.5188051590795925
0.5187849519874234
0.5187647618696318
0.5187445886456279
0.5187244322349519
0.5187042925572722
0.5186841695323869
0.5186640630802211
0.5186439731208267
0.5186238995743832
0.5186038423611948
0.5185838014016917
0.5185637766164283
0.5185437679260827
0.5185237752514569
0.5185037985134746
0.5184838376331823
0.5184638925317473
0.5184439631304577
0.5184240493507216
0.5184041511140667
0.5183842683421392
0.5183644009567033
0.5183445488796412
0.5183247120329509
0.5183048903387483
0.5182850837192627
0.51826529209684
0.5182455153939398
0.5182257535331353
0.5182060064371125
0.5181862740286702
0.518166556230719
0.5181468529662798
0.5181271641584853
0.5181074897305765
0.5180878296059049
0.5180681837079298
0.5180485519602192
0.5180289342864471
0.5180093306103957
0.5179897408559525
0.5179701649471106
0.5179506028079675
0.5179310543627255
0.5179115195356901
0.51789199825127
0.5178724904339758
0.5178529960084199
0.5178335148993161
0.5178140470314782
0.51779459232982
0.5177751507193544
0.5177557221251932
0.5177363064725454
0.5177169036867182
0.5176975136931147
0.5176781364172344
0.5176587717846723
0.5176394197211185
0.5176200801523567
0.5176007530042644
0.5175814382028122
0.517562135674063
0.5175428453441715
0.5175235671393832
0.5175043009860345
0.517485046810551
0.5174658045394487
0.5174465740993309
0.5174273554168901
0.5174081484189049
0.5173889530322422
0.5173697691838539
0.517350596800778
0.5173314358101372
0.5173122861391385
0.5172931477150726
0.5172740204653137
0.5172549043173176
0.517235799198623
0.5172167050368489
0.5171976217596956
0.5171785492949431
0.5171594875704506
0.5171404365141569
0.5171213960540775
0.5171023661183071
0.5170833466350161
0.517064337532452
0.5170453387389373
0.5170263501828705
0.5170073717927237
0.5169884034970436
0.5169694452244495
0.5169504969036339
0.516931558463361
0.5169126298324666
0.5168937109398571
0.5168748017145096
0.5168559020854702
0.5168370119818542
0.5168181313328455
0.5167992600676955
0.5167803981157226
0.5167615454063123
0.5167427018689156
0.5167238674330488
0.516705042028293
0.5166862255842937
0.5166674180307591
0.5166486192974615
0.516629829314234
0.5166110480109728
0.5165922753176341
0.5165735111642351
0.5165547554808525
0.5165360081976227
0.5165172692447403
0.5164985385524579
0.516479816051086
0.5164611016709911
0.5164423953425968
0.5164236969963818
0.5164050065628795
0.5163863239726783
0.51636764915642
0.5163489820447993
0.5163303225685641
0.516311670658514
0.5162930262454998
0.5162743892604229
0.5162557596342352
0.516237137297938
0.5162185221825812
0.5161999142192637
0.5161813133391315
0.516162719473378
0.5161441325532429
0.516125552510012
0.5161069792750161
0.5160884127796314
0.5160698529552773
0.516051299733417
0.5160327530455571
0.5160142128232454
0.5159956789980726
0.5159771515016696
0.515958630265708
0.5159401152218994
0.5159216063019947
0.5159031034377832
0.5158846065610925
0.5158661156037876
0.5158476304977704
0.5158291511749786
0.5158106775673864
0.5157922096070027
0.5157737472258703
0.515755290356067
0.5157368389297028
0.5157183928789207
0.5156999521358961
0.5156815166328356
0.5156630863019765
0.5156446610755867
0.5156262408859635
0.5156078256654336
0.5155894153463516
0.5155710098611007
0.515552609142091
0.5155342131217591
0.515515821732568
0.5154974349070061
0.515479052577587
0.5154606746768478
0.5154423011373501
0.5154239318916783
0.5154055668724394
0.5153872060122622
0.5153688492437968
0.5153504964997144
0.5153321477127062
0.5153138028154823
0.5152954617407728
0.5152771244213251
0.515258790789906
0.5152404607792972
0.515222134322299
0.5152038113517269
0.5151854918004116
0.515167175601199
0.5151488626869491
0.5151305529905356
0.5151122464448451
0.5150939429827768
0.5150756425372416
0.5150573450411623
0.5150390504274716
0.5150207586291128
0.5150024695790386
0.5149841832102104
0.5149658994555986
0.5149476182481806
0.5149293395209417
0.5149110632068733
0.514892789238973
0.5148745175502436
0.5148562480736936
0.5148379807423344
0.5148197154891825
0.5148014522472565
0.5147831909495777
0.5147649315291699
0.5147466739190576
0.5147284180522665
0.5147101638618226
0.5146919112807508
0.5146736602420756
0.51465541067882
0.5146371625240052
0.5146189157106487
0.5146006701717655
0.5145824258403666
0.5145641826494587
0.5145459405320434
0.5145276994211163
0.5145094592496677
0.5144912199506806
0.5144729814571309
0.5144547437019865
0.5144365066182071
0.514418270138743
0.5144000341965356
0.5143817987245153
0.5143635636556024
0.5143453289227058
0.5143270944587222
0.5143088601965364
0.5142906260690198
0.5142723920090303
0.5142541579494119
0.5142359238229935
0.5142176895625895
0.5141994551009972
0.5141812203709989
0.514162985305359
0.5141447498368247
0.5141265138981251
0.5141082774219707
0.5140900403410528
0.5140718025880425
0.5140535640955914
0.5140353247963294
0.5140170846228655
0.5139988435077866
0.5139806013836565
0.5139623581830165
0.513944113838384
0.5139258682822523
0.5139076214470897
0.5138893732653389
0.5138711236694173
0.5138528725917155
0.5138346199645973
0.5138163657203982
0.5137981097914268
0.5137798521099619
0.5137615926082539
0.5137433312185228
0.5137250678729586
0.5137068025037204
0.5136885350429357
0.5136702654227002
0.5136519935750774
0.5136337194320973
0.513615442925756
0.5135971639880161
0.5135788825508054
0.513560598546016
0.5135423119055047
0.5135240225610915
0.5135057304445598
0.5134874354876562
0.5134691376220879
0.5134508367795251
0.5134325328915977
0.5134142258898972
0.5133959157059739
0.5133776022713382
0.5133592855174592
0.513340965375764
0.5133226417776375
0.5133043146544222
0.5132859839374166
0.5132676495578761
0.5132493114470111
0.5132309695359871
0.5132126237559246
0.5131942740378979
0.5131759203129346
0.5131575625120153
0.5131392005660732
0.5131208344059933
0.513102463962612
0.5130840891667164
0.5130657099490441
0.5130473262402824
0.5130289379710677
0.5130105450719855
0.5129921474735695
0.5129737451063004
0.5129553379006069
0.512936925786864
0.5129185086953928
0.5129000865564602
0.5128816593002781
0.5128632268570026
0.5128447891567345
0.5128263461295176
0.5128078977053392
0.5127894438141285
0.5127709843857571
0.5127525193500382
0.5127340486367253
0.5127155721755133
0.5126970898960364
0.5126786017278679
0.5126601076005207
0.5126416074434459
0.5126231011860324
0.5126045887576064
0.5125860700874311
0.5125675451047059
0.5125490137385662
0.5125304759180825
0.5125119315722607
0.5124933806300405
0.5124748230202953
0.5124562586718324
0.5124376875133916
0.5124191094736448
0.512400524481196
0.5123819324645804
0.5123633333522641
0.5123447270726432
0.5123261135540443
0.5123074927247222
0.5122888645128616
0.5122702288465747
0.512251585653902
0.5122329348628111
0.5122142764011965
0.5121956101968789
0.5121769361776047
0.5121582542710461
0.5121395644047996
0.5121208665063861
0.5121021605032507
0.5120834463227617
0.51206472389221
0.5120459931388089
0.5120272539896938
0.5120085063719216
0.5119897502124697
0.5119709854382357
0.5119522119760377
0.5119334297526131
0.5119146386946178
0.5118958387286267
0.511877029781132
0.511858211778544
0.5118393846471896
0.5118205483133121
0.5118017027030711
0.5117828477425417
0.5117639833577136
0.5117451094744915
0.5117262260186941
0.5117073329160533
0.5116884300922145
0.5116695174727358
0.5116505949830867
0.511631662548649
0.5116127200947156
0.5115937675464897
0.5115748048290851
0.5115558318675251
0.511536848586742
0.5115178549115773
0.5114988507667806
0.5114798360770092
0.5114608107668277
0.5114417747607075
0.5114227279830263
0.511403670358068
0.5113846018100215
0.5113655222629807
0.511346431640944
0.5113273298678136
0.5113082168673952
0.5112890925633977
0.5112699568794323
0.5112508097390123
0.5112316510655525
0.5112124807823684
0.511193298812677
0.5111741050795945
0.5111548995061374
0.5111356820152207
0.5111164525296588
0.5110972109721638
0.5110779572653456
0.5110586913317113
0.5110394130936651
0.511020122473507
0.511000819393433
0.5109815037755348
0.5109621755417982
0.5109428346141041
0.5109234809142269
0.5109041143638342
0.510884734884487
0.5108653423976387
0.5108459368246344
0.5108265180867105
0.5108070861049953
0.5107876408005064
0.5107681820941528
0.5107487099067318
0.5107292241589306
0.5107097247713247
0.5106902116643777
0.5106706847584409
0.5106511439737529
0.5106315892304387
0.5106120204485096
0.5105924375478629
0.5105728404482804
0.5105532290694295
0.5105336033308612
0.5105139631520105
0.5104943084521958
0.5104746391506176
0.5104549551663599
0.5104352564183876
0.5104155428255471
0.5103958143065659
0.5103760707800514
0.5103563121644912
0.5103365383782521
0.5103167493395797
0.5102969449665984
0.5102771251773099
0.5102572898895934
0.5102374390212053
0.5102175724897782
0.5101976902128205
0.5101777921077161
0.5101578780917237
0.5101379480819764
0.5101180019954814
0.5100980397491188
0.5100780612596421
0.5100580664436769
0.5100380552177204
0.5100180274981421
0.5099979832011814
0.5099779222429479
0.5099578445394222
0.509937750006453
0.5099176385597585
0.5098975101149248
0.5098773645874062
0.5098572018925236
0.5098370219454655
0.5098168246612859
0.5097966099549045
0.5097763777411066
0.5097561279345418
0.5097358604497242
0.5097155752010311
0.5096952721027026
0.509674951068842
0.5096546120134142
0.5096342548502457
0.5096138794930236
0.509593485855296
0.5095730738504698
0.5095526433918123
0.5095321943924491
0.5095117267653635
0.5094912404233973
0.5094707352792491
0.5094502112454735
0.509429668234482
0.5094091061585408
0.5093885249297714
0.5093679244601493
0.509347304661504
0.5093266654455181
0.5093060067237267
0.5092853284075172
0.5092646304081282
0.5092439126366496
0.5092231750040208
0.5092024174210319
0.5091816397983214
0.509160842046377
0.5091400240755337
0.5091191857959744
0.5090983271177288
0.5090774479506724
0.5090565482045265
0.5090356277888575
0.509014686613076
0.5089937245864365
0.5089727416180366
0.5089517376168167
0.5089307124915585
0.5089096661508857
0.5088885985032625
0.5088675094569929
0.5088463989202204
0.5088252668009275
0.5088041130069347
0.5087829374459003
0.5087617400253189
0.5087405206525218
0.5087192792346757
0.5086980156787824
0.5086767298916774
0.5086554217800309
0.5086340912503444
0.5086127382089534
0.5085913625620236
0.5085699642155523
0.5085485430753673
0.5085270990471251
0.5085056320363114
0.5084841419482404
0.5084626286880534
0.5084410921607184
0.5084195322710297
0.5083979489236067
0.5083763420228935
0.5083547114731582
0.508333057178492
0.5083113790428083
0.5082896769698425
0.5082679508631509
0.50824620062611
0.5082244261619159
0.5082026273735829
0.5081808041639437
0.5081589564356486
0.5081370840911632
0.5081151870327697
0.5080932651625649
0.5080713183824594
0.5080493465941776
0.508027349699256
0.5080053275990432
0.5079832801946981
0.50796120738719
0.5079391090772974
0.5079169851656078
0.5078948355525152
0.5078726601382214
0.5078504588227335
0.507828231505864
0.5078059780872295
0.50778369846625
0.5077613925421479
0.5077390602139477
0.5077167013804735
0.5076943159403511
0.5076719037920034
0.5076494648336527
0.5076269989633179
0.5076045060788141
0.5075819860777522
0.5075594388575371
0.5075368643153673
0.5075142623482339
0.5074916328529198
0.5074689757259981
0.5074462908638319
0.5074235781625732
0.5074008375181613
0.5073780688263226
0.5073552719825692
0.5073324468821981
0.5073095934202898
0.5072867114917078
0.5072638009910974
0.5072408618128841
0.5072178938512738
0.5071948970002509
0.5071718711535768
0.5071488162047901
0.5071257320472046
0.5071026185739086
0.5070794756777631
0.5070563032514022
0.5070331011872307
0.5070098693774231
0.5069866077139232
0.5069633160884424
0.5069399943924585
0.5069166425172151
0.5068932603537197
0.5068698477927434
0.5068464047248186
0.5068229310402393
0.5067994266290586
0.5067758913810875
0.5067523251858953
0.5067287279328063
0.5067050995108999
0.5066814398090087
0.5066577487157178
0.5066340261193631
0.5066102719080303
0.5065864859695532
0.5065626681915132
0.5065388184612368
0.5065149366657956
0.5064910226920041
0.5064670764264184
0.5064430977553356
0.5064190865647913
0.5063950427405594
0.5063709661681498
0.5063468567328075
0.5063227143195111
0.5062985388129713
0.5062743300976296
0.5062500880576564
0.5062258125769508
0.5062015035391374
0.5061771608275661
0.5061527843253104
0.5061283739151656
0.5061039294796471
0.5060794509009896
0.506054938061145
0.5060303908417811
0.5060058091242802
0.5059811927897364
0.5059565417189562
0.5059318557924544
0.5059071348904547
0.5058823788928863
0.5058575876793836
0.5058327611292837
0.5058078991216253
0.5057830015351463
0.505758068248283
0.5057330991391678
0.5057080940856277
0.5056830529651822
0.5056579756550427
0.505632862032109
0.5056077119729687
0.5055825253538956
0.5055573020508468
0.505532041939462
0.505506744895061
0.505481410792642
0.5054560395068799
0.5054306309121244
0.5054051848823979
0.5053797012913936
0.5053541800124741
0.5053286209186686
0.5053030238826717
0.5052773887768409
0.5052517154731951
0.5052260038434121
0.5052002537588272
0.5051744650904305
0.5051486377088652
0.5051227714844257
0.5050968662870547
0.5050709219863427
0.5050449384515241
0.505018915551476
0.5049928531547161
0.5049667511294006
0.5049406093433209
0.5049144276639033
0.504888205958205
0.5048619440929134
0.504835641934342
0.5048092993484301
0.504782916200739
0.5047564923564509
0.5047300276803657
0.5047035220368986
0.5046769752900786
0.5046503873035455
0.5046237579405476
0.5045970870639389
0.5045703745361776
0.5045436202193229
0.5045168239750324
0.5044899856645608
0.5044631051487557
0.5044361822880562
0.5044092169424903
0.5043822089716714
0.5043551582347973
0.5043280645906463
0.5043009278975744
0.5042737480135145
0.5042465247959711
0.5042192581020198
0.5041919477883036
0.5041645937110301
0.5041371957259695
0.5041097536884503
0.5040822674533589
0.5040547368751342
0.5040271618077667
0.5039995421047946
0.5039718776193013
0.5039441682039126
0.5039164137107934
0.5038886139916452
0.5038607688977029
0.5038328782797316
0.5038049419880241
0.5037769598723977
0.5037489317821908
0.5037208575662602
0.503692737072978
0.5036645701502283
0.5036363566454041
0.5036080964054043
0.5035797892766303
0.5035514351049828
0.5035230337358589
0.5034945850141486
0.5034660887842308
0.5034375448899722
0.5034089531747206
0.5033803134813053
0.5033516256520306
0.5033228895286743
0.5032941049524832
0.5032652717641706
0.5032363898039119
0.5032074589113418
0.5031784789255503
0.5031494496850799
0.5031203710279208
0.5030912427915087
0.5030620648127199
0.5030328369278685
0.5030035589727025
0.5029742307824004
0.5029448521915667
0.5029154230342284
0.5028859431438325
0.5028564123532401
0.5028268304947243
0.5027971973999652
0.5027675129000468
0.5027377768254528
0.5027079890060627
0.5026781492711478
0.502648257449367
0.5026183133687634
0.5025883168567598
0.5025582677401546
0.5025281658451177
0.5024980109971875
0.5024678030212644
0.502437541741609
0.5024072269818369
0.5023768585649137
0.5023464363131525
0.502315960048208
0.5022854295910734
0.5022548447620749
0.5022242053808685
0.502193511266435
0.5021627622370752
0.5021319581104062
0.5021010987033571
0.5020701838321627
0.5020392133123618
0.5020081869587899
0.5019771045855767
0.5019459660061395
0.5019147710331809
0.5018835194786824
0.5018522111538993
0.501820845869358
0.5017894234348493
0.5017579436594247
0.5017264063513911
0.5016948113183057
0.5016631583669721
0.5016314473034342
0.501599677932972
0.5015678500600963
0.5015359634885438
0.5015040180212724
0.5014720134604552
0.5014399496074766
0.5014078262629257
0.5013756432265929
0.5013434002974633
0.501311097273712
0.5012787339526991
0.5012463101309634
0.5012138256042187
0.501181280167347
0.5011486736143937
0.5011160057385626
0.5010832763322093
0.501050485186837
0.5010176320930902
0.5009847168407494
0.5009517392187259
0.5009186990150547
0.5008855960168914
0.5008524300105044
0.5008192007812696
0.5007859081136656
0.500752551791267
0.500719131596739
0.5006856473118314
0.5006520987173728
0.5006184855932648
0.500584807718476
0.5005510648710363
0.50051725682803
0.5004833833655913
0.5004494442588963
0.5004154392821586
0.5003813682086227
0.5003472308105574
0.5003130268592498
0.5002787561249994
0.5002444183771112
0.5002100133838906
0.5001755409126354
0.5001410007296307
0.5001063926001423
0.50007171628841
0.5000369715576408
0.5000021581700035
0.4999672758866212
0.49993232446756514
0.4998973036718478
0.49986221325741664
0.4998270529811476
0.4997918225988375
0.4997565218651981
0.49972115053384947
0.49968570835731213
0.4996501950870018
0.4996146104732211
0.49957895426515303
0.4995432262108546
0.49950742605724946
0.4994715535501205
0.4994356084341036
0.49939959045268
0.49936349934816926
0.4993273348617222
0.499291096733314
0.49925478470173634
0.4992183985045904
0.4991819378782801
0.499145402558004
0.49910879227774857
0.4990721067702803
0.4990353457671387
0.4989985089986284
0.49896159619381236
0.49892460708050324
0.4988875413852568
0.49885039883336413
0.49881317914884393
0.4987758820544341
0.4987385072715856
0.4987010545204531
0.4986635235198884
0.4986259139874319
0.49858822563930505
0.49855045819040245
0.49851261135428404
0.4984746848431669
0.49843667836791733
0.4983985916380429
0.4983604243616846
0.49832217624560826
0.4982838469951969
0.4982454363144424
0.4982069439059369
0.4981683694708656
0.4981297127089973
0.49809097331867697
0.498052150996817
0.498013245438889
0.49797425633891484
0.49793518338945975
0.49789602628162205
0.49785678470502553
0.4978174583478105
0.49777804689662625
0.497738550036621
0.4976989674514341
0.4976592988231876
0.49761954383247664
0.4975797021583614
0.49753977347835804
0.49749975746843
0.4974596538029791
0.4974194621548368
0.49737918219525495
0.49733881359389714
0.49729835601882943
0.49725780913651196
0.49721717261178877
0.49717644610788
0.49713562928637184
0.49709472180720793
0.49705372332867953
0.4970126335074171
0.49697145199838044
0.49693017845484977
0.49688881252841605
0.496847353868972
0.4968058021247025
0.4967641569420751
0.496722417965831
0.49668058483897465
0.4966386572027655
0.49659663469670723
0.49655451695853936
0.49651230362422605
0.4964699943279484
0.49642758870209325
0.4963850863772437
0.49634248698217037
0.4962997901438206
0.49625699548730867
0.4962141026359067
0.49617111121103386
0.4961280208322478
0.4960848311172327
0.49604154168179143
0.49599815213983445
0.49595466210336947
0.4959110711824925
0.4958673789853767
0.49582358511826297
0.49577968918544957
0.495735690789282
0.4956915895301425
0.49564738500644057
0.49560307681460136
0.4955586645490573
0.4955141478022363
0.4954695261645513
0.4954247992243916
0.4953799665681102
0.49533502778001515
0.49528998244235856
0.4952448301353253
0.495199570437024
0.49515420292347506
0.49510872716860144
0.4950631427442167
0.4950174492200156
0.49497164616356254
0.494925733140282
0.49487970971344597
0.49483357544416584
0.4947873298913792
0.4947409726118406
0.4946945031601103
0.4946479210885436
0.4946012259472793
0.49455441728423016
0.4945074946450708
0.4944604575732277
0.49441330560986746
0.4943660382938867
0.4943186551619003
0.49427115574823105
0.49422353958489823
0.49417580620160706
0.494127955125737
0.4940799858823312
0.4940318979940851
0.4939836909813358
0.4939353643620503
0.49388691765181525
0.4938383503638242
0.4937896620088684
0.49374085209532426
0.49369192012914254
0.4936428656138376
0.49359368805047493
0.4935443869376613
0.49349496177153274
0.4934454120457431
0.49339573725145347
0.49334593687732026
0.4932960104094843
0.49324595733155857
0.4931957771246186
0.49314546926718916
0.4930950332352345
0.49304446850214595
0.49299377453873094
0.4929429508132017
0.4928919967911639
0.4928409119356043
0.4927896957068807
0.49273834756271007
0.49268686695815656
0.49263525334562064
0.4925835061748273
0.49253162489281527
0.49247960894392495
0.4924274577697868
0.49237517080931026
0.49232274749867266
0.49227018727130717
0.4922174895578914
0.49216465378633617
0.4921116793817739
0.49205856576654805
0.49200531236019923
0.4919519185794568
0.4918983838382257
0.4918447075475748
0.4917908891157267
0.49173692794804563
0.4916828234470251
0.4916285750122789
0.49157418204052705
0.491519643925586
0.49146496005835716
0.4914101298268147
0.4913551526159954
0.491300027807986
0.491244754781913
0.49118933291393074
0.49113376157721056
0.49107804014192846
0.49102216797525544
0.4909661444413452
0.49090996890132316
0.4908536407132752
0.4907971592322367
0.4907405238101813
0.4906837337960097
0.49062678853553854
0.49056968737148965
0.4905124296434785
0.49045501468800384
0.4903974418384358
0.490339710425006
0.490281819774796
0.49022376921172617
0.4901655580565456
0.4901071856268207
0.49004865123692487
0.4899899541980274
0.48993109381808236
0.48987206940181927
0.4898128802507312
0.4897535256630649
0.4896940049338099
0.4896343173546883
0.48957446221414425
0.4895144387973337
0.48945424638611346
0.4893938842590319
0.48933335169131803
0.48927264795487146
0.48921177231825247
0.4891507240466717
0.48908950240198074
0.4890281066426613
0.488966536023816
0.48890478979715823
0.4888428672110031
0.48878076751025656
0.48871848993640693
0.48865603372751487
0.4885933981182039
0.48853058233965124
0.48846758561957837
0.48840440718224193
0.488341046248424
0.4882775020354243
0.48821377375705016
0.48814986062360766
0.4880857618418933
0.4880214766151854
0.4879570041432347
0.4878923436222563
0.48782749424492233
0.48776245520035083
0.4876972256741008
0.48763180484816165
0.4875661919009463
0.48750038600728335
0.48743438633840863
0.48736819206195786
0.4873018023419592
0.4872352163388255
0.4871684332093475
0.4871014521066857
0.4870342721803642
0.48696689257626335
0.48689931243661244
0.48683153089998377
0.48676354710128616
0.48669536017175663
0.48662696923895715
0.4865583734267662
0.48648957185537334
0.4864205636412731
0.48635134789726037
0.4862819237324233
0.4862122902521388
0.48614244655806726
0.48607239174814687
0.486002124916589
0.485931645153874
0.4858609515467454
0.4857900431782065
0.48571891912751564
0.4856475784701821
0.48557602027796215
0.4855042436188555
0.48543224755710224
0.4853600311531782
0.4852875934637926
0.4852149335418854
0.4851420504366241
0.48506894319340094
0.4849956108538309
0.4849220524557497
0.4848482670332113
0.4847742536164869
0.4847000112320628
0.48462553890263943
0.4845508356471299
0.48447590048066047
0.4844007324145677
0.4843253304564004
0.4842496936099179
0.4841738208750912
0.4840977112481025
0.48402136372134663
0.48394477728343155
0.48386795091917917
0.483790883609627
0.4837135743320304
0.4836360220598636
0.48355822576282287
0.4834801844068275
0.48340189695402436
0.48332336236279
0.48324457958773404
0.48316554757970276
0.48308626528578386
0.4830067316493095
0.4829269456098614
0.4828469061032763
0.48276661206165006
0.48268606241334416
0.48260525608299076
0.4825241919914992
0.4824428690560629
0.48236128619016494
0.4822794423035872
0.48219733630241596
0.4821149670890511
0.4820323335622133
0.4819494346169538
0.4818662691446623
0.4817828360330768
0.4816991341662933
0.481615162424776
0.48153091968536765
0.48144640482129997
0.4813616167022059
0.48127655419413035
0.48119121615954247
0.481105601457349
0.4810197089429057
0.48093353746803197
0.48084708588102343
0.4807603530266675
0.48067333774625676
0.4805860388776043
0.4804984552550599
0.4804105857095251
0.48032242906846984
0.4802339841559498
0.48014524979262363
0.48005622479576965
0.47996690797930575
0.4798772981538072
0.4797873941265261
0.4796971947014111
0.479606698679128
0.4795159048570796
0.47942481202942866
0.4793334189871177
0.47924172451789276
0.47914972740632533
0.4790574264338366
0.4789648203787201
0.4788719080161681
0.4787786881182946
0.47868515945416196
0.4785913207898069
0.47849717088826704
0.4784027085096085
0.478307932410953
0.4782128413465073
0.4781174340675916
0.47802170932266874
0.4779256658573757
0.47782930241455324
0.47773261773427805
0.4776356105538939
0.47753827960804596
0.4774406236287121
0.47734264134523857
0.47724433148437373
0.47714569277030333
0.4770467239246864
0.4769474236666926
0.4768477907130377
0.4767478237780239
0.4766475215735759
0.4765468828092821
0.4764459061924331
0.476344590428064
0.4762429342189938
0.47614093626586873
0.4760385952672052
0.4759359099194317
0.475832878916935
0.475729500952104
0.4756257747153747
0.4755216988952786
0.47541727217848806
0.47531249324986474
0.47520736079250864
0.47510187348780675
0.4749960300154843
0.4748898290536543
0.4747832692788707
0.47467634936618014
0.47456906798917503
0.4744614238200483
0.47435341552964794
0.47424504178753246
0.47413630126202805
0.47402719262028487
0.47391771452833653
0.47380786565115807
0.4736976446527256
0.4735870501960779
0.4734760809433766
0.4733647355559699
0.4732530126944544
0.47314091101873995
0.4730284291881136
0.47291556586130684
0.4728023196965603
0.47268868935169245
0.4725746734841677
0.47246027075116526
0.4723454798096488
0.4722302993164389
0.472114727928283
0.4719987643019295
0.47188240709420054
0.471765654962067
0.471648506562724
0.47153096055366583
0.4714130155927654
0.47129467033835054
0.4711759234492836
0.47105677358504155
0.4709372194057969
0.4708172595724987
0.47069689274695636
0.4705761175919222
0.4704549327711765
0.4703333369496131
0.47021132879332506
0.47008890696969297
0.46996607014747244
0.4698428169968833
0.4697191461896998
0.46959505639934207
0.46947054630096746
0.46934561457156365
0.46922025989004207
0.4690944809373336
0.4689682763964833
0.4688416449527477
0.4687145852936917
0.4685870961092873
0.4684591760920133
0.4683308239369555
0.4682020383419075
0.46807281800747336
0.46794316163717037
0.4678130679375336
0.46768253561822015
0.46755156339211545
0.4674201499754401
0.467288294087857
0.46715599445258055
0.4670232497964857
0.4668900588502187
0.466756420348308
0.466622333029277
0.4664877956357564
0.46635280691459824
0.466217365616992
0.4660814704985781
0.4659451203195664
0.4658083138448525
0.46567104984413676
0.46553332709204237
0.46539514436823715
0.46525650045755207
0.4651173941501047
0.4649778242414213
0.46483778953255894
0.4646972888302312
0.4645563209469322
0.4644148847010623
0.4642729789170545
0.46413060242550247
0.46398775406328685
0.463844432673706
0.4637006371066038
0.46355636621850127
0.46341161887272586
0.4632663939395447
0.4631206902962962
0.4629745068275229
0.4628278424251056
0.46268069598839734
0.4625330664243588
0.4623849526476937
0.46223635358098536
0.4620872681548326
0.46193769530798867
0.46178763398749845
0.4616370831488374
0.4614860417560501
0.4613345087818908
0.46118248320796323
0.4610299640248615
0.4608769502323109
0.46072344083931044
0.4605694348642742
0.46041493133517397
0.4602599292896832
0.4601044277753191
0.4599484258495873
0.45979192258012597
0.45963491704484966
0.4594774083320949
0.459319395540765
0.45916087778047543
0.4590018541716997
0.4588423238459148
0.45868228594574806
0.45852173962512277
0.45836068404940555
0.4581991183955519
0.45803704185225425
0.45787445362008794
0.4577113529116589
0.4575477389517498
0.4573836109774686
0.4572189682383942
0.45705380999672457
0.45688813552742313
0.45672194411836664
0.4565552350704916
0.4563880076979404
0.4562202613282098
0.45605199530229523
0.4558832089748392
0.45571390171427606
0.4555440729029785
0.45537372193740283
0.45520284822823454
0.45503145120053357
0.45485953029387716
0.45468708496250687
0.4545141146754701
0.4543406189167646
0.4541665971854811
0.4539920489959449
0.45381697387785935
0.45364137137644556
0.45346524105258407
0.4532885824829544
0.45311139526017424
0.4529336789929391
0.45275543330615914
0.4525766578410971
0.45239735225550437
0.45221751622375717
0.4520371494369902
0.4518562516032319
0.451674822447536
0.4514928617121153
0.4513103691564702
0.45112734455752107
0.45094378770973664
0.4507596984252603
0.45057507653403894
0.4503899218839475
0.4502042343409134
0.45001801378903983
0.44983126013072805
0.4496439732867976
0.4494561531966057
0.4492677998181656
0.4490789131282624
0.44888949312256954
0.4486995398157608
0.44850905324162377
0.44831803345317045
0.4481264805227458
0.4479343945421353
0.4477417756226715
0.4475486238953379
0.4473549395108713
0.44716072263986256
0.4469659734728563
0.4467706922204472
0.4465748791133761
0.4463785344026233
0.4461816583595002
0.4459842512757384
0.4457863134635789
0.4455878452558558
0.4453888470060822
0.4451893190885299
0.44498926189831023
0.44478867585145
0.4445875613849686
0.44438591895694923
0.4441837490466109
0.4439810521543762
0.44377782880193806
0.4435740795323229
0.44336980490995315
0.4431650055207057
0.4429596819719688
0.4427538348926968
0.44254746493346075
0.44234057276649963
0.4421331590857647
0.4419252246069664
0.4417167700676139
0.441507796227055
0.4412983038665122
0.44108829378911696
0.44087776681993995
0.44066672380601984
0.4404551656163888
0.4402430931420952
0.4400305072962231
0.43981740901391053
0.43960379925236226
0.439389678990863
0.4391750492307843
0.43895991099559156
0.43874426533084576
0.4385281133042034
0.438311456005414
0.4380942945463129
0.4378766300608127
0.4376584637048908
0.4374397966565742
0.43722063011592144
0.4370009653049999
0.4367808034678632
0.43656014587052183
0.4363389938009142
0.4361173485688705
0.43589521150607785
0.4356725839660388
0.435449467324028
0.43522586297704674
0.4350017723437717
0.4347771968645031
0.43455213800110826
0.43432659723696204
0.434100576076884
0.4338740760470738
0.4336470986950405
0.4334196455895313
0.4331917183204558
0.4329633184988069
0.432734447756579
0.432505107746683
0.4322753001428567
0.43204502663957445
0.43181428895195084
0.4315830888156431
0.4313514279867491
0.43111930824170286
0.43088673137716693
0.43065369920991947
0.430420213576742
0.43018627633429973
0.42995188935902195
0.4297170545469771
0.42948177381374597
0.4292460490942903
0.42900988234282056
0.4287732755326572
0.42853623065609203
0.42829874972424486
0.4280608347669167
0.4278224878324403
0.4275837109875286
0.427344506317118
0.4271048759242107
0.42686482192971215
0.42662434647226716
0.42638345170809155
0.4261421398108019
0.4259004129712418
0.42565827339730494
0.42541572331375604
0.4251727649620484
0.4249294006001386
0.4246856325022978
0.42444146295892216
0.42419689427633733
0.42395192877660387
0.42370656879731705
0.42346081669140484
0.4232146748269232
0.4229681455868497
0.422721231368873
0.42247393458518084
0.4222262576622442
0.42197820304060096
0.4217297731746352
0.4214809705323553
0.42123179759516793
0.4209822568576527
0.4207323508273313
0.4204820820244355
0.42023145298167386
0.41998046624399527
0.4197291243683496
0.41947742992344766
0.41922538548951854
0.4189729936580642
0.41872025703161286
0.4184671782234706
0.41821375985746945
0.417960004567715
0.41770591499833265
0.41745149380321017
0.41719674364573955
0.4169416671985581
0.4166862671432854
0.4164305461702608
0.41617450697827907
0.4159181522743222
0.4156614847732937
0.41540450719774735
0.4151472222776179
0.41488963274994706
0.41463174135861236
0.41437355085405025
0.41411506399298126
0.41385628353813175
0.41359721225795754
0.4133378529263622
0.41307820832241815
0.41281828123008446
0.412558074437925
0.41229759073882477
0.4120368329297058
0.41177580381124196
0.41151450618757424
0.41125294286602393
0.41099111665680466
0.4107290303727361
0.4104666868289548
0.41020408884262666
0.4099412392326559
0.40967814081939746
0.40941479642436646
0.40915120886994705
0.408887380979103
0.4086233155750865
0.4083590154811477
0.4080944835202427
0.4078297225147438
0.40756473528614756
0.4072995246547837
0.40703409343952407
0.4067684444574926
0.4065025805237735
0.40623650445112075
0.4059702190496686
0.405703727126641
0.4054370314860619
0.4051701349284663
0.40490304025061075
0.4046357502451862
0.40436826770052897
0.4041005954003339
0.4038327361233679
0.4035646926431834
0.40329646772783345
0.403028064139587
0.40275948463464484
0.4024907319628568
0.40222180886743963
0.40195271808469557
0.40168346234373176
0.40141404436618167
0.40114446686592575
0.4008747325488144
0.4006048441123926
0.40033480424562323
0.4000646156286145
0.3997942809323469
0.3995238028184005
0.3992531839386861
0.3989824269351758
0.39871153443963536
0.3984405090733572
0.398169353446897
0.3978980701598082
0.3976266618003827
0.397355130945387
0.39708348015980655
0.39681171199658505
0.39653982899637163
0.3962678336872643
0.3959957285845582
0.39572351619049406
0.3954511989940099
0.39517877947049207
0.3949062600815303
0.39463364327467293
0.3943609314831848
0.39408812712580704
0.3938152326065171
0.3935422503142928
0.39326918262287713
0.3929960318905448
0.39272280045987074
0.3924494906575011
0.3921761047939255
0.3919026451632515
0.3916291140429809
0.39135551369378874
0.39108184635930243
0.39080811426588563
0.39053431962242174
0.3902604646201001
0.3899865514322054
0.38971258221390714
0.38943855910205316
0.38916448421496325
0.3888903596522273
0.3886161874945022
0.3883419698033147
0.3880677086208627
0.38779340596982137
0.3875190638531507
0.38724468425390346
0.3869702691350376
0.3866958204392299
0.3864213400886912
0.38614682998498445
0.3858722920088443
0.3855977280200002
0.3853231398569993
0.3850485293370331
0.3847738982557668
0.3844992483871689
0.3842245814833442
0.3839498992743686
0.38367520346812595
0.38340049575014723
0.38312577778345175
0.38285105120839014
0.3825763176424894
0.38230157868030135
0.38202683589325087
0.3817520908294885
0.3814773450137432
0.3812025999471785
0.3809278571072501
0.3806531179475656
0.38037838389774625
0.3801036563632909
0.37982893672544155
0.37955422634105057
0.37927952654245184
0.3790048386373312
0.37873016390860037
0.3784555036142724
0.37818085898734016
0.37790623123565387
0.37763162154180435
0.3773570310630045
0.3770824609309754
0.37680791225183247
0.3765333861059742
0.3762588835479735
0.3759844056064682
0.37570995328405654
0.3754355275571923
0.37516112937608237
0.3748867596645859
0.374612419320115
0.37433810921353783
0.3740638301890819
0.37378958306424037
0.37351536862967954
0.3732411876491478
0.37296704085938587
0.3726929289700392
0.37241885266357155
0.3721448125951796
0.3718708093927103
0.3715968436565784
0.3713229159596859
0.37104902684734314
0.37077517683719013
0.37050136641912174
0.37022759605521105
0.36995386617963644
0.3696801771986084
0.3694065294902994
0.3691329234047719
0.3688593592639117
0.3685858373613586
0.36831235796244094
0.36803892130410965
0.3677655275948738
0.3674921770147384
0.3672188697151408
0.3669456058188907
0.36667238542010916
0.36639920858417035
0.3661260753476427
0.3658529857182312
0.3655799396747219
0.3653069371669258
0.36503397811562405
0.3647610624125141
0.36448818992015686
0.36421536047192393
0.3639425738719461
0.36366982989506214
0.3633971282867691
0.36312446876317206
0.3628518510109352
0.36257927468723405
0.3623067394197063
0.36203424480640606
0.3617617904157556
0.36148937578650026
0.36121700042766125
0.36094466381849166
0.3606723654084301
0.36040010461705724
0.36012788083405056
0.3598556934191408
0.3595835417020682
0.3593114249825388
0.3590393425301821
0.35876729358450726
0.3584952773548608
0.35822329302038364
0.35795133972996895
0.35767941660222
0.3574075227254074
0.35713565715742746
0.35686381892575936
0.35659200702742394
0.35632022042894096
0.35604845806628704
0.35577671884485346
0.35550500163940346
0.35523330529403113
0.3549616286221172
0.35468997040628764
0.3544183293983696
0.35414670431934925
0.35387509385932814
0.35360349667748003
0.3533319114020057
0.3530603366300908
0.3527887709278599
0.35251721283033205
0.3522456608413765
0.3519741134336652
0.35170256904862934
0.3514310260964113
0.3511594829558177
0.35088793797427387
0.35061638946777407
0.3503448357208345
0.3500732749864437
0.34980170548601447
0.3495301254093323
0.3492585329145066
0.34898692612791815
0.348715303144168
0.34844366202602556
0.3481720008043755
0.3479003174781633
0.34762861001434164
0.34735687634781587
0.347085114381387
0.3468133219856962
0.34654149699916675
0.34626963722794746
0.34599774044585285
0.345725804394303
0.3454538267822653
0.3451818052861912
0.34490973754995546
0.34463762118479335
0.344365453769236
0.34409323284904725
0.34382095593715706
0.34354862051359664
0.3432762240254298
0.34300376388668613
0.3427312374782917
0.34245864214799904
0.34218597521031696
0.3419132339464379
0.3416404156041668
0.3413675173978462
0.3410945365082835
0.3408214700826733
0.3405483152345234
0.3402750690435761
0.34000172855573063
0.3397282907829642
0.339454752703251
0.33918111126048306
0.3389073633643861
0.3386335058904386
0.33835953567978655
0.3380854495391602
0.3378112442407868
0.33753691652230555
0.3372624630866796
0.3369878806021074
0.33671316570193344
0.3364383149845592
0.3361633250133509
0.33588819231654865
0.3356129133871729
0.33533748468293195
0.33506190262612656
0.33478616360355595
0.33451026396642086
0.33423420003022797
0.33395796807469136
0.3336815643436357
0.33340498504489624
0.3331282263502203
0.33285128439516665
0.33257415527900425
0.33229683506461266
0.3320193197783782
0.33174160541009245
0.3314636879128494
0.3311855632029414
0.3309072271597562
0.3306286756256718
0.3303499044059529
0.3300709092686448
0.3297916859444684
0.3295122301267162
0.32923253747114434
0.32895260359586875
0.32867242408125846
0.3283919944698292
0.3281113102661387
0.3278303669366794
0.32754915990977396
0.327267684575469
0.3269859362854292
0.326703910352834
0.32642160205227105
0.3261390066196327
0.32585611925201224
0.3255729351076008
0.32528944930558423
0.32500565692604183
0.3247215530098449
0.32443713255855666
0.3241523905343327
0.32386732185982375
0.32358192141807746
0.32329618405244254
0.3230101045664752
0.32272367772384525
0.3224368982482449
0.3221497608232978
0.32186226009247276
0.32157439065899457
0.3212861470857614
0.32099752389526204
0.320708515569495
0.32041911654989097
0.32012932123723653
0.3198391239916024
0.31954851913227184
0.31925750093767313
0.3189660636453156
0.3186742014517274
0.3183819085123979
0.31808917894172134
0.3177960068129476
0.3175023861581322
0.31720831096809377
0.3169137751923736
0.3166187727392002
0.31632329747545773
0.31602734322665954
0.3157309037769255
0.31543397286896496
0.3151365442040647
0.3148386114420824
0.3145401682014437
0.3142412080591486
0.31394172455078
0.3136417111705203
0.3133411613711742
0.3130400685641966
0.3127384261197305
0.3124362273666474
0.3121334655925986
0.3118301340440721
0.3115262259264574
0.3112217344041192
0.31091665260047774
0.3106109735980993
0.31030469043879294
0.3099977961237199
0.30969028361350787
0.30938214582837903
0.3090733756482843
0.30876396591304966
0.30845390942253326
0.30814319893679093
0.3078318271762559
0.3075197868219258
0.30720707051556534
0.3068936708599179
0.3065795804189315
0.30626479171799514
0.3059492972441897
0.3056330894465518
0.30531616073635104
0.30499850348738017
0.3046801100362616
0.30436097268276685
0.3040410836901517
0.3037204352855065
0.30339901966012167
0.3030768289698709
0.30275385533560895
0.3024300908435875
0.3021055275458877
0.3017801574608703
0.30145397257364454
0.30112696483655466
0.30079912616968535
0.3004704484613875
0.30014092356882105
0.2998105433185212
0.2994792995069828
0.2991471839012664
0.2988141882396252
0.29848030423215416
0.2981455235614621
0.2978098378833642
0.29747323882759924
0.29713571799857014
0.29679726697610814
0.2964578773162607
0.2961175405521056
0.2957762481945884
0.29543399173338825
0.2950907626378056
0.294746552357681
0.29440135232433795
0.294055153951554
0.2937079486365589
0.2933597277610631
0.29301048269231245
0.2926602047841732
0.29230888537824645
0.29195651580501286
0.2916030873850067
0.29124859143002096
0.29089301924434563
0.2905363621260343
0.2901786113682043
0.2898197582603705
0.2894597940898092
0.2890987101429569
0.28873649770684273
0.2883731480705531
0.28800865252673225
0.28764300237311563
0.2872761889141008
0.28690820346234996
0.2865390373404304
0.28616868188249
0.28579712843596944
0.28542436836334856
0.2850503930439316
0.2846751938756688
0.2842987622770132
0.28392108968881646
0.28354216757626216
0.28316198743083537
0.2827805407723296
0.28239781915089407
0.282013814149116
0.2816285173841422
0.28124192050983876
0.28085401521898906
0.28046479324552837
0.28007424636681805
0.27968236640595734
0.27928914523413284
0.27889457477300633
0.27849864699713894
0.2781013539364557
0.27770268767874434
0.2773026403721927
0.27690120422796427
0.2764983715228081
0.2760941346017066
0.27568848588055883
0.27528141784889915
0.2748729230726521
0.27446299419692083
0.2740516239488109
0.2736388051402865
0.27322453067106073
0.27280879353151927
0.272391586805674
0.27197290367414856
0.2715527374171965
0.27113108141774517
0.2707079291644725
0.2702832742549093
0.26985711039856886
0.26942943142010517
0.2690002312624927
0.2685695039902336
0.26813724379258635
0.2677034449868159
0.2672681020214668
0.2668312094796533
0.26639276208236995
0.2659527546918175
0.26551118231474585
0.2650680401058103
0.2646233233709409
0.26417702757072326
0.2637291483237886
0.2632796814102124
0.2628286227749199
0.2623759685310952
0.26192171496359445
0.26146585853236065
0.26100839587583613
0.2605493238143755
0.26008863935365195
0.25962633968805826
0.25916242220409863
0.25869688448377304
0.2582297243079454
0.2577609396597006
0.25729052872768315
0.2568184899094171
0.25634482181460616
0.25586952326840967
0.2553925933146935
0.25491403121925293
0.2544338364730041
0.2539520087951466
0.25346854813628666
0.25298345468152633
0.2524967288535113
0.2520083713154372
0.25151838297400986
0.251026764982361
0.25053351874291163
0.2500386459101839
0.24954214839356023
0.2490440283599817
0.24854428823658917
0.24804293071330277
0.2475399587453331
0.24703537555562824
0.24652918463725051
0.24602138975567864
0.24551199495103856
0.2450010045402534
0.24448842311911562
0.2439742555642771
0.24345850703515332
0.24294118297574174
0.24242228911635028
0.24190183147523334
0.24137981636013572
0.240856250369739
0.24033114039500889
0.23980449362044456
0.23927631752522258
0.23874661988423734
0.23821540876903602
0.23768269254864155
0.23714847989026974
0.23661277975992967
0.23607560142291373
0.23553695444416878
0.23499684868855242
0.23445529432097043
0.23391230180639055
0.23336788190974112
0.23282204569567927
0.23227480452824167
0.23172617007036575
0.23117615428328683
0.23062476942580737
0.23007202805343976
0.22951794301741724
0.2289625274635801
0.2284057948311276
0.22784775885124325
0.22728843354558825
0.22672783322466278
0.22616597248603915
0.2256028662124621
0.22503852956982032
0.22447297800498406
0.22390622724351694
0.2233382932872551
0.2227691924117578
0.22219894116363054
0.2216275563577183
0.2210550550741747
0.22048145465540328
0.21990677270287434
0.21933102707381993
0.21875423587780315
0.21817641747317146
0.2175975904633857
0.21701777369323602
0.21643698624493898
0.2158552474341217
0.2152725768056946
0.2146889941296131
0.21410451939653236
0.21351917281335658
0.21293297479868414
0.21234594597815257
0.21175810717968635
0.2111694794286471
0.2105800839428924
0.2099899421277442
0.2093990755708693
0.20880750603707682
0.2082152554630325
0.2076223459518966
0.20702879976788566
0.20643463933076323
0.20583988721026017
0.20524456612043218
0.2046486989139531
0.20405230857635132
0.20345541822018956
0.20285805107919552
0.2022602305023408
0.20166197994787902
0.20106332297734203
0.2004642832494961
0.19986488451426954
0.19926515060664507
0.19866510544053054
0.19806477300260372
0.19746417734614002
0.19686334258482374
0.19626229288654898
0.19566105246721255
0.19505964558450065
0.19445809653167861
0.19385642963137978
0.19325466922940424
0.19265283968852645
0.19205096538231572
0.19144907068897699
0.1908471799852081
0.19024531764008618
0.1896435080089779
0.18904177542748285
0.1884401442054096
0.18783863862079156
0.18723728291394218
0.18663610128155392
0.18603511787084454
0.1854343567737549
0.18483384202119654
0.1842335975773588
0.18363364733407214
0.18303401510523407
0.18243472462129828
0.1818357995238324
0.18123726336014195
0.1806391395779699
0.18004145152026624
0.1794442224200371
0.1788474753952709
0.17825123344394508
0.17765551943911678
0.17706035612409532
0.17646576610770526
0.1758717718596341
0.17527839570587175
0.17468565982424114
0.17409358624002136
0.17350219682166618
0.17291151327661738
0.1723215571472159
0.1717323498067101
0.1711439124553644
0.1705562661166673
0.1699694316336403
0.16938342966525055
0.16879828068292213
0.16821400496715555
0.16763062260424627
0.16704815348311114
0.16646661729221687
0.16588603351661457
0.1653064214350792
0.1647278001173548
0.16415018842150253
0.16357360499135806
0.1629980682540898
0.16242359641786597
0.1618502074696233
0.16127791917294237
0.16070674906602533
0.160136714459779
0.1595678324359996
0.15900011984566065
0.15843359330730267
0.1578682692055249
0.15730416368957548
0.15674129267204384
0.15617967182764914
0.15561931659212985
0.15506024216122657
0.1545024634897646
0.1539459952908271
0.1533908520350265
0.1528370479498649
0.15228459701918734
0.15173351298272622
0.1511838093357322
0.15063549932869508
0.15008859596714957
0.14954311201156656
0.14899905997732785
0.14845645213478253
0.1479153005093855
0.14737561688191286
0.14683741278875703
0.14630069952229774
0.1457654881313463
0.14523178942166534
0.144699613956558
0.14416897205752804
0.143639873805009
0.14311232903915913
0.14258634736072212
0.14206193813195114
0.1415391104775956
0.14101787328594753
0.1404982352099476
0.13998020466834663
0.1394637898469251
0.1389489986997647
0.13843583895057293
0.13792431809405845
0.13741444339735476
0.13690622190149326
0.13639966042291968
0.13589476555505664
0.13539154366990894
0.1348900009197089
0.13439014323860224
0.13389197634437222
0.13339550574019937
0.13290073671645736
0.13240767435254208
0.13191632351873214
0.1314266888780814
0.13093877488833927
0.13045258580389962
0.12996812567777577
0.12948539836360068
0.1290044075176501
0.12852515660088834
0.12804764888103573
0.1275718874346534
0.12709787514924978
0.1266256147254003
0.12615510867888574
0.12568635934284414
0.12521936886993612
0.12475413923452142
0.12429067223484844
0.1238289694952525
0.12336903246836207
0.12291086243731429
0.12245446051797641
0.12199982766117264
0.12154696465491538
0.12109587212664116
0.1206465505454475
0.12019900022433311
0.11975322132243756
0.11930921384728135
0.11886697765700531
0.1184265124626069
0.11798781783017513
0.11755089318312123
0.11711573780440568
0.11668235083875844
0.1162507312948962
0.11582087804773057
0.11539278984057028
0.1149664652873154
0.11454190287464285
0.11411910096418286
0.11369805779468584
0.1132787714841785
0.11286124003210964
0.11244546132148374
0.11203143312098363
0.11161915308707936
0.11120861876612624
0.11079982759644631
0.11039277691039966
0.10998746393643785
0.10958388580114617
0.10918203953126757
0.10878192205571376
0.10838353020755886
0.10798686072601792
0.10759191025840831
0.10719867536209476
0.10680715250641787
0.10641733807460377
0.10602922836565812
0.10564281959624112
0.10525810790252482
0.10487508934203271
0.10449375989545967
0.10411411546847506
0.10373615189350571
0.10335986493150036
0.10298525027367579
0.10261230354324201
0.10224102029711077
0.10187139602758206
0.1015034261640132
0.10113710607446665
0.10077243106734002
0.10040939639297468
0.10004799724524566
0.09968822876313177
0.09933008603226554
0.09897356408646317
0.09861865790923535
0.0982653624352782
0.09791367255194347
0.09756358310068997
0.09721508887851495
0.09686818463936514
0.09652286509552942
0.09617912491901037
0.09583695874287697
0.09549636116259808
0.0951573267373558
0.09481984999133974
0.09448392541502204
0.09414954746641291
0.09381671057229782
0.09348540912945388
0.09315563750584996
0.0928273900418253
0.0925006610512512
0.09217544482267331
0.09185173562043628
0.09152952768578812
0.09120881523796912
0.09088959247528033
0.0905718535761351
0.09025559270009294
0.08994080398887533
0.08962748156736394
0.08931561954458198
0.08900521201465761
0.08869625305777074
0.0883887367410831
0.08808265711965071
0.087778008237321
0.08747478412761162
0.08717297881457527
0.08687258631364653
0.08657360063247371
0.08627601577173419
0.08597982572593531
0.08568502448419822
0.08539160603102801
0.08509956434706709
0.08480889340983598
0.08451958719445607
0.08423163967436094
0.08394504482199133
0.08365979660947645
0.08337588900930104
0.08309331599495919
0.08281207154159312
0.0825321496266199
0.0822535442303432
0.08197624933655348
0.08170025893311378
0.08142556701253337
0.08115216757252837
0.08088005461657022
0.0806092221544212
0.08033966420265842
0.080071374785185
0.07980434793373062
0.07953857768833894
0.0792740580978445
0.07901078322033803
0.0787487471236203
0.07848794388564549
0.07822836759495314
0.07797001235108962
0.07771287226501963
0.07745694145952592
0.07720221406960054
0.07694868424282471
0.07669634613973936
0.07644519393420601
0.07619522181375768
0.07594642397994071
0.07569879464864714
0.07545232805043786
0.07520701843085738
0.07496286005073864
0.07471984718650021
0.07447797413043439
0.07423723519098734
0.07399762469303003
0.07375913697812239
0.07352176640476826
0.0732855073486636
0.07305035420293564
0.07281630137837615
0.07258334330366564
0.07235147442559156
0.07212068920925814
0.07189098213829066
0.07166234771503113
0.07143478046072846
0.07120827491572129
0.07098282563961456
0.07075842721144963
0.070535074229868
0.07031276131326886
0.07009148309996077
0.06987123424830667
0.06965200943686446
0.06943380336452036
0.06921661075061727
0.06900042633507797
0.06878524487852239
0.06857106116237977
0.0683578699889956
0.06814566618173364
0.06793444458507268
0.06772420006469863
0.06751492750759164
0.06730662182210892
0.06709927793806236
0.06689289080679217
0.06668745540123593
0.06648296671599313
0.06627941976738601
0.06607680959351571
0.06587513125431463
0.06567437983159499
0.06547455042909305
0.06527563817251003
0.06507763820954912
0.06488054570994878
0.06468435586551273
0.06448906389013617
0.06429466501982883
0.06410115451273468
0.06390852764914823
0.0637167797315282
0.06352590608450716
0.06333590205489917
0.0631467630117036
0.06295848434610692
0.06277106147148061
0.06258448982337782
0.06239876485952544
0.06221388205981531
0.06202983692629205
0.061846624983138074
0.06166424177665726
0.061482682875255046
0.061301943869417126
0.061122020371685154
0.06094290801663106
0.060764602460828335
0.06058709938282236
0.06041039448309726
0.06023448348404223
0.060059362129914716
0.059885026186802776
0.05971147144258491
0.05953869370688809
0.059366688811044815
0.059195452608047545
0.059024980972502
0.05885526980057914
0.058686315009964934
0.058518112539809077
0.05835065835067199
0.05818394842447108
0.058017978764424515
0.05785274539499477
0.05768824436182988
0.05752447173170455
0.05736142359245911
0.057199096052937604
0.05703748524292496
0.056876587313083
0.05671639843488481
0.0565569148005493
0.0563981326229731
0.056240048135663315
0.05608265759266794
0.05592595726850584
0.055769943458096355
0.05561461247668713
0.05545996065978196
0.05530598436306762
0.05515267996233948
0.05500004385342733
0.05484807245211946
0.05469676219408713
0.054546109534807416
0.0543961109494862
0.05424676293298024
0.054098061999718776
0.05395000468362425
0.05380258753803335
0.05365580713561672
0.05350966006829846
0.05336414294717562
0.05321925240243633
0.05307498508327878
0.05293133765782884
0.0527883068130574
0.05264588925469812
0.05250408170716399
0.05236288091346404
0.052222283635120006
0.05208228665208183
0.05194288676264397
0.0518040807833611
0.05166586554896305
0.05152823791227057
0.05139119474410998
0.0512547329332282
0.05111884938620778
0.050983541027381014
0.05084880479874486
0.050714637659875175
0.0505810365878412
0.050447998577119436
0.050315520639508414
0.05018359980404242
0.05005223311690574
0.04992141764134676
