0.5589246100854453
0.6209233012683832
0.600972399546944
0.5830245210342585
0.5676454395348958
0.5549753425709316
0.5449018264192277
0.537133903628211
0.5312920797689826
0.5269843160869695
0.5238545218274075
0.5216048378796125
0.5199996411873676
0.5188596116262112
0.5180519132076589
0.5174799822597456
0.5170745375605964
0.5167863196622167
0.516580518967172
0.516432636093932
0.5163254711606228
0.5162469651787931
0.5161886673017159
0.5161446536064286
0.516110767770094
0.516084089370336
0.5160625622625933
0.5160447351125307
0.5160295803128747
0.516016367595733
0.5160045757754368
0.5159938310628596
0.5159838638963077
0.5159744786804812
0.5159655325299377
0.5159569203002593
0.515948564015638
0.5159404053755835
0.5159324004225458
0.5159245157297527
0.5159167256616102
0.5159090103933834
0.5159013544704802
0.5158937457529312
0.5158861746362371
0.5158786334716299
0.515871116131128
0.5158636176784488
0.5158561341178868
0.5158486622010694
0.5158411992770287
0.5158337431749682
0.5158262921119185
0.5158188446194973
0.5158113994854616
0.5158039557067972
0.5157965124518813
0.5157890690298239
0.5157816248655326
0.5157741794793598
0.515766732470444
0.5157592835030409
0.5157518322952803
0.5157443786099059
0.5157369222466323
0.5157294630358327
0.5157220008333165
0.5157145355160067
0.5157070669783574
0.5156995951293863
0.515692119890211
0.5156846411920053
0.5156771589743033
0.5156696731835907
0.5156621837721341
0.5156546906970101
0.5156471939192964
0.515639693403401
0.5156321891165054
0.5156246810280994
0.5156171691095964
0.5156096533340131
0.5156021336757028
0.5155946101101339
0.5155870826137057
0.5155795511635959
0.5155720157376326
0.5155644763141881
0.515556932872092
0.5155493853905572
0.5155418338491188
0.5155342782275837
0.5155267185059889
0.5155191546645659
0.5155115866837117
0.5155040145439642
0.5154964382259832
0.5154888577105314
0.5154812729784628
0.5154736840107097
0.5154660907882727
0.515458493292214
0.515450891503649
0.5154432854037423
0.5154356749737011
0.5154280601947734
0.5154204410482428
0.5154128175154269
0.5154051895776749
0.515397557216365
0.5153899204129035
0.5153822791487227
0.5153746334052804
0.5153669831640588
0.5153593284065633
0.5153516691143216
0.5153440052688838
0.5153363368518218
0.5153286638447275
0.5153209862292146
0.515313303986916
0.5153056170994852
0.5152979255485949
0.5152902293159374
0.5152825283832237
0.5152748227321843
0.5152671123445678
0.5152593972021415
0.5152516772866909
0.5152439525800196
0.5152362230639493
0.5152284887203191
0.5152207495309864
0.5152130054778252
0.5152052565427274
0.5151975027076018
0.5151897439543747
0.5151819802649883
0.5151742116214025
0.5151664380055934
0.5151586593995533
0.5151508757852914
0.5151430871448327
0.5151352934602184
0.5151274947135054
0.5151196908867663
0.5151118819620899
0.5151040679215799
0.5150962487473559
0.5150884244215521
0.515080594926318
0.5150727602438185
0.5150649203562327
0.515057075245755
0.5150492248945936
0.5150413692849718
0.5150335083991266
0.5150256422193099
0.5150177707277868
0.5150098939068366
0.5150020117387525
0.5149941242058408
0.5149862312904219
0.514978332974829
0.5149704292414086
0.5149625200725204
0.5149546054505368
0.5149466853578434
0.5149387597768378
0.5149308286899302
0.5149228920795437
0.514914949928113
0.5149070022180855
0.5148990489319195
0.5148910900520861
0.5148831255610679
0.5148751554413585
0.5148671796754631
0.5148591982458988
0.5148512111351925
0.5148432183258831
0.5148352198005199
0.5148272155416632
0.5148192055318833
0.5148111897537615
0.5148031681898887
0.5147951408228665
0.5147871076353059
0.5147790686098284
0.5147710237290646
0.5147629729756551
0.5147549163322496
0.514746853781507
0.5147387853060956
0.5147307108886927
0.5147226305119837
0.514714544158664
0.5147064518114361
0.5146983534530125
0.514690249066112
0.5146821386334633
0.5146740221378023
0.5146658995618727
0.5146577708884257
0.5146496361002206
0.5146414951800241
0.5146333481106093
0.5146251948747573
0.5146170354552561
0.5146088698348996
0.5146006979964897
0.5145925199228335
0.5145843355967458
0.5145761450010469
0.5145679481185629
0.5145597449321264
0.5145515354245758
0.5145433195787547
0.5145350973775127
0.5145268688037046
0.5145186338401901
0.5145103924698349
0.514502144675508
0.5144938904400849
0.5144856297464449
0.5144773625774712
0.5144690889160528
0.5144608087450816
0.514452522047454
0.5144442288060705
0.5144359290038348
0.5144276226236552
0.5144193096484421
0.5144109900611101
0.5144026638445768
0.5143943309817626
0.5143859914555908
0.5143776452489877
0.5143692923448819
0.5143609327262042
0.5143525663758881
0.5143441932768688
0.5143358134120839
0.5143274267644722
0.5143190333169747
0.5143106330525338
0.5143022259540927
0.5142938120045966
0.5142853911869913
0.5142769634842239
0.5142685288792416
0.5142600873549925
0.5142516388944254
0.5142431834804893
0.5142347210961328
0.5142262517243054
0.5142177753479559
0.5142092919500325
0.5142008015134838
0.5141923040212567
0.5141837994562984
0.5141752878015546
0.5141667690399699
0.5141582431544881
0.5141497101280509
0.5141411699435992
0.5141326225840717
0.5141240680324055
0.5141155062715359
0.5141069372843956
0.5140983610539154
0.5140897775630233
0.5140811867946452
0.5140725887317037
0.5140639833571186
0.5140553706538069
0.5140467506046823
0.5140381231926547
0.5140294884006313
0.5140208462115147
0.5140121966082043
0.5140035395735951
0.5139948750905784
0.5139862031420407
0.5139775237108644
0.5139688367799271
0.5139601423321015
0.5139514403502559
0.5139427308172527
0.5139340137159498
0.5139252890291994
0.513916556739848
0.5139078168307367
0.5138990692847005
0.5138903140845685
0.5138815512131637
0.5138727806533023
0.5138640023877946
0.5138552163994439
0.5138464226710466
0.5138376211853927
0.5138288119252644
0.5138199948734368
0.5138111700126777
0.5138023373257475
0.5137934967953985
0.5137846484043752
0.5137757921354138
0.5137669279712427
0.5137580558945815
0.5137491758881414
0.5137402879346252
0.5137313920167266
0.5137224881171296
0.5137135762185105
0.5137046563035349
0.5136957283548597
0.5136867923551314
0.5136778482869875
0.5136688961330549
0.5136599358759506
0.5136509674982815
0.5136419909826437
0.5136330063116228
0.5136240134677935
0.5136150124337198
0.5136060031919545
0.5135969857250391
0.5135879600155034
0.5135789260458664
0.5135698837986342
0.5135608332563024
0.513551774401353
0.5135427072162569
0.5135336316834724
0.5135245477854448
0.5135154555046071
0.513506354823379
0.5134972457241679
0.5134881281893673
0.5134790022013577
0.5134698677425057
0.5134607247951648
0.5134515733416739
0.5134424133643586
0.5134332448455299
0.5134240677674848
0.5134148821125053
0.5134056878628592
0.5133964850007993
0.513387273508563
0.5133780533683733
0.5133688245624376
0.5133595870729475
0.5133503408820792
0.513341085971993
0.5133318223248335
0.5133225499227292
0.5133132687477914
0.513303978782116
0.5132946800077818
0.5132853724068507
0.513276055961368
0.5132667306533618
0.5132573964648424
0.5132480533778034
0.5132387013742201
0.5132293404360506
0.5132199705452345
0.5132105916836938
0.5132012038333318
0.5131918069760336
0.5131824010936656
0.5131729861680755
0.5131635621810917
0.5131541291145243
0.5131446869501631
0.5131352356697793
0.5131257752551237
0.5131163056879283
0.5131068269499042
0.513097339022743
0.5130878418881161
0.5130783355276736
0.5130688199230461
0.5130592950558426
0.5130497609076515
0.5130402174600402
0.5130306646945545
0.5130211025927189
0.5130115311360364
0.5130019503059879
0.5129923600840329
0.5129827604516081
0.5129731513901286
0.5129635328809862
0.5129539049055509
0.5129442674451694
0.512934620481166
0.5129249639948409
0.5129152979674718
0.512905622380313
0.5128959372145943
0.5128862424515227
0.5128765380722805
0.5128668240580262
0.512857100389894
0.5128473670489934
0.5128376240164093
0.512827871273202
0.5128181088004065
0.5128083365790328
0.5127985545900654
0.5127887628144638
0.5127789612331609
0.5127691498270645
0.5127593285770563
0.5127494974639915
0.5127396564686993
0.5127298055719818
0.5127199447546149
0.5127100739973478
0.5127001932809019
0.5126903025859717
0.5126804018932247
0.5126704911833007
0.5126605704368115
0.5126506396343405
0.5126406987564442
0.5126307477836503
0.5126207866964575
0.5126108154753369
0.51260083410073
0.5125908425530498
0.5125808408126802
0.5125708288599754
0.5125608066752605
0.5125507742388309
0.5125407315309521
0.5125306785318597
0.5125206152217587
0.5125105415808245
0.5125004575892017
0.5124903632270037
0.5124802584743138
0.5124701433111838
0.5124600177176343
0.5124498816736549
0.5124397351592028
0.5124295781542044
0.5124194106385539
0.5124092325921129
0.5123990439947114
0.5123888448261464
0.5123786350661828
0.5123684146945524
0.5123581836909538
0.5123479420350532
0.5123376897064825
0.5123274266848409
0.5123171529496934
0.5123068684805714
0.512296573256972
0.5122862672583586
0.5122759504641599
0.5122656228537693
0.5122552844065471
0.512244935101817
0.5122345749188686
0.5122242038369559
0.5122138218352972
0.5122034288930757
0.5121930249894382
0.5121826101034961
0.5121721842143236
0.5121617473009601
0.5121512993424068
0.5121408403176292
0.5121303702055555
0.512119888985077
0.5121093966350476
0.5120988931342837
0.5120883784615643
0.5120778525956302
0.5120673155151847
0.5120567671988925
0.5120462076253801
0.5120356367732354
0.5120250546210077
0.5120144611472072
0.5120038563303051
0.5119932401487332
0.5119826125808843
0.5119719736051107
0.5119613231997258
0.5119506613430024
0.5119399880131732
0.5119293031884307
0.5119186068469264
0.5119078989667718
0.5118971795260364
0.5118864485027499
0.5118757058748994
0.511864951620431
0.5118541857172498
0.5118434081432177
0.5118326188761556
0.5118218178938417
0.5118110051740119
0.5118001806943591
0.5117893444325342
0.5117784963661444
0.5117676364727537
0.5117567647298834
0.5117458811150104
0.5117349856055683
0.5117240781789466
0.5117131588124912
0.5117022274835027
0.5116912841692378
0.5116803288469084
0.5116693614936816
0.5116583820866791
0.5116473906029777
0.5116363870196083
0.5116253713135566
0.5116143434617619
0.511603303441118
0.5115922512284724
0.5115811868006254
0.5115701101343315
0.5115590212062984
0.5115479199931858
0.5115368064716074
0.5115256806181288
0.511514542409268
0.5115033918214955
0.5114922288312334
0.5114810534148557
0.5114698655486887
0.511458665209009
0.5114474523720449
0.5114362270139763
0.5114249891109328
0.5114137386389955
0.5114024755741955
0.5113911998925139
0.5113799115698827
0.5113686105821825
0.5113572969052446
0.5113459705148489
0.5113346313867252
0.5113232794965519
0.5113119148199559
0.5113005373325136
0.511289147009749
0.5112777438271345
0.5112663277600911
0.5112548987839862
0.5112434568741363
0.5112320020058044
0.5112205341542009
0.5112090532944833
0.5111975594017556
0.5111860524510683
0.5111745324174188
0.51116299927575
0.5111514530009511
0.5111398935678569
0.5111283209512478
0.5111167351258492
0.5111051360663321
0.5110935237473119
0.5110818981433489
0.5110702592289481
0.5110586069785581
0.5110469413665721
0.511035262367327
0.5110235699551031
0.5110118641041245
0.5110001447885578
0.5109884119825133
0.5109766656600436
0.5109649057951442
0.5109531323617524
0.5109413453337481
0.5109295446849527
0.5109177303891296
0.5109059024199831
0.5108940607511594
0.5108822053562454
0.5108703362087688
0.5108584532821976
0.5108465565499406
0.5108346459853464
0.5108227215617039
0.5108107832522408
0.5107988310301255
0.5107868648684644
0.5107748847403037
0.5107628906186281
0.5107508824763607
0.5107388602863635
0.5107268240214358
0.5107147736543152
0.5107027091576766
0.5106906305041331
0.5106785376662342
0.5106664306164669
0.5106543093272542
0.5106421737709561
0.5106300239198687
0.5106178597462245
0.5106056812221906
0.5105934883198716
0.5105812810113055
0.5105690592684662
0.5105568230632627
0.5105445723675378
0.5105323071530697
0.5105200273915699
0.5105077330546839
0.5104954241139912
0.5104831005410044
0.5104707623071694
0.5104584093838644
0.5104460417424017
0.5104336593540243
0.5104212621899088
0.5104088502211629
0.5103964234188261
0.5103839817538696
0.5103715251971955
0.5103590537196372
0.5103465672919583
0.5103340658848533
0.5103215494689466
0.5103090180147927
0.5102964714928756
0.5102839098736088
0.5102713331273352
0.5102587412243259
0.5102461341347819
0.5102335118288314
0.5102208742765313
0.510208221447866
0.5101955533127482
0.5101828698410174
0.5101701710024402
0.5101574567667104
0.5101447271034482
0.5101319819821998
0.5101192213724376
0.5101064452435602
0.5100936535648911
0.5100808463056794
0.5100680234350989
0.5100551849222486
0.510042330736151
0.5100294608457534
0.5100165752199275
0.5100036738274673
0.5099907566370907
0.5099778236174392
0.5099648747370762
0.5099519099644882
0.5099389292680834
0.5099259326161927
0.5099129199770674
0.5098998913188814
0.509886846609729
0.5098737858176255
0.5098607089105066
0.5098476158562282
0.509834506622566
0.5098213811772159
0.5098082394877923
0.5097950815218294
0.5097819072467797
0.5097687166300142
0.5097555096388222
0.5097422862404108
0.509729046401905
0.5097157900903461
0.5097025172726934
0.5096892279158224
0.5096759219865248
0.5096625994515089
0.5096492602773983
0.509635904430732
0.5096225318779646
0.5096091425854645
0.5095957365195162
0.5095823136463168
0.5095688739319783
0.5095554173425257
0.5095419438438978
0.509528453401946
0.5095149459824341
0.5095014215510383
0.5094878800733474
0.5094743215148609
0.5094607458409904
0.5094471530170578
0.5094335430082964
0.509419915779849
0.5094062712967692
0.5093926095240198
0.5093789304264732
0.5093652339689104
0.5093515201160217
0.5093377888324052
0.5093240400825672
0.5093102738309214
0.5092964900417893
0.5092826886793991
0.5092688697078854
0.5092550330912894
0.5092411787935582
0.5092273067785441
0.5092134170100051
0.5091995094516037
0.5091855840669072
0.5091716408193868
0.5091576796724177
0.5091437005892783
0.5091297035331501
0.509115688467118
0.5091016553541678
0.5090876041571888
0.509073534838971
0.5090594473622058
0.5090453416894855
0.509031217783303
0.5090170756060514
0.509002915120023
0.5089887362874103
0.5089745390703038
0.5089603234306933
0.5089460893304666
0.5089318367314094
0.5089175655952046
0.5089032758834323
0.5088889675575694
0.5088746405789888
0.5088602949089592
0.508845930508645
0.5088315473391056
0.5088171453612951
0.5088027245360615
0.5087882848241472
0.5087738261861875
0.5087593485827112
0.5087448519741395
0.5087303363207859
0.5087158015828553
0.5087012477204444
0.5086866746935409
0.5086720824620226
0.5086574709856577
0.5086428402241041
0.5086281901369087
0.5086135206835076
0.5085988318232251
0.508584123515273
0.5085693957187517
0.5085546483926473
0.5085398814958336
0.5085250949870703
0.5085102888250024
0.508495462968161
0.5084806173749611
0.5084657520037029
0.5084508668125699
0.5084359617596297
0.5084210368028323
0.5084060919000108
0.50839112700888
0.5083761420870365
0.5083611370919578
0.5083461119810024
0.5083310667114088
0.5083160012402953
0.5083009155246597
0.5082858095213779
0.5082706831872046
0.5082555364787724
0.5082403693525908
0.5082251817650462
0.5082099736724014
0.5081947450307953
0.5081794957962416
0.5081642259246292
0.5081489353717209
0.5081336240931539
0.5081182920444381
0.5081029391809567
0.5080875654579649
0.5080721708305895
0.5080567552538287
0.5080413186825516
0.508025861071497
0.508010382375274
0.5079948825483599
0.5079793615451014
0.5079638193197131
0.5079482558262766
0.507932671018741
0.5079170648509217
0.5079014372764995
0.5078857882490213
0.5078701177218982
0.5078544256484054
0.5078387119816823
0.5078229766747309
0.5078072196804155
0.5077914409514632
0.5077756404404616
0.5077598180998596
0.5077439738819657
0.5077281077389487
0.5077122196228359
0.5076963094855136
0.5076803772787254
0.5076644229540725
0.5076484464630128
0.5076324477568598
0.5076164267867826
0.5076003835038059
0.5075843178588073
0.5075682298025193
0.5075521192855265
0.5075359862582662
0.5075198306710278
0.5075036524739509
0.5074874516170266
0.5074712280500951
0.5074549817228463
0.5074387125848183
0.5074224205853977
0.5074061056738175
0.507389767799158
0.5073734069103454
0.5073570229561508
0.5073406158851906
0.5073241856459244
0.5073077321866557
0.5072912554555303
0.5072747554005365
0.5072582319695027
0.5072416851100993
0.5072251147698355
0.5072085208960601
0.5071919034359608
0.5071752623365623
0.5071585975447271
0.5071419090071536
0.5071251966703764
0.5071084604807643
0.507091700384521
0.5070749163276835
0.5070581082561215
0.5070412761155366
0.5070244198514624
0.5070075394092624
0.50699063473413
0.5069737057710878
0.5069567524649871
0.5069397747605059
0.5069227726021497
0.5069057459342501
0.5068886947009636
0.5068716188462712
0.5068545183139778
0.5068373930477114
0.5068202429909215
0.50680306808688
0.5067858682786782
0.506768643509228
0.50675139372126
0.5067341188573227
0.5067168188597826
0.5066994936708219
0.506682143232439
0.5066647674864472
0.5066473663744735
0.5066299398379582
0.5066124878181544
0.506595010256126
0.5065775070927483
0.5065599782687056
0.5065424237244917
0.5065248434004086
0.5065072372365648
0.5064896051728761
0.5064719471490632
0.5064542631046511
0.5064365529789692
0.5064188167111491
0.5064010542401247
0.5063832655046303
0.5063654504432011
0.5063476089941711
0.5063297410956723
0.5063118466856341
0.5062939257017827
0.5062759780816392
0.5062580037625197
0.5062400026815336
0.506221974775583
0.5062039199813616
0.506185838235354
0.5061677294738345
0.5061495936328657
0.5061314306482986
0.5061132404557708
0.5060950229907056
0.5060767781883115
0.5060585059835805
0.506040206311287
0.5060218791059884
0.5060035243020217
0.5059851418335046
0.5059667316343327
0.5059482936381802
0.5059298277784969
0.5059113339885097
0.5058928122012187
0.5058742623493984
0.5058556843655951
0.5058370781821271
0.5058184437310826
0.5057997809443195
0.5057810897534635
0.5057623700899072
0.5057436218848097
0.5057248450690948
0.5057060395734497
0.5056872053283246
0.505668342263931
0.5056494503102411
0.505630529396986
0.5056115794536553
0.5055926004094952
0.5055735921935076
0.50555455473445
0.5055354879608319
0.5055163918009163
0.505497266182717
0.5054781110339975
0.5054589262822704
0.5054397118547956
0.5054204676785794
0.5054011936803736
0.5053818897866731
0.5053625559237163
0.5053431920174825
0.5053237979936913
0.505304373777802
0.5052849192950108
0.5052654344702503
0.5052459192281888
0.5052263734932283
0.5052067971895033
0.5051871902408798
0.5051675525709537
0.5051478841030498
0.5051281847602204
0.5051084544652434
0.5050886931406223
0.5050689007085833
0.505049077091075
0.5050292222097672
0.5050093359860481
0.5049894183410253
0.5049694691955215
0.5049494884700764
0.5049294760849422
0.5049094319600843
0.5048893560151793
0.5048692481696129
0.5048491083424802
0.504828936452582
0.5048087324184252
0.5047884961582207
0.5047682275898818
0.504747926631023
0.5047275931989582
0.5047072272106999
0.5046868285829568
0.5046663972321335
0.5046459330743275
0.5046254360253289
0.5046049060006189
0.504584342915367
0.5045637466844313
0.5045431172223549
0.5045224544433665
0.5045017582613774
0.5044810285899802
0.5044602653424477
0.5044394684317306
0.5044186377704567
0.5043977732709286
0.504376874845123
0.5043559424046873
0.5043349758609404
0.5043139751248694
0.504292940107128
0.5042718707180359
0.5042507668675761
0.5042296284653937
0.5042084554207937
0.5041872476427409
0.5041660050398561
0.5041447275204153
0.5041234149923485
0.5041020673632375
0.5040806845403136
0.5040592664304575
0.5040378129401956
0.5040163239756991
0.5039947994427827
0.5039732392469023
0.5039516432931531
0.5039300114862683
0.5039083437306163
0.5038866399302004
0.5038648999886557
0.5038431238092475
0.5038213112948701
0.5037994623480438
0.5037775768709145
0.5037556547652505
0.5037336959324414
0.5037117002734958
0.5036896676890396
0.5036675980793136
0.5036454913441726
0.5036233473830827
0.5036011660951192
0.5035789473789648
0.5035566911329085
0.5035343972548418
0.5035120656422588
0.5034896961922524
0.5034672888015135
0.5034448433663283
0.5034223597825763
0.503399837945729
0.5033772777508466
0.5033546790925771
0.5033320418651536
0.5033093659623921
0.5032866512776899
0.503263897704023
0.5032411051339442
0.5032182734595813
0.5031954025726337
0.5031724923643723
0.5031495427256354
0.5031265535468272
0.5031035247179161
0.5030804561284319
0.5030573476674637
0.5030341992236573
0.5030110106852146
0.5029877819398886
0.5029645128749837
0.5029412033773519
0.5029178533333911
0.5028944626290428
0.5028710311497891
0.5028475587806518
0.5028240454061885
0.5028004909104912
0.5027768951771835
0.5027532580894186
0.5027295795298767
0.5027058593807621
0.5026820975238023
0.5026582938402431
0.5026344482108491
0.5026105605158987
0.5025866306351829
0.5025626584480032
0.5025386438331676
0.5025145866689897
0.502490486833285
0.5024663442033691
0.502442158656055
0.5024179300676502
0.5023936583139543
0.5023693432702568
0.5023449848113338
0.5023205828114461
0.5022961371443361
0.5022716476832251
0.502247114300811
0.5022225368692655
0.5021979152602315
0.5021732493448198
0.5021485389936072
0.5021237840766337
0.502098984463399
0.5020741400228603
0.5020492506234298
0.5020243161329715
0.5019993364187982
0.5019743113476693
0.5019492407857876
0.5019241245987962
0.5018989626517765
0.5018737548092442
0.5018485009351478
0.5018232008928636
0.5017978545451954
0.5017724617543697
0.5017470223820328
0.5017215362892494
0.5016960033364978
0.5016704233836677
0.5016447962900574
0.5016191219143706
0.501593400114713
0.5015676307485896
0.5015418136729018
0.501515948743944
0.5014900358174004
0.5014640747483423
0.5014380653912245
0.5014120075998826
0.5013859012275295
0.5013597461267522
0.5013335421495086
0.5013072891471255
0.5012809869702929
0.501254635469063
0.5012282344928456
0.5012017838904053
0.5011752835098587
0.5011487331986704
0.5011221328036491
0.5010954821709461
0.5010687811460502
0.501042029573785
0.5010152272983057
0.5009883741630954
0.5009614700109613
0.5009345146840319
0.5009075080237537
0.5008804498708865
0.5008533400655015
0.5008261784469764
0.5007989648539927
0.5007716991245315
0.5007443810958708
0.5007170106045816
0.500689587486523
0.5006621115768409
0.5006345827099624
0.5006070007195935
0.5005793654387137
0.5005516766995743
0.5005239343336935
0.500496138171853
0.5004682880440939
0.5004403837797134
0.5004124252072608
0.5003844121545334
0.5003563444485735
0.5003282219156635
0.5003000443813227
0.5002718116703031
0.5002435236065859
0.5002151800133772
0.5001867807131039
0.5001583255274104
0.5001298142771539
0.5001012467824008
0.5000726228624226
0.5000439423356919
0.5000152050198781
0.4999864107318435
0.4999575592876393
0.49992865050250124
0.49989968419084563
0.4998706601662653
0.49984157824152486
0.4998124382285571
0.4997832399384587
0.49975398318148534
0.4997246677670486
0.49969529350371045
0.4996658601991797
0.49963636766030745
0.49960681569308285
0.4995772041026285
0.4995475326931962
0.49951780126816286
0.499488009630025
0.49945815758039586
0.49942824491999965
0.49939827144866766
0.49936823696533356
0.4993381412680287
0.4993079841538782
0.4992777654190957
0.4992474848589789
0.49921714226790503
0.499186737439326
0.49915627016576436
0.49912574023880785
0.4990951474491052
0.499064491586361
0.4990337724393312
0.49900298979581814
0.49897214344266644
0.4989412331657571
0.498910258750003
0.49887921997934476
0.49884811663674505
0.4988169485041839
0.4987857153626538
0.4987544169921547
0.49872305317168913
0.4986916236792572
0.49866012829185136
0.49862856678545125
0.4985969389350197
0.4985652445144958
0.49853348329679137
0.4985016550537852
0.49846975955631756
0.4984377965741859
0.4984057658761388
0.49837366722987075
0.49834150040201775
0.4983092651581511
0.49827696126277243
0.49824458847930864
0.49821214657010615
0.49817963529642556
0.4981470544184365
0.498114403695212
0.49808168288472326
0.4980488917438336
0.49801603002829387
0.497983097492736
0.49795009389066824
0.49791701897446916
0.497883872495382
0.49785065420350916
0.4978173638478068
0.4977840011760786
0.497750565934971
0.49771705786996623
0.4976834767253779
0.49764982224434395
0.4976160941688218
0.4975822922395823
0.4975484161962035
0.49751446577706554
0.49748044071934394
0.49744634075900407
0.4974121656307957
0.4973779150682456
0.49734358880365337
0.4973091865680842
0.49727470809136287
0.4972401531020685
0.4972055213275277
0.49717081249380846
0.49713602632571496
0.49710116254677994
0.49706622087925967
0.4970312010441269
0.49699610276106543
0.49696092574846357
0.49692566972340735
0.4968903344016748
0.4968549194977294
0.4968194247247134
0.49678384979444234
0.4967481944173974
0.49671245830271993
0.49667664115820426
0.49664074269029224
0.49660476260406544
0.4965687006032394
0.4965325563901568
0.49649632966578094
0.4964600201296895
0.49642362748006674
0.4963871514136983
0.49635059162596334
0.4963139478108284
0.49627721966084065
0.4962404068671207
0.49620350911935623
0.49616652610579504
0.49612945751323795
0.49609230302703233
0.4960550623310652
0.4960177351077555
0.49598032103804823
0.495942819801407
0.49590523107580653
0.4958675545377266
0.4958297898621442
0.4957919367225269
0.4957539947908254
0.49571596373746674
0.49567784323134706
0.49563963293982394
0.49560133252870997
0.4955629416622654
0.4955244600031898
0.49548588721261644
0.4954472229501036
0.49540846687362816
0.49536961863957757
0.49533067790274316
0.49529164431631206
0.49525251753186006
0.49521329719934437
0.49517398296709614
0.495134574481812
0.49509507138854797
0.4950554733307109
0.4950157799500516
0.4949759908866566
0.49493610577894076
0.49489612426363977
0.4948560459758025
0.49481587054878295
0.4947755976142329
0.49473522680209414
0.49469475774059035
0.49465419005622013
0.4946135233737478
0.4945727573161974
0.494531891504843
0.4944909255592022
0.49444985909702754
0.49440869173429874
0.49436742308521475
0.49432605276218594
0.4942845803758259
0.4942430055349435
0.49420132784653487
0.49415954691577557
0.49411766234601184
0.4940756737387536
0.49403358069366504
0.49399138280855764
0.4939490796793816
0.49390667090021734
0.49386415606326745
0.493821534758849
0.4937788065753847
0.49373597109939493
0.4936930279154893
0.49364997660635834
0.49360681675276563
0.4935635479335391
0.49352016972556273
0.49347668170376774
0.49343308344112535
0.4933893745086373
0.4933455544753278
0.4933016229082354
0.4932575793724043
0.4932134234308754
0.49316915464467886
0.4931247725728244
0.49308027677229416
0.49303566679803285
0.49299094220293993
0.4929461025378611
0.4929011473515792
0.4928560761908064
0.49281088860017475
0.4927655841222284
0.492720162297414
0.49267462266407347
0.4926289647584335
0.4925831881145988
0.49253729226454207
0.4924912767380959
0.4924451410629438
0.492398884764612
0.49235250736646025
0.4923060083896731
0.49225938735325125
0.4922126437740033
0.49216577716653626
0.4921187870432475
0.49207167291431475
0.4920244342876891
0.49197707066908514
0.49192958156197186
0.491881966467565
0.49183422488481715
0.4917863563104097
0.49173836023874373
0.4916902361619313
0.4916419835697864
0.49159360194981655
0.49154509078721376
0.4914964495648457
0.4914476777632473
0.491398774860611
0.49134974033277906
0.49130057365323376
0.4912512742930897
0.4912018417210838
0.49115227540356726
0.49110257480449687
0.49105273938542565
0.4910027686054943
0.4909526619214229
0.4909024187875012
0.4908520386555805
0.49080152097506535
0.4907508651929034
0.49070007075357813
0.490649137099099
0.49059806366899394
0.49054684990029923
0.49049549522755176
0.49044399908278014
0.49039236089549604
0.49034058009268555
0.4902886560988001
0.4902365883357491
0.49018437622288974
0.4901320191770195
0.4900795166123669
0.4900268679405841
0.4899740725707367
0.4899211299092967
0.48986803936013346
0.48981480032450486
0.48976141220104985
0.489707874385779
0.48965418627206686
0.4896003472506433
0.4895463567095851
0.4894922140343081
0.4894379186075585
0.4893834698094047
0.48932886701722966
0.4892741096057217
0.4892191969468673
0.4891641284099425
0.4891089033615056
0.4890535211653877
0.4889979811826862
0.48894228277175644
0.48888642528820303
0.4888304080848734
0.4887742305118486
0.48871789191643666
0.4886613916431639
0.48860472903376845
0.48854790342719145
0.4884909141595706
0.4884337605642312
0.48837644197168045
0.48831895770959877
0.4882613071028329
0.48820348947338865
0.4881455041404237
0.4880873504202404
0.48802902762627826
0.4879705350691078
0.48791187205642284
0.4878530378930338
0.487794031880861
0.4877348533189277
0.48767550150335315
0.4876159757273473
0.48755627528120227
0.4874963994522874
0.48743634752504217
0.4873761187809701
0.4873157124986324
0.4872551279536417
0.4871943644186567
0.48713342116337544
0.4870722974545293
0.48701099255587793
0.48694950572820295
0.4868878362293026
0.4868259833139862
0.48676394623406843
0.48670172423836483
0.4866393165726852
0.48657672247982997
0.486513941199584
0.4864509719687128
0.4863878140209561
0.48632446658702533
0.48626092889459716
0.48619720016830975
0.486133279629759
0.486069166497493
0.48600485998700926
0.4859403593107498
0.48587566367809815
0.4858107722953744
0.485745684365833
0.48568039908965843
0.48561491566396187
0.48554923328277866
0.48548335113706453
0.485417268414693
0.4853509843004528
0.48528449797604506
0.4852178086200804
0.485150915408078
0.4850838175124616
0.48501651410255897
0.4849490043445995
0.4848812874017118
0.4848133624339242
0.4847452285981613
0.4846768850482438
0.4846083309348869
0.48453956540570087
0.48447058760518846
0.484401396674746
0.4843319917526621
0.4842623719741179
0.4841925364711878
0.48412248437283856
0.48405221480493055
0.483981726890218
0.4839110197483504
0.4838400924958734
0.48376894424622924
0.4836975741097597
0.48362598119370676
0.4835541646022148
0.48348212343633257
0.4834098567940164
0.48333736377013153
0.48326464345645553
0.4831916949416817
0.48311851731142147
0.48304510964820896
0.48297147103150373
0.4828976005376957
0.48282349724010865
0.4827491602090047
0.48267458851159034
0.48259978121201924
0.4825247373714
0.48244945604779965
0.4823739362962503
0.4822981771687558
0.48222217771429643
0.482145936978838
0.48206945400533563
0.48199272783374403
0.4819157575010229
0.4818385420411457
0.4817610804851075
0.4816833718609327
0.48160541519368544
0.4815272095054763
0.4814487538154738
0.48137004713991216
0.4812910884921025
0.4812118768824424
0.4811324113184273
0.48105269080466023
0.48097271434286415
0.480892480931893
0.48081198956774374
0.48073123924356836
0.4806502289496872
0.4805689576736012
0.4804874244000061
0.4804056281108046
0.4803235677851226
0.48024124239932187
0.48015865092701565
0.48007579233908365
0.47999266560368775
0.4799092696862879
0.4798256035496585
0.4797416661539051
0.47965745645648183
0.4795729734122085
0.47948821597328883
0.4794031830893292
0.4793178737073568
0.47923228677183893
0.4791464212247033
0.4790602760053577
0.47897385005071025
0.47888714229519047
0.4788001516707714
0.47871287710699006
0.47862531753097143
0.47853747186744977
0.47844933903879217
0.47836091796502334
0.4782722075638481
0.4781832067506769
0.47809391443865124
0.4780043295386684
0.47791445095940827
0.477824277607359
0.47773380838684537
0.4776430422000553
0.4775519779470683
0.47746061452588384
0.4773689508324508
0.47727698576069694
0.4771847182025589
0.4770921470480128
0.47699927118510593
0.4769060894999878
0.47681260087694294
0.4767188041984233
0.4766246983450819
0.4765302821958072
0.47643555462775616
0.47634051451639103
0.47624516073551326
0.47614949215730157
0.4760535076523465
0.4759572060896899
0.47586058633686146
0.4757636472599173
0.47566638772348013
0.47556880659077766
0.47547090272368336
0.4753726749827578
0.4752741222272898
0.47517524331533845
0.4750760371037757
0.4749765024483307
0.4748766382036324
0.4747764432232553
0.4746759163597641
0.47457505646475995
0.47447386238892686
0.47437233298207837
0.47427046709320664
0.4741682635705294
0.47406572126154023
0.4739628390130579
0.4738596156712773
0.4737560500818193
0.47365214108978443
0.47354788753980404
0.47344328827609344
0.4733383421425068
0.47323304798259025
0.4731274046396387
0.47302141095675004
0.47291506577688336
0.47280836794291514
0.47270131629769735
0.4725939096841167
0.4724861469451541
0.47237802692394376
0.4722695484638352
0.4721607104084542
0.47205151160176506
0.47194195088813395
0.471832027112392
0.47172173911990084
0.4716110857566162
0.471500065869155
0.47138867830486164
0.47127692191187537
0.47116479553919843
0.47105229803676407
0.470939428255508
0.47082618504743606
0.4707125672656985
0.4705985737646583
0.4704842033999664
0.4703694550286337
0.47025432750910534
0.4701388197013353
0.4700229304668623
0.46990665866888615
0.46979000317234376
0.46967296284398835
0.4695555365524666
0.46943772316839927
0.4693195215644598
0.46920093061545615
0.46908194919841195
0.4689625761926483
0.468842810479868
0.4687226509442378
0.4686020964724741
0.46848114595392737
0.468359798280669
0.4682380523475769
0.46811590705242423
0.46799336129596686
0.4678704139820323
0.46774706401760957
0.46762331031294013
0.46749915178160817
0.46737458734063286
0.46724961591056136
0.46712423641556144
0.46699844778351635
0.4668722489461188
0.46674563883896736
0.46661861640166163
0.46649118057789996
0.4663633303155769
0.46623506456688146
0.4661063822883962
0.4659772824411966
0.46584776399095196
0.46571782590802624
0.46558746716758004
0.46545668674967255
0.4653254836393649
0.46519385682682435
0.46506180530742786
0.4649293280818684
0.4647964241562589
0.46466309254224014
0.4645293322570871
0.4643951423238164
0.46426052177129484
0.4641254696343482
0.46398998495387017
0.4638540667769332
0.46371771415689805
0.4635809261535261
0.46344370183309
0.4633060402684865
0.46316794053934957
0.4630294017321631
0.46289042294037513
0.4627510032645125
0.46261114181229546
0.46247083769875286
0.4623300900463392
0.4621888979850495
0.462047260652537
0.4619051771942308
0.46176264676345274
0.4616196685215367
0.4614762416379459
0.46133236529039284
0.4611880386649587
0.4610432609562126
0.4608980313673326
0.46075234911022533
0.4606062134056475
0.4604596234833264
0.4603125785820828
0.46016507794995115
0.46001712084430246
0.45986870653196693
0.459719834289356
0.4595705034025853
0.4594207131675985
0.4592704628902893
0.459119751886626
0.4589685794827752
0.4588169450152244
0.45866484783090744
0.45851228728732774
0.4583592627526829
0.45820577360598824
0.4580518192372027
0.45789739904735133
0.4577425124486514
0.45758715886463597
0.45743133773027844
0.4572750484921171
0.45711829060837994
0.456961063549108
0.45680336679628075
0.45664519984393936
0.4564865621983117
0.45632745337793473
0.45616787291378
0.45600782034937604
0.4558472952409316
0.45568629715746006
0.45552482568090075
0.4553628804062421
0.4552004609416446
0.4550375669085619
0.4548741979418629
0.45471035368995294
0.45454603381489433
0.4543812379925276
0.45421596591259134
0.4540502172788411
0.4538839918091694
0.4537172892357238
0.45355010930502554
0.45338245177808656
0.4532143164305263
0.4530457030526891
0.45287661144975905
0.4527070414418751
0.45253699286424603
0.45236646556726356
0.45219545941661576
0.45202397429339936
0.4518520100942306
0.45167956673135684
0.45150664413276487
0.4513332422422924
0.4511593610197332
0.4509850004409464
0.450810160497962
0.45063484119908614
0.4504590425690056
0.45028276464889055
0.4501060074964977
0.4499287711862704
0.44975105580944025
0.4495728614741243
0.4493941883054238
0.4492150364455211
0.4490354060537747
0.4488552973068129
0.4486747103986279
0.44849364554066695
0.44831210296192214
0.44813008290902073
0.4479475856463112
0.44776461145595103
0.4475811606379905
0.44739723351045696
0.4472128304094356
0.4470279516891512
0.446842597722046
0.44665676889885786
0.4464704656286954
0.4462836883391128
0.4460964374761817
0.4459087135045629
0.4457205169075743
0.4455318481872602
0.4453427078644554
0.44515309647885026
0.4449630145890523
0.4447724627726473
0.44458144162625723
0.4443899517655975
0.4441979938255311
0.44400556846012257
0.44381267634268806
0.4436193181658448
0.4434254946415582
0.44323120650118697
0.4430364544955253
0.4428412393948454
0.442645561988935
0.44244942308713514
0.44225282351837375
0.44205576413119974
0.44185824579381167
0.44166026939408765
0.4414618358396095
0.4412629460576887
0.4410636009953859
0.4408638016195311
0.44066354891674125
0.4404628438934332
0.440261687575838
0.44006008101000943
0.4398580252618327
0.4396555214170286
0.4394525705811579
0.43924917387962
0.4390453324576529
0.4388410474803271
0.4386363201325395
0.4384311516190045
0.4382255431642412
0.43801949601255996
0.43781301142804485
0.4376060906945349
0.4373987351156016
0.4371909460145248
0.4369827247342658
0.4367740726374372
0.4365649911062713
0.43635548154258463
0.4361455453677412
0.43593518402261233
0.43572439896753357
0.43551319168225994
0.43530156366591766
0.43508951643695376
0.43487705153308276
0.43466417051123074
0.43445087494747736
0.4342371664369936
0.4340230465939785
0.4338085170515928
0.43359357946188914
0.43337823549574067
0.43316248684276615
0.4329463352112523
0.43272978232807485
0.4325128299386146
0.4322954798066735
0.43207773371438524
0.4318595934621253
0.4316410608684178
0.4314221377698386
0.4312028260209175
0.4309831274940362
0.4307630440793246
0.4305425776845541
0.4303217302350283
0.43010050367347047
0.4298788999599101
0.4296569210715644
0.4294345690027192
0.4292118457646068
0.42898875338528
0.42876529390948503
0.4285414693985318
0.4283172819301603
0.42809273359840616
0.42786782651346167
0.42764256280153706
0.4274169446047163
0.4271909740808127
0.4269646534032204
0.42673798476076485
0.42651097035754937
0.4262836124128011
0.4260559131607123
0.42582787485028145
0.425599499745151
0.42537079012344176
0.4251417482775875
0.42491237651416464
0.42468267715372165
0.4244526525306044
0.42422230499278135
0.4239916369016647
0.4237606506319299
0.4235293485713341
0.4232977331205307
0.4230658066928829
0.4228335717142754
0.42260103062292287
0.4223681858691777
0.4221350399153346
0.4219015952354342
0.4216678543150647
0.4214338196511602
0.4211994937517989
0.420964879135999
0.4207299783335116
0.4204947938846135
0.42025932833989765
0.42002358426006065
0.4197875642156907
0.4195512707870528
0.41931470656387126
0.4190778741451131
0.4188407761387678
0.41860341516162625
0.4183657938390585
0.41812791480478934
0.4178897807006736
0.4176513941764687
0.41741275788960697
0.41717387450496596
0.41693474669463804
0.41669537713769855
0.416455768519972
0.41621592353379894
0.4159758448777995
0.4157355352566379
0.4154949973807839
0.4152542339662752
0.415013247734478
0.4147720414118454
0.41453061772967786
0.4142889794238802
0.4140471292347179
0.4138050699065749
0.41356280418770813
0.41332033483000274
0.4130776645887267
0.41283479622228325
0.41259173249196546
0.4123484761617072
0.4121050299978366
0.41186139676882655
0.4116175792450461
0.4113735801985117
0.41112940240263685
0.41088504863198316
0.4106405216620092
0.41039582426882115
0.41015095922892125
0.409905929318958
0.4096607373154755
0.40941538599466165
0.40916987813209826
0.40892421650250943
0.40867840387951226
0.40843244303536397
0.4081863367407135
0.40794008776434965
0.4076936988729519
0.4074471728308399
0.407200512399724
0.4069537203384561
0.40670679940278065
0.4064597523450861
0.4062125819141566
0.4059652908549245
0.40571788190822355
0.4054703578105414
0.40522272129377473
0.4049749750849827
0.4047271219061428
0.4044791644739074
0.4042311054993587
0.40398294768776666
0.4037346937383487
0.40348634634402664
0.4032379081911876
0.4029893819594438
0.40274077032139544
0.40249207594239134
0.4022433014802952
0.40199444958524655
0.4017455228994294
0.40149652405683683
0.40124745568303943
0.4009983203949547
0.4007491208006152
0.40049985949894096
0.4002505390795119
0.4000011621223407
0.3997517311976476
0.39950224886563657
0.39925271767627313
0.3990031401690622
0.3987535188728284
0.3985038563054979
0.3982541549738804
0.3980044173734544
0.39775464598815147
0.3975048432901445
0.39725501173963584
0.3970051537846474
0.39675527186081216
0.3965053683911677
0.3962554457859504
0.39600550644239224
0.3957555527445183
0.3955055870629467
0.3952556117546886
0.3950056291629529
0.39475564161694865
0.39450565143169297
0.3942556609078171
0.39400567233137695
0.39375568797366417
0.3935057100910193
0.39325574092464555
0.393005782700426
0.3927558376287419
0.3925059079042915
0.3922559957059133
0.39200610319640816
0.3917562325223658
0.3915063858139905
0.39125656518493185
0.3910067727321133
0.39075701053556633
0.39050728065826434
0.39025758514595854
0.3900079260270163
0.3897583053122611
0.3895087249948138
0.38925918704993645
0.3890096934348774
0.38876024608871906
0.38851084693222654
0.38826149786769903
0.38801220077882115
0.38776295753051954
0.38751376996881814
0.3872646399206963
0.38701556919394997
0.38676655957705175
0.3865176128390169
0.3862687307292673
0.38601991497749966
0.3857711672935542
0.3855224893672863
0.3852738828684384
0.385025349446516
0.3847768907306626
0.3845285083295387
0.3842802038312017
0.38403197880298773
0.3837838347913943
0.38353577332196653
0.3832877958991832
0.3830399040063462
0.38279209910546985
0.38254438263717455
0.3822967560205791
0.38204922065319546
0.38180177791082887
0.38155442914747234
0.38130717569521067
0.3810600188641202
0.38081295994217357
0.38056600019514286
0.3803191408665092
0.38007238317736824
0.379825728326342
0.3795791774894883
0.37933273182021526
0.37908639244919384
0.37884016048427516
0.37859403701040656
0.37834802308955073
0.3781021197606049
0.37785632803932356
0.37761064891824014
0.3773650833665904
0.37711963233024026
0.3768742967316101
0.37662907746960306
0.37638397541953594
0.37613899143306795
0.375894126338133
0.3756493809388724
0.3754047560155692
0.375160252324583
0.3749158705982867
0.37467161154500306
0.3744274758489442
0.37418346417015086
0.3739395771444318
0.3736958153833068
0.37345217947394904
0.3732086699791268
0.3729652874371505
0.3727220323618156
0.37247890524235056
0.37223590654336236
0.3719930367047851
0.37175029614182814
0.3715076852449263
0.37126520437968896
0.37102285388685075
0.37078063408222456
0.37053854525665114
0.3702965876759546
0.37005476158089357
0.36981306718711615
0.3695715046851138
0.36933007424017694
0.3690887759923497
0.36884761005638605
0.36860657652170625
0.36836567545235327
0.3681249068869498
0.36788427083865616
0.3676437672951267
0.3674033962184694
0.3671631575452027
0.3669230511862145
0.36668307702672087
0.36644323492622394
0.3662035247184722
0.3659639462114175
0.36572449918717553
0.36548518340198494
0.36524599858616474
0.3650069444440748
0.3647680206540743
0.3645292268684802
0.3642905627135263
0.36405202778932166
0.3638136216698086
0.36357534390272084
0.3633371940095426
0.36309917148546345
0.3628612757993386
0.3626235063936433
0.3623858626844305
0.36214834406128715
0.3619109498872892
0.36167367949895624
0.36143653220620725
0.3611995072923144
0.3609626040138564
0.36072582160067035
0.36048915925580555
0.36025261615547466
0.36001619144900404
0.3597798842587837
0.35954369368021766
0.35930761878167145
0.35907165860442053
0.3588358121625965
0.35860007844313324
0.35836445640571235
0.358128944982706
0.35789354307912163
0.3576582495725421
0.3574230633130679
0.3571879831232567
0.35695300779806116
0.35671813610476766
0.3564833667829321
0.3562486985443147
0.35601413007281413
0.35577966002440015
0.3555452870270448
0.35531100968065166
0.355076826556985
0.3548427361995969
0.3546087371237523
0.3543748278163531
0.35414100673586135
0.3539072723122202
0.35367362294677174
0.35344005701217834
0.3532065728523349
0.35297316878228596
0.3527398430881376
0.3525065940269688
0.3522734198267407
0.35204031868620417
0.35180728877480494
0.3515743282325885
0.3513414351701012
0.3511086076682907
0.3508758437784041
0.35064314152188336
0.3504104988902604
0.3501779138450485
0.3499453843176327
0.34971290820915774
0.3494804833904128
0.34924810770171694
0.3490157789527989
0.34878349492267746
0.3485512533595383
0.34831905198060775
0.34808688847202673
0.3478547604887203
0.34762266565426564
0.3473906015607565
0.3471585657686679
0.3469265558067158
0.346694569171716
0.34646260332843887
0.346230655709464
0.3459987237150301
0.3457668047128833
0.3455348960381233
0.34530299499304634
0.3450710988469855
0.3448392048361495
0.34460731016345664
0.3443754119983688
0.34414350747672096
0.34391159370054836
0.3436796677379114
0.34344772662271744
0.34321576735454046
0.34298378689843645
0.34275178218475855
0.3425197501089665
0.34228768753143657
0.34205559127726476
0.34182345813607146
0.3415912848618001
0.3413590681725146
0.3411268047501924
0.34089449124051807
0.3406621242526694
0.34042970035910447
0.34019721609534426
0.33996466795975216
0.33973205241331195
0.3394993658794017
0.3392666047435652
0.339033765353281
0.33880084401772836
0.33856783700755
0.33833474055461266
0.3381015508517649
0.3378682640525911
0.33763487627116495
0.33740138358179705
0.33716778201878256
0.3369340675761454
0.3367002362073785
0.3364662838251828
0.33623220630120404
0.335997999465765
0.3357636591075971
0.3355291809735687
0.3352945607684109
0.33505979415444065
0.3348248767512824
0.33458980413558637
0.334354571840745
0.3341191753566074
0.33388361012919104
0.3336478715603914
0.33341195500768955
0.3331758557838588
0.33293956915666717
0.33270309034858014
0.33246641453645964
0.33222953685126394
0.33199245237774205
0.33175515615413076
0.33151764317184723
0.33127990837518045
0.3310419466609835
0.3308037528783622
0.330565321828363
0.3303266482636615
0.3300877268882486
0.32984855235711535
0.32960911927594005
0.32936942220077015
0.3291294556377088
0.32888921404259597
0.32864869182069545
0.32840788332637494
0.3281667828627923
0.32792538468157806
0.3276836829825215
0.32744167191325385
0.3271993455689355
0.3269566979919425
0.32671372317155395
0.32647041504364194
0.3262267674903621
0.3259827743398453
0.32573842936589326
0.32549372628767426
0.32524865876942155
0.3250032204201353
0.32475740479328635
0.3245112053865235
0.32426461564138365
0.3240176289430057
0.32377023861984755
0.3235224379434093
0.3232742201279571
0.3230255783302548
0.3227765056492987
0.3225269951260582
0.3222770397432215
0.3220266324249471
0.3217757660366208
0.321524433384621
0.32127262721608774
0.32102034021870185
0.3207675650204679
0.3205142941895098
0.3202605202338683
0.320006235601313
0.3197514326791594
0.3194961037940952
0.31924024121201844
0.31898383713788453
0.318726883715562
0.3184693730277022
0.3182112970956177
0.3179526478791733
0.31769341727669
0.31743359712485913
0.3171731791986735
0.3169121552113662
0.31665051681437
0.3163882555972865
0.31612536308787087
0.3158618307520349
0.31559764999386225
0.31533281215564196
0.31506730851791964
0.31480113029956497
0.31453426865785655
0.31426671468858824
0.3139984594261912
0.313729493843878
0.31345980885380537
0.3131893953072601
0.31291824399486284
0.3126463456467977
0.312373690933061
0.31210027046373623
0.3118260747892908
0.3115510944008972
0.31127531973078065
0.3109987411525912
0.3107213489818021
0.3104431334761353
0.31016408483601465
0.309884193205047
0.3096034486705318
0.30932184126400086
0.3090393609617874
0.3087559976856262
0.30847174130328525
0.3081865816292284
0.3079005084253125
0.30761351140151605
0.3073255802167024
0.3070367044794183
0.3067468737487254
0.3064560775350712
0.30616430530119315
0.305871546463061
0.30557779039085764
0.3052830264099976
0.3049872438021847
0.30469043180650907
0.3043925796205844
0.3040936764017267
0.30379371126817406
0.30349267330034646
0.3031905515421527
0.30288733500233433
0.3025830126558598
0.3022775734453563
0.30197100628259144
0.3016633000499973
0.30135444360224023
0.301044425767839
0.3007332353508262
0.3004208611324588
0.3001072918729771
0.29979251631340764
0.2994765231774182
0.29915930117322037
0.2988408389955188
0.2985211253275121
0.2982001488429423
0.2978778982081938
0.29755436208444225
0.297229529129854
0.29690338800183486
0.29657592735932997
0.2962471358651735
0.29591700218849043
0.2955855150071464
0.2952526630102504
0.29491843490070574
0.2945828193978145
0.2942458052399292
0.2939073811871562
0.293567536024109
0.2932262585627111
0.292883537645048
0.29253936214626897
0.2921937209775368
0.2918466030890277
0.2914979974729753
0.29114789316676737
0.2907962792560843
0.29044314487808787
0.2900884792246529
0.28973227154564546
0.28937451115224455
0.2890151874203076
0.2886542897937776
0.2882918077881347
0.28792773099388413
0.2875620490800885
0.2871947517979353
0.2868258289843444
0.2864552705656111
0.2860830665610841
0.2857092070868785
0.28533368235962087
0.28495648270022594
0.2845775985377037
0.28419702041299466
0.2838147389828311
0.28343074502362753
0.2830450294353899
0.28265758324565116
0.28226839761342554
0.28187746383318196
0.28148477333883476
0.28109031770774895
0.2806940886647596
0.28029607808620166
0.2798962780039499
0.2794946806094659
0.27909127825784996
0.27868606347189706
0.2782790289461531
0.2778701675509697
0.2774594723365579
0.2770469365370321
0.27663255357445105
0.27621631706284455
0.2757982208122299
0.27537825883261313
0.2749564253379719
0.2745327147502205
0.2741071217031509
0.27367964104634973
0.27325026784909034
0.2728189974041914
0.2723858252318466
0.27195074708341843
0.27151375894519586
0.27107485704211104
0.27063403784141526
0.27019129805630904
0.26974663464952636
0.26930004483686876
0.26885152609068597
0.2684010761433044
0.2679486929903956
0.2674943748942878
0.26703812038721264
0.2665799282744897
0.2661197976376426
0.2656577278374462
0.2651937185169019
0.2647277696041389
0.2642598813152392
0.26379005415698364
0.26331828892951714
0.26284458672893113
0.2623689489497596
0.26189137728738954
0.2614118737403801
0.26093044061269144
0.2604470805158195
0.2599617963708353
0.25947459141032775
0.25898546918024656
0.25849443354164453
0.25800148867231726
0.25750663906833926
0.2570098895454926
0.2565112452405911
0.2560107116126924
0.25550829444420375
0.2550039998418725
0.2544978342376668
0.2539898043895414
0.25347991738208847
0.25296818062707316
0.25245460186385127
0.25193918915966995
0.25142195090984965
0.25090289583784703
0.25038203299519746
0.24985937176133738
0.2493349218433056
0.24880869327532384
0.24828069641825398
0.24775094195893574
0.2472194409093995
0.24668620460595994
0.2461512447081841
0.24561457319774072
0.2450762023771247
0.24453614486826164
0.24399441361099003
0.24345102186142262
0.24290598319018664
0.24235931148054476
0.2418110209263967
0.24126112603016028
0.2407096416005361
0.24015658275015464
0.23960196489310692
0.23904580374235937
0.23848811530705555
0.23792891588970308
0.2373682220832507
0.2368060507680526
0.2362424191087245
0.23567734455089134
0.23511084481782887
0.23454293790699934
0.23397364208648522
0.23340297589131986
0.23283095811971727
0.23225760782920707
0.23168294433266848
0.23110698719427314
0.2305297562253327
0.2299512714800577
0.2293715532512266
0.2287906220657682
0.22820849868025928
0.22762520407634187
0.2270407594560565
0.22645518623710192
0.2258685060480159
0.22528074072328413
0.22469191229837904
0.22410204300472766
0.223511155264616
0.22291927168602824
0.2223264150574254
0.22173260834246525
0.22113787467466692
0.22054223735202058
0.2199457198315472
0.21934834572381148
0.2187501387873858
0.2181511229232749
0.217551322169298
0.21695076069443386
0.2163494627931321
0.2157474528795912
0.21514475548200762
0.21454139523679774
0.21393739688279667
0.21333278525543592
0.2127275852809017
0.21212182197027818
0.21151552041367816
0.21090870577436274
0.2103014032828539
0.20969363823104217
0.2090854359662932
0.20847682188555333
0.20786782142945964
0.20725846007645574
0.20664876333691684
0.2060387567472854
0.2054284658642203
0.2048179162587644
0.2042071335105293
0.20359614320190328
0.20298497091228265
0.20237364221232984
0.20176218265826185
0.2011506177861678
0.20053897310636434
0.1999272740977842
0.19931554620240458
0.19870381481971816
0.19809210530124505
0.1974804429450921
0.1968688529905594
0.1962573606127965
0.195645990917512
0.19503476893573524
0.19442371961863547
0.19381286783239884
0.1932022383531661
0.19259185586203098
0.19198174494010242
0.19137193006363373
0.19076243559921746
0.1901532857990496
0.18954450479626528
0.18893611660034398
0.18832814509259194
0.1877206140216962
0.18711354699935698
0.18650696749599768
0.1859008988365528
0.18529536419633735
0.18469038659699727
0.18408598890254194
0.18348219381546066
0.1828790238729237
0.18227650144306834
0.18167464872137298
0.18107348772711468
0.18047304029991929
0.17987332809639675
0.17927437258686607
0.17867619505217203
0.17807881658059055
0.17748225806482382
0.17688654019908995
0.17629168347630017
0.17569770818533043
0.17510463440838422
0.1745124820184468
0.1739212706768336
0.17333101983082813
0.17274174871141385
0.1721534763310995
0.1715662214818331
0.17098000273301184
0.17039483842957986
0.16981074669022123
0.1692277454056402
0.16864585223693618
0.16806508461406583
0.1674854597343965
0.1669069945613495
0.16632970582313106
0.16575361001155142
0.165178723380933
0.16460506194710456
0.16403264148648009
0.16346147753522572
0.16289158538850956
0.1623229800998358
0.1617556764804608
0.1611896890988925
0.16062503228046984
0.16006172010702258
0.15949976641660987
0.15893918480333727
0.15837998861724936
0.1578221909643006
0.15726580470639764
0.15671084246151806
0.1561573166038998
0.1556052392643016
0.15505462233033487
0.15450547744686294
0.15395781601646763
0.1534116491999834
0.15286698791709485
0.15232384284699846
0.1517822244291272
0.1512421428639345
0.1507036081137403
0.1501666299036325
0.14963121772242766
0.1490973808236861
0.1485651282267817
0.14803446871802417
0.14750541085183289
0.14697796295196164
0.14645213311276944
0.14592792920054315
0.14540535885486167
0.14488442949000657
0.1443651482964171
0.1438475222421844
0.14333155807458808
0.14281726232167186
0.14230464129385592
0.14179370108558606
0.1412844475770187
0.14077688643573877
0.14027102311850975
0.13976686287305573
0.13926441073987314
0.1387636715540696
0.1382646499472321
0.13776735034931942
0.13727177699058027
0.13677793390349408
0.13628582492473507
0.13579545369715645
0.1353068236717946
0.13481993810989237
0.13433480008493934
0.13385141248472932
0.1333697780134312
0.13288989919367636
0.132411778368657
0.13193541770423795
0.13146081919107833
0.1309879846467633
0.13051691571794544
0.13004761388249242
0.12958008045164304
0.12911431657216807
0.1286503232285368
0.12818810124508748
0.12772765128819952
0.1272689738684708
0.12681206934289285
0.1263569379170302
0.12590357964719603
0.12545199444262872
0.12500218206766658
0.12455414214391884
0.1241078741524341
0.1236633774358642
0.12322065120062407
0.12277969451904452
0.1223405063315207
0.12190308544865244
0.12146743055337797
0.12103354020309895
0.12060141283179714
0.12017104675214232
0.11974244015758959
0.11931559112446698
0.11889049761405251
0.11846715747463912
0.11804556844358893
0.11762572814937382
0.11720763411360532
0.11679128375304976
0.11637667438163012
0.11596380321241546
0.11555266735959413
0.11514326384043372
0.1147355895772254
0.11432964139921376
0.11392541604450997
0.11352291016198979
0.11312212031317584
0.1127230429741021
0.11232567453716305
0.11193001131294543
0.11153604953204285
0.11114378534685282
0.11075321483335701
0.11036433399288328
0.10997713875384954
0.10959162497349027
0.1092077884395646
0.10882562487204592
0.10844512992479342
0.10806629918720456
0.10768912818584951
0.10731361238608675
0.10693974719365938
0.10656752795627294
0.10619694996515514
0.10582800845659472
0.10546069861346323
0.10509501556671677
0.10473095439687846
0.10436851013550319
0.1040076777666221
0.10364845222816763
0.10329082841338155
0.10293480117220194
0.10258036531263212
0.10222751560209066
0.10187624676874202
0.101526553502809
0.10117843045786601
0.10083187225211337
0.10048687346963363
0.1001434286616289
0.09980153234763922
0.09946117901674376
0.09912236312874258
0.09878507911532003
0.09844932138119161
0.09811508430523055
0.09778236224157853
0.09745114952073695
0.09712144045064215
0.09679322931772094
0.09646651038793143
0.09614127790778365
0.095817526105345
0.09549524919122816
0.09517444135956146
0.09485509678894347
0.09453720964338004
0.09422077407320553
0.09390578421598719
0.09359223419741361
0.0932801181321674
0.09296943012478105
0.09266016427047824
0.09235231465599908
0.09204587536040891
0.09174084045589406
0.09143720400853995
0.09113496007909663
0.09083410272372744
0.0905346259947448
0.0902365239413303
0.08993979061024074
0.08964442004650089
0.08935040629408118
0.08905774339656217
0.08876642539778523
0.08847644634248958
0.08818780027693683
0.08790048124952095
0.08761448331136668
0.08732980051691455
0.08704642692449262
0.08676435659687727
0.08648358360183998
0.08620410201268336
0.08592590590876395
0.08564898937600492
0.08537334650739456
0.08509897140347603
0.08482585817282379
0.0845540009325099
0.08428339380855876
0.0840140309363914
0.08374590646125846
0.08347901453866358
0.08321334933477581
0.08294890502683137
0.08268567580352619
0.08242365586539827
0.08216283942519985
0.08190322070826063
0.08164479395284105
0.0813875534104758
0.08113149334631005
0.08087660803942384
0.08062289178315021
0.0803703388853831
0.08011894366887667
0.07986870047153731
0.07961960364670598
0.07937164756343293
0.07912482660674484
0.07887913517790349
0.07863456769465638
0.07839111859148087
0.07814878231981956
0.0779075533483091
0.0776674261630013
0.07742839526757758
0.07719045518355598
0.07695360045049149
0.07671782562616987
0.07648312528679443
0.07624949402716648
0.07601692646085986
0.07578541722038803
0.07555496095736625
0.0753255523426676
0.07509718606657184
0.07486985683891018
0.07464355938920303
0.0744182884667925
0.07419403884097049
0.07397080530109928
0.07374858265672887
0.07352736573770803
0.07330714939429092
0.07308792849723779
0.07286969793791193
0.0726524526283711
0.07243618750145508
0.07222089751086738
0.0720065776312535
0.07179322285827441
0.07158082820867621
0.0713693887203545
0.07115889945241571
0.07094935548523404
0.07074075192050411
0.07053308388128983
0.07032634651207068
0.07012053497878185
0.06991564446885305
0.06971167019124291
0.06950860737646943
0.06930645127663795
0.06910519716546511
0.06890484033829976
0.068705376112141
0.0685067998256528
0.06830910683917532
0.06811229253473439
0.0679163523160464
0.06772128160852191
0.06752707585926605
0.06733373053707523
0.067141241132433
0.06694960315750192
0.0667588121461134
0.06656886365375533
0.06637975325755711
0.066191476556272
0.06600402917025798
0.0658174067414558
0.06563160493336498
0.06544661943101825
0.06526244594095257
0.06507908019118008
0.06489651793115524
0.06471475493174181
0.06453378698517613
0.06435360990503043
0.06417421952617296
0.06399561170472767
0.06381778231803079
0.06364072726458728
0.06346444246402459
0.06328892385704563
0.06311416740537998
0.06294016909173361
0.06276692491973714
0.06259443091389318
0.06242268311952201
0.06225167760270588
0.06208141045023215
0.06191187776953598
0.06174307568864032
0.061575000356096594
0.061407647940922544
0.06124101463254043
0.06107509664071331
0.06090989019548118
0.06074539154709464
0.06058159696594988
0.06041850274252079
0.06025610518729088
0.060094400630684996
0.05993338542299945
0.059773055934331513
0.05961340855450842
0.059454439693015504
0.05929614577892386
0.059138523260816665
0.058981568606715995
0.058825278304008195
0.05866964885936829
0.05851467679868558
0.058360358666986384
0.05820669102835822
0.058053670465872446
0.05790129358150665
0.057749556996066514
0.05759845734910804
0.05744799129885789
0.05729815552213492
0.057148946714269844
0.057000361589025994
0.05685239687851894
0.05670504933313584
0.05655831572145463
0.05641219283016302
0.0562666774639771
0.05612176644555994
0.05597745661543965
0.05583374483192753
0.0556906279710357
0.05554810292639519
0.055406166609173
0.05526481594798979
0.05512404788883715
0.05498385939499466
0.05484424744694671
0.05470520904230023
0.05456674119570083
0.05442884093875011
0.054291505319922106
0.05415473140448058
0.054018516274395384
0.05388285702825965
0.05374775078120587
0.05361319466482317
0.05347918582707459
0.05334572143221269
0.05321279866069747
0.05308041470911317
0.052948566790084986
0.05281725213219613
0.05268646797990559
0.05255621159346473
0.05242648024883512
0.05229727123760591
0.0521685818669113
0.052040409459348506
0.051912751352895505
0.051785604900829105
0.05165896747164307
0.051532836448966474
0.05140720923148224
0.051282083232845874
0.05115745588160402
0.0510333246211139
0.05090968690946223
0.050786540219384765
0.05066388203818577
0.05054170986765831
0.05042002122400352
0.05029881363775171
0.0501780846536822
0.05005783183074439
0.04993805274197862
