0.4996396761883517
0.5085666746616099
0.5083568967942536
0.5096645593497267
0.5094130954848999
0.5095173501784108
0.5100352619121454
0.5095636493571843
0.5085149951151943
0.5080194812439327
0.5080858567789851
0.5082450767804909
0.5083832761230384
0.5084592962063992
0.5083532824664503
0.5081100890439686
0.5079094491983829
0.5078350740016688
0.5078445189196662
0.507874216426248
0.5078795341681572
0.5078358806771225
0.5077534699279431
0.5076694577910417
0.5076128738264365
0.5075860801198678
0.5075741762296229
0.5075601919824828
0.5075342111499379
0.5074969759344764
0.5074571126573735
0.5074235159576077
0.5073994657456703
0.5073823988523725
0.507367346252308
0.5073505190176534
0.507331130564949
0.5073110055308719
0.5072927025265982
0.5072776933693902
0.5072657646034209
0.5072556349189383
0.5072460128563687
0.507236337663657
0.5072268716071721
0.5072182726761709
0.5072110510709608
0.5072052764101231
0.5072006399232891
0.5071967253638899
0.5071932630827403
0.5071902214649061
0.5071877291871517
0.5071859243844815
0.5071848432134358
0.5071844034557106
0.507184464609447
0.5071849054780444
0.5071856675771189
0.5071867485116197
0.5071881640864012
0.507189911159722
0.5071919533517867
0.5071942313966108
0.5071966845784126
0.5071992670863983
0.5072019509772039
0.5072047179275834
0.5072075480399308
0.5072104132869241
0.5072132781458913
0.5072161048985934
0.5072188590212336
0.5072215113931753
0.5072240369316862
0.5072264115215918
0.5072286095793282
0.5072306035175282
0.5072323648603468
0.507233865842818
0.507235080382607
0.5072359840185486
0.507236553150969
0.5072367642392441
0.5072365934441179
0.5072360167911341
0.5072350105959837
0.5072335518118293
0.507231618105969
0.5072291876927111
0.5072262390878826
0.5072227509486004
0.5072187020622835
0.5072140714401048
0.5072088384202919
0.5072029827084188
0.5071964843409719
0.5071893236084283
0.5071814809875022
0.5071729371117829
0.5071636727779468
0.5071536689637984
0.5071429068338974
0.5071313677227913
0.5071190331019358
0.5071058845440712
0.5070919036959421
0.5070770722616392
0.5070613719913858
0.5070447846684423
0.5070272920897065
0.5070088760403145
0.5069895182657025
0.5069692004447373
0.5069479041654402
0.5069256109024431
0.5069023019941394
0.5068779586179001
0.506852561763
0.506826092202009
0.5067985304617354
0.5067698567943792
0.5067400511488424
0.5067090931416691
0.5066769620270613
0.5066436366657274
0.5066090954926692
0.5065733164841937
0.5065362771243642
0.5064979543709122
0.5064583246204571
0.5064173636728341
0.5063750466943875
0.5063313481801931
0.50628624191524
0.5062397009345949
0.5061916974825282
0.5061422029705136
0.5060911879339913
0.5060386219877835
0.5059844737800826
0.505928710944949
0.5058713000532572
0.5058122065620182
0.5057513947619757
0.5056888277233689
0.5056244672397419
0.5055582737696867
0.5054902063764065
0.5054202226649877
0.5053482787172574
0.5052743290240975
0.5051983264150711
0.5051202219852187
0.5050399650188635
0.5049575029102797
0.5048727810810557
0.5047857428939857
0.5046963295633154
0.5046044800611559
0.5045101310198711
0.5044132166302422
0.5043136685352002
0.5042114157189111
0.5041063843909932
0.5039984978656291
0.5038876764353394
0.5037738372391563
0.5036568941249461
0.5035367575056034
0.503413334208841
0.5032865273202821
0.503156236019555
0.503022355409076
0.5028847763351999
0.5027433852013983
0.5025980637731219
0.5024486889739878
0.5022951326729214
0.5021372614618695
0.5019749364236923
0.5018080128898262
0.5016363401873041
0.5014597613746986
0.5012781129665549
0.501091224645861
0.500898918964098
0.5007010110284031
0.500497308175375
0.5002876096310388
0.5000717061564947
0.4998493796787629
0.4996204029063498
0.49938453892905543
0.4991415408015621
0.49889115111034915
0.4986331015235036
0.49836711232302067
0.49809289191921946
0.49781013634694343
0.4975185287432632
0.4972177388064668
0.4969074222361869
0.4965872201546188
0.4962567585088775
0.4959156474546712
0.49556348072162026
0.49519983496071274
0.4948242690745974
0.4944363235316401
0.49403551966493364
0.493621358957764
0.49319332231738244
0.49275086933933077
0.49229343756503013
0.49182044173585576
0.49133127304750956
0.49082529840916334
0.49030185971259066
0.4897602731173414
0.4891998283589446
0.488619788088168
0.48801938725051
0.4873978325163788
0.48675430177380397
0.4860879436970554
0.4853978774062015
0.48468319223442147
0.4839429476217933
0.48317617315630046
0.4823818687849098
0.4815590052197482
0.48070652456662205
0.4798233412052996
0.4789083429530985
0.47796039254525746
0.4769783294672696
0.4759609721756667
0.4749071207445549
0.4738155599753289
0.4726850630062709
0.4715143954569586
0.470302320139337
0.4690476023627284
0.4677490158537051
0.46640534930340466
0.46501541354428644
0.46357804934532715
0.462092135799078
0.46055659925576553
0.4589704227387451
0.45733265575220594
0.45564242436635183
0.45389894143776943
0.45210151679390564
0.4502495671813402
0.4483426257487602
0.4463803508084433
0.44436253359587213
0.44228910472731486
0.44016013904126233
0.4379758585030128
0.4357366328538007
0.43344297769787077
0.4310955497436727
0.42869513894937716
0.4262426573681872
0.42373912454487733
0.4211856493805095
0.4185834084556489
0.4159336208814719
0.4132375198303471
0.410496320980036
0.4077111881858202
0.40488319677009066
0.4020132948870696
0.39910226347993827
0.39615067539794957
0.39315885428230507
0.3901268338626292
0.38705431833260795
0.3839406444961131
0.38078474639665155
0.37758512316602466
0.37433981085506846
0.3710463590420346
0.3677018130532793
0.3643027026758393
0.36084503829008546
0.3573243153992484
0.3537355285759785
0.3500731958777153
0.3463313947950565
0.34250381078260017
0.33858379937199795
0.3345644627747488
0.33043874174070564
0.3261995232410197
0.3218397642848748
0.31735263185047285
0.31273165850287277
0.3079709127721706
0.30306518275987737
0.29801017071260977
0.2928026954359343
0.28744089841150317
0.2819244483385711
0.27625473758474894
0.27043506277524465
0.26447078059285617
0.2583694289640156
0.2521408033650744
0.24579697820756113
0.23935226434333662
0.2328230958042515
0.22622784198895987
0.21958654552792578
0.21292059073671438
0.20625231250026027
0.19960456010218214
0.19300023437046596
0.18646181905120415
0.18001092818252334
0.17366789026824966
0.1674513873354246
0.16137816282230588
0.15546280717932565
0.1497176246582404
0.14415257959027794
0.13877531599568754
0.13359124095738922
0.1286036599891857
0.12381395162840736
0.11922176854726434
0.11482525338535925
0.11062125899980518
0.10660556465494747
0.1027730816091607
0.0991180434284755
0.09563417804618715
0.09231486002432793
0.08915324262875271
0.08614237020755292
0.08327527198628573
0.08054503879854726
0.07794488449692025
0.07546819387715037
0.07310855893400346
0.07085980518193079
0.06871600964303341
0.06667151194885437
0.06472091983620781
0.06285911015122134
0.06108122631718296
0.05938267307509816
0.05775910917345427
0.056206438566501676
0.0547208005782924
0.05329855940202588
0.051936293229803476
0.05063078324534686
0.04937900266019589
