0.5241755059791335
0.5762559264011262
0.5632914597939926
0.5526857013422192
0.5443414499166778
0.5379457400523227
0.5331459559507232
0.5296025264778155
0.5270184988696185
0.5251504666176645
0.5238076999121785
0.5228454260292098
0.5221562153928911
0.5216616277177959
0.5213050493213627
0.5210459593360177
0.5208555303376393
0.5207133448477661
0.5206049898279471
0.5205203167691561
0.5204521943777347
0.5203956200131542
0.5203470895442146
0.5203041519329363
0.5202650951584308
0.5202287251625578
0.5201942104937327
0.5201609732546452
0.5201286126332424
0.5200968513334688
0.5200654980836614
0.5200344214229141
0.5200035313921766
0.5199727667614484
0.5199420861310797
0.5199114617418208
0.5198808751770279
0.5198503143851914
0.519819771622634
0.5197892420365782
0.5197587226930966
0.5197282119135098
0.5196977088241099
0.5196672130529844
0.5196367245279032
0.5196062433433339
0.5195757696744692
0.5195453037230077
0.5195148456841876
0.519484395727875
0.5194539539888071
0.5194235205626659
0.5193930955057531
0.5193626788367829
0.5193322705398205
0.5193018705677448
0.5192714788458391
0.5192410952752806
0.5192107197363938
0.5191803520916026
0.5191499921880611
0.5191196398599607
0.5190892949305361
0.519058957213794
0.5190286265159916
0.5189983026368954
0.518967985370852
0.5189376745076881
0.5189073698334725
0.518877071131156
0.518846778181107
0.5188164907615609
0.5187862086489969
0.5187559316184502
0.5187256594437748
0.5186953918978608
0.518665128752816
0.5186348697801162
0.5186046147507308
0.518574363435226
0.5185441156038504
0.5185138710266065
0.5184836294733081
0.5184533907136297
0.5184231545171446
0.5183929206533576
0.518362688891732
0.5183324590017095
0.5183022307527284
0.5182720039142361
0.5182417782557013
0.5182115535466214
0.5181813295565291
0.5181511060549967
0.5181208828116406
0.5180906595961223
0.5180604361781508
0.5180302123274816
0.5179999878139178
0.5179697624073086
0.5179395358775489
0.5179093079945767
0.517879078528372
0.5178488472489542
0.5178186139263797
0.5177883783307399
0.517758140232158
0.5177278994007863
0.5176976556068027
0.5176674086204087
0.5176371582118259
0.5176069041512921
0.5175766462090592
0.5175463841553891
0.5175161177605507
0.517485846794817
0.5174555710284606
0.5174252902317518
0.5173950041749534
0.5173647126283192
0.5173344153620889
0.5173041121464859
0.517273802751713
0.5172434869479494
0.5172131645053469
0.5171828351940267
0.5171524987840754
0.5171221550455425
0.5170918037484352
0.5170614446627164
0.5170310775583011
0.5170007022050518
0.5169703183727756
0.5169399258312207
0.5169095243500729
0.5168791136989517
0.5168486936474068
0.5168182639649149
0.5167878244208759
0.5167573747846088
0.5167269148253492
0.5166964443122445
0.5166659630143513
0.5166354707006311
0.5166049671399469
0.5165744521010602
0.5165439253526259
0.5165133866631904
0.5164828358011864
0.5164522725349303
0.5164216966326185
0.5163911078623231
0.5163605059919885
0.516329890789428
0.5162992620223202
0.5162686194582046
0.5162379628644785
0.5162072920083933
0.5161766066570506
0.5161459065773983
0.5161151915362275
0.5160844613001683
0.5160537156356859
0.5160229543090775
0.515992177086468
0.5159613837338063
0.5159305740168616
0.5158997477012202
0.5158689045522805
0.5158380443352507
0.5158071668151434
0.5157762717567733
0.5157453589247523
0.5157144280834863
0.5156834789971709
0.5156525114297885
0.5156215251451031
0.5155905199066575
0.5155594954777689
0.5155284516215254
0.515497388100782
0.5154663046781568
0.5154352011160264
0.5154040771765231
0.5153729326215304
0.515341767212679
0.5153105807113433
0.5152793728786371
0.5152481434754096
0.515216892262242
0.5151856189994425
0.5151543234470437
0.5151230053647976
0.5150916645121719
0.5150603006483458
0.5150289135322068
0.5149975029223457
0.5149660685770531
0.514934610254315
0.5149031277118092
0.5148716207069014
0.5148400889966402
0.514808532337754
0.5147769504866463
0.5147453431993922
0.5147137102317333
0.5146820513390752
0.5146503662764814
0.5146186547986709
0.5145869166600132
0.5145551516145239
0.5145233594158615
0.5144915398173227
0.5144596925718373
0.5144278174319659
0.5143959141498944
0.51436398247743
0.5143320221659968
0.5143000329666327
0.5142680146299832
0.5142359669062992
0.5142038895454312
0.5141717822968259
0.5141396449095217
0.5141074771321437
0.514075278712901
0.5140430493995811
0.5140107889395455
0.5139784970797262
0.513946173566621
0.5139138181462884
0.5138814305643449
0.5138490105659591
0.5138165578958477
0.5137840722982715
0.513751553517031
0.513719001295461
0.5136864153764278
0.5136537955023229
0.5136211414150608
0.5135884528560719
0.5135557295663002
0.513522971286198
0.5134901777557208
0.5134573487143244
0.5134244839009584
0.5133915830540634
0.5133586459115655
0.5133256722108719
0.5132926616888671
0.5132596140819065
0.513226529125814
0.5131934065558763
0.5131602461068383
0.5131270475128985
0.5130938105077048
0.5130605348243494
0.5130272201953646
0.5129938663527176
0.5129604730278066
0.5129270399514554
0.512893566853909
0.5128600534648292
0.5128264995132896
0.5127929047277708
0.5127592688361559
0.512725591565726
0.5126918726431544
0.5126581117945037
0.5126243087452195
0.5125904632201259
0.5125565749434211
0.5125226436386731
0.5124886690288135
0.5124546508361338
0.5124205887822801
0.5123864825882493
0.5123523319743822
0.5123181366603613
0.5122838963652033
0.5122496108072565
0.5122152797041948
0.5121809027730125
0.5121464797300206
0.512112010290841
0.512077494170402
0.5120429310829333
0.5120083207419606
0.511973662860302
0.5119389571500619
0.5119042033226262
0.511869401088658
0.511834550158092
0.5117996502401299
0.5117647010432358
0.51172970227513
0.5116946536427854
0.5116595548524221
0.5116244056095018
0.5115892056187239
0.5115539545840196
0.5115186522085473
0.5114832981946877
0.5114478922440382
0.5114124340574091
0.5113769233348173
0.5113413597754819
0.5113057430778192
0.5112700729394373
0.5112343490571318
0.5111985711268802
0.5111627388438366
0.5111268519023273
0.5110909099958458
0.5110549128170471
0.5110188600577429
0.5109827514088969
0.51094658656062
0.5109103652021636
0.5108740870219165
0.5108377517073992
0.5108013589452584
0.5107649084212622
0.5107283998202949
0.510691832826353
0.5106552071225384
0.5106185223910545
0.5105817783132012
0.5105449745693691
0.5105081108390349
0.5104711868007566
0.5104342021321681
0.5103971565099739
0.5103600496099447
0.5103228811069122
0.5102856506747635
0.5102483579864366
0.5102110027139154
0.5101735845282246
0.5101361030994243
0.5100985580966053
0.5100609491878844
0.5100232760403987
0.509985538320301
0.5099477356927553
0.5099098678219309
0.5098719343709973
0.5098339350021208
0.5097958693764577
0.5097577371541503
0.5097195379943221
0.5096812715550721
0.509642937493471
0.5096045354655545
0.5095660651263204
0.5095275261297226
0.5094889181286664
0.5094502407750034
0.5094114937195271
0.509372676611968
0.5093337891009881
0.5092948308341773
0.5092558014580473
0.5092167006180275
0.5091775279584603
0.5091382831225956
0.5090989657525875
0.5090595754894878
0.5090201119732428
0.5089805748426872
0.5089409637355413
0.508901278288404
0.5088615181367502
0.5088216829149249
0.5087817722561392
0.508741785792466
0.508701723154834
0.5086615839730253
0.5086213678756689
0.5085810744902377
0.5085407034430429
0.5085002543592303
0.5084597268627754
0.5084191205764796
0.5083784351219653
0.5083376701196717
0.5082968251888499
0.5082558999475604
0.5082148940126666
0.5081738069998322
0.5081326385235161
0.5080913881969684
0.5080500556322268
0.5080086404401121
0.5079671422302231
0.5079255606109347
0.5078838951893923
0.5078421455715076
0.5078003113619566
0.5077583921641728
0.5077163875803463
0.5076742972114174
0.5076321206570747
0.5075898575157503
0.5075475073846162
0.5075050698595807
0.507462544535285
0.5074199310050994
0.5073772288611195
0.5073344376941628
0.5072915570937657
0.5072485866481792
0.5072055259443662
0.5071623745679976
0.5071191321034499
0.5070757981338005
0.507032372240826
0.5069888540049976
0.5069452430054795
0.5069015388201246
0.5068577410254719
0.5068138491967437
0.5067698629078422
0.5067257817313475
0.5066816052385136
0.5066373329992669
0.5065929645822027
0.5065484995545819
0.5065039374823307
0.5064592779300353
0.5064145204609415
0.5063696646369511
0.5063247100186199
0.5062796561651557
0.5062345026344154
0.5061892489829034
0.5061438947657693
0.5060984395368058
0.5060528828484464
0.5060072242517643
0.5059614632964697
0.5059155995309084
0.50586963250206
0.5058235617555361
0.5057773868355795
0.5057311072850611
0.5056847226454799
0.5056382324569609
0.5055916362582545
0.505544933586734
0.5054981239783957
0.5054512069678571
0.5054041820883559
0.5053570488717501
0.5053098068485152
0.5052624555477454
0.5052149944971513
0.5051674232230605
0.5051197412504167
0.5050719481027783
0.5050240433023196
0.5049760263698295
0.5049278968247114
0.5048796541849833
0.5048312979672773
0.5047828276868406
0.5047342428575348
0.5046855429918358
0.5046367276008352
0.5045877961942404
0.504538748280374
0.5044895833661759
0.5044403009572028
0.5043909005576298
0.5043413816702509
0.5042917437964793
0.50424198643635
0.5041921090885195
0.5041421112502675
0.5040919924174988
0.5040417520847434
0.5039913897451598
0.5039409048905347
0.5038902970112865
0.5038395655964663
0.5037887101337591
0.5037377301094875
0.5036866250086125
0.5036353943147363
0.5035840375101044
0.5035325540756084
0.503480943490788
0.5034292052338344
0.5033773387815925
0.5033253436095638
0.5032732191919097
0.5032209650014544
0.503168580509688
0.5031160651867701
0.503063418501533
0.5030106399214853
0.5029577289128154
0.502904684940396
0.5028515074677864
0.5027981959572385
0.502744749869699
0.5026911686648151
0.502637451800938
0.5025835987351275
0.5025296089231568
0.5024754818195168
0.5024212168774215
0.502366813548812
0.5023122712843621
0.5022575895334842
0.5022027677443326
0.5021478053638109
0.5020927018375765
0.5020374566100462
0.5019820691244021
0.501926538822598
0.501870865145364
0.5018150475322147
0.5017590854214533
0.5017029782501791
0.5016467254542939
0.5015903264685084
0.501533780726349
0.5014770876601644
0.5014202467011329
0.5013632572792694
0.5013061188234325
0.5012488307613318
0.5011913925195355
0.5011338035234776
0.5010760631974667
0.5010181709646917
0.5009601262472322
0.5009019284660651
0.5008435770410724
0.500785071391051
0.5007264109337196
0.5006675950857286
0.5006086232626674
0.5005494948790746
0.5004902093484458
0.5004307660832429
0.5003711644949034
0.5003114039938499
0.500251483989499
0.500191403890271
0.5001311631035996
0.5000707610359416
0.5000101970927866
0.49994947067866713
0.4998885811971687
0.49982752805094044
0.49976631064170435
0.49970492837026653
0.499643380636528
0.4995816668394945
0.4995197863772878
0.49945773864715637
0.49939552304548696
0.49933313896781467
0.4992705858088348
0.4992078629624144
0.49914496982160306
0.4990819057786452
0.49901867022499025
0.49895526255130673
0.49889168214749174
0.4988279284026844
0.49876400070527743
0.49869989844292906
0.4986356210025754
0.49857116777044325
0.4985065381320619
0.49844173147227566
0.4983767471752571
0.4983115846245196
0.4982462432029288
0.4981807222927177
0.49811502127549795
0.4980491395322737
0.49798307644345446
0.4979168313888683
0.4978504037477752
0.49778379289888053
0.4977169982203481
0.4976500190898145
0.497582854884402
0.4975155049807318
0.49744796875493946
0.4973802455826867
0.49731233483917653
0.49724423589916683
0.4971759481369843
0.49710747092653845
0.4970388036413361
0.4969699456544948
0.49690089633875784
0.49683165506650806
0.49676222120978186
0.49669259414028455
0.4966227732294037
0.49655275784822395
0.496482547367542
0.49641214115788024
0.4963415385895014
0.49627073903242436
0.49619974185643667
0.49612854643111115
0.496057152125819
0.49598555830974556
0.4959137643519047
0.49584176962115284
0.4957695734862043
0.4956971753156463
0.49562457447795283
0.4955517703414999
0.49547876227458015
0.4954055496454176
0.4953321318221822
0.4952585081730049
0.4951846780659918
0.49511064086923917
0.4950363959508477
0.4949619426789381
0.49488728042166485
0.4948124085472304
0.4947373264239009
0.4946620334200197
0.49458652890402255
0.49451081224445126
0.49443488280996883
0.494358739969373
0.49428238309161154
0.4942058115457957
0.4941290247012142
0.49405202192734843
0.4939748025938851
0.4938973660707316
0.49381971172802824
0.49374183893616413
0.49366374706578897
0.493585435487828
0.4935069035734952
0.4934281506943067
0.49334917622209395
0.4932699795290173
0.4931905599875799
0.493110916970639
0.49303104985142104
0.492950958003533
0.49287064080097537
0.4927900976181559
0.4927093278299007
0.49262833081146773
0.4925471059385583
0.49246565258732994
0.4923839701344074
0.49230205795689563
0.4922199154323911
0.49213754193899273
0.4920549368553145
0.4919720995604959
0.4918890294342133
0.4918057258566907
0.49172218820871094
0.4916384158716262
0.49155440822736823
0.491470164658459
0.4913856845480205
0.491300967279785
0.4912160122381043
0.49113081880795983
0.49104538637497197
0.4909597143254091
0.49087380204619635
0.4907876489249249
0.4907012543498603
0.49061461770995085
0.49052773839483577
0.49044061579485376
0.4903532493010494
0.4902656383051823
0.4901777821997334
0.4900896803779125
0.49000133223366477
0.48991273716167766
0.4898238945573879
0.48973480381698636
0.48964546433742534
0.4895558755164233
0.48946603675247147
0.48937594744483753
0.4892856069935725
0.4891950147995136
0.48910417026429054
0.4890130727903281
0.4889217217808519
0.4888301166398904
0.48873825677227967
0.4886461415836665
0.4885537704805106
0.48846114287008807
0.48836825816049406
0.4882751157606441
0.48818171508027675
0.48808805552995516
0.4879941365210683
0.4878999574658326
0.487805517777292
0.48771081686931933
0.4876158541566167
0.4875206290547148
0.48742514097997314
0.4873293893495805
0.4872333735815522
0.48713709309473163
0.4870405473087863
0.4869437356442087
0.4868466575223126
0.48674931236523267
0.4866516995959205
0.48655381863814323
0.4864556689164802
0.4863572498563197
0.48625856088385555
0.4861596014260837
0.48606037091079846
0.48596086876658695
0.485861094422827
0.4857610473096799
0.48566072685808703
0.4855601324997642
0.48545926366719583
0.48535811979362986
0.4852567003130708
0.48515500466027406
0.48505303227073976
0.4849507825807052
0.4848482550271384
0.48474544904773054
0.4846423640808887
0.4845389995657283
0.4844353549420644
0.4843314296504045
0.48422722313193955
0.4841227348285357
0.4840179641827249
0.4839129106376963
0.4838075736372872
0.4837019526259725
0.48359604704885656
0.4834898563516622
0.48338337998072095
0.48327661738296307
0.48316956800590644
0.48306223129764686
0.4829546067068463
0.4828466936827226
0.48273849167503824
0.48263000013408847
0.48252121851069085
0.4824121462561728
0.48230278282236
0.48219312766156514
0.482083180226575
0.4819729399706386
0.48186240634745575
0.4817515788111632
0.48164045681632345
0.4815290398179113
0.4814173272713015
0.48130531863225623
0.4811930133569118
0.48108041090176573
0.48096751072366417
0.4808543122797883
0.48074081502764177
0.4806270184250371
0.48051292193008227
0.4803985250011684
0.48028382709695544
0.48016882767635954
0.4800535261985394
0.47993792212288333
0.4798220149089958
0.4797058040166837
0.4795892889059442
0.4794724690369503
0.4793553438700385
0.47923791286569517
0.4791201754845438
0.479002131187332
0.4788837794349179
0.4787651196882587
0.478646151408396
0.478526874056445
0.4784072870935807
0.4782873899810259
0.4781671821800387
0.4780466631519008
0.47792583235790476
0.4778046892593427
0.4776832333174945
0.47756146399361565
0.47743938074892667
0.4773169830446018
0.4771942703417572
0.4770712421014417
0.47694789778462426
0.4768242368521863
0.4767002587649084
0.47657596298346366
0.4764513489684057
0.4763264161801605
0.4762011640790171
0.4760755921251194
0.47594969977845664
0.4758234864988562
0.4756969517459756
0.47557009497929387
0.47544291565810665
0.47531541324151716
0.4751875871884309
0.4750594369575495
0.4749309620073645
0.4748021617961523
0.4746730357819692
0.4745435834226469
0.4744138041757884
0.4742836974987638
0.4741532628487077
0.474022499682516
0.47389140745684344
0.4737599856281016
0.47362823365245804
0.4734961509858344
0.4733637370839064
0.473230991402104
0.47309791339561147
0.4729645025193687
0.4728307582280725
0.4726966799761789
0.47256226721790506
0.47242751940723426
0.47229243599791704
0.4721570164434774
0.47202126019721696
0.4718851667122204
0.4717487354413617
0.4716119658373105
0.4714748573525395
0.47133740943933217
0.4711996215497916
0.4710614931358491
0.47092302364927446
0.470784212541686
0.47064505926456157
0.4705055632692508
0.47036572400698684
0.47022554092889984
0.47008501348603066
0.4699441411293451
0.46980292330974954
0.46966135947810594
0.46951944908524923
0.4693771915820043
0.46923458641920435
0.4690916330477084
0.46894833091842253
0.46880467948231863
0.4686606781904566
0.46851632649400476
0.46837162384426356
0.46822656969268805
0.46808116349091244
0.4679354046907741
0.4677892927443405
0.4676428271039338
0.4674960072221598
0.46734883255193443
0.4672013025465136
0.4670534166595215
0.4669051743449831
0.4667565750573526
0.46660761825154756
0.46645830338298055
0.4663086299075933
0.4661585972818909
0.46600820496297746
0.4658574524085912
0.46570633907714265
0.465554864427752
0.4654030279202867
0.4652508290154024
0.4650982671745826
0.46494534186017944
0.46479205253545586
0.46463839866462864
0.4644843797129119
0.4643299951465614
0.46417524443292013
0.464020127040464
0.46386464243884995
0.4637087900989624
0.46355256949296264
0.4633959800943388
0.4632390213779555
0.46308169282010553
0.4629239938985613
0.46276592409262884
0.4626074828832005
0.4624486697528103
0.4622894841856883
0.4621299256678181
0.4619699936869932
0.4618096877328748
0.4616490072970509
0.46148795187309544
0.4613265209566295
0.46116471404538095
0.4610025306392476
0.46083997024036
0.46067703235314406
0.46051371648438627
0.4603500221432987
0.46018594884158437
0.4600214960935052
0.4598566634159476
0.45969145032849273
0.4595258563534837
0.45935988101609726
0.45919352384441237
0.45902678436948263
0.45885966212540785
0.45869215664940743
0.45852426748189257
0.4583559941665413
0.4581873362503734
0.45801829328382526
0.4578488648208266
0.45767905041887763
0.45750884963912575
0.4573382620464447
0.4571672872095128
0.45699592470089295
0.45682417409711246
0.45665203497874385
0.45647950693048656
0.4563065895412487
0.4561332824042291
0.45595958511700174
0.45578549728159823
0.45561101850459285
0.4554361483971868
0.4552608865752943
0.45508523265962714
0.45490918627578336
0.4547327470543311
0.4545559146308985
0.45437868864626035
0.45420106874642624
0.45402305458272985
0.45384464581191764
0.45366584209623895
0.4534866431035348
0.45330704850732945
0.4531270579869205
0.4529466712274702
0.45276588792009603
0.45258470776196397
0.4524031304563785
0.4522211557128767
0.45203878324732005
0.45185601278198684
0.451672844045666
0.45148927677374995
0.45130531070832836
0.4511209455982817
0.45093618119937473
0.4507510172743517
0.4505654535930287
0.45037948993238974
0.4501931260766797
0.4500063618174999
0.4498191969539017
0.44963163129248207
0.44944366464747665
0.44925529684085597
0.4490665277024191
0.4488773570698888
0.44868778478900506
0.4484978107136206
0.44830743470579415
0.44811665663588607
0.44792547638265107
0.4477338938333325
0.447541908883757
0.44734952143842666
0.4471567314106133
0.44696353872245176
0.446769943305032
0.446575945098492
0.4463815440521104
0.44618674012439774
0.44599153328318897
0.4457959235057337
0.44559991077878824
0.44540349509870464
0.44520667647152234
0.4450094549130562
0.4448118304489861
0.4446138031149467
0.4444153729566138
0.4442165400297926
0.4440173044005048
0.4438176661450751
0.44361762535021637
0.44341718211311576
0.4432163365415177
0.44301508875380924
0.44281343887910235
0.4426113870573166
0.44240893343926
0.44220607818671165
0.44200282147249936
0.4417991634805815
0.4415951044061232
0.4413906444555754
0.4411857838467507
0.4409805228088995
0.44077486158278484
0.44056880042075586
0.4403623395868216
0.44015547935672183
0.4399482200179988
0.4397405618700665
0.43953250522428
0.43932405040400285
0.43911519774467345
0.4389059475938709
0.43869630031137913
0.43848625626925025
0.4382758158518661
0.4380649794559994
0.4378537474908726
0.4376421203782169
0.43743009855232895
0.43721768246012593
0.43700487256120035
0.43679166932787283
0.4365780732452442
0.4363640848112451
0.4361497045366849
0.4359349329452993
0.4357197705737963
0.43550421797190003
0.4352882757023948
0.4350719443411658
0.4348552244772391
0.4346381167128207
0.43442062166333245
0.4342027399574482
0.433984472237127
0.4337658191576451
0.4335467813876269
0.43332735960907365
0.43310755451738947
0.4328873668214086
0.4326667972434183
0.4324458465191802
0.4322245153979518
0.4320028046425047
0.43178071502914095
0.43155824734770837
0.4313354024016145
0.43111218100783655
0.4308885839969328
0.43066461221304886
0.43044026651392525
0.43021554777089993
0.4299904568689117
0.4297649947065001
0.42953916219580435
0.4293129602625594
0.42908638984609115
0.42885945189930896
0.42863214738869676
0.42840447729430164
0.42817644260972165
0.4279480443420894
0.4277192835120572
0.42749016115377614
0.4272606783148766
0.4270308360564448
0.4268006354529988
0.42657007759245996
0.4263391635761268
0.4261078945186412
0.42587627154795854
0.4256442958053105
0.42541196844516993
0.42517929063521115
0.42494626355626924
0.4247128884022975
0.42447916638032257
0.42424509871039684
0.42401068662555086
0.42377593137174097
0.42354083420779765
0.4233053964053697
0.42306961924886777
0.4228335040354051
0.42259705207473686
0.4223602646891965
0.42212314321363226
0.4218856889953378
0.42164790339398606
0.4214097877815557
0.4211713435422601
0.4209325720724715
0.4206934747806442
0.42045405308723605
0.42021430842462715
0.41997424223703794
0.4197338559804437
0.4194931511224883
0.4192521291423959
0.4190107915308803
0.41876913979005265
0.4185271754333274
0.4182848999853259
0.41804231498177935
0.41779942196942776
0.4175562225059197
0.4173127181597077
0.4170689105099439
0.41682480114637277
0.41658039166922184
0.41633568368909235
0.4160906788268456
0.4158453787134901
0.4155997849900652
0.4153538993075235
0.41510772332661267
0.4148612587177538
0.4146145071609194
0.41436747034550936
0.41412014997022567
0.4138725477429447
0.41362466538058856
0.41337650460899555
0.4131280671627875
0.4128793547852365
0.4126303692281311
0.4123811122516391
0.4121315856241703
0.41188179112223744
0.41163173053031593
0.41138140564070147
0.4111308182533679
0.41087997017582195
0.4106288632229575
0.41037749921690947
0.4101258799869045
0.4098740073691121
0.4096218832064944
0.4093695093486531
0.4091168876516781
0.40886401997799243
0.40861090819619716
0.4083575541809162
0.40810395981263775
0.4078501269775572
0.4075960575674175
0.40734175347934903
0.4070872166157087
0.40683244888391806
0.40657745219630026
0.40632222846991684
0.4060667796264032
0.40581110759180306
0.4055552142964032
0.4052991016745659
0.40504277166456304
0.40478622620840604
0.40452946725167926
0.40427249674336985
0.4040153166356979
0.40375792888394607
0.4035003354462892
0.4032425382836227
0.4029845393593907
0.402726340639414
0.4024679440917174
0.40220935168635685
0.40195056539524604
0.4016915871919829
0.4014324190516758
0.4011730629507694
0.4009135208668699
0.4006537947785713
0.4003938866652804
0.400133798507042
0.39987353228436384
0.3996130899780419
0.39935247356898546
0.3990916850380418
0.39883072636582195
0.3985695995325245
0.3983083065177622
0.39804684930038614
0.39778522985831194
0.39752345016834467
0.3972615122060048
0.3969994179453544
0.3967371693588232
0.39647476841703544
0.3962122170886356
0.3959495173401167
0.3956866711356477
0.3954236804369007
0.3951605472028793
0.3948972733897481
0.3946338609506612
0.39437031183559174
0.3941066279911629
0.3938428113604779
0.39357886388295127
0.39331478749414106
0.39305058412558186
0.3927862557046161
0.39252180415423044
0.39225723139288776
0.391992539334364
0.3917277298875833
0.39146280495645525
0.3911977664397115
0.3909326162307447
0.3906673562174475
0.3904019882820523
0.39013651430097207
0.38987093614464186
0.38960525567736154
0.38933947475713954
0.38907359523553636
0.38880761895751137
0.38854154776126815
0.3882753834781018
0.388009127932248
0.38774278294073194
0.3874763503132194
0.38720983185186764
0.38694322935117786
0.3866765445978503
0.38640977937063736
0.38614293544020134
0.38587601456896936
0.38560901851099477
0.38534194901181384
0.3850748078083074
0.38480759662856356
0.3845403171917398
0.38427297120792764
0.38400556037801875
0.38373808639357077
0.38347055093667637
0.38320295567983215
0.3829353022858097
0.38266759240752746
0.38239982768792374
0.38213200975983175
0.3818641402458554
0.38159622075824673
0.3813282528987845
0.3810602382586538
0.3807921784183284
0.38052407494745194
0.380255929404724
0.37998774333778407
0.3797195182830986
0.3794512557658503
0.3791829572998269
0.3789146243873118
0.3786462585189785
0.3783778611737817
0.3781094338188556
0.37784097790940807
0.37757249488862044
0.37730398618754674
0.3770354532250138
0.37676689740752506
0.37649832012916334
0.376229722771497
0.37596110670348604
0.37569247328139
0.37542382384867895
0.3751551597359427
0.3748864822608044
0.37461779272783435
0.3743490924284645
0.3740803826409064
0.3738116646300678
0.37354293964747404
0.37327420893118757
0.3730054737057309
0.3727367351820102
0.37246799455724106
0.3721992530148744
0.37193051172452496
0.37166177184190013
0.3713930345087315
0.37112430085270665
0.37085557198740254
0.3705868490122206
0.3703181330123232
0.37004942505857064
0.3697807262074604
0.36951203750106865
0.36924335996699
0.3689746946182809
0.36870604245340594
0.36843740445618023
0.3681687815957194
0.3679001748263853
0.367631585087737
0.3673630133044816
0.367094460386425
0.3668259272284267
0.3665574147103533
0.3662889236970347
0.36602045503822056
0.36575200956853987
0.3654835881074584
0.3652151914592413
0.3649468204129132
0.36467847574222195
0.36441015820560296
0.3641418685461443
0.36387360749155223
0.3636053757541203
0.3633371740306963
0.363069003002653
0.3628008633358592
0.36253275568065063
0.36226468067180384
0.3619966389285089
0.3617286310543459
0.3614606576372599
0.36119271924953894
0.360924816447791
0.36065694977292295
0.36038911975012256
0.36012132688883614
0.35985357168275295
0.3595858546097872
0.35931817613206124
0.3590505366958908
0.3587829367317701
0.3585153766543578
0.35824785686246485
0.3579803777390423
0.3577129396511689
0.35744554295004316
0.35717818797097073
0.3569108750333584
0.35664360444070337
0.3563763764805882
0.3561091914246726
0.35584204952868825
0.35557495103243303
0.3553078961597671
0.3550408851186082
0.3547739181009298
0.3545069952827563
0.35424011682416334
0.35397328286927465
0.3537064935462624
0.35343974896734576
0.35317304922879234
0.35290639441091853
0.3526397845780901
0.35237321977872627
0.3521067000452991
0.35184022539433857
0.3515737958264348
0.35130741132624166
0.3510410718624819
0.3507747773879503
0.35050852783951947
0.350242323138145
0.34997616318887115
0.3497100478808367
0.3494439770872808
0.34917795066555135
0.3489119684571094
0.3486460302875383
0.34838013596655065
0.3481142852879957
0.3478484780298672
0.3475827139543129
0.3473169928076409
0.34705131432032976
0.34678567820703665
0.3465200841666064
0.3462545318820799
0.34598902102070467
0.3457235512339423
0.3454581221574795
0.3451927334112365
0.3449273845993765
0.3446620753103162
0.34439680511673426
0.3441315735755813
0.3438663802280899
0.3436012245997835
0.3433361062004868
0.34307102452433424
0.342805979049781
0.3425409692396099
0.3422759945409436
0.34201105438525203
0.3417461481883623
0.3414812753504668
0.3412164352561331
0.34095162727431183
0.3406868507583458
0.3404221050459782
0.34015738945936025
0.3398927033050598
0.339628045874069
0.33936341644181134
0.3390988142681496
0.3388342385973919
0.3385696886582991
0.33830516366409147
0.33804066281245415
0.33777618528554326
0.33751173024999137
0.3372472968569133
0.33698288424190964
0.33671849152507244
0.33645411781098866
0.33618976218874436
0.3359254237319274
0.33566110149863104
0.33539679453145615
0.33513250185751264
0.3348682224884226
0.3346039554203202
0.33433969963385346
0.33407545409418293
0.3338112177509833
0.3335469895384419
0.3332827683752574
0.33301855316463813
0.3327543427943004
0.3324901361364649
0.332225932047854
0.3319617293696884
0.33169752692768134
0.33143332353203486
0.3311691179774342
0.33090490904304093
0.3306406954924873
0.3303764760738683
0.33011224951973384
0.3298480145470806
0.3295837698573425
0.32931951413638133
0.3290552460544763
0.32879096426631305
0.32852666741097214
0.32826235411191634
0.32799802297697805
0.3277336725983456
0.32746930155254966
0.3272049084004465
0.32694049168720457
0.3266760499422864
0.32641158167943307
0.32614708539664533
0.3258825595761662
0.32561800268446073
0.3253534131721977
0.32508878947422803
0.32482413000956417
0.32455943318135766
0.3242946973768774
0.32402992096748506
0.3237651023086127
0.32350023973973613
0.3232353315843515
0.32297037614994717
0.3227053717279779
0.32244031659383704
0.3221752090068278
0.32191004721013516
0.3216448294307949
0.32137955387966344
0.32111421875138735
0.3208488222243705
0.32058336246074126
0.32031783760632065
0.32005224579058655
0.3197865851266396
0.319520853711168
0.3192550496244109
0.3189891709301222
0.3187232156755318
0.3184571818913087
0.31819106759152105
0.31792487077359727
0.31765858941828584
0.31739222148961355
0.31712576493484546
0.3168592176844407
0.316592577652012
0.31632584273427977
0.31605901081103016
0.31579207974507
0.31552504738218007
0.31525791155107086
0.31499067006333603
0.3147233207134043
0.3144558612784937
0.3141882895185615
0.3139206031762574
0.3136527999768738
0.31338487762829637
0.31311683382095284
0.31284866622776486
0.31258037250409515
0.3123119502876965
0.3120433971986607
0.3117747108393653
0.3115058887944224
0.3112369286306246
0.3109678278968919
0.31069858412421897
0.3104291948256202
0.31015965749607693
0.30988996961248166
0.3096201286335845
0.3093501319999379
0.3090799771338419
0.308809661439289
0.3085391823019092
0.30826853708891394
0.3079977231490419
0.3077267378125017
0.30745557839091914
0.3071842421772795
0.30691272644587314
0.30664102845224084
0.30636914543311666
0.306097074606376
0.30582481317097737
0.3055523583069107
0.305279707175142
0.3050068569175584
0.3047338046569162
0.3044605474967861
0.3041870825215015
0.30391340679610485
0.30363951736629713
0.3033654112583855
0.3030910854792328
0.3028165370162073
0.3025417628371335
0.30226675989024326
0.30199152510412736
0.3017160553876896
0.30144034763009897
0.3011643987007458
0.3008882054491961
0.3006117647051494
0.3003350732783956
0.30005812795877407
0.29978092551613467
0.2995034627002981
0.2992257362410193
0.29894774284795045
0.29866947921060827
0.2983909419983394
0.29811212786028995
0.2978330334253758
0.2975536553022542
0.29727399007929767
0.2969940343245698
0.29671378458580233
0.296433237390375
0.2961523892452976
0.2958712366371927
0.29558977603228187
0.2953080038763746
0.29502591659485855
0.2947435105926918
0.2944607822544001
0.2941777279440729
0.29389434400536674
0.2936106267615072
0.293326572515296
0.29304217754912065
0.2927574381249671
0.29247235048443543
0.29218691084875853
0.2919011154188254
0.29161496037520557
0.2913284418781793
0.29104155606777093
0.2907542990637839
0.29046666696584306
0.2901786558534383
0.2898902617859724
0.2896014808028148
0.2893123089233574
0.2890227421470767
0.28873277645359907
0.2884424078027705
0.28815163213473216
0.28786044537000005
0.28756884340954975
0.2872768221349056
0.28698437740823635
0.28669150507245456
0.28639820095132246
0.2861044608495626
0.28581028055297575
0.2855156558285621
0.28522058242464954
0.2849250560710288
0.2846290724790931
0.284332627341986
0.28403571633475316
0.28373833511450325
0.2834404793205731
0.2831421445747022
0.28284332648121147
0.2825440206271907
0.2822442225826936
0.28194392790093836
0.2816431321185177
0.28134183075561425
0.2810400193162267
0.2807376932884006
0.2804348481444696
0.2801314793413038
0.2798275823205657
0.27952315250897686
0.27921818531859055
0.2789126761470745
0.2786066203780029
0.2783000133811554
0.2779928505128284
0.27768512711615234
0.2773768385214206
0.2770679800464272
0.276758546996814
0.2764485346664282
0.27613793833768974
0.2758267532819685
0.2755149747599722
0.2752025980221437
0.2748896183090704
0.27457603085190296
0.27426183087278544
0.2739470135852967
0.2736315741949012
0.2733155078994136
0.2729988098894722
0.2726814753490252
0.2723634994558285
0.27204487738195415
0.27172560429431214
0.2714056753551826
0.27108508572276185
0.27076383055171754
0.27044190499376014
0.2701193041982234
0.2697960233126591
0.26947205748344355
0.2691474018563971
0.2688220515774166
0.26849600179312044
0.26816924765150646
0.2678417843026232
0.2675136068992542
0.26718471059761556
0.2668550905580659
0.266524741945831
0.2661936599317417
0.2658618396929838
0.26552927641386337
0.2651959652865837
0.26486190151203787
0.2645270803006135
0.26419149687301136
0.2638551464610791
0.26351802430865606
0.2631801256724346
0.2628414458228329
0.2625019800448833
0.2621617236391332
0.2618206719225605
0.2614788202295009
0.2611361639125929
0.26079269834373126
0.2604484189150389
0.260103321039848
0.2597574001536984
0.2594106517153476
0.25906307120779387
0.25871465413931305
0.2583653960445092
0.25801529248537747
0.25766433905238095
0.2573125313655382
0.2569598650755272
0.25660633586479864
0.25625193944870245
0.2558966715766287
0.25554052803315813
0.25518350463922573
0.2548255972532963
0.2544668017725521
0.25410711413408976
0.253746530316132
0.25338504633924697
0.2530226582675802
0.25265936221009677
0.25229515432183414
0.25193003080516374
0.25156398791106377
0.2511970219404
0.25082912924521883
0.2504603062300448
0.25009054935318986
0.24971985512807013
0.24934822012453073
0.24897564097017696
0.24860211435171498
0.24822763701629713
0.24785220577287445
0.2474758174935573
0.2470984691149779
0.24672015763966093
0.24634088013739816
0.24596063374662863
0.24557941567581998
0.24519722320485715
0.24481405368643083
0.24442990454743121
0.2440447732903414
0.24365865749463528
0.24327155481817336
0.24288346299860292
0.2424943798547551
0.242104303288044
0.24171323128386227
0.2413211619129791
0.24092809333293236
0.24053402378942063
0.24013895161769103
0.23974287524392432
0.239345793186615
0.23894770405794613
0.23854860656516044
0.23814849951192407
0.2377473817996837
0.23734525242901722
0.23694211050097577
0.23653795521841836
0.23613278588733577
0.23572660191816677
0.23531940282710215
0.23491118823737914
0.2345019578805631
0.23409171159781839
0.233680449341164
0.23326817117471843
0.23285487727592874
0.2324405679367843
0.23202524356501653
0.2316089046852814
0.23119155194032504
0.23077318609213307
0.23035380802306005
0.22993341873694262
0.22951201936018936
0.2290896111428554
0.22866619545969238
0.22824177381117874
0.2278163478245284
0.22738991925467578
0.22696248998523805
0.22653406202945336
0.22610463753109528
0.225674218765361
0.22524280813973435
0.22481040819482243
0.2243770216051654
0.2239426511800189
0.22350729986410806
0.22307097073835233
0.22263366702056248
0.22219539206610636
0.22175614936854554
0.22131594256023954
0.22087477541292047
0.22043265183823352
0.2199895758882482
0.2195455517559326
0.2191005837755979
0.21865467642330627
0.21820783431724655
0.21776006221807348
0.21731136502921225
0.21686174779712775
0.21641121571155764
0.2159597741057079
0.21550742845641307
0.21505418438425877
0.2146000476536658
0.21414502417293674
0.21368911999426607
0.21323234131370844
0.212774694471111
0.212316185950005
0.21185682237745926
0.2113966105238929
0.2109355573028486
0.21047366977072582
0.21001095512647466
0.2095474207112482
0.2090830740080144
0.20861792264112827
0.20815197437586153
0.2076852371178936
0.20721771891276014
0.2067494279452595
0.2062803725388217
0.2058105611548316
0.20534000239191516
0.2048687049851815
0.20439667780542553
0.20392392985828925
0.20345047028338065
0.20297630835335487
0.20250145347295104
0.20202591517798976
0.20154970313433204
0.2010728271367937
0.2005952971080235
0.20011712309733945
0.19963831527952486
0.19915888395358552
0.19867883954146842
0.19819819258673949
0.1977169537532245
0.1972351338236098
0.1967527436980063
0.1962697943924755
0.19578629703751688
0.19530226287651964
0.19481770326417838
0.19433262966486958
0.1938470536509959
0.19336098690129322
0.19287444119910324
0.19238742843061157
0.1918999605830528
0.19141204974288073
0.19092370809390746
0.1904349479154094
0.18994578158020248
0.18945622155268438
0.1889662803868493
0.18847597072427041
0.1879853052920542
0.18749429690076694
0.1870029584423316
0.18651130288789994
0.1860193432856956
0.1855270927588342
0.18503456450311656
0.18454177178479778
0.18404872793833435
0.18355544636410678
0.18306194052612174
0.18256822394969202
0.1820743102190972
0.1815802129752236
0.18108594591318736
0.18059152277993787
0.18009695737184572
0.17960226353227357
0.17910745514913234
0.17861254615242356
0.17811755051176686
0.17762248223391697
0.17712735536026747
0.17663218396434396
0.1761369821492893
0.1756417640453377
0.17514654380728228
0.17465133561193555
0.17415615365558404
0.17366101215143614
0.17316592532706998
0.17267090742187327
0.1721759726844843
0.17168113537023144
0.17118640973857024
0.17069181005052453
0.17019735056612634
0.16970304554186116
0.16920890922811382
0.16871495586662189
0.1682211996879333
0.16772765490887054
0.1672343357300025
0.1667412563331251
0.16624843087875116
0.16575587350361073
0.16526359831816187
0.1647716194041156
0.1642799508119724
0.16378860655857314
0.16329760062466533
0.1628069469524854
0.1623166594433571
0.16182675195530963
0.16133723830071028
0.16084813224392133
0.16035944749897374
0.1598711977272635
0.15938339653527028
0.15889605747229693
0.15840919402823483
0.15792281963135252
0.15743694764610905
0.15695159137099463
0.15646676403639578
0.1559824788024901
0.15549874875716707
0.15501558691397996
0.1545330062101236
0.1540510195044466
0.15356963957549064
0.15308887911956257
0.1526087507488385
0.15212926698950038
0.1516504402799048
0.15117228296878607
0.15069480731349388
0.15021802547826452
0.149741949532527
0.14926659144924592
0.14879196310329962
0.14831807626989396
0.14784494262301406
0.1473725737339126
0.14690098106963495
0.14643017599158353
0.14596016975411796
0.14549097350319676
0.1450225982750535
0.144555054994916
0.14408835447576177
0.14362250741711272
0.14315752440387078
0.14269341590519255
0.1422301922734019
0.1417678637429443
0.1413064404293807
0.14084593232841933
0.14038634931499014
0.13992770114235709
0.1394699974412707
0.13901324771916146
0.13855746135937103
0.13810264762042546
0.13764881563534623
0.13719597441100118
0.13674413282749523
0.1362932996376
0.13584348346622255
0.13539469280991212
0.13494693603640673
0.1345002213842174
0.1340545569622509
0.13360995074946913
0.13316641059458778
0.13272394421581155
0.13228255920060522
0.13184226300550336
0.13140306295595464
0.13096496624620274
0.13052797993920276
0.13009211096657247
0.12965736612857878
0.12922375209415785
0.12879127540096985
0.12835994245548613
0.12792975953311084
0.1275007327783335
0.12707286820491423
0.12664617169610165
0.12622064900487961
0.1257963057542468
0.12537314743752423
0.12495117941869438
0.12453040693276764
0.12411083508617794
0.12369246885720683
0.12327531309643366
0.12285937252721432
0.12244465174618349
0.12203115522378696
0.12161888730483408
0.12120785220907859
0.12079805403182195
0.12038949674453991
0.11998218419553261
0.11957612011059693
0.11917130809371919
0.1187677516277916
0.11836545407534607
0.11796441867931078
0.11756464856378442
0.11716614673482964
0.11676891608128509
0.11637295937559483
0.11597827927465407
0.11558487832067266
0.11519275894205402
0.1148019234542886
0.1144123740608633
0.1140241128541841
0.11363714181651337
0.113251462820919
0.11286707763223673
0.1124839879080453
0.11210219519965084
0.11172170095308431
0.1113425065101087
0.11096461310923465
0.11058802188674792
0.11021273387774332
0.10983875001716839
0.10946607114087388
0.10909469798667273
0.10872463119540465
0.10835587131200684
0.10798841878659271
0.1076222739755326
0.10725743714254275
0.10689390845977613
0.10653168800891887
0.10617077578228915
0.10581117168394022
0.10545287553076572
0.10509588705360656
0.10474020589836054
0.1043858316270935
0.1040327637191509
0.10368100157227061
0.10333054450369561
0.10298139175128695
0.10263354247463598
0.10228699575617671
0.101941750602295
0.10159780594443933
0.10125516064022652
0.10091381347454777
0.10057376316067129
0.10023500834134245
0.09989754758988059
0.09956137941127258
0.09922650224326349
0.09889291445744247
0.09856061436032505
0.098229600194431
0.09789987013935725
0.09757142231284638
0.09724425477184973
0.09691836551358546
0.0965937524765904
0.09627041354176727
0.09594834653342477
0.09562754922031207
0.09530801931664741
0.09498975448313915
0.09467275232800115
0.09435701040796018
0.09404252622925761
0.09372929724864285
0.09341732087436003
0.0931065944671268
0.09279711534110617
0.09248888076487005
0.0921818879623548
0.09187613411380963
0.0915716163567365
0.09126833178682098
0.09096627745885662
0.09066545038765943
0.09036584754897432
0.09006746588037404
0.08977030228214687
0.08947435361817965
0.08917961671682778
0.08888608837177941
0.0885937653429099
0.08830264435712677
0.08801272210920655
0.08772399526262185
0.08743646045036085
0.08715011427573527
0.08686495331318159
0.08658097410905259
0.0862981731823982
0.08601654702574008
0.0857360921058336
0.08545680486442402
0.08517868171899105
0.08490171906348513
0.08462591326905526
0.08435126068476602
0.08407775763830713
0.08380540043669238
0.08353418536695072
0.08326410869680784
0.08299516667535778
0.08272735553372686
0.08246067148572744
0.08219511072850416
0.08193066944316857
0.08166734379542817
0.0814051299362038
0.08114402400223965
0.08088402211670365
0.08062512038978016
0.08036731491925263
0.08011060179107822
0.07985497707995383
0.07960043684987407
0.0793469771546789
0.07909459403859487
0.07884328353676656
0.07859304167578068
0.07834386447418093
0.07809574794297454
0.07784868808613243
0.07760268090107836
0.07735772237917257
0.07711380850618611
0.07687093526276725
0.0766290986249009
0.07638829456435917
0.07614851904914456
0.07590976804392598
0.07567203751046664
0.07543532340804435
0.07519962169386504
0.0749649283234677
0.07473123925112345
0.07449855043022638
0.07426685781367723
0.07403615735426083
0.07380644500501529
0.0735777167195955
0.07334996845262858
0.07312319616006366
0.0728973957995139
0.07267256333059263
0.07244869471524243
0.0722257859180581
0.07200383290660278
0.07178283165171832
0.07156277812782846
0.07134366831323698
0.07112549819041838
0.07090826374630388
0.07069196097256049
0.07047658586586437
0.07026213442816867
0.07004860266696523
0.06983598659554119
0.06962428223322892
0.06941348560565172
0.06920359274496266
0.06899459969007982
0.06878650248691419
0.06857929718859396
0.0683729798556825
0.0681675465563923
0.06796299336679285
0.06775931637101401
0.06755651166144475
0.06735457533892675
0.06715350351294323
0.06695329230180296
0.06675393783282042
0.06655543624249047
0.06635778367665877
0.06616097629068839
0.06596501024962118
0.0657698817283357
0.06557558691170018
0.06538212199472211
0.06518948318269246
0.06499766669132784
0.06480666874690663
0.06461648558640273
0.0644271134576146
0.06423854861929094
0.06405078734125229
0.06386382590450962
0.06367766060137851
0.0634922877355903
0.06330770362239993
0.06312390458868943
0.06294088697306932
0.0627586471259757
0.06257718140976418
0.06239648619880179
0.06221655787955369
0.06203739285066856
0.06185898752306043
0.06168133831998677
0.061504441677124745
0.06132829404264408
0.06115289187727684
0.06097823165438524
0.06080430986002538
0.060631122993009864
0.0604586675649667
0.06028694010039576
0.060115937136723446
0.05994565522435357
0.05977609092671696
0.05960724082031822
0.05943910149477972
0.05927166955288425
0.059104941610614296
0.058938914297189865
0.058773584255104046
0.058608948140155735
0.058445002621481626
0.05828174438158429
0.05811917011636006
0.057957276535123656
0.057796060360631556
0.05763551832910312
0.05747564719024003
0.05731644370724391
0.05715790465683175
0.05700002682925061
0.05684280702828909
0.05668624207128846
0.056530328789151395
0.05637506402634966
0.056220444640929235
0.056066467504515216
0.05591312950231411
0.05576042753311528
0.05560835850929045
0.05545691935679242
0.05530610701515179
0.055155918437472556
0.05500635059042663
0.054857400454246585
0.05470906502271757
0.05456134130316767
0.05441422631645733
0.05426771709696711
0.054121810692584996
0.0539765041646922
0.05383179458814747
0.05368767905127109
0.05354415465582728
0.053401218517005807
0.05325886776340262
0.053117099536999196
0.05297591099314124
0.05283529930051654
0.052695261641131357
0.05255579521028671
0.05241689721655333
0.052278564881745516
0.05214079544089497
0.05200358614222296
0.051866934247112445
0.05173083703007887
0.051595291778740615
0.05146029579378834
0.05132584638895447
0.05119194089098039
0.05105857663958521
0.0509257509874316
0.05079346130009267
0.050661704956017524
0.05053047934649628
0.05039978187562466
0.050269609960268115
0.050139961030024785
0.05001083252718883
0.04988222190671278
