0.5416733299059657
0.5252531820502488
0.5153026995280183
0.5204867462822003
0.5209617582095212
0.517781362369128
0.5184900720625667
0.5201172094181599
0.5186926762605193
0.5163350571168891
0.5156241530990087
0.5158938875926563
0.5160661173222616
0.5162684551351382
0.5165305578895498
0.5164686618170791
0.5160742242102786
0.515712331709495
0.5155717897719428
0.5155798129241425
0.5156378540477752
0.5156863737304549
0.5156690755634497
0.5155690394957336
0.515433468894862
0.5153219604985456
0.5152562834810865
0.5152235091670498
0.5151995113004209
0.5151632999817249
0.5151053716904891
0.51503116061244
0.5149545260992365
0.5148865004208698
0.5148294743139936
0.5147789209706316
0.5147281916720089
0.5146726563142767
0.514611655029944
0.5145477992648342
0.5144845218046458
0.5144238272169606
0.5143655910083103
0.5143083012952645
0.5142503252572075
0.5141908514492374
0.5141301029703491
0.5140689062928633
0.5140080406010131
0.5139478093144433
0.5138880137476061
0.5138282178498943
0.5137680649335952
0.513707454630747
0.5136465231524967
0.5135854959370942
0.513524533992352
0.5134636631318743
0.5134028010681667
0.5133418372768433
0.5132807047216469
0.5132194056119725
0.5131579904895351
0.5130965164104067
0.5130350141075246
0.5129734799715054
0.5129118898798483
0.5128502204800622
0.5127884636876645
0.5127266282698272
0.5126647314985905
0.5126027885588808
0.5125408063544202
0.5124787838745128
0.5124167169323676
0.5123546032804849
0.5122924450985573
0.5122302482336167
0.5121680195891183
0.5121057646834142
0.5120434866949443
0.5119811870765657
0.5119188669114373
0.5118565280132663
0.5117941732174298
0.5117318059319351
0.5116694294137757
0.5116070462511138
0.5115446582710816
0.5114822667866284
0.5114198729303447
0.5113574778496496
0.5112950826835723
0.5112326883884528
0.5111702955448553
0.5111079042487794
0.5110455141116139
0.5109831243244364
0.5109207337191463
0.5108583407808862
0.5107959436073133
0.510733539841594
0.5106711266127323
0.5106087005025743
0.5105462575379088
0.5104837931923253
0.510421302381531
0.5103587794443749
0.5102962181122026
0.5102336114749473
0.5101709519516592
0.5101082312683137
0.5100454404407321
0.5099825697581429
0.5099196087638416
0.5098565462320426
0.509793370142376
0.5097300676543026
0.5096666250829899
0.5096030278767983
0.509539260595445
0.5094753068876703
0.5094111494677102
0.5093467700905908
0.5092821495267316
0.509217267536376
0.5091521028440763
0.5090866331130974
0.509020834919406
0.5089546837249329
0.5088881538499663
0.5088212184446971
0.50875384946002
0.5086860176176561
0.5086176923795684
0.5085488419165612
0.5084794330759245
0.5084094313480091
0.5083388008316692
0.5082675041985365
0.5081955026561107
0.5081227559096155
0.5080492221225618
0.5079748578759278
0.5078996181258787
0.5078234561599474
0.5077463235516241
0.5076681701132935
0.5075889438474768
0.5075085908963155
0.5074270554892384
0.5073442798887521
0.507260204334295
0.5071747669841091
0.5070879038550813
0.5069995487605171
0.506909633245812
0.506818086521986
0.5067248353970566
0.5066298042052245
0.5065329147338604
0.5064340861482872
0.5063332349143573
0.506230274718837
0.5061251163876189
0.5060176678017887
0.5059078338115843
0.5057955161482997
0.5056806133341885
0.5055630205904453
0.5054426297433406
0.5053193291286099
0.5051930034941988
0.5050635339014831
0.5049307976250895
0.5047946680514556
0.5046550145762717
0.5045117025009643
0.5043645929283728
0.5042135426577854
0.5040584040794978
0.5038990250690518
0.5037352488813108
0.5035669140445127
0.5033938542544297
0.5032158982687386
0.5030328698016815
0.5028445874190575
0.5026508644335446
0.5024515088003005
0.5022463230127259
0.5020351039982061
0.5018176430135642
0.5015937255398635
0.5013631311760939
0.5011256335311685
0.5008810001135141
0.5006289922174186
0.5003693648051423
0.5001018663836422
0.49982623887460553
0.4995422174763064
0.49924953051564314
0.49894789928853417
0.498637037886689
0.4983166530086181
0.4979864437525958
0.4976461013891735
0.49729530911074
0.4969337417555587
0.49656106550368395
0.4961769375421733
0.4957810056970811
0.49537290802984413
0.4949522723958586
0.49451871596330765
0.4940718446906321
0.49361125276145346
0.4931365219762447
0.4926472211006293
0.49214290517084647
0.4916231147576574
0.4910873751908029
0.49053519574700444
0.489966068805487
0.48937946897603124
0.4887748522056667
0.48815165487127665
0.4875092928666026
0.4868471606934014
0.486164630567825
0.4854610515544761
0.4847357487420186
0.4839880224757224
0.48321714766389445
0.482422373176799
0.4816029213584163
0.48075798767322486
0.47988674051213387
0.47898832118373125
0.47806184411911673
0.47710639732076976
0.47612104308807063
0.4751048190542254
0.4740567395713253
0.47297579748201424
0.47186096631757396
0.47071120296304236
0.4695254508300144
0.46830264357686013
0.46704170941397727
0.46574157602812
0.46440117615458154
0.4630194538187827
0.4615953712594364
0.46012791653372087
0.45861611179067685
0.45705902218230887
0.45545576536264704
0.453805521503501
0.45210754373208284
0.4503611688705563
0.4485658283314823
0.44672105899682657
0.44482651388259475
0.4428819723673154
0.4408873497416214
0.43884270581933316
0.4367482523388975
0.4346043588789557
0.43241155701419576
0.43017054244828634
0.4278821748800594
0.42554747538732396
0.42316762114943113
0.42074393737415816
0.41827788634538526
0.4157710535636624
0.41322513101001707
0.4106418976218177
0.40802319712564294
0.4053709134233532
0.4026869437714853
0.39997317002865185
0.3972314282691892
0.39446347707288054
0.3916709647999198
0.388855396147859
0.38601809826442895
0.38316018665897456
0.38028253111868643
0.37738572179754093
0.374470035610197
0.37153540303510385
0.36858137541635944
0.3656070928587377
0.3626112528415563
0.35959207974212193
0.3565472955660197
0.3534740923373707
0.3503691068146581
0.3472283984727515
0.34404743203243143
0.34082106622323693
0.33754355092429067
0.3342085353201454
0.33080909019849997
0.32733774794845893
0.3237865641139658
0.32014720441668204
0.316411060866942
0.3125693998048826
0.308613543344837
0.3045350836677197
0.30032612693447325
0.29597956041623474
0.2914893330402021
0.28685073636997915
0.2820606706191302
0.27711787919786957
0.2720231359628986
0.2667793719708232
0.26139173295226
0.2558675643595873
0.2502163268203306
0.2444494501545525
0.23858013791694999
0.2326231361782538
0.226594479914016
0.22051122833010414
0.21439119745042345
0.20825269515424977
0.20211426129535284
0.19599441401171175
0.18991140296372952
0.18388297084522823
0.1779261257208358
0.17205692810370055
0.1662902977809513
0.16063984591670283
0.15511773776207072
0.14973459038147707
0.14449940829563893
0.1394195580603471
0.1345007807989116
0.12974723982744166
0.12516159895249873
0.12074512590866267
0.11649781479312767
0.11241852123123158
0.10850510430403693
0.10475456988757684
0.10116321088170081
0.09772674073743426
0.09444041763398056
0.09129915754036164
0.08829763517584187
0.08543037253269811
0.08269181513696992
0.08007639660276633
0.07757859229702231
0.07519296309223532
0.07291419026409768
0.07073710260788033
0.06865669681887052
0.06666815212253856
0.06476684006110783
0.06294833025395369
0.06120839285651779
0.059542998351040675
0.05794831521558935
0.05642070593760108
0.05495672176551626
0.05355309652744349
0.05220673978908823
0.05091472957401966
0.04967430482717922
