2.1621158385056827
2.3684016091593847
2.111632046067902
2.4019671573663834
2.1850809939358444
1.959091446948329
2.1114151448512612
1.9679221253478414
2.368780409135026
1.9345483953510472
2.0992812410012514
1.9862569775387051
2.1535917096543877
2.2980842957815137
1.5678506015973497
1.8090303204145903
1.538207176561079
1.5901736937756061
1.4164392552846246
1.1494036895826838
1.2882500434763209
1.0673206056788467
1.0106148456405346
0.8143996735820842
0.8664134662552526
0.707224640117151
0.6467708944752198
0.3791252204388454
0.2678321442189143
0.16899637965601602
0.09458511995099869
0.06938362314305604
0.056114173761184286
0.04569069322096136
