0.5413026463318484
0.5940973077321412
0.5770370171274672
0.562918302426312
0.5517848877120377
0.5433208041290137
0.5370754490333853
0.5325730234555299
0.5293826301537174
0.5271493674184347
0.5255986980683365
0.5245270878056045
0.5237879597191928
0.5232778308096281
0.522924625822213
0.52267860462433
0.5225056525788914
0.5223824672645034
0.5222931729921445
0.5222269703603506
0.5221765184996406
0.5221368280521821
0.5221045065697395
0.5220772454444648
0.5220534716256178
0.5220321114205718
0.5220124303809015
0.5219939247706931
0.521976247979006
0.5219591605966807
0.5219424965180897
0.5219261398970497
0.5219100094580258
0.521894047795157
0.5218782140569027
0.5218624789315912
0.5218468211990839
0.5218312253504167
0.5218156799373735
0.5218001764223047
0.5217847083718783
0.5217692708881938
0.5217538602044314
0.5217384733951353
0.5217231081668313
0.5217077627053103
0.521692435563174
0.5216771255762205
0.5216618318006632
0.5216465534655401
0.5216312899363056
0.5216160406867285
0.5216008052770333
0.5215855833367622
0.5215703745512559
0.5215551786509212
0.5215399954026678
0.5215248246030459
0.5215096660727235
0.5214945196520279
0.5214793851973367
0.5214642625781479
0.5214491516746989
0.5214340523760248
0.521418964578377
0.5214038881839301
0.5213888230997252
0.5213737692368059
0.5213587265095103
0.5213436948348911
0.5213286741322409
0.5213136643227028
0.5212986653289498
0.5212836770749238
0.5212686994856199
0.5212537324869099
0.5212387760053967
0.5212238299682961
0.5212088943033379
0.5211939689386857
0.5211790538028713
0.5211641488247389
0.5211492539334014
0.5211343690582034
0.5211194941286897
0.5211046290745814
0.5210897738257547
0.5210749283122229
0.5210600924641235
0.5210452662117055
0.5210304494853202
0.5210156422154119
0.5210008443325123
0.5209860557672341
0.520971276450266
0.5209565063123691
0.520941745284373
0.5209269932971726
0.520912250281726
0.5208975161690519
0.5208827908902278
0.5208680743763876
0.5208533665587214
0.5208386673684724
0.5208239767369369
0.5208092945954624
0.5207946208754469
0.5207799555083376
0.5207652984256297
0.5207506495588659
0.5207360088396358
0.5207213761995737
0.5207067515703598
0.520692134883717
0.5206775260714125
0.5206629250652548
0.520648331797095
0.5206337461988243
0.5206191682023744
0.5206045977397162
0.5205900347428595
0.5205754791438513
0.5205609308747765
0.5205463898677563
0.5205318560549475
0.5205173293685417
0.5205028097407655
0.5204882971038783
0.5204737913901729
0.5204592925319743
0.5204448004616387
0.5204303151115532
0.5204158364141354
0.5204013643018314
0.5203868987071166
0.5203724395624946
0.5203579868004955
0.5203435403536769
0.5203291001546215
0.5203146661359376
0.520300238230258
0.5202858163702393
0.5202714004885609
0.5202569905179253
0.520242586391056
0.5202281880406981
0.5202137953996165
0.5201994084005964
0.5201850269764414
0.5201706510599736
0.5201562805840327
0.5201419154814756
0.5201275556851745
0.5201132011280182
0.5200988517429095
0.520084507462766
0.5200701682205182
0.5200558339491096
0.5200415045814961
0.5200271800506442
0.5200128602895318
0.5199985452311464
0.5199842348084853
0.5199699289545543
0.5199556276023666
0.5199413306849433
0.5199270381353118
0.5199127498865057
0.5198984658715636
0.5198841860235286
0.5198699102754474
0.5198556385603703
0.5198413708113501
0.5198271069614409
0.5198128469436984
0.5197985906911786
0.5197843381369368
0.519770089214028
0.5197558438555052
0.519741601994419
0.5197273635638171
0.5197131284967437
0.5196988967262381
0.5196846681853352
0.5196704428070633
0.5196562205244454
0.519642001270496
0.5196277849782229
0.5196135715806249
0.5195993610106915
0.5195851532014024
0.5195709480857273
0.5195567455966237
0.5195425456670376
0.5195283482299026
0.5195141532181384
0.5194999605646512
0.5194857702023321
0.519471582064057
0.5194573960826857
0.5194432121910612
0.5194290303220089
0.5194148504083365
0.5194006723828319
0.5193864961782644
0.5193723217273827
0.519358148962914
0.5193439778175646
0.5193298082240185
0.5193156401149362
0.5193014734229545
0.5192873080806861
0.5192731440207182
0.5192589811756126
0.5192448194779042
0.519230658860101
0.5192164992546824
0.5192023405941002
0.519188182810776
0.5191740258371018
0.5191598696054389
0.5191457140481168
0.5191315590974332
0.5191174046856529
0.5191032507450071
0.5190890972076924
0.5190749440058712
0.5190607910716697
0.5190466383371772
0.5190324857344472
0.5190183331954944
0.5190041806522954
0.5189900280367872
0.5189758752808673
0.518961722316392
0.5189475690751769
0.5189334154889951
0.5189192614895768
0.518905107008609
0.518890951977734
0.5188767963285499
0.5188626399926081
0.5188484829014143
0.5188343249864268
0.5188201661790562
0.5188060064106647
0.5187918456125645
0.5187776837160184
0.5187635206522383
0.5187493563523844
0.5187351907475649
0.5187210237688349
0.5187068553471961
0.518692685413595
0.518678513898924
0.518664340734019
0.5186501658496595
0.5186359891765672
0.5186218106454062
0.5186076301867815
0.5185934477312384
0.5185792632092623
0.5185650765512773
0.5185508876876452
0.5185366965486661
0.5185225030645759
0.5185083071655472
0.5184941087816874
0.5184799078430385
0.5184657042795754
0.5184514980212073
0.5184372889977744
0.5184230771390489
0.5184088623747332
0.5183946446344602
0.5183804238477913
0.5183661999442166
0.5183519728531539
0.5183377425039473
0.5183235088258676
0.5183092717481105
0.5182950311997964
0.5182807871099692
0.5182665394075958
0.5182522880215658
0.5182380328806897
0.5182237739136986
0.518209511049244
0.5181952442158959
0.5181809733421429
0.5181666983563908
0.518152419186963
0.5181381357620977
0.5181238480099488
0.5181095558585846
0.518095259235987
0.5180809580700505
0.5180666522885815
0.5180523418192978
0.5180380265898274
0.5180237065277081
0.5180093815603863
0.5179950516152163
0.5179807166194599
0.5179663765002848
0.5179520311847644
0.5179376805998772
0.5179233246725048
0.5179089633294329
0.5178945964973488
0.5178802241028415
0.5178658460724004
0.5178514623324152
0.5178370728091742
0.5178226774288639
0.5178082761175685
0.517793868801268
0.5177794554058393
0.5177650358570524
0.5177506100805728
0.5177361780019585
0.5177217395466602
0.5177072946400196
0.5176928432072694
0.517678385173532
0.5176639204638189
0.5176494490030292
0.5176349707159498
0.5176204855272538
0.5176059933614998
0.517591494143131
0.5175769877964744
0.5175624742457404
0.5175479534150211
0.5175334252282896
0.5175188896094001
0.5175043464820852
0.5174897957699572
0.5174752373965057
0.5174606712850964
0.5174460973589726
0.5174315155412513
0.5174169257549243
0.5174023279228562
0.5173877219677852
0.5173731078123197
0.5173584853789395
0.5173438545899941
0.5173292153677016
0.5173145676341484
0.5172999113112875
0.5172852463209384
0.5172705725847858
0.5172558900243787
0.5172411985611294
0.5172264981163128
0.5172117886110654
0.5171970699663845
0.517182342103127
0.5171676049420084
0.5171528584036025
0.5171381024083398
0.5171233368765071
0.517108561728246
0.5170937768835526
0.5170789822622761
0.5170641777841176
0.5170493633686302
0.5170345389352169
0.5170197044031306
0.5170048596914718
0.5169900047191902
0.5169751394050802
0.5169602636677831
0.5169453774257846
0.5169304805974135
0.5169155731008426
0.516900654854085
0.5168857257749956
0.5168707857812689
0.5168558347904378
0.5168408727198739
0.516825899486785
0.5168109150082152
0.516795919201043
0.5167809119819814
0.5167658932675763
0.516750862974205
0.516735821018076
0.5167207673152281
0.5167057017815284
0.5166906243326727
0.5166755348841828
0.5166604333514071
0.5166453196495184
0.5166301936935139
0.5166150553982132
0.5165999046782579
0.5165847414481103
0.5165695656220527
0.5165543771141856
0.5165391758384281
0.5165239617085151
0.5165087346379975
0.5164934945402404
0.5164782413284232
0.5164629749155372
0.5164476952143848
0.5164324021375799
0.5164170955975445
0.5164017755065096
0.516386441776513
0.516371094319399
0.5163557330468165
0.5163403578702186
0.5163249687008613
0.5163095654498027
0.516294148027901
0.5162787163458141
0.5162632703139992
0.5162478098427103
0.5162323348419983
0.5162168452217085
0.5162013408914816
0.51618582176075
0.5161702877387391
0.5161547387344647
0.5161391746567325
0.516123595414137
0.5161080009150595
0.5160923910676682
0.516076765779917
0.5160611249595428
0.5160454685140665
0.5160297963507903
0.5160141083767973
0.51599840449895
0.51598268462389
0.5159669486580349
0.5159511965075798
0.5159354280784938
0.5159196432765202
0.5159038420071753
0.5158880241757461
0.5158721896872902
0.5158563384466349
0.515840470358375
0.5158245853268719
0.5158086832562531
0.5157927640504101
0.515776827612998
0.5157608738474336
0.5157449026568949
0.5157289139443193
0.5157129076124026
0.5156968835635984
0.5156808417001159
0.5156647819239187
0.5156487041367251
0.5156326082400047
0.5156164941349792
0.5156003617226195
0.5155842109036458
0.5155680415785254
0.5155518536474721
0.5155356470104446
0.5155194215671453
0.5155031772170193
0.5154869138592529
0.5154706313927725
0.5154543297162432
0.5154380087280677
0.5154216683263848
0.5154053084090682
0.5153889288737258
0.5153725296176975
0.5153561105380546
0.5153396715315981
0.5153232124948576
0.5153067333240902
0.5152902339152787
0.5152737141641314
0.515257173966079
0.5152406132162748
0.5152240318095932
0.5152074296406279
0.5151908066036905
0.5151741625928099
0.5151574975017305
0.5151408112239106
0.5151241036525221
0.515107374680448
0.5150906242002813
0.5150738521043247
0.5150570582845878
0.5150402426327868
0.5150234050403427
0.5150065453983802
0.5149896635977258
0.5149727595289069
0.5149558330821509
0.5149388841473826
0.5149219126142242
0.5149049183719925
0.514887901309699
0.5148708613160475
0.514853798279433
0.51483671208794
0.5148196026293425
0.5148024697911003
0.5147853134603596
0.5147681335239507
0.5147509298683867
0.514733702379862
0.5147164509442514
0.514699175447108
0.5146818757736622
0.5146645518088201
0.5146472034371625
0.5146298305429424
0.514612433010085
0.514595010722185
0.5145775635625063
0.5145600914139794
0.5145425941592007
0.5145250716804309
0.5145075238595935
0.5144899505782737
0.5144723517177158
0.5144547271588231
0.5144370767821558
0.5144194004679297
0.5144016980960138
0.5143839695459307
0.5143662146968534
0.514348433427605
0.5143306256166557
0.5143127911421234
0.5142949298817702
0.5142770417130023
0.5142591265128676
0.5142411841580552
0.5142232145248924
0.5142052174893446
0.5141871929270129
0.5141691407131335
0.5141510607225747
0.5141329528298368
0.5141148169090499
0.5140966528339724
0.5140784604779902
0.5140602397141132
0.5140419904149759
0.5140237124528351
0.514005405699568
0.5139870700266702
0.5139687053052568
0.5139503114060566
0.5139318881994142
0.5139134355552866
0.5138949533432422
0.5138764414324586
0.5138578996917227
0.5138393279894262
0.5138207261935672
0.5138020941717467
0.5137834317911673
0.5137647389186315
0.5137460154205411
0.5137272611628944
0.513708476011285
0.5136896598309002
0.51367081248652
0.5136519338425142
0.5136330237628419
0.5136140821110494
0.5135951087502688
0.5135761035432157
0.513557066352189
0.5135379970390673
0.5135188954653092
0.5134997614919502
0.5134805949796022
0.5134613957884505
0.5134421637782539
0.5134228988083411
0.513403600737611
0.5133842694245296
0.5133649047271286
0.5133455065030044
0.5133260746093156
0.513306608902782
0.5132871092396828
0.513267575475854
0.5132480074666886
0.5132284050671329
0.5132087681316859
0.5131890965143978
0.5131693900688679
0.5131496486482423
0.513129872105214
0.513110060292019
0.5130902130604361
0.513070330261785
0.5130504117469237
0.5130304573662482
0.5130104669696895
0.5129904404067127
0.5129703775263151
0.5129502781770239
0.5129301422068953
0.5129099694635126
0.5128897597939841
0.5128695130449415
0.5128492290625386
0.5128289076924489
0.5128085487798644
0.5127881521694934
0.5127677177055593
0.5127472452317987
0.5127267345914588
0.5127061856272973
0.5126855981815793
0.5126649720960758
0.5126443072120623
0.5126236033703173
0.5126028604111192
0.5125820781742466
0.5125612564989743
0.5125403952240735
0.5125194941878085
0.5124985532279362
0.5124775721817034
0.5124565508858454
0.5124354891765844
0.512414386889627
0.5123932438601639
0.5123720599228659
0.5123508349118848
0.5123295686608491
0.5123082610028638
0.512286911770508
0.5122655207958337
0.5122440879103629
0.5122226129450869
0.5122010957304642
0.5121795360964184
0.5121579338723365
0.5121362888870676
0.5121146009689208
0.5120928699456623
0.512071095644516
0.5120492778921598
0.5120274165147242
0.5120055113377906
0.5119835621863897
0.511961568885
0.5119395312575448
0.5119174491273913
0.511895322317349
0.5118731506496672
0.5118509339460335
0.5118286720275724
0.5118063647148428
0.5117840118278364
0.5117616131859762
0.5117391686081144
0.5117166779125308
0.5116941409169308
0.5116715574384435
0.5116489272936201
0.5116262502984323
0.51160352626827
0.5115807550179394
0.5115579363616622
0.5115350701130725
0.5115121560852159
0.511489194090547
0.5114661839409287
0.5114431254476284
0.5114200184213186
0.5113968626720734
0.5113736580093673
0.5113504042420731
0.5113271011784604
0.5113037486261938
0.5112803463923308
0.5112568942833202
0.5112333921050002
0.5112098396625965
0.511186236760721
0.5111625832033694
0.5111388787939192
0.511115123335129
0.5110913166291355
0.5110674584774524
0.5110435486809682
0.5110195870399449
0.5109955733540154
0.5109715074221826
0.5109473890428169
0.5109232180136547
0.5108989941317971
0.5108747171937063
0.5108503869952066
0.5108260033314801
0.5108015659970664
0.5107770747858595
0.510752529491108
0.5107279299054113
0.5107032758207186
0.5106785670283276
0.5106538033188821
0.51062898448237
0.5106041103081227
0.5105791805848117
0.5105541951004481
0.5105291536423799
0.5105040559972917
0.510478901951201
0.5104536912894575
0.5104284237967414
0.5104030992570613
0.5103777174537527
0.510352278169476
0.5103267811862149
0.5103012262852743
0.5102756132472793
0.5102499418521727
0.5102242118792135
0.5101984231069754
0.5101725753133447
0.5101466682755187
0.5101207017700041
0.5100946755726148
0.5100685894584707
0.5100424432019961
0.5100162365769172
0.5099899693562608
0.509963641312353
0.5099372522168167
0.5099108018405706
0.5098842899538264
0.5098577163260892
0.509831080726153
0.5098043829221016
0.5097776226813047
0.5097507997704182
0.509723913955381
0.5096969650014138
0.509669952673018
0.5096428767339729
0.509615736947335
0.509588533075436
0.5095612648798805
0.5095339321215457
0.5095065345605787
0.5094790719563944
0.5094515440676755
0.5094239506523693
0.5093962914676872
0.5093685662701013
0.5093407748153453
0.5093129168584112
0.5092849921535471
0.5092570004542574
0.5092289415132996
0.5092008150826839
0.5091726209136704
0.5091443587567687
0.5091160283617352
0.5090876294775719
0.5090591618525254
0.5090306252340844
0.5090020193689783
0.508973344003176
0.5089445988818844
0.5089157837495458
0.508886898349838
0.5088579424256713
0.5088289157191873
0.5087998179717574
0.5087706489239818
0.5087414083156876
0.508712095885926
0.5086827113729729
0.5086532545143261
0.5086237250467038
0.5085941227060435
0.5085644472275005
0.5085346983454452
0.5085048757934636
0.5084749793043537
0.5084450086101264
0.5084149634420011
0.5083848435304066
0.5083546486049784
0.5083243783945576
0.5082940326271894
0.5082636110301214
0.5082331133298028
0.5082025392518816
0.5081718885212049
0.5081411608618156
0.5081103559969524
0.5080794736490478
0.5080485135397264
0.5080174753898039
0.5079863589192855
0.507955163847364
0.5079238898924197
0.5078925367720171
0.5078611042029051
0.5078295919010147
0.5077979995814583
0.5077663269585271
0.5077345737456911
0.5077027396555964
0.507670824400065
0.5076388276900925
0.5076067492358476
0.5075745887466694
0.5075423459310674
0.5075100204967194
0.5074776121504702
0.5074451205983301
0.5074125455454747
0.5073798866962409
0.5073471437541287
0.5073143164217977
0.5072814044010667
0.5072484073929122
0.5072153250974663
0.5071821572140166
0.507148903441004
0.5071155634760222
0.5070821370158146
0.5070486237562757
0.5070150233924472
0.5069813356185182
0.506947560127823
0.5069136966128411
0.5068797447651942
0.5068457042756457
0.5068115748341001
0.5067773561296005
0.5067430478503275
0.5067086496835991
0.5066741613158676
0.5066395824327197
0.5066049127188749
0.5065701518581831
0.5065352995336253
0.5065003554273108
0.5064653192204761
0.5064301905934843
0.5063949692258232
0.5063596547961043
0.5063242469820612
0.5062887454605489
0.5062531499075416
0.5062174599981325
0.5061816754065318
0.5061457958060657
0.5061098208691748
0.5060737502674131
0.506037583671447
0.5060013207510534
0.5059649611751185
0.5059285046116374
0.5058919507277111
0.5058552991895473
0.5058185496624573
0.5057817018108559
0.5057447552982594
0.5057077097872846
0.5056705649396478
0.5056333204161627
0.50559597587674
0.5055585309803854
0.5055209853851986
0.5054833387483723
0.5054455907261899
0.5054077409740256
0.5053697891463416
0.5053317348966877
0.5052935778777004
0.5052553177410999
0.5052169541376901
0.5051784867173574
0.5051399151290685
0.5051012390208696
0.5050624580398844
0.5050235718323138
0.5049845800434338
0.5049454823175938
0.5049062782982165
0.5048669676277949
0.504827549947892
0.5047880248991392
0.5047483921212343
0.5047086512529411
0.5046688019320869
0.5046288437955618
0.5045887764793173
0.5045485996183641
0.5045083128467711
0.5044679157976638
0.5044274081032237
0.5043867893946853
0.5043460593023352
0.5043052174555113
0.5042642634826003
0.5042231970110364
0.5041820176673002
0.5041407250769167
0.5040993188644536
0.5040577986535201
0.5040161640667654
0.5039744147258762
0.5039325502515765
0.503890570263624
0.5038484743808108
0.5038062622209598
0.5037639334009236
0.5037214875365835
0.5036789242428467
0.5036362431336451
0.5035934438219339
0.5035505259196889
0.5035074890379053
0.5034643327865964
0.5034210567747905
0.5033776606105301
0.5033341439008698
0.5032905062518744
0.5032467472686165
0.5032028665551752
0.5031588637146346
0.5031147383490799
0.5030704900595984
0.5030261184462745
0.5029816231081895
0.5029370036434194
0.5028922596490323
0.502847390721086
0.5028023964546274
0.5027572764436888
0.5027120302812864
0.5026666575594182
0.5026211578690613
0.5025755308001705
0.5025297759416755
0.5024838928814781
0.5024378812064513
0.5023917405024357
0.5023454703542377
0.5022990703456269
0.5022525400593338
0.5022058790770476
0.5021590869794132
0.5021121633460292
0.5020651077554447
0.5020179197851578
0.501970599011612
0.5019231450101941
0.5018755573552318
0.5018278356199901
0.5017799793766693
0.5017319881964026
0.5016838616492523
0.5016355993042076
0.5015872007291823
0.5015386654910104
0.5014899931554453
0.5014411832871545
0.5013922354497186
0.5013431492056273
0.5012939241162766
0.501244559741966
0.5011950556418946
0.5011454113741587
0.5010956264957489
0.5010457005625454
0.5009956331293163
0.5009454237497134
0.5008950719762699
0.5008445773603958
0.5007939394523747
0.5007431578013614
0.500692231955377
0.5006411614613071
0.5005899458648961
0.5005385847107453
0.5004870775423087
0.5004354239018891
0.500383623330635
0.500331675368536
0.5002795795544194
0.5002273354259471
0.5001749425196103
0.5001224003707265
0.5000697085134356
0.5000168664806954
0.4999638738042778
0.4999107300147646
0.4998574346415437
0.4998039872128047
0.49975038725553456
0.4996966342955135
0.49964272785731045
0.4995886674642792
0.49953445263855367
0.49948008290104373
0.49942555777142983
0.49937087676815956
0.49931603940844316
0.4992610452082478
0.4992058936822939
0.4991505843440498
0.49909511670572765
0.4990394902782783
0.4989837045713864
0.4989277590934653
0.49887165335165284
0.4988153868518061
0.4987589590984956
0.49870236959500147
0.4986456178433078
0.4985887033440973
0.4985316255967463
0.49847438409931966
0.4984169783485656
0.49835940783990984
0.4983016720674506
0.4982437705239533
0.4981857027008449
0.49812746808820846
0.4980690661747778
0.4980104964479318
0.4979517583936883
0.4978928514966995
0.4978337752402451
0.4977745291062273
0.4977151125751651
0.4976555251261877
0.4975957662370294
0.49753583538402324
0.4974757320420953
0.49741545568475865
0.4973550057841073
0.4972943818108098
0.4972335832341038
0.4971726095217894
0.4971114601402232
0.4970501345543118
0.49698863222750594
0.49692695262179354
0.49686509519769423
0.4968030594142528
0.4967408447290317
0.496678450598106
0.4966158764760564
0.4965531218159625
0.4964901860693966
0.49642706868641645
0.49636376911555996
0.4963002868038374
0.49623662119672507
0.49617277173815827
0.4961087378705256
0.49604451903466146
0.49598011466983905
0.4959155242137638
0.49585074710256716
0.4957857827707989
0.49572063065142025
0.4956552901757981
0.49558976077369654
0.495524041873271
0.4954581329010607
0.49539203328198256
0.4953257424393228
0.4952592597947312
0.49519258476821326
0.495125716778124
0.4950586552411598
0.4949913995723522
0.49492394918506033
0.49485630349096466
0.49478846190005826
0.49472042382064163
0.49465218865931476
0.4945837558209691
0.4945151247087817
0.49444629472420826
0.49437726526697456
0.49430803573507115
0.49423860552474447
0.49416897403049126
0.49409914064505056
0.4940291047593969
0.4939588657627333
0.4938884230424841
0.4938177759842877
0.49374692397198977
0.49367586638763644
0.49360460261146694
0.4935331320219064
0.49346145399555946
0.4933895679072032
0.4933174731297794
0.4932451690343892
0.4931726549902845
0.49309993036486255
0.49302699452365817
0.4929538468303376
0.49288048664669154
0.4928069133326284
0.4927331262461675
0.49265912474343293
0.4925849081786465
0.49251047590412167
0.4924358272702565
0.49236096162552767
0.4922858783164845
0.49221057668774126
0.4921350560819725
0.4920593158399057
0.4919833553003161
0.49190717380001964
0.4918307706738677
0.49175414525474115
0.49167729687354356
0.4916002248591971
0.4915229285386352
0.49144540723679764
0.4913676602766254
0.49128968697905456
0.49121148666301107
0.4911330586454054
0.49105440224112823
0.4909755167630439
0.49089640152198677
0.49081705582675533
0.490737478984108
0.49065767029875856
0.49057762907337116
0.49049735460855604
0.49041684620286496
0.49033610315278786
0.4902551247527479
0.49017391029509755
0.49009245907011545
0.4900107703660016
0.48992884346887483
0.4898466776627694
0.4897642722296305
0.48968162644931224
0.4895987395995744
0.4895156109560797
0.4894322397923903
0.4893486253799662
0.4892647669881631
0.489180663884229
0.4890963153333029
0.48901172059841314
0.48892687894047526
0.4888417896182908
0.4887564518885455
0.48867086500580903
0.4885850282225332
0.48849894078905126
0.4884126019535782
0.4883260109622092
0.48823916705892034
0.48815206948556816
0.4880647174818903
0.4879771102855058
0.48788924713191534
0.48780112725450325
0.4877127498845374
0.48762411425117164
0.4875352195814464
0.48744606510029176
0.48735665003052797
0.4872669735928695
0.4871770350059266
0.4870868334862074
0.4869963682481233
0.4869056385039901
0.4868146434640329
0.4867233823363891
0.4866318543271133
0.4865400586401817
0.4864479944774963
0.48635566103889016
0.4862630575221334
0.48617018312293736
0.4860770370349621
0.48598361844982113
0.4858899265570893
0.4857959605443086
0.4857017195969955
0.48560720289864895
0.48551240963075776
0.48541733897280864
0.48532199010229454
0.48522636219472426
0.4851304544236306
0.4850342659605802
0.4849377959751839
0.4848410436351058
0.48474400810607476
0.4846466885518954
0.4845490841344583
0.48445119401375275
0.48435301734787856
0.4842545532930577
0.48415580100364847
0.4840567596321574
0.4839574283292537
0.4838578062437827
0.48375789252278084
0.4836576863114896
0.48355718675337167
0.4834563929901263
0.48335530416170486
0.4832539194063278
0.48315223786050143
0.48305025865903595
0.48294798093506186
0.4828454038200492
0.4827425264438263
0.4826393479345986
0.4825358674189682
0.48243208402195403
0.4823279968670127
0.4822236050760592
0.4821189077694884
0.48201390406619693
0.4819085930836062
0.48180297393768445
0.4816970457429712
0.4815908076126004
0.48148425865832545
0.4813773979905437
0.481270224718322
0.4811627379494236
0.48105493679033284
0.48094682034628405
0.4808383877212879
0.48072963801816015
0.48062057033855
0.4805111837829695
0.4804014774508229
0.4802914504404373
0.4801811018490936
0.4800704307730571
0.47995943630761084
0.47984811754708684
0.47973647358489996
0.4796245035135811
0.47951220642481196
0.4793995814094599
0.4792866275576125
0.4791733439586145
0.47905972970110455
0.4789457838730517
0.4788315055617935
0.47871689385407507
0.47860194783608684
0.47848666659350575
0.4783710492115342
0.4782550947749421
0.4781388023681076
0.47802217107505895
0.47790519997951914
0.47778788816494694
0.47767023471458236
0.47755223871149177
0.47743389923861157
0.4773152153787959
0.4771961862148625
0.47707681082964004
0.47695708830601635
0.47683701772698694
0.47671659817570405
0.4765958287355271
0.47647470849007334
0.4763532365232683
0.47623141191939866
0.47610923376316483
0.47598670113973385
0.47586381313479376
0.4757405688346083
0.47561696732607184
0.4754930076967661
0.47536868903501694
0.47524401042995085
0.4751189709715543
0.47499356975073187
0.4748678058593659
0.47474167839037695
0.47461518643778455
0.4744883290967691
0.4743611054637336
0.4742335146363675
0.47410555571371005
0.47397722779621454
0.47384852998581384
0.4737194613859859
0.47359002110182113
0.4734602082400882
0.473330021909304
0.47319946121980017
0.4730685252837944
0.47293721321545934
0.47280552413099397
0.47267345714869474
0.4725410113890282
0.4724081859747037
0.4722749800307471
0.472141392684575
0.47200742306606996
0.47187307030765635
0.4717383335443762
0.47160321191396676
0.47146770455693876
0.4713318106166543
0.4711955292394062
0.47105885957449806
0.47092180077432483
0.47078435199445434
0.4706465123937088
0.4705082811342476
0.470369657381651
0.47023064030500367
0.4700912290769801
0.4699514228739289
0.4698112208759594
0.46967062226702894
0.4695296262350289
0.4693882319718735
0.46924643867358873
0.46910424554040053
0.468961651776826
0.468818656591763
0.46867525919858216
0.4685314588152171
0.46838725466425923
0.46824264597304893
0.4680976319737697
0.46795221190354264
0.46780638500452165
0.46766015052398735
0.4675135077144451
0.4673664558337197
0.4672189941450546
0.46707112191720723
0.4669228384245493
0.4667741429471647
0.46662503477094863
0.4664755131877084
0.4663255774952624
0.4661752269975429
0.4660244610046953
0.4658732788331824
0.46572167980588475
0.46556966325220434
0.46541722850816836
0.4652643749165324
0.4651111018268846
0.46495740859575097
0.4648032945866996
0.4646487591704476
0.4644938017249649
0.4643384216355829
0.464182618295099
0.4640263911038854
0.4638697394699954
0.4637126628092717
0.4635551605454543
0.46339723211028877
0.4632388769436356
0.46308009449357784
0.4629208842165324
0.4627612455773574
0.462601178049464
0.4624406811149248
0.4622797542645851
0.46211839699817325
0.46195660882441086
0.46179438926112387
0.4616317378353541
0.46146865408346943
0.4613051375512759
0.4611411877941285
0.46097680437704375
0.46081198687480984
0.46064673487209923
0.46048104796358036
0.46031492575402877
0.4601483678584399
0.4599813739021398
0.4598139435208972
0.45964607636103605
0.45947777207954565
0.4593090303441935
0.45913985083363645
0.4589702332375317
0.4588001772566486
0.4586296826029794
0.4584587489998501
0.4582873761820319
0.4581155638958504
0.45794331189929793
0.457770619962141
0.4575974878660328
0.4574239154046209
0.4572499023836568
0.4570754486211055
0.45690055394725326
0.45672521820481593
0.45654944124904706
0.45637322294784477
0.4561965631818591
0.45601946184459796
0.45584191884253356
0.45566393409520756
0.4554855075353364
0.455306639108915
0.4551273287753214
0.4549475765074192
0.45476738229166086
0.4545867461281896
0.4544056680309396
0.4542241480277387
0.45404218616040615
0.4538597824848534
0.4536769370711814
0.4534936500037794
0.45330992138142046
0.45312575131735877
0.452941139939424
0.4527560873901157
0.45257059382669707
0.4523846594212872
0.4521982843609522
0.4520114688477967
0.4518242130990528
0.45163651734716825
0.4514483818398953
0.4512598068403754
0.45107079262722605
0.45088133949462395
0.450691447752389
0.4505011177260655
0.45031034975700335
0.4501191442024374
0.4499275014355661
0.44973542184562776
0.4495429058379772
0.44934995383415965
0.449156566271984
0.44896274360559474
0.4487684863055419
0.4485737948588512
0.44837866976908947
0.44818311155643337
0.4479871207577318
0.44779069792657056
0.4475938436333333
0.4473965584652615
0.44719884302651336
0.4470006979382206
0.4468021238385438
0.44660312138272606
0.4464036912431453
0.44620383410936393
0.4460035506881784
0.44580284170366574
0.44560170789722847
0.445400150027639
0.44519816887108005
0.44499576522118556
0.44479293988907836
0.4445896937034062
0.4443860275103763
0.4441819421737878
0.44397743857506267
0.44377251761327347
0.4435671802051706
0.4433614272852075
0.4431552598055625
0.4429486787361603
0.44274168506469036
0.44253427979662385
0.44232646395522807
0.4421182385815796
0.4419096047345742
0.44170056349093584
0.4414911159452227
0.44128126320983135
0.44107100641499936
0.4408603467088047
0.4406492852571634
0.4404378232438261
0.4402259618703701
0.44001370235619175
0.4398010459384946
0.43958799387227654
0.4393745474303142
0.43916070790314526
0.4389464765990485
0.4387318548440215
0.43851684398175556
0.4383014453736098
0.4380856603985811
0.43786949045327345
0.43765293695186336
0.4374360013260644
0.43721868502508854
0.4370009895156054
0.4367829162816991
0.4365644668248228
0.43634564266375137
0.43612644533453027
0.43590687639042397
0.43568693740186054
0.43546662995637503
0.4352459556585488
0.43502491612994904
0.43480351300906284
0.4345817479512318
0.4343596226285823
0.43413713872995424
0.4339142979608271
0.43369110204324457
0.43346755271573434
0.4332436517332291
0.4330194008669824
0.4327948019044831
0.43256985664936715
0.43234456692132833
0.43211893455602474
0.4318929614049843
0.43166664933550747
0.43144000023056717
0.4312130159887082
0.43098569852394153
0.43075804976563925
0.43053007165842433
0.43030176616206184
0.43007313525134333
0.4298441809159731
0.42961490516044915
0.4293853100039447
0.42915539748018483
0.42892516963732286
0.42869462853781376
0.428463776258285
0.4282326148894058
0.4280011465357555
0.42776937331568654
0.42753729736118873
0.4273049208177493
0.4270722458442121
0.426839274612634
0.42660600930813924
0.42637245212877256
0.4261386052853497
0.4259044710013059
0.425670051512543
0.425435349067274
0.42520036592586563
0.4249651043606806
0.42472956665591544
0.4244937551074383
0.4242576720226252
0.4240213197201929
0.4237847005300315
0.42354781679303416
0.4233106708609267
0.4230732650960931
0.42283560187140207
0.42259768357003025
0.4223595125852836
0.42212109132041886
0.4218824221884624
0.42164350761202657
0.4214043500231268
0.42116495186299563
0.42092531558189566
0.4206854436389315
0.42044533850186017
0.42020500264689936
0.4199644385585358
0.4197236487293316
0.4194826356597291
0.4192414018578549
0.418999949839323
0.41875828212703625
0.4185164012509862
0.4182743097480537
0.4180320101618071
0.41778950504229834
0.4175467969458612
0.4173038884349057
0.4170607820777128
0.41681748044822864
0.4165739861258569
0.41633030169525054
0.4160864297461043
0.41584237287294396
0.4155981336749167
0.415353714755581
0.41510911872269385
0.4148643481879996
0.41461940576701756
0.4143742940788282
0.41412901574585986
0.413883573393675
0.41363796965075494
0.4133922071482864
0.41314628851994484
0.4129002164016794
0.41265399343149806
0.41240762224924976
0.41216110549641055
0.4119144458158653
0.41166764585169163
0.411420708248944
0.4111736356534363
0.4109264307115256
0.41067909606989506
0.4104316343753377
0.4101840482745394
0.40993634041386334
0.4096885134391325
0.4094405699954143
0.4091925127268046
0.40894434427621223
0.4086960672851433
0.408447684393486
0.4081991982392967
0.40795061145858497
0.4077019266851002
0.40745314655011783
0.40720427368222667
0.4069553107071161
0.40670626024736495
0.4064571249222299
0.40620790734743445
0.4059586101349593
0.40570923589283314
0.40545978722492415
0.40521026673073135
0.40496067700517896
0.4047110206384083
0.40446130021557397
0.4042115183166383
0.4039616775161682
0.4037117803831319
0.40346182948069725
0.40321182736603145
0.4029617765901005
0.4027116796974705
0.40246153922611033
0.40221135770719446
0.4019611376649076
0.40171088161625024
0.40146059207084583
0.4012102715307479
0.40095992249024975
0.40070954743569476
0.40045914884528805
0.40020872918890865
0.39995829092792534
0.39970783651501085
0.39945736839395846
0.3992068889995024
0.3989564007571347
0.3987059060829282
0.3984554073833589
0.398204907055129
0.397954407484993
0.3977039110495848
0.3974534201152455
0.39720293703785386
0.3969524641626577
0.3967020038241071
0.3964515583456887
0.39620113003976226
0.39595072120739844
0.3957003341382186
0.3954499711102349
0.3951996343896943
0.3949493262309226
0.39469904887617047
0.3944488045554609
0.3941985954864393
0.3939484238742249
0.3936982919112627
0.39344820177718004
0.39319815563864047
0.3929481556492048
0.39269820394918903
0.3924483026655268
0.39219845391163316
0.39194865978726934
0.3916989223784115
0.3914492437571172
0.39119962598139835
0.3909500710950926
0.39070058112773814
0.3904511580944505
0.3902018039957996
0.38995252081769016
0.38970331053124413
0.38945417509268376
0.3892051164432164
0.38895613650892363
0.38870723720064826
0.3884584204138874
0.3882096880286843
0.3879610419095233
0.38771248390522645
0.3874640158488522
0.3872156395575957
0.386967356832691
0.386719169459315
0.3864710792064934
0.3862230878270088
0.38597519705731004
0.3857274086174237
0.3854797242108677
0.38523214552456625
0.38498467422876637
0.38473731197695793
0.3844900604057935
0.38424292113501035
0.38399589576735677
0.3837489858885149
0.3835021930670326
0.3832555188542497
0.38300896478423163
0.38276253237370206
0.38251622312197764
0.3822700385109057
0.38202398000480187
0.3817780490503914
0.38153224707675043
0.38128657549525075
0.38104103569950465
0.3807956290653116
0.38055035695060924
0.3803052206954224
0.38006022162181596
0.37981536103384894
0.37957064021753006
0.3793260604407752
0.379081622953367
0.3788373289869142
0.37859317975481493
0.3783491764522206
0.37810532025600097
0.37786161232471066
0.3776180537985592
0.37737464579938007
0.3771313894306024
0.3768882857772253
0.3766453359057911
0.37640254086436264
0.37615990168250074
0.3759174193712437
0.37567509492308704
0.37543292931196703
0.37519092349324307
0.37494907840368297
0.3747073949614502
0.37446587406608967
0.3742245165985194
0.3739833234210189
0.37374229537722237
0.37350143329211094
0.3732607379720076
0.3730202102045733
0.37277985075880293
0.372539660385025
0.3722996398149003
0.3720597897614227
0.37182011091892175
0.3715806039630654
0.3713412695508643
0.37110210832067797
0.3708631208922212
0.3706243078665715
0.3703856698261788
0.3701472073348752
0.369908920937886
0.3696708111618422
0.3694328785147935
0.36919512348622324
0.3689575465470628
0.3687201481497089
0.3684829287280408
0.3682458886974377
0.36800902845479927
0.36777234837856526
0.3675358488287366
0.36729953014689787
0.36706339265623955
0.3668274366615827
0.36659166244940317
0.3663560702878568
0.36612066042680647
0.365885433097849
0.3656503885143431
0.36541552687143763
0.3651808483461022
0.36494635309715623
0.3647120412653008
0.36447791297314963
0.3642439683252625
0.3640102074081765
0.3637766302904426
0.3635432370226567
0.36331002763749765
0.3630770021497608
0.3628441605563953
0.36261150283654087
0.3623790289515643
0.36214673884509946
0.36191463244308353
0.36168270965379756
0.3614509703679051
0.36121941445849304
0.3609880417811123
0.3607568521738175
0.3605258454572099
0.3602950214344789
0.3600643798914439
0.3598339205965978
0.3596036433011499
0.35937354773906915
0.35914363362712837
0.35891390066494866
0.35868434853504416
0.35845497690286593
0.3582257854168488
0.35799677370845634
0.35776794139222595
0.35753928806581614
0.35731081331005254
0.35708251668897484
0.3568543977498831
0.35662645602338544
0.3563986910234451
0.3561711022474287
0.3559436891761528
0.35571645127393325
0.3554893879886321
0.35526249875170685
0.35503578297825833
0.35480924006707915
0.35458286940070277
0.35435667034545204
0.3541306422514884
0.35390478445286055
0.3536790962675534
0.353453576997538
0.35322822592881936
0.35300304233148727
0.3527780254597641
0.35255317455205537
0.3523284888309981
0.3521039675035105
0.3518796097608413
0.3516554147786194
0.3514313817169024
0.3512075097202262
0.35098379791765455
0.35076024542282774
0.3505368513340116
0.35031361473414724
0.35009053469089946
0.3498676102567052
0.3496448404688232
0.3494222243493823
0.34919976090542926
0.3489774491289789
0.34875528799706007
0.3485332764717662
0.3483114135003015
0.34808969801502954
0.34786812893352115
0.3476467051586014
0.34742542557839745
0.34720428906638495
0.34698329448143606
0.3467624406678653
0.3465417264554771
0.3463211506596104
0.3461007120811868
0.3458804095067553
0.3456602417085377
0.3454402074444753
0.34522030545827237
0.3450005344794425
0.3447808932233524
0.34456138039126644
0.34434199467039095
0.34412273473391763
0.3439035992410676
0.3436845868371339
0.3434656961535252
0.34324692580780736
0.3430282744037472
0.3428097405313528
0.3425913227669161
0.3423730196730542
0.34215482979875006
0.34193675167939297
0.3417187838368187
0.34150092477935
0.34128317300183597
0.34106552698569004
0.34084798519893067
0.3406305460962179
0.34041320811889264
0.3401959696950134
0.33997882923939415
0.33976178515364014
0.3395448358261854
0.3393279796323279
0.33911121493426527
0.33889454008112974
0.33867795340902296
0.33846145324104965
0.3382450378873525
0.3380287056451438
0.3378124547987398
0.3375962836195919
0.3373801903663187
0.3371641732847378
0.3369482306078963
0.33673236055610084
0.3365165613369486
0.33630083114535503
0.3360851681635838
0.33586957056127464
0.3356540364954714
0.3354385641106484
0.33522315153873866
0.3350077968991583
0.3347924982988331
0.3345772538322228
0.3343620615813464
0.3341469196158054
0.33393182599280635
0.33371677875718503
0.3335017759414262
0.3332868155656881
0.33307189563781986
0.33285701415338376
0.33264216909567407
0.33242735843573545
0.3322125801323823
0.3319978321322149
0.331783112369637
0.33156841876687126
0.33135374923397604
0.3311391016688585
0.33092447395728924
0.3307098639729167
0.33049526957727726
0.3302806886198091
0.33006611893786325
0.32985155835671204
0.3296370046895607
0.3294224557375542
0.3292079092897872
0.32899336312330946
0.3287788150031329
0.3285642626822371
0.3283497039015729
0.3281351363900683
0.32792055786462965
0.3277059660301433
0.32749135857947864
0.32727673319348694
0.3270620875410006
0.32684741927883243
0.32663272605177207
0.3264180054925838
0.3262032552220006
0.32598847284872023
0.32577365596939745
0.32555880216863725
0.3253439090189864
0.3251289740809241
0.3249139949028512
0.32469896902107853
0.3244838939598144
0.32426876723115095
0.3240535863350491
0.32383834875932305
0.3236230519796219
0.32340769345941367
0.3231922706499633
0.32297678099031385
0.3227612219072638
0.32254559081534506
0.32232988511679717
0.3221141022015436
0.32189823944716367
0.3216822942188653
0.3214662638694553
0.32125014573930954
0.3210339371563393
0.3208176354359609
0.32060123788105804
0.32038474178194787
0.3201681444163429
0.3199514430493123
0.3197346349332422
0.31951771730779316
0.3193006873998578
0.31908354242351605
0.3188662795799896
0.3186488960575938
0.31843138903168877
0.3182137556646291
0.3179959931057119
0.31777809849112226
0.3175600689438791
0.31734190157377784
0.31712359347733204
0.3169051417377127
0.3166865434246885
0.3164677955945594
0.3162488952900947
0.3160298395404648
0.315810625361172
0.31559124975398234
0.31537170970685224
0.3151520021938556
0.31493212417510846
0.31471207259669126
0.3144918443905708
0.31427143647451944
0.31405084575203196
0.31383006911224165
0.31360910342983467
0.3133879455649615
0.3131665923631477
0.3129450406552013
0.31272328725712045
0.3125013289699978
0.3122791625799226
0.31205678485788224
0.3118341925596612
0.31161138242573766
0.31138835118117936
0.3111650955355365
0.31094161218273325
0.3107178978009572
0.3104939490525467
0.31026976258387734
0.3100453350252447
0.30982066299074684
0.3095957430781642
0.30937057186883715
0.30914514592754305
0.30891946180236923
0.30869351602458656
0.30846730510851933
0.308240825551414
0.3080140738333056
0.30778704641688365
0.3075597397473535
0.3073321502522991
0.30710427434154225
0.3068761084069995
0.3066476488225378
0.30641889194383026
0.3061898341082067
0.30596047163450496
0.30573080082292037
0.30550081795485245
0.30527051929275034
0.30503990107995743
0.30480895954055404
0.30457769087919706
0.304346091280961
0.3041141569111744
0.30388188391525794
0.3036492684185581
0.30341630652618135
0.30318299432282725
0.3029493278726188
0.3027153032189328
0.3024809163842283
0.3022461633698747
0.3020110401559785
0.301775542701208
0.3015396669426185
0.3013034087954768
0.30106676415308314
0.30082972888659354
0.30059229884484207
0.30035446985416103
0.30011623771820156
0.2998775982177537
0.2996385471105662
0.299399080131165
0.29915919299067284
0.29891888137662836
0.29867814095280437
0.29843696735902764
0.2981953562109972
0.29795330310010426
0.2977108035932516
0.29746785323267416
0.2972244475357601
0.2969805819948707
0.29673625207716486
0.29649145322442083
0.2962461808528607
0.2960004303529764
0.29575419708935596
0.2955074764005117
0.29526026359871016
0.29501255396980347
0.2947643427730623
0.2945156252410123
0.29426639657927006
0.29401665196638394
0.29376638655367615
0.29351559546508693
0.2932642737970228
0.29301241661820726
0.29276001896953396
0.2925070758639243
0.2922535822861878
0.2919995331928854
0.29174492351219916
0.2914897481438031
0.29123400195873983
0.29097767979930184
0.29072077647891603
0.2904632867820349
0.2902052054640317
0.28994652725110054
0.2896872468401638
0.2894273588987824
0.2891668580650751
0.2889057389476425
0.2886439961254962
0.28838162414799823
0.28811861753480283
0.2878549707758098
0.2875906783311216
0.28732573463101135
0.28706013407589576
0.28679387103631854
0.2865269398529414
0.28625933483654403
0.2859910502680323
0.28572208039845703
0.28545241944904226
0.28518206161122167
0.2849110010466879
0.28463923188745
0.2843667482359031
0.28409354416490806
0.28381961371788467
0.28354495090891285
0.28326954972285057
0.2829934041154599
0.2827165080135481
0.2824388553151211
0.282160439889551
0.28188125557775595
0.28160129619239443
0.2813205555180748
0.2810390273115793
0.28075670530210156
0.2804735831915013
0.2801896546545745
0.2799049133393385
0.2796193528673348
0.2793329668339482
0.27904574880874294
0.27875769233581615
0.2784687909341709
0.2781790380981042
0.2778884272976175
0.27759695197884277
0.2773046055644901
0.2770113814543138
0.2767172730256004
0.27642227363367383
0.2761263766124242
0.2758295752748578
0.27553186291366644
0.2752332328018204
0.2749336781931836
0.2746331923231508
0.27433176840930745
0.2740293996521152
0.27372607923561676
0.2734218003281701
0.2731165560832022
0.27281033963999185
0.27250314412447296
0.27219496265006815
0.2718857883185442
0.27157561422089543
0.2712644334382537
0.2709522390428233
0.270639024098845
0.2703247816635876
0.27000950478836383
0.2696931865195781
0.2693758198997998
0.2690573979688671
0.2687379137650172
0.2684173603260475
0.2680957306905051
0.26777301789890584
0.267449214994983
0.26712431502696626
0.2667983110488902
0.26647119612193354
0.26614296331578796
0.2658136057100591
0.2654831163956966
0.26515148847645564
0.2648187150703906
0.2644847893113773
0.264149704350669
0.2638134533584819
0.26347602952561244
0.26313742606508606
0.2627976362138374
0.2624566532344205
0.2621144704167526
0.26177108107988667
0.26142647857381673
0.2610806562813138
0.26073360761979186
0.2603853260432067
0.26003580504398244
0.2596850381549717
0.2593330189514432
0.25897974105310134
0.25862519812613405
0.25826938388529136
0.25791229209599204
0.25755391657646
0.2571942511998879
0.2568332898966298
0.2564710266564213
0.25610745553062614
0.2557425706345103
0.2553763661495421
0.2550088363257167
0.2546399754839081
0.25426977801824285
0.2538982383984998
0.2535253511725315
0.25315111096870907
0.252775512498388
0.25239855055839566
0.2520202200335386
0.2516405158991288
0.2512594332235301
0.2508769671707197
0.25049311300286903
0.25010786608293856
0.24972122187728857
0.2493331759583015
0.24894372400702208
0.24855286181580263
0.24816058529096388
0.24776689045546324
0.247371773451571
0.2469752305435562
0.2465772581203735
0.2461778526983604
0.24577701092393398
0.24537472957629075
0.2449710055701073
0.24456583595824022
0.24415921793442447
0.24375114883596696
0.24334162614643703
0.2429306474983487
0.2425182106758371
0.24210431361732362
0.24168895441817112
0.24127213133332726
0.240853842779952
0.24043408734003208
0.24001286376297598
0.2395901709681913
0.23916600804764115
0.23874037426837943
0.2383132690750605
0.23788469209242533
0.23745464312775982
0.2370231221733235
0.236590129408749
0.23615566520340858
0.2357197301187474
0.2352823249105794
0.2348434505313488
0.23440310813234963
0.23396129906590635
0.23351802488751106
0.2330732873579177
0.2326270884451876
0.23217943032669228
0.23173031539106206
0.23127974624008646
0.2308277256905619
0.2303742567760844
0.22991934274878706
0.22946298708102036
0.22900519346697243
0.22854596582422995
0.22808530829527632
0.22762322524892628
0.22715972128169593
0.22669480121910485
0.22622847011691216
0.2257607332622816
0.22529159617487726
0.22482106460788517
0.22434914454896385
0.2238758422211188
0.22340116408350078
0.22292511683212898
0.2224477074005339
0.22196894296032146
0.22148883092165797
0.22100737893367184
0.22052459488477444
0.22004048690289704
0.21955506335564393
0.21906833285036026
0.21858030423411406
0.218090986593593
0.21760038925491232
0.217108521783336
0.21661539398291027
0.21612101589600696
0.21562539780277823
0.2151285502205229
0.21463048390296038
0.2141312098394165
0.2136307392539182
0.21312908360419777
0.21262625458060544
0.21212226410493285
0.21161712432914498
0.211110847634021
0.2106034466277056
0.21009493414416947
0.20958532324157997
0.2090746272005814
0.2085628595224871
0.20805003392738236
0.20753616435213795
0.20702126494833728
0.206505350080115
0.2059884343219102
0.20547053245613323
0.20495165947074762
0.20443183055676764
0.20391106110567386
0.20338936670674418
0.20286676314430593
0.20234326639490607
0.20181889262440378
0.20129365818498418
0.20076757961209588
0.20024067362131293
0.199712957105123
0.1991844471296438
0.19865516093126664
0.19812511591323134
0.19759432964213336
0.19706281984436347
0.19653060440248357
0.19599770135153838
0.19546412887530593
0.1949299053024883
0.19439504910284383
0.19385957888326516
0.19332351338379927
0.19278687147361917
0.19224967214694247
0.1917119345189022
0.19117367782137126
0.19063492139874244
0.19009568470366536
0.18955598729274456
0.18901584882219685
0.1884752890434753
0.18793432779885696
0.18739298501700113
0.18685128070847484
0.1863092349612541
0.18576686793619793
0.18522419986250005
0.1846812510331198
0.184138041800195
0.18359459257043692
0.18305092380051396
0.1825070559924211
0.181963009688841
0.1814188054684981
0.1808744639415074
0.18033000574472102
0.17978545153707334
0.1792408219949299
0.1786961378074377
0.17815141967188516
0.17760668828906734
0.1770619643586644
0.17651726857463235
0.17597262162060812
0.1754280441653327
0.17488355685809384
0.17433918032419027
0.17379493516041927
0.17325084193059082
0.17270692116106762
0.17216319333633787
0.17161967889461738
0.17107639822348708
0.1705333716555646
0.1699906194642156
0.16944816185930275
0.1689060189829769
0.1683642109055115
0.16782275762118104
0.16728167904418675
0.1667409950046312
0.16620072524454022
0.16566088941394047
0.16512150706698508
0.16458259765813832
0.16404418053841335
0.1635062749516684
0.1629689000309617
0.1624320747949664
0.1618958181444466
0.16136014885879618
0.1608250855926419
0.16029064687250966
0.15975685109355875
0.15922371651638165
0.15869126126387192
0.15815950331816184
0.15762846051762802
0.15709815055396892
0.156568590969354
0.15603979915364222
0.15551179234167678
0.15498458761064954
0.15445820187754222
0.15393265189663968
0.1534079542571185
0.15288412538071172
0.15236118151944736
0.15183913875346353
0.1513180129888993
0.1507978199558623
0.15027857520647128
0.14976029411297606
0.14924299186595394
0.14872668347258178
0.1482113837549852
0.14769710734866304
0.1471838687009889
0.14667168206978795
0.14616056152199003
0.14565052093235653
0.14514157398228456
0.14463373415868372
0.14412701475292836
0.1436214288598831
0.1431169893770023
0.1426137090035005
0.14211160023959737
0.14161067538583327
0.14111094654245437
0.14061242560887102
0.14011512428318262
0.13961905406177316
0.1391242262389741
0.13863065190679574
0.1381383419547221
0.13764730706957465
0.13715755773543875
0.13666910423365453
0.13618195664287058
0.13569612483915885
0.135211618496192
0.13472844708547804
0.1342466198766575
0.133766145937855
0.13328703413608944
0.1328092931377393
0.13233293140906371
0.13185795721677493
0.13138437862866542
0.13091220351428515
0.13044143954566895
0.12997209419811395
0.12950417475100373
0.12903768828868017
0.12857264170135985
0.12810904168609646
0.12764689474778473
0.12718620720020812
0.1267269851671257
0.1262692345834005
0.12581296119616503
0.12535817056602522
0.12490486806830016
0.12445305889429671
0.12400274805261821
0.1235539403705066
0.12310664049521444
0.12266085289540968
0.12221658186260705
0.12177383151263009
0.12133260578709909
0.120892908454944
0.12045474311394437
0.12001811319229114
0.11958302195017145
0.11914947248137561
0.11871746771492361
0.11828701041671211
0.11785810319117836
0.11743074848298352
0.1170049485787095
0.116580705608574
0.11615802154815777
0.1157368982201461
0.11531733729608279
0.11489934029813531
0.11448290860087004
0.11406804343303832
0.11365474587936955
0.11324301688237415
0.11283285724415094
0.11242426762820323
0.11201724856125819
0.11161180043509202
0.11120792350835734
0.11080561790841548
0.11040488363316878
0.1100057205528956
0.10960812841208561
0.10921210683127489
0.10881765530888024
0.1084247732230324
0.10803345983340656
0.10764371428305111
0.10725553560021155
0.10686892270015182
0.10648387438697055
0.10610038935541169
0.10571846619267038
0.10533810338019169
0.10495929929546288
0.10458205221379904
0.10420636031012004
0.10383222166071937
0.10345963424502508
0.1030885959473507
0.10271910455863698
0.10235115777818389
0.10198475321537165
0.10161988839137134
0.10125656074084483
0.10089476761363288
0.10053450627643036
0.10017577391445197
0.09981856763308301
0.09946288445951845
0.09910872134438946
0.0987560751633759
0.09840494271880555
0.09805532074123982
0.09770720589104528
0.09736059475995135
0.09701548387259261
0.09667186968803806
0.09632974860130447
0.09598911694485492
0.09564997099008303
0.09531230694878105
0.09497612097459344
0.09464140916445413
0.09430816756000915
0.09397639214902229
0.09364607886676708
0.0933172235974003
0.09298982217532147
0.09266387038651612
0.09233936396988199
0.0920162986185403
0.09169466998113032
0.09137447366308792
0.09105570522790776
0.0907383601983896
0.09042243405786815
0.09010792225142722
0.0897948201870967
0.08948312323703433
0.0891728267386909
0.08886392599595935
0.08855641628030794
0.08825029283189686
0.08794555086067989
0.08764218554748839
0.08734019204510152
0.08703956547929888
0.08674030094989782
0.0864423935317759
0.08614583827587663
0.0858506302101999
0.08555676434077747
0.0852642356526328
0.084973039110725
0.08468316966087856
0.08439462223069726
0.08410739173046375
0.08382147305402307
0.08353686107965302
0.08325355067091827
0.08297153667751103
0.08269081393607669
0.08241137727102532
0.0821332214953291
0.08185634141130532
0.08158073181138548
0.08130638747887112
0.08103330318867505
0.08076147370804983
0.08049089379730212
0.0802215582104942
0.07995346169613203
0.0796865989978405
0.07942096485502548
0.07915655400352345
0.07889336117623787
0.07863138110376425
0.07837060851500105
0.07811103813775083
0.07785266469930609
0.07759548292702657
0.07733948754890244
0.07708467329410654
0.07683103489353538
0.07657856708033829
0.07632726459043578
0.07607712216302644
0.07582813454108323
0.07558029647183843
0.0753336027072589
0.07508804800450952
0.07484362712640752
0.07460033484186558
0.07435816592632563
0.07411711516218154
0.07387717733919383
0.07363834725489277
0.07340061971497282
0.07316398953367811
0.0729284515341778
0.07269400054893242
0.07246063142005207
0.07222833899964444
0.07199711815015493
0.07176696374469839
0.0715378706673816
0.07130983381361779
0.07108284809043319
0.07085690841676504
0.07063200972375197
0.07040814695501628
0.070185315066939
0.0699635090289267
0.06974272382367115
0.06952295444740221
0.06930419591013207
0.0690864432358941
0.06886969146297355
0.06865393564413164
0.0684391708468232
0.0682253921534072
0.06801259466135186
0.06780077348343144
0.06758992374791839
0.06738004059876913
0.06717111919580258
0.06696315471487435
0.06675614234804364
0.06655007730373558
0.06634495480689684
0.06614077009914654
0.06593751843892122
0.06573519510161498
0.06553379537971342
0.06533331458292359
0.06513374803829819
0.06493509109035478
0.06473733910119053
0.06454048745059207
0.06434453153614025
0.064149466773311
0.0639552885955712
0.06376199245447024
0.06356957381972747
0.06337802817931502
0.06318735103953707
0.06299753792510429
0.06280858437920503
0.06262048596357206
0.062433238258545666
0.06224683686313338
0.062061277395065145
0.06187655549084612
0.06169266680580467
0.06150960701413784
0.06132737180895324
0.061145956902307216
0.06096535802524049
0.060785570927810145
0.06060659137911853
0.06042841516733958
0.06025103809974134
0.0600744560027069
0.059898664721751156
0.05972366012153552
0.059549438085879966
0.05937599451777227
0.059203325339374516
0.05903142649202727
0.05886029393625164
0.0586899236517482
0.05852031163739392
0.058351453911237285
0.05818334651049022
0.058015985491518644
0.05784936692983059
0.05768348692006214
0.05751834157596137
0.0573539270303708
0.05719023943520705
0.05702727496143945
0.05686502979906609
0.056703500157089075
0.05654268226348676
0.056382572365185055
0.05622316672802757
0.05606446163674291
0.05590645339491129
0.055749138324929504
0.05559251276797432
0.055436573083964207
0.05528131565152024
0.05512673686792471
0.05497283314907997
0.054819600929463856
0.05466703666208592
0.054515136818441313
0.05436389788846342
0.054213316380475975
0.05406338882114383
0.05391411175542238
0.05376548174650622
0.053617495375776744
0.053470149242748746
0.05332343996501593
0.05317736417819577
0.053031918535873454
0.05288709970954469
0.05274290438855794
0.0525993292800558
0.0524563711089155
0.05231402661768872
0.05217229256654083
0.052031165733189375
0.05189064291284142
0.05175072091813112
0.05161139657905593
0.051472666742912565
0.05133452827423217
0.05119697805471533
0.05106001298316615
0.050923629975425974
0.05078782596430652
0.050652597899522867
0.050517942747625666
0.050383857491932776
0.05025033913246142
0.05011738468585849
0.04998499118533192
