2.376636418441844
2.2261678427023623
2.179515336615146
2.030097959164332
2.137580387300432
1.9897725336697802
1.8973642737962586
1.9474903163054227
2.186618648852258
2.300032676425402
2.144921203355355
2.4752645827297353
2.0909629378996235
2.456262333882939
1.9580792773472915
2.0018955416614856
2.0055659819557303
1.8921850300886915
2.162542238015899
1.3895569914367891
1.7638979083878166
1.6326646219256418
1.5927898979742223
1.5668963059145187
0.9286608381988259
1.1558965461553594
1.1249094757932103
1.2627864708232355
0.8872865857918779
0.7791326096493014
0.8013412187278101
0.6557058199981646
0.4118092653984791
0.24129124390978696
0.20964694080707347
0.13303854520153235
0.0832241815624769
0.06196929735085468
0.05043927882221727
0.041703208406843204
