0.4968262495182534
0.5391008249769561
0.5233783627168151
0.5321090936515187
0.5338586485817466
0.5229460261304496
0.5171743566916953
0.5188703850392982
0.5189872929747316
0.5179152040375796
0.518449707036359
0.5184935033730549
0.5168171137878216
0.515217801385545
0.514678754872106
0.5145193448223933
0.5143400587186276
0.5141685719297407
0.5138015985714834
0.5131295886552675
0.5123979422988245
0.511832801262793
0.5114194646082856
0.5110586941442529
0.5106769805184554
0.5102206440621121
0.5096825760485802
0.5091152141861701
0.5085751501850004
0.5080760302099437
0.5075970349042194
0.5071097429717494
0.5065949063489763
0.5060508186875464
0.5054911515752228
0.5049317890032081
0.5043790148890162
0.5038284095919323
0.5032711093564061
0.502700449885382
0.5021153527229026
0.5015194815483294
0.5009174967713497
0.5003116151251626
0.49970080985502213
0.49908236572743575
0.49845402078338613
0.49781519672812125
0.497166818551387
0.4965102057322004
0.4958460062170659
0.49517387071653457
0.4944928677488683
0.49380215010666706
0.49310137024733885
0.4923906476316307
0.49167023202559096
0.49094016666747853
0.4902001731887974
0.48944977105438703
0.48868848550529076
0.4879159814873299
0.4871320553207493
0.4863365282945143
0.48552913918778245
0.484709506841981
0.4838771674916028
0.48303164033435786
0.4821724689343047
0.48129921675532256
0.4804114318786489
0.47950861261123157
0.47859019647588763
0.4776555731734815
0.4767041057987581
0.4757351434143504
0.47474801871590816
0.4737420365356809
0.4727164637825245
0.4716705277175556
0.4706034220499553
0.46951431530365845
0.46840235607920266
0.46726667369451463
0.466106376574754
0.4649205519727305
0.4637082690107388
0.4624685844990692
0.46120054952931855
0.459903215192159
0.4585756371958404
0.45721688036771435
0.4558260242088638
0.45440216997415905
0.45294444889122426
0.4514520307584213
0.4499241324025822
0.4483600259868573
0.4467590474904959
0.44512060563410194
0.44344419122089096
0.44172938658260064
0.4399758747460688
0.43818344806025034
0.4363520161924529
0.4344816134742571
0.43257240552045056
0.4306246949322687
0.4286389258270645
0.42661568695390645
0.4245557132304279
0.42245988561045184
0.4203292292255198
0.41816490974175496
0.4159682278700586
0.41374061199118584
0.41148360891067187
0.4091988728228065
0.40688815261596883
0.4045532776851146
0.40219614243760093
0.399818689697502
0.3974228932366284
0.3950107396837801
0.3925842100789291
0.3901452613403919
0.3876958079011545
0.3852377037501843
0.3827727250904468
0.3803025537990782
0.3778287618457164
0.37535279679111927
0.37287596845042237
0.3703994367661232
0.36792420089795674
0.3654510895021731
0.36298075214181313
0.3605136517421923
0.3580500579817998
0.35559004148864654
0.3531334686964685
0.3506799972045832
0.3482290714796635
0.34577991873686126
0.3433315448412713
0.3408827300785974
0.33843202465637295
0.33597774381465134
0.33351796244835197
0.331050509173084
0.32857295980316564
0.3260826302559547
0.32357656895202275
0.32105154884803005
0.3185040593203775
0.31593029821483204
0.3133261644921777
0.31068725203392594
0.30800884532581735
0.30528591790958215
0.3025131346824383
0.2996848593235945
0.2967951683283345
0.29383787331919825
0.29080655346105766
0.28769459990731866
0.2844952742170656
0.28120178257206907
0.27780736735020006
0.2743054171417669
0.2706895955989705
0.2669539885723878
0.26309326782158815
0.2591028682298895
0.2549791739822367
0.2507197076932823
0.24632331514384656
0.24179033725897014
0.23712276039680105
0.23232433604250782
0.2274006616889671
0.2223592160369658
0.2172093435831701
0.2119621860334266
0.20663056058193532
0.20122878771514202
0.19577247362968037
0.19027825443441504
0.18476351093106771
0.1792460638843632
0.17374386029325772
0.16827466127886065
0.16285574184427332
0.15750361197329954
0.15223376735983968
0.14706047654870702
0.1419966094897907
0.137053510550865
0.13224091701025747
0.127566922081976
0.12303797973553329
0.11865894706862064
0.11443315885320011
0.1103625281483921
0.10644766656145675
0.10268801780991693
0.09908199863384477
0.09562714174998004
0.09232023634414087
0.08915746248357152
0.0861345167248356
0.0832467270387664
0.08048915593147479
0.07785669128523541
0.07534412496500946
0.07294621963631784
0.07065776452707322
0.06847362105366471
0.06638875933642288
0.06439828666838437
0.06249746898997153
0.06068174637500817
0.05894674346243908
0.05728827568297419
0.0557023520382018
0.054185175097147244
0.05273313878575209
0.051342824460918354
0.05001099568416646
0.048734592041328365
