0.5799121018176574
0.6382188792774531
0.6181496344126909
0.5995440687774171
0.5829481822704059
0.5686648005768047
0.5567824432494501
0.5471970082077403
0.5396676093975405
0.5338824921127825
0.529515412744301
0.5262634317803041
0.5238662443370813
0.5221118022723003
0.520833750579472
0.5199050401371725
0.5192304916948124
0.5187397822362444
0.5183814700232559
0.5181181960957881
0.5179229714066579
0.5177763737965868
0.517664466942241
0.5175772730917743
0.5175076612725382
0.5174505425837022
0.5174022901456204
0.5173603222316381
0.5173228033329069
0.5172884301478676
0.5172562785679812
0.5172256943898657
0.5171962153287596
0.5171675154140926
0.51713936537516
0.5171116044417305
0.5170841202879188
0.5170568347815875
0.517029693869918
0.5170026604097611
0.5169757090929468
0.5169488228606968
0.516921990375461
0.516895204242771
0.5168684597643733
0.5168417540670924
0.5168150854969273
0.5167884531999533
0.5167618568344403
0.5167352963748436
0.5167087719798564
0.5166822839049197
0.5166558324453944
0.5166294179007205
0.5166030405527982
0.5165767006538866
0.5165503984207623
0.5165241340328943
0.5164979076331142
0.5164717193297463
0.5164455691995189
0.5164194572908042
0.5163933836269123
0.5163673482092621
0.5163413510203323
0.516315392026348
0.5162894711796822
0.516263588420977
0.5162377436809994
0.516211936882252
0.5161861679403632
0.5161604367652806
0.5161347432622909
0.5161090873328911
0.5160834688755271
0.516057887786221
0.5160323439591016
0.5160068372868534
0.5159813676610936
0.5159559349726914
0.5159305391120361
0.5159051799692609
0.5158798574344334
0.5158545713977128
0.5158293217494825
0.5158041083804613
0.5157789311817955
0.515753790045136
0.5157286848627022
0.5157036155273355
0.5156785819325427
0.5156535839725334
0.5156286215422484
0.5156036945373853
0.515578802854418
0.5155539463906122
0.515529125044039
0.5155043387135854
0.5154795872989599
0.5154548707007022
0.5154301888201842
0.515405541559615
0.5153809288220428
0.515356350511355
0.5153318065322794
0.5153072967903836
0.5152828211920739
0.515258379644594
0.5152339720560237
0.5152095983352758
0.5151852583920958
0.5151609521370564
0.5151366794815574
0.5151124403378218
0.5150882346188925
0.5150640622386298
0.5150399231117077
0.5150158171536109
0.5149917442806321
0.514967704409867
0.5149436974592123
0.5149197233473619
0.5148957819938036
0.5148718733188149
0.5148479972434601
0.5148241536895867
0.5148003425798222
0.5147765638375696
0.514752817387005
0.5147291031530729
0.5147054210614843
0.514681771038711
0.5146581530119846
0.5146345669092902
0.5146110126593653
0.5145874901916947
0.5145639994365079
0.5145405403247749
0.5145171127882036
0.514493716759235
0.5144703521710405
0.5144470189575192
0.5144237170532922
0.5144004463937016
0.5143772069148054
0.5143539985533745
0.5143308212468896
0.5143076749335367
0.514284559552205
0.5142614750424828
0.514238421344654
0.5142153983996947
0.5141924061492698
0.5141694445357298
0.5141465135021073
0.5141236129921134
0.5141007429501346
0.5140779033212292
0.5140550940511239
0.514032315086211
0.5140095663735441
0.5139868478608351
0.5139641594964519
0.5139415012294131
0.5139188730093868
0.5138962747866849
0.513873706512262
0.5138511681377113
0.5138286596152605
0.5138061808977697
0.5137837319387276
0.5137613126922478
0.5137389231130665
0.5137165631565382
0.5136942327786336
0.5136719319359347
0.5136496605856339
0.513627418685528
0.5136052061940173
0.5135830230701011
0.5135608692733751
0.5135387447640277
0.5135166495028374
0.5134945834511688
0.5134725465709704
0.5134505388247705
0.513428560175675
0.5134066105873625
0.5133846900240839
0.5133627984506567
0.513340935832463
0.5133191021354464
0.5132972973261087
0.5132755213715067
0.5132537742392489
0.5132320558974931
0.5132103663149431
0.5131887054608445
0.5131670733049833
0.5131454698176817
0.5131238949697958
0.5131023487327114
0.5130808310783425
0.5130593419791267
0.5130378814080234
0.5130164493385101
0.5129950457445793
0.5129736706007364
0.5129523238819953
0.5129310055638767
0.5129097156224041
0.5128884540341017
0.5128672207759903
0.512846015825586
0.5128248391608954
0.5128036907604141
0.5127825706031226
0.5127614786684841
0.5127404149364417
0.5127193793874147
0.5126983720022966
0.5126773927624512
0.5126564416497104
0.5126355186463715
0.5126146237351934
0.5125937568993943
0.5125729181226492
0.5125521073890862
0.5125313246832841
0.5125105699902694
0.5124898432955141
0.5124691445849314
0.5124484738448745
0.5124278310621324
0.5124072162239287
0.5123866293179166
0.512366070332178
0.5123455392552199
0.5123250360759715
0.512304560783782
0.512284113368417
0.5122636938200567
0.5122433021292918
0.5122229382871226
0.5122026022849545
0.512182294114596
0.5121620137682563
0.5121417612385413
0.5121215365184532
0.5121013396013852
0.5120811704811201
0.5120610291518279
0.5120409156080628
0.5120208298447593
0.5120007718572317
0.5119807416411697
0.5119607391926366
0.5119407645080662
0.5119208175842607
0.5119008984183872
0.5118810070079758
0.5118611433509165
0.5118413074454573
0.5118214992902004
0.5118017188841004
0.5117819662264622
0.511762241316937
0.5117425441555206
0.5117228747425506
0.5117032330787041
0.5116836191649949
0.5116640330027709
0.5116444745937114
0.5116249439398247
0.511605441043446
0.5115859659072339
0.5115665185341687
0.5115470989275498
0.5115277070909923
0.5115083430284255
0.5114890067440906
0.5114696982425364
0.511450417528619
0.5114311646074978
0.511411939484634
0.5113927421657876
0.5113735726570143
0.5113544309646649
0.5113353170953809
0.5113162310560931
0.511297172854019
0.5112781424966597
0.511259139991799
0.5112401653474988
0.511221218572099
0.5112022996742136
0.511183408662728
0.5111645455467984
0.5111457103358474
0.511126903039563
0.5111081236678954
0.5110893722310548
0.5110706487395096
0.5110519532039834
0.5110332856354526
0.5110146460451449
0.5109960344445353
0.5109774508453462
0.5109588952595421
0.5109403676993305
0.5109218681771566
0.510903396705703
0.5108849532978864
0.5108665379668558
0.5108481507259901
0.5108297915888952
0.510811460569403
0.5107931576815677
0.5107748829396643
0.5107566363581871
0.5107384179518452
0.5107202277355626
0.5107020657244742
0.5106839319339253
0.5106658263794673
0.5106477490768577
0.5106297000420558
0.5106116792912216
0.5105936868407139
0.5105757227070873
0.5105577869070899
0.5105398794576623
0.510522000375934
0.510504149679222
0.5104863273850286
0.5104685335110388
0.510450768075119
0.5104330310953136
0.510415322589844
0.5103976425771054
0.5103799910756661
0.5103623681042634
0.5103447736818038
0.5103272078273584
0.5103096705601629
0.5102921618996143
0.510274681865269
0.5102572304768411
0.5102398077541993
0.5102224137173665
0.5102050483865161
0.5101877117819705
0.5101704039241995
0.5101531248338175
0.5101358745315814
0.51011865303839
0.5101014603752794
0.5100842965634236
0.5100671616241306
0.5100500555788413
0.510032978449127
0.5100159302566876
0.5099989110233496
0.5099819207710644
0.5099649595219051
0.5099480272980661
0.50993112412186
0.5099142500157163
0.5098974050021785
0.509880589103903
0.5098638023436568
0.5098470447443156
0.5098303163288618
0.5098136171203824
0.5097969471420674
0.5097803064172073
0.5097636949691919
0.5097471128215078
0.5097305599977362
0.5097140365215524
0.509697542416722
0.5096810777071004
0.50966464241663
0.509648236569339
0.5096318601893388
0.5096155133008231
0.5095991959280648
0.5095829080954151
0.5095666498273009
0.5095504211482239
0.5095342220827572
0.5095180526555452
0.5095019128913005
0.5094858028148026
0.5094697224508958
0.5094536718244878
0.5094376509605469
0.5094216598841015
0.5094056986202371
0.5093897671940953
0.5093738656308717
0.5093579939558142
0.5093421521942201
0.5093263403714368
0.5093105585128571
0.5092948066439199
0.5092790847901066
0.5092633929769403
0.5092477312299842
0.5092320995748385
0.5092164980371403
0.5092009266425612
0.5091853854168049
0.5091698743856065
0.5091543935747298
0.5091389430099669
0.5091235227171348
0.509108132722075
0.5090927730506515
0.5090774437287479
0.5090621447822679
0.5090468762371319
0.5090316381192754
0.5090164304546484
0.5090012532692129
0.5089861065889407
0.5089709904398134
0.5089559048478187
0.5089408498389508
0.5089258254392068
0.5089108316745864
0.5088958685710896
0.5088809361547155
0.5088660344514603
0.5088511634873156
0.5088363232882673
0.5088215138802936
0.5088067352893634
0.5087919875414344
0.5087772706624524
0.5087625846783485
0.5087479296150387
0.5087333054984214
0.5087187123543765
0.5087041502087629
0.5086896190874183
0.5086751190161559
0.5086606500207647
0.5086462121270064
0.5086318053606149
0.508617429747294
0.5086030853127163
0.5085887720825214
0.508574490082315
0.5085602393376665
0.5085460198741079
0.5085318317171323
0.5085176748921924
0.508503549424699
0.5084894553400192
0.5084753926634755
0.508461361420344
0.5084473616358522
0.5084333933351795
0.5084194565434524
0.5084055512857475
0.5083916775870859
0.508377835472434
0.5083640249667015
0.50835024609474
0.5083364988813414
0.5083227833512364
0.5083090995290938
0.5082954474395183
0.5082818271070486
0.5082682385561579
0.5082546818112503
0.5082411568966609
0.5082276638366539
0.5082142026554206
0.5082007733770795
0.5081873760256731
0.5081740106251682
0.5081606771994532
0.5081473757723378
0.5081341063675509
0.5081208690087392
0.5081076637194668
0.5080944905232123
0.5080813494433694
0.5080682405032435
0.5080551637260525
0.5080421191349231
0.508029106752892
0.5080161266029022
0.5080031787078036
0.5079902630903508
0.5079773797732017
0.5079645287789164
0.5079517101299564
0.5079389238486824
0.5079261699573538
0.507913448478127
0.5079007594330543
0.5078881028440826
0.507875478733052
0.5078628871216953
0.5078503280316352
0.5078378014843847
0.5078253075013454
0.5078128461038055
0.5078004173129392
0.5077880211498059
0.507775657635348
0.5077633267903909
0.5077510286356403
0.5077387631916823
0.5077265304789818
0.5077143305178811
0.5077021633285986
0.5076900289312289
0.5076779273457395
0.5076658585919713
0.5076538226896372
0.5076418196583201
0.5076298495174729
0.5076179122864164
0.5076060079843389
0.5075941366302944
0.5075822982432022
0.507570492841845
0.5075587204448686
0.50754698107078
0.5075352747379475
0.5075236014645975
0.5075119612688159
0.5075003541685452
0.5074887801815844
0.5074772393255874
0.5074657316180621
0.5074542570763695
0.5074428157177223
0.5074314075591844
0.5074200326176691
0.507408690909939
0.5073973824526039
0.507386107262121
0.5073748653547924
0.5073636567467653
0.5073524814540309
0.5073413394924225
0.5073302308776156
0.5073191556251261
0.5073081137503095
0.5072971052683606
0.5072861301943109
0.5072751885430299
0.5072642803292222
0.5072534055674275
0.5072425642720194
0.5072317564572044
0.507220982137021
0.507210241325339
0.5071995340358579
0.5071888602821075
0.5071782200774446
0.5071676134350545
0.5071570403679482
0.5071465008889628
0.5071359950107602
0.5071255227458259
0.5071150841064682
0.507104679104818
0.507094307752827
0.5070839700622674
0.5070736660447309
0.5070633957116277
0.5070531590741859
0.5070429561434505
0.5070327869302826
0.5070226514453591
0.5070125496991705
0.5070024817020216
0.5069924474640295
0.5069824469951238
0.5069724803050453
0.506962547403345
0.5069526482993835
0.5069427830023308
0.5069329515211642
0.5069231538646694
0.5069133900414373
0.5069036600598658
0.5068939639281571
0.5068843016543184
0.5068746732461596
0.5068650787112942
0.5068555180571372
0.5068459912909059
0.506836498419617
0.506827039450088
0.5068176143889358
0.5068082232425752
0.5067988660172191
0.5067895427188782
0.5067802533533585
0.5067709979262631
0.5067617764429894
0.5067525889087293
0.5067434353284697
0.5067343157069888
0.5067252300488587
0.5067161783584431
0.506707160639897
0.506698176897166
0.5066892271339853
0.5066803113538805
0.5066714295601653
0.5066625817559415
0.506653767944099
0.5066449881273146
0.5066362423080513
0.506627530488558
0.5066188526708694
0.5066102088568041
0.5066015990479656
0.506593023245741
0.5065844814512993
0.5065759736655941
0.5065674998893592
0.5065590601231106
0.5065506543671452
0.5065422826215402
0.506533944886153
0.50652564116062
0.5065173714443575
0.5065091357365584
0.5065009340361952
0.5064927663420175
0.5064846326525512
0.5064765329660997
0.5064684672807417
0.5064604355943318
0.5064524379044998
0.5064444742086502
0.5064365445039618
0.5064286487873869
0.5064207870556521
0.5064129593052556
0.50640516553247
0.5063974057333382
0.5063896799036764
0.5063819880390714
0.5063743301348811
0.5063667061862341
0.50635911618803
0.5063515601349367
0.5063440380213928
0.5063365498416057
0.5063290955895519
0.5063216752589758
0.5063142888433905
0.5063069363360767
0.5062996177300824
0.5062923330182227
0.5062850821930802
0.5062778652470031
0.5062706821721067
0.5062635329602714
0.5062564176031439
0.5062493360921358
0.5062422884184242
0.5062352745729507
0.5062282945464214
0.5062213483293072
0.5062144359118425
0.5062075572840256
0.5062007124356181
0.5061939013561457
0.5061871240348965
0.5061803804609215
0.5061736706230346
0.5061669945098122
0.5061603521095924
0.5061537434104759
0.5061471684003249
0.5061406270667635
0.5061341193971773
0.5061276453787127
0.5061212049982775
0.506114798242541
0.5061084250979324
0.5061020855506425
0.5060957795866216
0.5060895071915812
0.5060832683509928
0.506077063050088
0.5060708912738584
0.5060647530070551
0.5060586482341898
0.5060525769395334
0.5060465391071167
0.5060405347207291
0.5060345637639203
0.5060286262199992
0.5060227220720339
0.5060168513028517
0.5060110138950386
0.5060052098309403
0.5059994390926612
0.505993701662065
0.5059879975207738
0.5059823266501695
0.5059766890313921
0.5059710846453405
0.5059655134726728
0.5059599754938062
0.5059544706889165
0.5059489990379378
0.5059435605205641
0.5059381551162474
0.5059327828041995
0.50592744356339
0.5059221373725487
0.5059168642101638
0.5059116240544822
0.5059064168835107
0.5059012426750149
0.5058961014065194
0.5058909930553086
0.505885917598426
0.5058808750126744
0.5058758652746167
0.5058708883605747
0.5058659442466303
0.5058610329086255
0.505856154322162
0.5058513084626014
0.5058464953050656
0.505841714824437
0.5058369669953582
0.5058322517922323
0.5058275691892237
0.5058229191602567
0.5058183016790174
0.5058137167189531
0.5058091642532718
0.5058046442549434
0.5058001566966995
0.5057957015510338
0.5057912787902016
0.5057868883862205
0.5057825303108711
0.505778204535696
0.5057739110320008
0.5057696497708546
0.5057654207230892
0.5057612238593002
0.5057570591498471
0.5057529265648534
0.5057488260742062
0.5057447576475579
0.5057407212543251
0.5057367168636895
0.5057327444445981
0.5057288039657634
0.5057248953956639
0.5057210187025436
0.5057171738544134
0.5057133608190504
0.5057095795639991
0.5057058300565708
0.5057021122638448
0.5056984261526676
0.5056947716896544
0.5056911488411886
0.5056875575734227
0.5056839978522779
0.5056804696434452
0.5056769729123853
0.5056735076243289
0.5056700737442776
0.5056666712370037
0.5056633000670501
0.5056599601987325
0.5056566515961374
0.5056533742231242
0.5056501280433252
0.5056469130201453
0.5056437291167628
0.5056405762961307
0.5056374545209755
0.5056343637537986
0.5056313039568766
0.5056282750922616
0.5056252771217814
0.5056223100070406
0.5056193737094198
0.5056164681900779
0.5056135934099505
0.5056107493297515
0.5056079359099739
0.5056051531108889
0.5056024008925477
0.5055996792147812
0.5055969880372009
0.5055943273191986
0.5055916970199478
0.5055890970984039
0.5055865275133044
0.5055839882231694
0.5055814791863029
0.5055790003607918
0.5055765517045079
0.5055741331751076
0.5055717447300322
0.5055693863265094
0.5055670579215528
0.505564759471963
0.505562490934328
0.5055602522650235
0.5055580434202135
0.5055558643558516
0.5055537150276803
0.5055515953912325
0.5055495054018315
0.5055474450145917
0.5055454141844196
0.5055434128660138
0.5055414410138656
0.5055394985822599
0.5055375855252756
0.5055357017967862
0.5055338473504605
0.505532022139763
0.5055302261179542
0.5055284592380921
0.505526721453032
0.5055250127154274
0.5055233329777304
0.5055216821921931
0.5055200603108669
0.505518467285604
0.5055169030680582
0.5055153676096846
0.5055138608617413
0.5055123827752896
0.505510933301194
0.505509512390124
0.5055081199925536
0.5055067560587632
0.505505420538839
0.5055041133826746
0.505502834539971
0.5055015839602379
0.5055003615927935
0.5054991673867661
0.5054980012910942
0.5054968632545275
0.5054957532256272
0.505494671152767
0.5054936169841336
0.5054925906677278
0.5054915921513642
0.5054906213826733
0.505489678309101
0.5054887628779101
0.5054878750361804
0.5054870147308098
0.5054861819085148
0.5054853765158315
0.505484598499116
0.5054838478045451
0.5054831243781177
0.5054824281656545
0.5054817591127992
0.5054811171650199
0.5054805022676084
0.5054799143656822
0.5054793534041848
0.5054788193278864
0.5054783120813846
0.505477831609105
0.5054773778553027
0.505476950764062
0.5054765502792984
0.5054761763447578
0.505475828904019
0.5054755079004926
0.5054752132774236
0.5054749449778915
0.5054747029448096
0.5054744871209284
0.5054742974488345
0.505474133870952
0.5054739963295432
0.5054738847667096
0.5054737991243925
0.5054737393443733
0.5054737053682754
0.505473697137564
0.5054737145935474
0.5054737576773779
0.5054738263300521
0.505473920492412
0.5054740401051461
0.5054741851087894
0.5054743554437251
0.5054745510501847
0.5054747718682497
0.5054750178378514
0.5054752888987722
0.5054755849906467
0.5054759060529622
0.505476252025059
0.5054766228461324
0.5054770184552326
0.5054774387912658
0.5054778837929955
0.5054783533990426
0.5054788475478861
0.5054793661778653
0.5054799092271791
0.5054804766338874
0.5054810683359127
0.5054816842710393
0.5054823243769158
0.5054829885910549
0.5054836768508347
0.5054843890934997
0.5054851252561607
0.5054858852757973
0.5054866690892571
0.5054874766332573
0.5054883078443857
0.5054891626591018
0.5054900410137364
0.5054909428444937
0.5054918680874522
0.5054928166785642
0.5054937885536588
0.5054947836484402
0.5054958018984911
0.5054968432392717
0.5054979076061218
0.5054989949342605
0.5055001051587882
0.5055012382146872
0.5055023940368216
0.5055035725599398
0.5055047737186739
0.5055059974475413
0.505507243680946
0.5055085123531783
0.5055098033984167
0.5055111167507282
0.5055124523440697
0.5055138101122886
0.505515189989123
0.5055165919082043
0.5055180158030562
0.505519461607097
0.5055209292536395
0.505522418675892
0.5055239298069608
0.5055254625798484
0.5055270169274566
0.505528592782586
0.5055301900779378
0.5055318087461143
0.5055334487196198
0.5055351099308613
0.5055367923121501
0.5055384957957018
0.5055402203136377
0.5055419657979858
0.5055437321806812
0.5055455193935674
0.5055473273683969
0.505549156036833
0.5055510053304487
0.5055528751807299
0.5055547655190752
0.505556676276796
0.5055586073851193
0.5055605587751868
0.5055625303780569
0.5055645221247049
0.5055665339460249
0.505568565772829
0.5055706175358502
0.5055726891657417
0.5055747805930788
0.5055768917483591
0.5055790225620036
0.505581172964358
0.5055833428856934
0.5055855322562064
0.5055877410060216
0.5055899690651908
0.505592216363695
0.5055944828314451
0.5055967683982822
0.5055990729939793
0.5056013965482419
0.5056037389907083
0.5056061002509517
0.50560848025848
0.5056108789427373
0.505613296233104
0.5056157320588994
0.5056181863493803
0.5056206590337438
0.5056231500411272
0.5056256593006093
0.5056281867412109
0.5056307322918956
0.5056332958815717
0.5056358774390923
0.5056384768932555
0.5056410941728067
0.5056437292064389
0.5056463819227931
0.5056490522504598
0.5056517401179796
0.5056544454538441
0.5056571681864972
0.505659908244335
0.5056626655557079
0.5056654400489204
0.5056682316522325
0.5056710402938611
0.5056738659019789
0.5056767084047181
0.5056795677301693
0.5056824438063827
0.5056853365613695
0.5056882459231021
0.5056911718195155
0.5056941141785076
0.5056970729279413
0.5057000479956435
0.5057030393094075
0.5057060467969932
0.5057090703861281
0.5057121100045082
0.5057151655797982
0.5057182370396343
0.505721324311622
0.5057244273233399
0.5057275460023387
0.505730680276143
0.5057338300722517
0.5057369953181388
0.5057401759412544
0.5057433718690258
0.5057465830288581
0.5057498093481347
0.5057530507542185
0.5057563071744531
0.5057595785361626
0.505762864766654
0.5057661657932164
0.5057694815431225
0.50577281194363
0.5057761569219815
0.5057795164054061
0.5057828903211196
0.5057862785963252
0.5057896811582157
0.5057930979339725
0.5057965288507674
0.5057999738357638
0.5058034328161162
0.5058069057189725
0.5058103924714735
0.505813893000755
0.5058174072339474
0.505820935098177
0.5058244765205674
0.5058280314282391
0.5058315997483114
0.5058351814079023
0.5058387763341308
0.505842384454115
0.505846005694976
0.5058496399838364
0.5058532872478222
0.5058569474140631
0.5058606204096942
0.5058643061618551
0.5058680045976922
0.5058717156443587
0.5058754392290159
0.5058791752788333
0.5058829237209904
0.5058866844826762
0.5058904574910906
0.5058942426734456
0.5058980399569655
0.5059018492688874
0.5059056705364632
0.5059095036869584
0.505913348647655
0.5059172053458505
0.5059210737088597
0.5059249536640154
0.5059288451386679
0.5059327480601878
0.5059366623559652
0.5059405879534108
0.505944524779957
0.505948472763058
0.5059524318301913
0.5059564019088576
0.5059603829265825
0.5059643748109163
0.5059683774894352
0.5059723908897419
0.5059764149394664
0.5059804495662669
0.5059844946978297
0.505988550261871
0.5059926161861368
0.5059966923984042
0.5060007788264816
0.5060048753982098
0.5060089820414622
0.5060130986841459
0.5060172252542025
0.5060213616796084
0.5060255078883757
0.5060296638085534
0.5060338293682265
0.5060380044955185
0.5060421891185911
0.5060463831656452
0.506050586564921
0.5060547992446999
0.5060590211333037
0.5060632521590963
0.506067492250484
0.5060717413359161
0.5060759993438856
0.5060802662029303
0.5060845418416323
0.5060888261886201
0.5060931191725682
0.5060974207221979
0.5061017307662786
0.5061060492336279
0.5061103760531116
0.5061147111536461
0.5061190544641972
0.5061234059137819
0.506127765431468
0.5061321329463759
0.506136508387679
0.5061408916846029
0.5061452827664278
0.5061496815624884
0.5061540880021743
0.506158502014931
0.5061629235302599
0.5061673524777197
0.5061717887869265
0.5061762323875544
0.5061806832093363
0.5061851411820643
0.5061896062355903
0.506194078299827
0.5061985573047476
0.5062030431803871
0.5062075358568429
0.5062120352642746
0.5062165413329058
0.5062210539930234
0.5062255731749791
0.506230098809189
0.5062346308261356
0.506239169156367
0.5062437137304976
0.5062482644792098
0.506252821333253
0.5062573842234454
0.5062619530806738
0.5062665278358944
0.5062711084201328
0.5062756947644861
0.506280286800121
0.5062848844582769
0.5062894876702642
0.5062940963674664
0.5062987104813395
0.5063033299434133
0.5063079546852922
0.5063125846386541
0.5063172197352521
0.5063218599069156
0.5063265050855492
0.5063311552031347
0.50633581019173
0.5063404699834717
0.5063451345105731
0.5063498037053269
0.5063544775001043
0.5063591558273561
0.5063638386196129
0.5063685258094851
0.5063732173296649
0.5063779131129251
0.5063826130921207
0.5063873172001884
0.5063920253701477
0.5063967375351014
0.5064014536282354
0.5064061735828201
0.50641089733221
0.5064156248098444
0.506420355949248
0.5064250906840312
0.5064298289478909
0.5064345706746098
0.5064393157980583
0.5064440642521938
0.5064488159710617
0.5064535708887958
0.5064583289396183
0.5064630900578401
0.5064678541778624
0.5064726212341758
0.5064773911613613
0.5064821638940902
0.506486939367125
0.5064917175153201
0.5064964982736209
0.5065012815770656
0.506506067360785
0.5065108555600025
0.5065156461100346
0.5065204389462924
0.5065252340042802
0.5065300312195972
0.5065348305279369
0.5065396318650887
0.5065444351669366
0.5065492403694611
0.5065540474087383
0.5065588562209417
0.5065636667423407
0.5065684789093027
0.506573292658292
0.5065781079258712
0.506582924648701
0.5065877427635406
0.506592562207248
0.5065973829167805
0.5066022048291947
0.5066070278816472
0.5066118520113948
0.5066166771557944
0.5066215032523037
0.5066263302384814
0.5066311580519878
0.5066359866305845
0.5066408159121355
0.506645645834606
0.506650476336065
0.506655307354683
0.5066601388287346
0.5066649706965968
0.5066698028967509
0.5066746353677818
0.5066794680483784
0.5066843008773343
0.5066891337935473
0.5066939667360204
0.5066987996438622
0.5067036324562857
0.5067084651126106
0.5067132975522616
0.5067181297147705
0.5067229615397748
0.5067277929670185
0.5067326239363534
0.5067374543877377
0.5067422842612364
0.5067471134970233
0.5067519420353792
0.506756769816693
0.506761596781462
0.5067664228702913
0.5067712480238955
0.5067760721830976
0.5067808952888295
0.5067857172821325
0.5067905381041573
0.5067953576961645
0.506800175999524
0.506804992955716
0.5068098085063312
0.5068146225930698
0.5068194351577433
0.5068242461422742
0.5068290554886948
0.5068338631391496
0.5068386690358936
0.5068434731212935
0.5068482753378276
0.506853075628086
0.5068578739347703
0.5068626702006946
0.506867464368785
0.5068722563820799
0.5068770461837303
0.5068818337169996
0.5068866189252641
0.506891401752013
0.5068961821408488
0.5069009600354865
0.5069057353797549
0.5069105081175963
0.5069152781930663
0.5069200455503338
0.5069248101336822
0.5069295718875082
0.5069343307563228
0.5069390866847511
0.5069438396175322
0.5069485894995196
0.5069533362756811
0.5069580798910993
0.506962820290971
0.506967557420608
0.5069722912254366
0.5069770216509983
0.5069817486429489
0.5069864721470599
0.5069911921092177
0.5069959084754236
0.5070006211917941
0.5070053302045614
0.507010035460073
0.5070147369047913
0.5070194344852947
0.507024128148277
0.5070288178405478
0.5070335035090316
0.5070381851007697
0.5070428625629179
0.5070475358427491
0.5070522048876507
0.5070568696451273
0.5070615300627981
0.5070661860883989
0.5070708376697818
0.5070754847549142
0.5070801272918799
0.5070847652288782
0.5070893985142252
0.5070940270963524
0.5070986509238082
0.5071032699452558
0.5071078841094759
0.5071124933653643
0.5071170976619332
0.5071216969483114
0.5071262911737426
0.5071308802875883
0.5071354642393243
0.5071400429785434
0.5071446164549548
0.5071491846183829
0.5071537474187686
0.5071583048061691
0.5071628567307568
0.5071674031428206
0.5071719439927649
0.5071764792311111
0.5071810088084951
0.5071855326756693
0.5071900507835019
0.5071945630829767
0.5071990695251929
0.5072035700613666
0.507208064642828
0.5072125532210234
0.5072170357475152
0.5072215121739803
0.5072259824522117
0.5072304465341173
0.5072349043717207
0.5072393559171602
0.5072438011226897
0.5072482399406777
0.5072526723236082
0.5072570982240798
0.5072615175948059
0.5072659303886149
0.5072703365584494
0.5072747360573672
0.5072791288385403
0.507283514855255
0.5072878940609123
0.5072922664090267
0.5072966318532276
0.5073009903472582
0.5073053418449754
0.5073096863003499
0.5073140236674664
0.5073183539005232
0.5073226769538317
0.5073269927818173
0.5073313013390179
0.5073356025800853
0.5073398964597834
0.5073441829329902
0.5073484619546957
0.5073527334800025
0.507356997464126
0.507361253862394
0.5073655026302459
0.5073697437232343
0.5073739770970235
0.5073782027073886
0.5073824205102175
0.5073866304615094
0.5073908325173747
0.5073950266340351
0.5073992127678235
0.5074033908751838
0.5074075609126703
0.507411722836948
0.5074158766047929
0.507420022173091
0.507424159498838
0.5074282885391403
0.5074324092512136
0.5074365215923833
0.5074406255200843
0.5074447209918608
0.5074488079653662
0.5074528863983623
0.5074569562487206
0.5074610174744199
0.5074650700335486
0.5074691138843025
0.5074731489849853
0.5074771752940092
0.5074811927698931
0.5074852013712638
0.5074892010568558
0.5074931917855094
0.5074971735161724
0.5075011462078992
0.5075051098198505
0.507509064311293
0.5075130096415994
0.5075169457702484
0.507520872656824
0.5075247902610154
0.5075286985426168
0.507532597461528
0.5075364869777527
0.5075403670513989
0.5075442376426795
0.5075480987119109
0.5075519502195127
0.5075557921260097
0.5075596243920275
0.5075634469782968
0.50756725984565
0.5075710629550223
0.5075748562674514
0.5075786397440764
0.507582413346139
0.5075861770349821
0.5075899307720495
0.5075936745188863
0.507597408237139
0.5076011318885534
0.5076048454349767
0.5076085488383556
0.5076122420607364
0.507615925064265
0.5076195978111866
0.5076232602638454
0.5076269123846836
0.5076305541362433
0.5076341854811628
0.5076378063821795
0.5076414168021282
0.5076450167039407
0.5076486060506457
0.5076521848053691
0.507655752931333
0.5076593103918553
0.5076628571503504
0.5076663931703274
0.5076699184153916
0.5076734328492427
0.5076769364356751
0.5076804291385778
0.507683910921934
0.5076873817498199
0.5076908415864059
0.5076942903959554
0.5076977281428248
0.5077011547914625
0.5077045703064098
0.5077079746522993
0.5077113677938558
0.5077147496958949
0.5077181203233234
0.5077214796411387
0.5077248276144285
0.5077281642083706
0.5077314893882325
0.5077348031193709
0.5077381053672315
0.5077413960973489
0.5077446752753458
0.5077479428669335
0.5077511988379098
0.507754443154161
0.5077576757816601
0.5077608966864667
0.5077641058347264
0.5077673031926713
0.5077704887266188
0.507773662402972
0.5077768241882179
0.5077799740489297
0.5077831119517635
0.5077862378634598
0.5077893517508425
0.5077924535808189
0.5077955433203788
0.5077986209365944
0.5078016863966202
0.5078047396676927
0.507807780717129
0.5078108095123276
0.5078138260207673
0.5078168302100082
0.507819822047689
0.5078228015015281
0.5078257685393237
0.5078287231289522
0.5078316652383682
0.5078345948356046
0.5078375118887719
0.5078404163660577
0.5078433082357263
0.5078461874661185
0.5078490540256514
0.5078519078828171
0.5078547490061839
0.5078575773643939
0.5078603929261643
0.5078631956602864
0.5078659855356249
0.5078687625211177
0.5078715265857758
0.5078742776986827
0.5078770158289934
0.5078797409459351
0.5078824530188063
0.5078851520169758
0.5078878379098831
0.5078905106670376
0.5078931702580185
0.5078958166524733
0.5078984498201198
0.5079010697307427
0.5079036763541951
0.5079062696603972
0.5079088496193375
0.5079114162010693
0.5079139693757134
0.5079165091134558
0.507919035384548
0.507921548159306
0.5079240474081107
0.5079265331014071
0.5079290052097033
0.5079314637035707
0.5079339085536435
0.507936339730618
0.5079387572052524
0.5079411609483663
0.5079435509308395
0.5079459271236139
0.5079482894976894
0.5079506380241268
0.5079529726740458
0.5079552934186238
0.5079576002290973
0.5079598930767607
0.5079621719329647
0.5079644367691176
0.5079666875566834
0.5079689242671825
0.5079711468721904
0.5079733553433373
0.5079755496523082
0.507977729770842
0.507979895670731
0.5079820473238206
0.5079841847020085
0.5079863077772447
0.5079884165215308
0.5079905109069194
0.5079925909055132
0.5079946564894661
0.5079967076309806
0.5079987443023088
0.5080007664757518
0.5080027741236577
0.508004767218424
0.5080067457324934
0.5080087096383568
0.5080106589085501
0.5080125935156562
0.5080145134323019
0.5080164186311591
0.5080183090849438
0.5080201847664161
0.5080220456483784
0.5080238917036763
0.5080257229051973
0.5080275392258707
0.5080293406386662
0.5080311271165949
0.5080328986327072
0.5080346551600936
0.5080363966718832
0.5080381231412434
0.5080398345413799
0.5080415308455359
0.5080432120269908
0.508044878059061
0.5080465289150982
0.5080481645684898
0.5080497849926575
0.5080513901610575
0.5080529800471792
0.5080545546245459
0.5080561138667127
0.5080576577472665
0.5080591862398266
0.5080606993180427
0.5080621969555944
0.5080636791261917
0.5080651458035736
0.508066596961508
0.5080680325737907
0.5080694526142447
0.508070857056721
0.5080722458750957
0.5080736190432718
0.5080749765351773
0.5080763183247647
0.508077644386011
0.5080789546929165
0.5080802492195042
0.5080815279398202
0.5080827908279322
0.5080840378579289
0.5080852690039195
0.5080864842400343
0.5080876835404217
0.5080888668792501
0.5080900342307055
0.5080911855689921
0.5080923208683311
0.5080934401029602
0.5080945432471324
0.5080956302751172
0.5080967011611982
0.5080977558796724
0.508098794404852
0.5080998167110602
0.508100822772634
0.5081018125639213
0.5081027860592808
0.5081037432330827
0.5081046840597059
0.5081056085135388
0.5081065165689789
0.5081074082004309
0.5081082833823073
0.5081091420890269
0.508109984295015
0.508110809974702
0.5081116191025233
0.5081124116529179
0.5081131876003291
0.5081139469192022
0.5081146895839855
0.5081154155691281
0.5081161248490811
0.5081168173982944
0.5081174931912187
0.508118152202303
0.508118794405995
0.5081194197767395
0.5081200282889792
0.5081206199171517
0.5081211946356916
0.5081217524190277
0.508122293241583
0.5081228170777748
0.5081233239020128
0.5081238136886989
0.5081242864122267
0.5081247420469811
0.5081251805673366
0.5081256019476577
0.5081260061622972
0.5081263931855965
0.5081267629918841
0.5081271155554756
0.5081274508506725
0.5081277688517611
0.5081280695330135
0.5081283528686847
0.5081286188330132
0.5081288674002202
0.5081290985445086
0.5081293122400621
0.508129508461045
0.5081296871816011
0.5081298483758536
0.508129992017903
0.5081301180818278
0.5081302265416832
0.5081303173715003
0.5081303905452849
0.5081304460370184
0.5081304838206553
0.5081305038701225
0.5081305061593205
0.5081304906621205
0.5081304573523642
0.5081304062038637
0.5081303371904002
0.5081302502857236
0.5081301454635514
0.5081300226975678
0.5081298819614233
0.5081297232287336
0.5081295464730795
0.5081293516680051
0.508129138787018
0.5081289078035877
0.5081286586911453
0.508128391423083
0.5081281059727517
0.5081278023134628
0.5081274804184852
0.5081271402610454
0.5081267818143267
0.5081264050514682
0.5081260099455642
0.508125596469663
0.5081251645967665
0.5081247142998292
0.5081242455517572
0.5081237583254079
0.5081232525935883
0.5081227283290557
0.5081221855045144
0.5081216240926176
0.5081210440659646
0.5081204453971009
0.5081198280585169
0.5081191920226473
0.5081185372618698
0.5081178637485055
0.5081171714548168
0.5081164603530062
0.5081157304152165
0.50811498161353
0.5081142139199667
0.5081134273064838
0.5081126217449756
0.508111797207271
0.5081109536651338
0.5081100910902618
0.5081092094542854
0.5081083087287672
0.5081073888852007
0.508106449895009
0.5081054917295451
0.5081045143600903
0.5081035177578525
0.5081025018939671
0.5081014667394943
0.5081004122654187
0.5080993384426497
0.5080982452420182
0.5080971326342775
0.5080960005901017
0.5080948490800844
0.5080936780747389
0.5080924875444957
0.5080912774597027
0.5080900477906242
0.5080887985074388
0.5080875295802396
0.5080862409790332
0.5080849326737379
0.508083604634183
0.5080822568301091
0.5080808892311647
0.5080795018069071
0.5080780945268009
0.5080766673602166
0.5080752202764303
0.5080737532446217
0.5080722662338741
0.5080707592131731
0.5080692321514051
0.5080676850173568
0.5080661177797132
0.5080645304070588
0.5080629228678739
0.5080612951305349
0.5080596471633134
0.5080579789343748
0.5080562904117769
0.5080545815634699
0.5080528523572937
0.5080511027609786
0.508049332742143
0.5080475422682924
0.5080457313068194
0.508043899825001
0.5080420477899993
0.5080401751688581
0.5080382819285045
0.5080363680357453
0.5080344334572678
0.5080324781596375
0.5080305021092971
0.508028505272566
0.5080264876156393
0.5080244491045847
0.5080223897053441
0.5080203093837307
0.5080182081054281
0.5080160858359898
0.5080139425408375
0.5080117781852592
0.5080095927344102
0.5080073861533091
0.5080051584068397
0.5080029094597465
0.5080006392766362
0.5079983478219754
0.5079960350600894
0.5079937009551607
0.5079913454712285
0.5079889685721873
0.5079865702217853
0.5079841503836232
0.5079817090211535
0.5079792460976784
0.5079767615763497
0.5079742554201664
0.5079717275919738
0.5079691780544631
0.5079666067701688
0.507964013701468
0.5079613988105794
0.5079587620595615
0.5079561034103117
0.5079534228245651
0.5079507202638927
0.5079479956897001
0.5079452490632267
0.5079424803455441
0.5079396894975551
0.5079368764799912
0.5079340412534128
0.5079311837782068
0.5079283040145858
0.5079254019225865
0.5079224774620683
0.5079195305927121
0.5079165612740187
0.507913569465308
0.507910555125716
0.5079075182141962
0.5079044586895151
0.5079013765102529
0.5078982716348017
0.507895144021363
0.5078919936279481
0.5078888204123748
0.507885624332267
0.5078824053450537
0.5078791634079661
0.5078758984780369
0.5078726105121
0.5078692994667865
0.5078659652985257
0.5078626079635417
0.5078592274178536
0.5078558236172722
0.5078523965174004
0.50784894607363
0.5078454722411413
0.5078419749749012
0.5078384542296612
0.5078349099599567
0.5078313421201051
0.5078277506642036
0.5078241355461294
0.5078204967195352
0.5078168341378515
0.507813147754281
0.5078094375218001
0.5078057033931556
0.5078019453208638
0.5077981632572085
0.5077943571542396
0.5077905269637719
0.5077866726373821
0.5077827941264088
0.5077788913819496
0.5077749643548606
0.5077710129957536
0.5077670372549948
0.5077630370827039
0.5077590124287507
0.5077549632427552
0.507750889474085
0.5077467910718534
0.5077426679849187
0.5077385201618809
0.5077343475510815
0.507730150100601
0.5077259277582566
0.507721680471602
0.5077174081879241
0.5077131108542422
0.5077087884173056
0.507704440823592
0.5077000680193062
0.5076956699503775
0.5076912465624583
0.5076867978009221
0.5076823236108617
0.5076778239370883
0.5076732987241275
0.5076687479162194
0.5076641714573165
0.5076595692910802
0.5076549413608814
0.5076502876097962
0.507645607980606
0.5076409024157944
0.5076361708575452
0.5076314132477412
0.507626629527962
0.5076218196394819
0.507616983523268
0.5076121211199778
0.5076072323699587
0.5076023172132443
0.5075973755895532
0.5075924074382869
0.5075874126985281
0.5075823913090384
0.5075773432082558
0.5075722683342936
0.5075671666249375
0.5075620380176451
0.5075568824495407
0.5075516998574171
0.5075464901777305
0.5075412533466003
0.5075359892998058
0.5075306979727847
0.5075253793006309
0.5075200332180922
0.5075146596595681
0.5075092585591083
0.5075038298504096
0.5074983734668149
0.5074928893413098
0.5074873774065208
0.5074818375947139
0.5074762698377915
0.50747067406729
0.5074650502143787
0.5074593982098567
0.5074537179841508
0.5074480094673136
0.5074422725890204
0.5074365072785679
0.5074307134648719
0.5074248910764638
0.5074190400414896
0.5074131602877072
0.5074072517424839
0.5074013143327942
0.5073953479852172
0.5073893526259348
0.5073833281807293
0.50737727457498
0.5073711917336624
0.5073650795813446
0.5073589380421849
0.507352767039931
0.507346566497915
0.5073403363390536
0.5073340764858436
0.5073277868603606
0.5073214673842559
0.5073151179787552
0.507308738564654
0.5073023290623175
0.5072958893916762
0.5072894194722248
0.507282919223019
0.5072763885626722
0.5072698274093551
0.5072632356807905
0.5072566132942533
0.5072499601665655
0.5072432762140964
0.5072365613527563
0.5072298154979982
0.5072230385648118
0.5072162304677221
0.5072093911207874
0.5072025204375954
0.5071956183312615
0.5071886847144257
0.5071817194992504
0.5071747225974164
0.5071676939201225
0.5071606333780803
0.507153540881513
0.5071464163401525
0.5071392596632365
0.5071320707595055
0.5071248495372
0.5071175959040591
0.5071103097673151
0.5071029910336935
0.5070956396094081
0.5070882554001594
0.5070808383111317
0.5070733882469892
0.5070659051118748
0.5070583888094056
0.5070508392426714
0.5070432563142308
0.5070356399261091
0.5070279899797953
0.5070203063762382
0.5070125890158449
0.507004837798477
0.5069970526234481
0.5069892333895203
0.5069813799949018
0.5069734923372441
0.5069655703136379
0.5069576138206114
0.5069496227541272
0.5069415970095775
0.5069335364817842
0.5069254410649926
0.5069173106528708
0.5069091451385059
0.5069009444144001
0.5068927083724688
0.5068844369040371
0.5068761298998361
0.506867787250001
0.5068594088440675
0.506850994570968
0.5068425443190294
0.5068340579759696
0.5068255354288939
0.5068169765642929
0.5068083812680384
0.506799749425381
0.5067910809209455
0.5067823756387301
0.5067736334621007
0.5067648542737888
0.5067560379558891
0.5067471843898548
0.5067382934564948
0.5067293650359712
0.506720399007795
0.5067113952508235
0.5067023536432573
0.5066932740626356
0.5066841563858346
0.5066750004890633
0.5066658062478602
0.5066565735370899
0.5066473022309409
0.5066379922029199
0.5066286433258517
0.5066192554718724
0.5066098285124286
0.5066003623182731
0.5065908567594612
0.5065813117053479
0.5065717270245838
0.5065621025851127
0.5065524382541676
0.5065427338982669
0.506532989383212
0.5065232045740824
0.5065133793352338
0.5065035135302941
0.5064936070221588
0.5064836596729895
0.5064736713442091
0.5064636418964988
0.5064535711897941
0.5064434590832824
0.5064333054353978
0.5064231101038199
0.5064128729454676
0.5064025938164975
0.5063922725723004
0.5063819090674964
0.5063715031559319
0.5063610546906777
0.5063505635240227
0.506340029507472
0.5063294524917431
0.5063188323267626
0.5063081688616616
0.5062974619447732
0.5062867114236285
0.5062759171449529
0.5062650789546628
0.5062541966978613
0.5062432702188358
0.506232299361053
0.5062212839671565
0.5062102238789624
0.5061991189374563
0.5061879689827884
0.5061767738542718
0.5061655333903774
0.50615424742873
0.5061429158061072
0.5061315383584315
0.5061201149207709
0.5061086453273326
0.5060971294114602
0.5060855670056302
0.5060739579414479
0.5060623020496442
0.506050599160071
0.5060388491016993
0.5060270517026132
0.5060152067900088
0.5060033141901878
0.5059913737285566
0.5059793852296204
0.50596734851698
0.5059552634133297
0.5059431297404516
0.5059309473192125
0.5059187159695613
0.5059064355105237
0.5058941057601996
0.5058817265357589
0.5058692976534386
0.5058568189285376
0.505844290175415
0.5058317112074846
0.5058190818372129
0.5058064018761131
0.5057936711347444
0.5057808894227055
0.5057680565486334
0.505755172320198
0.5057422365440987
0.5057292490260612
0.5057162095708345
0.5057031179821851
0.5056899740628957
0.50567677761476
0.5056635284385794
0.5056502263341605
0.5056368711003093
0.5056234625348295
0.5056100004345181
0.5055964845951613
0.5055829148115318
0.5055692908773849
0.5055556125854546
0.5055418797274502
0.5055280920940526
0.5055142494749107
0.5055003516586384
0.5054863984328097
0.5054723895839573
0.5054583248975658
0.505444204158072
0.5054300271488582
0.5054157936522502
0.5054015034495134
0.5053871563208494
0.5053727520453924
0.5053582904012058
0.5053437711652783
0.5053291941135208
0.5053145590207633
0.5052998656607504
0.5052851138061385
0.5052703032284928
0.5052554336982827
0.5052405049848796
0.5052255168565529
0.5052104690804657
0.5051953614226735
0.505180193648119
0.5051649655206296
0.505149676802914
0.505134327256558
0.5051189166420229
0.5051034447186405
0.5050879112446109
0.5050723159769979
0.5050566586717278
0.5050409390835843
0.5050251569662059
0.5050093120720831
0.504993404152554
0.5049774329578028
0.5049613982368553
0.5049452997375765
0.504929137206666
0.5049129103896575
0.5048966190309124
0.5048802628736206
0.5048638416597936
0.5048473551302635
0.5048308030246801
0.5048141850815063
0.5047975010380176
0.5047807506302963
0.5047639335932307
0.5047470496605108
0.5047300985646261
0.5047130800368624
0.5046959938072997
0.5046788396048073
0.5046616171570426
0.5046443261904492
0.504626966430251
0.5046095376004527
0.504592039423834
0.50457447162195
0.5045568339151257
0.5045391260224551
0.5045213476617971
0.5045034985497748
0.5044855784017704
0.5044675869319247
0.5044495238531331
0.5044313888770441
0.5044131817140556
0.5043949020733136
0.5043765496627087
0.504358124188874
0.5043396253571829
0.5043210528717462
0.5043024064354101
0.5042836857497541
0.5042648905150865
0.5042460204304458
0.5042270751935949
0.5042080545010209
0.5041889580479322
0.5041697855282561
0.5041505366346363
0.504131211058432
0.5041118084897144
0.5040923286172654
0.5040727711285746
0.5040531357098388
0.5040334220459577
0.5040136298205337
0.5039937587158698
0.5039738084129665
0.5039537785915202
0.5039336689299229
0.5039134791052573
0.5038932087932979
0.503872857668507
0.5038524254040343
0.5038319116717141
0.5038113161420648
0.5037906384842852
0.503769878366255
0.5037490354545314
0.5037281094143483
0.5037070999096148
0.5036860066029127
0.5036648291554959
0.5036435672272883
0.5036222204768828
0.5036007885615388
0.5035792711371816
0.5035576678584012
0.5035359783784497
0.5035142023492413
0.5034923394213493
0.5034703892440067
0.5034483514651039
0.5034262257311861
0.5034040116874549
0.5033817089777645
0.5033593172446221
0.5033368361291858
0.5033142652712636
0.5032916043093129
0.5032688528804383
0.5032460106203919
0.5032230771635704
0.503200052143016
0.503176935190414
0.5031537259360919
0.50313042400902
0.5031070290368084
0.5030835406457069
0.5030599584606043
0.5030362821050273
0.5030125112011398
0.5029886453697416
0.5029646842302684
0.5029406274007899
0.5029164744980102
0.5028922251372658
0.5028678789325263
0.502843435496392
0.5028188944400944
0.502794255373496
0.5027695179050872
0.5027446816419885
0.5027197461899481
0.5026947111533419
0.5026695761351725
0.5026443407370692
0.502619004559287
0.5025935672007058
0.5025680282588303
0.5025423873297893
0.5025166440083355
0.5024907978878438
0.5024648485603123
0.5024387956163606
0.5024126386452308
0.5023863772347846
0.5023600109715053
0.5023335394404955
0.5023069622254782
0.5022802789087947
0.5022534890714055
0.502226592292889
0.5021995881514417
0.5021724762238768
0.502145256085625
0.5021179273107328
0.5020904894718631
0.502062942140294
0.5020352848859186
0.5020075172772448
0.5019796388813943
0.5019516492641025
0.5019235479897179
0.5018953346212023
0.5018670087201285
0.501838569846682
0.5018100175596587
0.5017813514164655
0.5017525709731195
0.5017236757842473
0.5016946654030845
0.5016655393814747
0.5016362972698696
0.5016069386173284
0.5015774629715163
0.5015478698787051
0.501518158883771
0.5014883295301956
0.5014583813600637
0.5014283139140634
0.5013981267314851
0.5013678193502211
0.5013373913067636
0.5013068421362056
0.501276171372238
0.5012453785471508
0.5012144631918304
0.5011834248357595
0.5011522630070159
0.5011209772322713
0.5010895670367908
0.5010580319444305
0.501026371477638
0.5009945851574492
0.5009626725034892
0.5009306330339696
0.5008984662656868
0.5008661717140221
0.5008337488929394
0.5008011973149825
0.5007685164912762
0.5007357059315225
0.5007027651439994
0.5006696936355598
0.5006364909116294
0.5006031564762046
0.5005696898318507
0.5005360904796999
0.5005023579194501
0.500468491649361
0.5004344911662535
0.5004003559655075
0.5003660855410578
0.5003316793853941
0.5002971369895572
0.5002624578431363
0.5002276414342672
0.5001926872496288
0.500157594774441
0.500122363492462
0.5000869928859842
0.5000514824358324
0.5000158316213601
0.499980039920447
0.49994410680949486
0.499908031763424
0.4998718142556714
0.49983545375818533
0.49979894974142286
0.4997623016743451
0.4997255090244152
0.49968857125759236
0.4996514878383283
0.49961425822956473
0.4995768818927268
0.4995393582877202
0.4995016868729264
0.49946386710519763
0.4994258984398531
0.4993877803306732
0.4993495122298958
0.49931109358820935
0.4992725238547501
0.49923380247709553
0.49919492890125805
0.4991559025716822
0.49911672293123666
0.49907738942120905
0.49903790148130067
0.49899825854962065
0.49895846006267874
0.4989185054553802
0.49887839416101865
0.49883812561127033
0.498797699236187
0.4987571144641886
0.49871637072205777
0.4986754674349323
0.4986344040262968
0.4985931799179772
0.4985517945301321
0.49851024728124527
0.498468537588119
0.49842666486586495
0.4983846285278967
0.49834242798592165
0.49830006264993265
0.49825753192819977
0.49821483522726095
0.49817197195191437
0.4981289415052087
0.4980857432884347
0.4980423767011156
0.4979988411409978
0.4979551360040418
0.4979112606844118
0.49786721457446703
0.49782299706475047
0.49777860754398007
0.4977340453990372
0.49768931001495764
0.4976444007749199
0.49759931706023486
0.49755405825033505
0.49750862372276383
0.4974630128531632
0.49741722501526336
0.4973712595808716
0.49732511591985934
0.4972787934001511
0.4972322913877124
0.4971856092465379
0.49713874633863875
0.4970917020240298
0.497044475660718
0.4969970666046886
0.4969494742098928
0.4969016978282349
0.4968537368095579
0.4968055905016314
0.49675725825013733
0.4967087393986569
0.49666003328865527
0.4966111392594693
0.4965620566482922
0.49651278479015976
0.49646332301793533
0.496413670662296
0.49636382705171667
0.4963137915124561
0.49626356336854155
0.496213141941753
0.4961625265516083
0.4961117165153481
0.4960607111479184
0.4960095097619568
0.49595811166777515
0.4959065161733437
0.49585472258427554
0.49580273020380916
0.4957505383327925
0.4956981462696659
0.495645553310446
0.4955927587487081
0.49553976187556886
0.4954865619796701
0.4954331583471606
0.4953795502616787
0.49532573700433535
0.49527171785369556
0.4952174920857607
0.49516305897395174
0.495108417789089
0.4950535677993758
0.4949985082703795
0.4949432384650133
0.4948877576435168
0.49483206506343896
0.4947761599796184
0.494720041644164
0.4946637093064375
0.4946071622130337
0.49455039960776076
0.4944934207316222
0.4944362248227965
0.49437881111661897
0.49432117884556087
0.49426332723921146
0.4942052555242572
0.4941469629244629
0.49408844866065105
0.494029711950683
0.49397075200943935
0.4939115680487987
0.49385215927761894
0.4937925249017173
0.4937326641238491
0.49367257614368903
0.49361226015781073
0.493551715359666
0.4934909409395654
0.49342993608465824
0.49336869997891153
0.4933072318030901
0.493245530734737
0.493183595948153
0.4931214266143755
0.49305902190115986
0.49299638097295834
0.49293350299089916
0.49287038711276837
0.4928070324929876
0.4927434382825954
0.49267960362922647
0.49261552767709227
0.49255120956695997
0.4924866484361339
0.49242184341843376
0.49235679364417734
0.49229149824015894
0.49222595632962973
0.492160167032279
0.4920941294642145
0.49202784273794203
0.4919613059623479
0.4918945182426775
0.4918274786805182
0.4917601863737793
0.491692640416673
0.49162483989969624
0.4915567839096118
0.4914884715294297
0.49141990183838924
0.49135107391194
0.4912819868217243
0.49121263963556017
0.491143031417422
0.4910731612274239
0.49100302812180247
0.4909326311528993
0.4908619693691443
0.4907910418150383
0.49071984753113745
0.49064838555403634
0.49057665491635166
0.4905046546467066
0.49043238376971543
0.4903598413059678
0.49028702627201376
0.4902139376803484
0.4901405745393976
0.4900669358535045
0.48999302062291333
0.4899188278437582
0.4898443565080473
0.48976960560365107
0.489694574114289
0.4896192610195172
0.489543665294716
0.4894677859110778
0.4893916218355959
0.48931517203105346
0.4892384354560119
0.48916141106480143
0.4890840978075096
0.4890064946299731
0.4889286004737672
0.48885041427619735
0.48877193497029015
0.4886931614847859
0.48861409274413053
0.4885347276684676
0.4884550651736329
0.4883751041711467
0.4882948435682078
0.48821428226768926
0.4881334191681321
0.4880522531637406
0.48797078314437925
0.4878890079955681
0.48780692659848013
0.48772453782993874
0.48764184056241455
0.4875588336640252
0.48747551599853384
0.4873918864253475
0.4873079437995186
0.4872236869717441
0.48713911478836824
0.4870542260913824
0.4869690197184282
0.4868834945028002
0.48679764927344943
0.4867114828549869
0.4866249940676887
0.48653818172750035
0.4864510446460438
0.4863635816306226
0.4862757914842295
0.4861876730055545
0.4860992249889917
0.48601044622465017
0.48592133549836236
0.48583189159169443
0.4857421132819574
0.48565199934221864
0.4855615485413147
0.4854707596438631
0.4853796314102767
0.48528816259677837
0.4851963519554159
0.48510419823407674
0.48501170017650574
0.4849188565223222
0.4848256660070371
0.48473212736207233
0.4846382393147798
0.4845440005884617
0.48444940990239166
0.484354465971836
0.48425916750807585
0.4841635132184311
0.48406750180628394
0.4839711319711034
0.48387440240847096
0.4837773118101067
0.48367985886389625
0.483582042253919
0.4834838606604763
0.48338531276012076
0.4832863972256867
0.48318711272632114
0.4830874579275153
0.4829874314911369
0.4828870320754646
0.48278625833522126
0.4826851089216083
0.48258358248234323
0.48248167766169514
0.4823793931005221
0.4822767274363085
0.48217367930320687
0.4820702473320744
0.4819664301505154
0.4818622263829219
0.4817576346505178
0.4816526535713984
0.48154728176057704
0.48144151783002953
0.48133536038873803
0.4812288080427386
0.48112185939516816
0.4810145130463112
0.48090676759365025
0.48079862163191356
0.480690073753126
0.48058112254666
0.4804717665992875
0.48036200449523186
0.48025183481622125
0.48014125614154346
0.4800302670480995
0.4799188661104602
0.47980705190092154
0.4796948229895619
0.47958217794430014
0.4794691153309538
0.47935563371329776
0.47924173165312484
0.47912740771030604
0.47901266044285146
0.478897488406972
0.4787818901571431
0.47866586424616625
0.47854940922523415
0.4784325236439945
0.4783152060506151
0.4781974549918495
0.47807926901310394
0.4779606466585028
0.477841586470958
0.47772208699223445
0.47760214676302104
0.477481764322998
0.4773609382109072
0.47723966696462183
0.47711794912121697
0.4769957832170412
0.4768731677877865
0.47675010136856216
0.47662658249396483
0.47650260969815306
0.4763781815149194
0.47625329647776354
0.47612795311996675
0.4760021499746656
0.47587588557492616
0.4757491584538187
0.47562196714449273
0.4754943101802519
0.4753661860946292
0.47523759342146316
0.4751085306949726
0.4749789964498332
0.4748489892212528
0.47471850754504863
0.4745875499577219
0.47445611499653484
0.4743242011995875
0.4741918071058927
0.47405893125545306
0.47392557218933745
0.4737917284497559
0.47365739858013695
0.4735225811252025
0.47338727463104435
0.47325147764519926
0.47311518871672414
0.47297840639627214
0.47284112923616617
0.4727033557904743
0.47256508461508445
0.4724263142677766
0.47228704330829885
0.47214727029843867
0.47200699380209554
0.47186621238535503
0.47172492461655857
0.4715831290663761
0.47144082430787576
0.47129800891659557
0.47115468147061074
0.47101084055060494
0.4708664847399369
0.4707216126247087
0.47057622279383265
0.47043031383909695
0.47028388435523183
0.47013693293997255
0.46998945819412546
0.4698414587216279
0.4696929331296129
0.46954388002846814
0.4693942980318968
0.469244185756977
0.4690935418242188
0.4689423648576218
0.4687906534847316
0.46863840633669335
0.46848562204830674
0.4683322992580771
0.46817843660826886
0.4680240327449533
0.46786908631805957
0.4677135959814206
0.46755756039282137
0.467400978214042
0.46724384811090325
0.4670861687533075
0.46692793881528083
0.4667691569750127
0.46660982191489214
0.4664499323215477
0.4662894868858798
0.4661284843030963
0.4659669232727439
0.46580480249873946
0.4656421206893989
0.46547887655746417
0.4653150688201305
0.4651506961990706
0.46498575742045634
0.4648202512149807
0.4646541763178785
0.46448753146894184
0.4643203154125382
0.46415252689762443
0.46398416467775927
0.4638152275111152
0.4636457141604869
0.4634756233932996
0.4633049539816152
0.4631337047021361
0.4629618743362079
0.46278946166981977
0.4626164654936044
0.46244288460283445
0.4622687177974183
0.46209396388189394
0.461918621665421
0.46174268996177115
0.46156616758931657
0.46138905337101643
0.4612113461344028
0.46103304471156353
0.46085414793912394
0.46067465465822716
0.46049456371451164
0.4603138739580893
0.46013258424351877
0.45995069342977957
0.45976820038024446
0.4595851039626479
0.4594014030490562
0.4592170965158333
0.4590321832436065
0.4588466621172307
0.45866053202574986
0.458473791862359
0.45828644052436196
0.45809847691313155
0.4579098999340635
0.4577207084965336
0.4575309015138517
0.45734047790321175
0.45714943658564616
0.4569577764859737
0.4567654965327488
0.4565725956582097
0.45637907279822476
0.4561849268922366
0.45599015688320854
0.4557947617175662
0.4555987403451405
0.4554020917191091
0.45520481479593666
0.45500690853531506
0.45480837190010104
0.45460920385625614
0.4544094033727825
0.45420896942166034
0.454007900977784
0.4538061970188975
0.45360385652553054
0.45340087848093097
0.4531972618710012
0.45299300568423073
0.452788108911631
0.4525825705466674
0.45237638958519333
0.45216956502538275
0.451962095867664
0.4517539811146509
0.4515452197710788
0.451335810843734
0.4511257533413894
0.4509150462747384
0.45070368865632626
0.450491679500486
0.4502790178232726
0.45006570264239704
0.44985173297716297
0.44963710784840094
0.44942182627840715
0.4492058872908788
0.44898928991085285
0.4487720331646448
0.44855411607978823
0.4483355376849759
0.4481162970100002
0.4478963930856966
0.4476758249438868
0.44745459161732404
0.44723269213963873
0.44701012554528474
0.44678689086949097
0.44656298714820764
0.44633841341805947
0.4461131687162987
0.4458872520807588
0.4456606625498112
0.4454333991623208
0.4452054609576085
0.444976846975409
0.44474755625583573
0.4445175878393439
0.44428694076669834
0.4440556140789406
0.4438236068173604
0.44359091802346684
0.4433575467389639
0.4431234920057259
0.44288875286577767
0.44265332836127325
0.4424172175344804
0.44218041942776526
0.4419429330835802
0.4417047575444535
0.44146589185298135
0.4412263350518227
0.4409860861836956
0.44074514429137784
0.4405035084177077
0.44026117760558847
0.4400181508979957
0.43977442733798594
0.43953000596870984
0.43928488583342495
0.43903906597551423
0.43879254543850515
0.43854532326609164
0.4382973985021597
0.4380487701908144
0.4377994373764108
0.43754939910358503
0.43729865441729227
0.43704720236284306
0.4367950419859446
0.4365421723327443
0.436288592449876
0.43603430138450827
0.43577929818439676
0.43552358189793716
0.4352671515742227
0.435010006263103
0.4347521450152463
0.4344935668822041
0.43423427091647726
0.43397425617158764
0.43371352170214816
0.4334520665639391
0.4331898898139848
0.4329269905106329
0.4326633677136379
0.43239902048424395
0.4321339478852735
0.43186814898121567
0.4316016228383184
0.43133436852468277
0.4310663851103584
0.430797671667443
0.4305282272701823
0.43025805099507364
0.42998714192097054
0.42971549912919005
0.4294431217036213
0.4291700087308379
0.4288961593002097
0.4286215725040182
0.42834624743757405
0.4280701831993347
0.4277933788910253
0.42751583361776135
0.4272375464881705
0.4269585166145209
0.4266787431128448
0.42639822510307
0.42611696170914737
0.4258349520591835
0.42555219528557214
0.42526869052512895
0.424984436919226
0.4246994336139273
0.4244136797601277
0.42412717451368953
0.4238399170355819
0.4235519064920224
0.4232631420546156
0.4229736229004965
0.4226833482124731
0.4223923171791675
0.4221005289951618
0.4218079828611406
0.4215146779840365
0.42122061357717466
0.4209257888604186
0.4206302030603146
0.4203338554102387
0.42003674515054135
0.41973887152869443
0.4194402337994368
0.4191408312249191
0.4188406630748507
0.4185397286266446
0.41823802716556246
0.41793555798485943
0.41763232038592907
0.4173283136784461
0.41702353718051133
0.4167179902187931
0.41641167212867036
0.4161045822543731
0.4157967199491238
0.41548808457527675
0.4151786755044566
0.41486849211769705
0.41455753380557603
0.41424579996835315
0.41393329001610296
0.41362000336884897
0.4133059394566946
0.4129910977199553
0.412675477609286
0.4123590785858102
0.41204190012124664
0.41172394169803134
0.4114052028094438
0.41108568295972636
0.41076538166420484
0.4104442984494059
0.41012243285317285
0.4097997844247805
0.4094763527250461
0.4091521373264412
0.4088271378131988
0.40850135378141894
0.40817478483917397
0.40784743060660966
0.40751929071604454
0.4071903648120677
0.4068606525516339
0.40653015360415545
0.40619886765159396
0.4058667943885471
0.40553393352233447
0.40520028477308107
0.40486584787379737
0.404530622570457
0.404194608622073
0.4038578058007703
0.4035202138918552
0.4031818326938844
0.4028426620187281
0.40250270169163355
0.4021619515512836
0.4018204114498539
0.4014780812530666
0.40113496084024136
0.4007910501043439
0.400446348952031
0.4001008573036938
0.3997545750934967
0.3994075022694157
0.39905963879327105
0.3987109846407591
0.3983615398014804
0.39801130427896547
0.39766027809069626
0.3973084612681273
0.39695585385670157
0.3966024559158629
0.3962482675190704
0.39589328875380236
0.39553751972156426
0.3951809605378893
0.3948236113323391
0.3944654722484985
0.39410654344397067
0.39374682509036635
0.39338631737329316
0.3930250204923399
0.3926629346610586
0.39230006010694385
0.3919363970714102
0.3915719458097663
0.39120670659118345
0.3908406796986677
0.3904738654290234
0.3901062640928161
0.38973787601433524
0.3893687015315488
0.3889987409960607
0.3886279947730637
0.3882564632412886
0.38788414679295213
0.387511045833703
0.38713716078256366
0.3867624920718724
0.3863870401472197
0.3860108054673855
0.3856337885042729
0.3852559897428383
0.38487740968102313
0.3844980488296781
0.38411790771249094
0.3837369868659082
0.3833552868390565
0.38297280819366303
0.38258955150397106
0.3822055173566578
0.38182070635074605
0.38143511909751815
0.38104875622042583
0.38066161835499945
0.38027370614875583
0.3798850202611028
0.3794955613632467
0.3791053301380926
0.3787143272801492
0.37832255349542726
0.3779300095013422
0.3775366960266099
0.37714261381114655
0.3767477636059649
0.37635214617307056
0.3759557622853558
0.3755586127264967
0.3751606982908449
0.3747620197833221
0.374362578019312
0.3739623738245542
0.37356140803503557
0.37315968149688183
0.37275719506625055
0.37235394960922186
0.3719499460016905
0.371545185129258
0.37113966788712416
0.3707333951799795
0.3703263679218982
0.3699185870362303
0.36951005345549603
0.3691007681212791
0.3686907319841225
0.3682799460034228
0.3678684111473272
0.36745612839263136
0.3670430987246761
0.36662932313724855
0.3662148026324817
0.36579953822075656
0.3653835309206057
0.3649667817586177
0.3645492917693434
0.364131061995204
0.36371209348640066
0.3632923873008256
0.36287194450397653
0.36245076616887023
0.3620288533759619
0.3616062072130634
0.361182828775266
0.36075871916486396
0.36033387949128154
0.3599083108710024
0.3594820144275004
0.35905499129117546
0.3586272425992897
0.3581987694959087
0.35776957313184327
0.35733965466459683
0.356909015258314
0.3564776560837329
0.35604557831814226
0.35561278314533823
0.3551792717555898
0.35474504534560247
0.3543101051184901
0.35387445228374603
0.353438088057223
0.3530010136611123
0.35256323032392944
0.35212473928050314
0.35168554177196865
0.35124563904576517
0.3508050323556356
0.3503637229616353
0.3499217121301397
0.34947900113385977
0.3490355912518613
0.3485914837695875
0.3481466799788887
0.3477011811780538
0.3472549886718488
0.34680810377155824
0.3463605277950337
0.34591226206674497
0.3454633079178374
0.3450136666861937
0.34456333971650177
0.34411232836032635
0.3436606339761863
0.3432082579296377
0.3427552015933605
0.3423014663472529
0.3418470535785285
0.34139196468182076
0.3409362010592906
0.34047976412074255
0.3400226552837426
0.3395648759737448
0.3391064276242207
0.3386473116767963
0.3381875295813925
0.3377270827963732
0.33726597278869663
0.3368042010340743
0.33634176901713353
0.3358786782315871
0.33541493018040736
0.33495052637600575
0.3344854683404192
0.3340197576054999
0.3335533957131128
0.3330863842153355
0.3326187246746679
0.33215041866424233
0.3316814677680435
0.3312118735811306
0.33074163770986514
0.3302707617721469
0.3297992473976506
0.32932709622807277
0.32885430991737796
0.32838089013205535
0.3279068385513776
0.3274321568676652
0.32695684678655534
0.3264809100272773
0.32600434832292957
0.32552716342076515
0.32504935708247884
0.3245709310845004
0.32409188721829146
0.3236122272906479
0.32313195312400533
0.322651066556749
0.3221695694435287
0.3216874636555769
0.3212047510810304
0.3207214336252575
0.3202375132111867
0.3197529917796402
0.3192678712896716
0.3187821537189047
0.31829584106387815
0.31780893534039095
0.31732143858385264
0.3168333528496357
0.31634468021343
0.31585542277160084
0.3153655826415496
0.3148751619620753
0.3143841628937398
0.3138925876192337
0.31340043834374576
0.3129077172953322
0.312414426725289
0.31192056890852476
0.3114261461439347
0.3109311607547778
0.3104356150890495
0.30993951151986243
0.3094428524458227
0.3089456402914066
0.3084478775073408
0.3079495665709794
0.3074507099866824
0.3069513102861927
0.3064513700290147
0.30595089180278967
0.3054498782236721
0.30494833193670384
0.30444625561618777
0.30394365196605905
0.30344052372025676
0.30293687364309063
0.30243270452960885
0.30192801920596146
0.30142282052976227
0.30091711139044797
0.30041089470963467
0.29990417344147136
0.2993969505729898
0.29888922912445126
0.2983810121496897
0.29787230273645166
0.29736310400673127
0.2968534191171006
0.2963432512590388
0.2958326036592516
0.2953214795799913
0.2948098823193671
0.29429781521165443
0.293785281627596
0.29327228497469787
0.2927588286975218
0.29224491627796834
0.29173055123555636
0.29121573712769655
0.2907004775499554
0.2901847761363163
0.2896686365594313
0.2891520625308669
0.2886350578013419
0.28811762616095943
0.2875997714394291
0.2870814975062843
0.28656280827108904
0.28604370768363824
0.28552419973414944
0.2850042884534466
0.2844839779131343
0.2839632722257648
0.2834421755449952
0.2829206920657361
0.2823988260242916
0.28187658169848884
0.28135396340779956
0.28083097551345204
0.2803076224185326
0.2797839085680777
0.2792598384491576
0.27873541659094725
0.27821064756479064
0.2776855359842517
0.2771600865051577
0.27663430382563026
0.27610819268610715
0.27558175786935335
0.27505500420046114
0.2745279365468399
0.274000559818195
0.2734728789664964
0.2729448989859349
0.27241662491286966
0.27188806182576347
0.2713592148451062
0.2708300891333285
0.2703006898947051
0.26977102237524436
0.2692410918625689
0.2687109036857845
0.26818046321533706
0.26764977586285904
0.26711884708100553
0.26658768236327557
0.2660562872438282
0.26552466729728036
0.2649928281384998
0.2644607754223819
0.26392851484361896
0.2633960521364558
0.2628633930744359
0.26233054347013485
0.261797509174885
0.2612642960784863
0.2607309101089081
0.2601973572319804
0.25966364345107223
0.2591297748067609
0.2585957573764904
0.2580615972742174
0.25752730065004975
0.25699287368987167
0.2564583226149599
0.2559236536815887
0.25538887318062603
0.254853987437118
0.25431900280986397
0.2537839256909817
0.25324876250546285
0.2527135197107181
0.2521782037961131
0.2516428212824952
0.2511073787217101
0.25057188269611014
0.2500363398180513
0.2495007567293856
0.24896514010093915
0.2484294966319855
0.24789383304970938
0.24735815610866038
0.24682247259020096
0.24628678930194436
0.24575111307718484
0.24521545077432086
0.2446798092762699
0.24414419548987618
0.24360861634530948
0.24307307879546025
0.2425375898153231
0.2420021564013773
0.24146678557095808
0.24093148436162318
0.24039625983051102
0.23986111905369506
0.23932606912552998
0.23879111715799362
0.23825627028002208
0.23772153563684023
0.23718692038928657
0.23665243171313247
0.2361180767983979
0.23558386284866065
0.23504979708036225
0.23451588672210977
0.23398213901397133
0.23344856120677052
0.23291516056137523
0.2323819443479831
0.2318489198454037
0.23131609434033834
0.23078347512665492
0.23025106950466187
0.22971888478037872
0.22918692826480377
0.2286552072731803
0.22812372912426088
0.22759250113956778
0.22706153064265522
0.22653082495836663
0.22600039141209385
0.22547023732903182
0.22494037003343575
0.22441079684787527
0.22388152509248943
0.22335256208424004
0.2228239151361669
0.222295591556641
0.22176759864861945
0.22123994370890043
0.2207126340273784
0.22018567688630092
0.21965907955952618
0.21913284931178095
0.21860699339792242
0.21808151906219755
0.21755643353750873
0.21703174404467793
0.21650745779171543
0.2159835819730888
0.21546012376899581
0.21493709034463981
0.21441448884950778
0.213892326416651
0.2133706101619699
0.21284934718350196
0.21232854456071223
0.21180820935378894
0.21128834860294274
0.21076896932770886
0.2102500785262551
0.20973168317469343
0.20921379022639558
0.2086964066113148
0.20817953923531102
0.20766319497948177
0.2071473806994989
0.2066321032249485
0.2061173693586792
0.20560318587615323
0.20508955952480623
0.20457649702340933
0.20406400506144107
0.20355209029846236
0.20304075936350033
0.20253001885443603
0.20201987533740118
0.20151033534618
0.20100140538161798
0.2004930919110388
0.1999854013676667
0.19947834015005708
0.19897191462153416
0.19846613110963515
0.19796099590556437
0.19745651526365077
0.1969526954008186
0.19644954249606036
0.1959470626899216
0.19544526208399204
0.19494414674040517
0.19444372268134485
0.19394399588856268
0.1934449723029013
0.19294665782382658
0.19244905830896966
0.19195217957367514
0.1914560273905606
0.19096060748908225
0.19046592555511116
0.18997198723051673
0.18947879811276097
0.18898636375449898
0.18849468966319144
0.1880037813007231
0.1875136440830325
0.18702428337974947
0.1865357045138424
0.18604791276127444
0.1855609133506681
0.1850747114629804
0.18458931223118624
0.18410472073997142
0.1836209420254341
0.18313798107479673
0.18265584282612574
0.1821745321680625
0.18169405393956173
0.18121441292963866
0.18073561387712897
0.18025766147045316
0.1797805603473942
0.17930431509488154
0.17882893024878652
0.17835441029372545
0.17788075966287256
0.1774079827377815
0.1769360838482174
0.17646506727199568
0.17599493723483206
0.17552569791020098
0.1750573534192022
0.17458990783043732
0.17412336515989454
0.17365772937084306
0.17319300437373528
0.1727291940261184
0.1722663021325554
0.17180433244455284
0.1713432886604989
0.17088317442560924
0.17042399333188207
0.16996574891806
0.1695084446696023
0.16905208401866392
0.16859667034408393
0.16814220697138038
0.16768869717275584
0.16723614416710791
0.16678455112004986
0.16633392114393925
0.16588425729791167
0.1654355625879261
0.16498783996681388
0.16454109233433825
0.16409532253726025
0.16365053336941143
0.16320672757177418
0.16276390783256972
0.162322076787353
0.1618812370191136
0.16144139105838495
0.1610025413833598
0.1605646904200115
0.1601278405422239
0.15969199407192552
0.1592571532792314
0.15882332038259153
0.15839049754894424
0.15795868689387713
0.15752789048179341
0.15709811032608317
0.15666934838930222
0.15624160658335584
0.15581488676968752
0.15538919075947416
0.15496452031382638
0.1545408771439938
0.15411826291157604
0.15369667922873786
0.15327612765843082
0.15285660971461854
0.15243812686250707
0.1520206805187796
0.1516042720518372
0.151188902782042
0.1507745739819659
0.15036128687664355
0.14994904264382897
0.14953784241425652
0.14912768727190565
0.1487185782542702
0.14831051635262993
0.147903502512327
0.1474975376330456
0.14709262256909508
0.14668875812969612
0.14628594507927006
0.1458841841377318
0.1454834759807855
0.14508382124022395
0.14468522050422825
0.14428767431767367
0.14389118318243566
0.14349574755769967
0.14310136786027208
0.1427080444648957
0.14231577770456486
0.14192456787084473
0.14153441521419152
0.14114531994427587
0.1407572822303057
0.14037030220135407
0.1399843799466866
0.13959951551609115
0.13921570892020826
0.13883296013086463
0.13845126908140656
0.13807063566703537
0.13769105974514328
0.13731254113565172
0.13693507962134904
0.1365586749482304
0.1361833268258382
0.1358090349276026
0.1354357988911843
0.13506361831881597
0.1346924927776461
0.13432242180008197
0.13395340488413426
0.13358544149376061
0.13321853105921042
0.13285267297736958
0.13248786661210565
0.13212411129461277
0.13176140632375624
0.13139975096641787
0.13103914445784035
0.1306795860019723
0.13032107477181248
0.12996360990975367
0.12960719052792646
0.12925181570854244
0.1288974845042371
0.128544195938412
0.12819194900557634
0.12784074267168816
0.12749057587449425
0.1271414475238702
0.12679335650215828
0.12644630166450674
0.12610028183920535
0.12575529582802228
0.12541134240653884
0.12506842032448343
0.12472652830606529
0.12438566505030484
0.12404582923136552
0.12370701949888292
0.1233692344782929
0.12303247277115803
0.12269673295549449
0.12236201358609478
0.12202831319485169
0.12169563029107876
0.1213639633618313
0.12103331087222409
0.12070367126574827
0.12037504296458722
0.12004742436993018
0.11972081386228402
0.11939520980178409
0.1190706105285029
0.11874701436275788
0.11842441960541583
0.11810282453819745
0.11778222742397867
0.11746262650709138
0.11714402001362083
0.11682640615170323
0.11650978311181939
0.11619414906708816
0.11587950217355666
0.11556584057048985
0.1152531623806569
0.11494146571061685
0.11463074865100119
0.11432100927679562
0.11401224564761825
0.11370445580799775
0.11339763778764783
0.11309178960174038
0.11278690925117685
0.11248299472285712
0.11218004398994592
0.11187805501213882
0.11157702573592368
0.11127695409484291
0.11097783800975049
0.11067967538906967
0.11038246412904702
0.11008620211400466
0.10979088721659035
0.10949651729802605
0.10920309020835332
0.10891060378667758
0.1086190558614096
0.1083284442505049
0.1080387667617017
0.10775002119275567
0.10746220533167357
0.10717531695694374
0.10688935383776565
0.10660431373427592
0.10632019439777368
0.10603699357094251
0.10575470898807102
0.105473338375271
0.10519287945069372
0.1049133299247434
0.10463468750029029
0.10435694987287844
0.10408011473093491
0.10380417975597529
0.10352914262280596
0.10325500099972665
0.10298175254872861
0.10270939492569289
0.10243792578058422
0.1021673427576448
0.10189764349558515
0.10162882562777273
0.10136088678241865
0.1010938245827632
0.10082763664725707
0.10056232058974403
0.10029787401963802
0.10003429454210022
0.09977157975821452
0.09950972726515903
0.09924873465637758
0.09898859952174771
0.0987293194477485
0.09847089201762393
0.09821331481154744
0.09795658540678076
0.09770070137783515
0.09744566029662662
0.09719145973263182
0.0969380972530418
0.09668557042291241
0.09643387680531428
0.09618301396148077
0.09593297945095351
0.09568377083172595
0.09543538566038622
0.09518782149225677
0.09494107588153362
0.09469514638142255
0.09445003054427425
0.09420572592171725
0.09396223006478976
0.09371954052406914
0.09347765484979947
0.09323657059201904
0.09299628530068321
0.09275679652578844
0.0925181018174932
0.09228019872623688
0.09204308480285855
0.0918067575987128
0.09157121466578379
0.09133645355679847
0.09110247182533895
0.09086926702595075
0.09063683671425153
0.09040517844703805
0.09017428978239109
0.08994416827977864
0.08971481150015809
0.08948621700607692
0.08925838236177168
0.08903130513326482
0.0888049828884614
0.0885794131972438
0.08835459363156409
0.0881305217655364
0.0879071951755264
0.08768461144024146
0.08746276814081641
0.08724166286090121
0.0870212931867442
0.08680165670727695
0.08658275101419441
0.08636457370203793
0.0861471223682719
0.08593039461336416
0.08571438804086134
0.08549910025746468
0.08528452887310431
0.0850706715010121
0.08485752575779329
0.08464508926349723
0.0844333596416861
0.08422233451950374
0.08401201152774125
0.08380238830090384
0.083593462477275
0.08338523169897909
0.08317769361204468
0.08297084586646467
0.08276468611625643
0.08255921201952132
0.08235442123850097
0.0821503114396355
0.0819468802936179
0.08174412547544893
0.0815420446644907
0.08134063554451915
0.08113989580377455
0.08093982313501334
0.08074041523555585
0.08054166980733624
0.08034358455694826
0.08014615719569304
0.0799493854396239
0.07975326700959072
0.0795577996312837
0.07936298103527598
0.07916880895706549
0.07897528113711523
0.07878239532089379
0.07859014925891405
0.07839854070677117
0.07820756742518037
0.07801722718001289
0.07782751774233154
0.07763843688842598
0.07744998239984598
0.07726215206343533
0.07707494367136286
0.07688835502115551
0.076702383915728
0.07651702816341299
0.07633228557799063
0.07614815397871616
0.07596463119034899
0.07578171504317811
0.07559940337304952
0.07541769402139102
0.07523658483523708
0.07505607366725328
0.07487615837575975
0.07469683682475314
0.07451810688392983
0.07433996642870638
0.07416241334024057
0.07398544550545166
0.07380906081703947
0.07363325717350397
0.07345803247916208
0.073283384644167
0.07310931158452381
0.07293581122210652
0.07276288148467369
0.07259052030588367
0.07241872562530943
0.0722474953884522
0.0720768275467554
0.0719067200576175
0.07173717088440451
0.07156817799646147
0.07139973936912489
0.07123185298373205
0.07106451682763272
0.07089772889419833
0.07073148718283154
0.07056578969897481
0.07040063445411907
0.07023601946581168
0.07007194275766362
0.06990840235935633
0.0697453963066485
0.06958292264138242
0.06942097941148885
0.06925956467099273
0.0690986764800177
0.06893831290479074
0.06877847201764573
0.06861915189702703
0.06846035062749296
0.06830206629971779
0.06814429701049485
0.06798704086273792
0.06783029596548293
0.06767406043388918
0.06751833238924007
0.06736310995894368
0.06720839127653268
0.06705417448166423
0.0669004577201194
0.06674723914380173
0.06659451691073703
0.06644228918507052
0.06629055413706565
0.06613930994310163
0.06598855478567103
0.06583828685337693
0.06568850434092915
0.06553920544914178
0.06539038838492836
0.06524205136129885
0.06509419259735431
0.0649468103182832
0.06479990275535571
0.06465346814591931
0.06450750473339273
0.06436201076726063
0.06421698450306748
0.06407242420241152
0.06392832813293853
0.0637846945683345
0.06364152178831957
0.06349880807864006
0.06335655173106156
0.06321475104336145
0.06307340431932078
0.06293250986871643
0.06279206600731269
0.06265207105685312
0.06251252334505135
0.06237342120558294
0.06223476297807544
0.06209654700810009
0.06195877164716179
0.06182143525268945
0.061684536188026405
0.06154807282242078
0.06141204353101418
0.061276446694832475
0.06114128070077514
0.06100654394160376
0.06087223481593223
0.060738351728215303
0.06060489308873737
0.060471857313601385
0.060339242824716956
0.060207048049789685
0.0600752714223083
0.059943911381533876
0.059812966372486745
0.0596824348459352
0.05955231525838298
0.059422606072056745
0.059293305754893624
0.05916441278052853
0.0590359256282815
0.05890784278314483
0.05878016273576983
0.058652883982454024
0.058526005025127725
0.058399524371340904
0.058273440534249626
0.05814775203260249
0.058022457390727186
0.05789755513851656
0.05777304381141503
0.05764892195040457
0.05752518810199062
0.05740184081818815
0.057278878656507694
0.05715630017994036
0.05703410395694459
0.0569122885614311
0.056790852572748
0.05666979457566743
0.05654911316036994
0.056428806922430165
0.05630887446280207
0.056189314387804064
0.056070125309104234
0.05595130584370546
0.05583285461393006
0.05571477024740504
0.05559705137704698
0.055479696641046836
0.05536270468285447
0.055246074151164115
0.0551298036998979
0.05501389198819174
0.054898337680378884
0.05478313944597536
0.054668295959663715
0.054553805901277945
0.05443966795578807
0.05432588081328375
0.05421244316895979
0.054099353723099486
0.05398661118105958
0.05387421425325403
0.053762161655138516
0.05365045210719492
0.05353908433491485
0.05342805706878459
0.05331736904426841
0.05320701900179346
0.0530970056867334
0.05298732784939271
0.052877984244990434
0.05276897363364471
0.0526602947803565
0.052551946454993614
0.05244392743227469
0.052336236491753556
0.0522288724178026
0.05212183399959722
0.05201512003109981
0.05190872931104326
0.05180266064291557
0.051696912834943196
0.05159148470007511
0.051486375055967495
0.051381582724966506
0.051277106534093016
0.05117294531502627
0.05106909790408821
0.05096556314222667
0.05086233987500022
0.05075942695256125
0.050656823229640706
0.050554527565531686
0.05045253882407322
0.050350855873634706
0.05024947758709965
0.05014840284184969
0.050047630519748594
0.04994715950712635
