2.3571314099159237
2.242896481662652
2.1469531630466903
2.0937345945082777
2.070201013846294
2.0597748105908895
2.0538721410216922
2.0493337167253483
2.04521064291788
2.0412636034016076
2.0374491698960635
2.0337693973551625
2.030232793565873
2.0268459862643313
2.023612924517473
2.0205355013378155
2.0176141842795707
2.0148484349654154
2.012236954584206
2.009777819558131
2.007468554580117
2.005306171992701
2.0032871940323793
2.001407666995856
1.9996631721486526
1.998048835863941
1.9965593402179707
1.9951889345940446
1.993931448488754
1.992780305524318
1.9917285385704033
1.9907688058262607
1.9898934076881618
1.989094304217086
1.988363133022001
1.987691227382086
1.9870696344452294
1.9864891333590577
1.9859402532137542
1.9854132907021536
1.9848983274312895
1.9843852468499001
1.98386375078759
1.9833233756326931
1.9827535082066159
1.9821434014219839
1.9814821898396966
1.9807589052653982
1.9799624925485393
1.9790818257666518
1.978105724993269
1.9770229738598033
1.9758223381292193
1.9744925855022584
1.97302250687489
1.9714009392583947
1.9696167905606616
1.9676590664087825
1.9655168991686314
1.9631795792868274
1.9606365890442787
1.9578776387686174
1.9548927055055978
1.9516720740974545
1.9482063805600398
1.944486657591186
1.940504381981323
1.9362515236351459
1.9317205958515664
1.9269047064497271
1.9217976092730427
1.9163937555524622
1.9106883445657123
1.9046773729921216
1.8983576823335049
1.891727003750801
1.8847839996535702
1.8775283013748205
1.8699605422661056
1.8620823855567479
1.8538965463356254
1.845406807033657
1.8366180258100997
1.8275361372765204
1.8181681450303797
1.8085221055178877
1.7986071028061064
1.7884332139208268
1.778011464503224
1.7673537746579764
1.756472895010944
1.7453823331663492
1.7340962709505177
1.7226294730477574
1.7109971878672743
1.6992150417190046
1.687298927609182
1.675264890180386
1.663129008501871
1.6509072785510268
1.638615497304322
1.626269150367569
1.6138833050160009
1.6014725103841694
1.5890507063484436
1.5766311423895338
1.5642263074216374
1.5518478712436334
1.5395066379232731
1.5272125110845884
1.514974470748079
1.5028005610867046
1.4906978882196233
1.4786726269777524
1.4667300354447113
1.4548744760041978
1.4431094416076253
1.4314375860086759
1.419860756786922
1.4083800300922256
1.3969957461758997
1.3857075449243537
1.374514400767304
1.3634146564876637
1.3524060556072355
1.3414857731556808
1.3306504447459322
1.3198961939740932
1.3092186582342846
1.2986130130877702
1.2880739953509013
1.2775959250682154
1.267172726516103
1.2567979483396883
1.2464647828620767
1.2361660845221871
1.2258943872966974
1.2156419208453597
1.2054006249900506
1.1951621620006072
1.18491792602024
1.1746590488275357
1.16437640101014
1.154060587528718
1.1437019365923224
1.133290480763377
1.1228159292786621
1.1122676307291373
1.1016345255023234
1.0909050877707709
1.0800672573198384
1.0691083621542692
1.0580150336069245
1.0467731165897878
1.0353675786657792
1.0237824227631043
1.0120006095789968
1.000003996998481
0.9877733051515977
0.9752881170063712
0.9625269255891207
0.9494672399637935
0.9360857628844894
0.9223586534165086
0.9082618876046543
0.8937717291935393
0.8788653201471831
0.8635213968931108
0.8477211324274319
0.8314490963077429
0.8146943139317345
0.7974513934572407
0.7797216738462225
0.7615143320260129
0.7428473729843724
0.7237484163183072
0.7042551892511506
0.6844156421316905
0.6642876197287417
0.6439380503779754
0.6234416532126821
0.6028792071129649
0.582335467802378
0.5618968553219326
0.5416490573245123
0.521674700674912
0.5020512338911688
0.48284913805424123
0.46413054827458705
0.4459483272510981
0.42834559261895855
0.4113556654620115
0.39500238175487945
0.3793006929422148
0.36425747601918146
0.3498724757816723
0.33613931013419
0.3230464811042383
0.31057834739117723
0.2987160272247434
0.2874382119173075
0.2767218801615287
0.2665429106510114
0.2568765960668323
0.24769806512655873
0.2389826215610672
0.23070600990787296
0.22284461820093998
0.21537562726256052
0.2082771155758156
0.2015281277977437
0.19510871397966514
0.1889999455711522
0.18318391334793666
0.17764371155032355
0.17236341176088632
0.16732802939158772
0.16252348508759096
0.15793656288075852
0.15355486653096861
0.14936677516810593
0.14536139908219237
0.14152853629453951
0.1378586303707826
0.1343427297999808
0.13097244915634826
0.1277399321762884
0.1246378168187281
0.12165920232755298
0.1187976182781281
0.11604699556289134
0.11340163925178645
0.11085620325013618
0.10840566666813278
0.10604531181130897
0.10377070369931779
0.10157767102037174
0.09946228843025565
0.09742086010746638
0.09544990447945922
0.09354614003888118
0.09170647217290331
0.08992798093311641
0.08820790967786779
0.08654365452327097
0.08493275454335963
0.08337288266395351
0.08186183719871964
0.08039753397961624
0.07897799903741788
0.077601361791309
0.07626584870960959
0.07496977740657776
0.0737115511429006
0.07248965369996882
0.07130264460033461
0.0701491546488742
0.06902788177115021
0.06793758712728154
0.06687709148130425
0.0658452718075545
0.06484105811702347
0.06386343048794821
0.06291141628610937
0.06198408756141337
0.06108055860836566
0.060199983678978664
0.05934155483752327
0.05850449994733403
0.057688080780607845
0.05689159124281614
0.05611435570396671
0.055355727429531
0.05461508710437585
0.0538918414435266
0.05318542188403837
0.052495283352663694
0.051820903104387445
0.05116177962725224
0.050517431609220884
0.049887396963124865
