0.5575822895417228
0.61700250901691
0.5958111806968837
0.5773574963999775
0.5621377483228345
0.5501382655643906
0.5410389953821471
0.5343543648297538
0.5295623780403922
0.526188376852425
0.5238423295272889
0.5222242153866176
0.5211132202203689
0.5203515913169119
0.5198288662506233
0.5194687304331025
0.5192189303464718
0.519043895931435
0.5189195032795412
0.5188294270608031
0.5187626314885
0.5187116584127321
0.5186714654778983
0.5186386402950612
0.5186108700715354
0.5185865840951229
0.5185647128766321
0.5185445258969006
0.5185255222685135
0.5185073570034106
0.5184897912386937
0.518472658587995
0.5184558423528958
0.5184392600546607
0.518422852906109
0.5184065786223693
0.518390406492501
0.5183743139855325
0.5183582844007556
0.5183423052310547
0.5183263670150052
0.5183104625255599
0.5182945861917532
0.5182787336827196
0.5182629016055481
0.5182470872836041
0.5182312885922069
0.5182155038355684
0.5181997316537054
0.5181839709513445
0.5181682208431325
0.5181524806110578
0.5181367496711111
0.5181210275470042
0.5181053138493273
0.5180896082589352
0.5180739105136423
0.5180582203975307
0.518042537732326
0.5180268623704251
0.5180111941892462
0.5179955330866387
0.5179798789771543
0.5179642317890064
0.5179485914615947
0.5179329579434835
0.5179173311907531
0.5179017111656504
0.5178860978354884
0.5178704911717449
0.5178548911493256
0.5178392977459619
0.5178237109417171
0.5178081307185823
0.517792557060147
0.5177769899513273
0.5177614293781446
0.5177458753275446
0.5177303277872476
0.5177147867456275
0.5176992521916122
0.5176837241146001
0.5176682025043948
0.5176526873511491
0.5176371786453202
0.517621676377632
0.5176061805390462
0.5175906911207346
0.5175752081140612
0.5175597315105634
0.517544261301939
0.5175287974800336
0.5175133400368322
0.5174978889644506
0.5174824442551285
0.5174670059012245
0.517451573895211
0.517436148229671
0.5174207288972936
0.5174053158908727
0.517389909203303
0.5173745088275794
0.517359114756794
0.5173437269841344
0.5173283455028844
0.5173129703064195
0.517297601388208
0.5172822387418097
0.5172668823608739
0.5172515322391393
0.5172361883704333
0.5172208507486704
0.517205519367852
0.5171901942220657
0.5171748753054841
0.5171595626123646
0.5171442561370485
0.51712895587396
0.5171136618176062
0.517098373962576
0.5170830923035395
0.5170678168352473
0.5170525475525302
0.5170372844502981
0.5170220275235399
0.517006776767322
0.5169915321767887
0.5169762937471613
0.5169610614737368
0.5169458353518878
0.5169306153770621
0.5169154015447817
0.5169001938506425
0.5168849922903129
0.5168697968595345
0.5168546075541205
0.5168394243699548
0.5168242473029926
0.5168090763492585
0.5167939115048474
0.5167787527659217
0.5167636001287127
0.516748453589519
0.5167333131447063
0.5167181787907063
0.516703050524016
0.5166879283411985
0.5166728122388803
0.5166577022137522
0.5166425982625675
0.5166275003821432
0.5166124085693573
0.5165973228211493
0.5165822431345195
0.516567169506528
0.5165521019342947
0.5165370404149981
0.5165219849458751
0.5165069355242198
0.5164918921473832
0.5164768548127734
0.5164618235178533
0.5164467982601414
0.5164317790372102
0.5164167658466867
0.5164017586862505
0.5163867575536342
0.5163717624466216
0.5163567733630487
0.5163417903008022
0.5163268132578178
0.516311842232082
0.5162968772216294
0.5162819182245427
0.5162669652389524
0.5162520182630361
0.5162370772950173
0.5162221423331654
0.5162072133757949
0.5161922904212648
0.5161773734679775
0.5161624625143789
0.5161475575589575
0.5161326586002435
0.5161177656368083
0.5161028786672642
0.5160879976902631
0.516073122704497
0.516058253708696
0.5160433907016285
0.5160285336821002
0.5160136826489541
0.5159988376010688
0.5159839985373589
0.5159691654567742
0.5159543383582981
0.5159395172409477
0.5159247021037741
0.5159098929458595
0.515895089766319
0.5158802925642978
0.5158655013389722
0.5158507160895486
0.5158359368152615
0.5158211635153751
0.5158063961891811
0.5157916348359983
0.5157768794551723
0.5157621300460744
0.5157473866081022
0.5157326491406767
0.515717917643244
0.5157031921152729
0.5156884725562555
0.5156737589657058
0.5156590513431594
0.5156443496881724
0.5156296540003217
0.5156149642792032
0.5156002805244319
0.5155856027356411
0.5155709309124816
0.5155562650546215
0.5155416051617447
0.5155269512335509
0.5155123032697551
0.5154976612700862
0.5154830252342874
0.5154683951621143
0.5154537710533352
0.5154391529077305
0.5154245407250909
0.5154099345052183
0.5153953342479238
0.5153807399530281
0.5153661516203599
0.5153515692497563
0.515336992841061
0.5153224223941246
0.5153078579088032
0.5152932993849583
0.515278746822456
0.515264200221166
0.5152496595809615
0.515235124901718
0.515220596183313
0.5152060734256251
0.5151915566285334
0.5151770457919176
0.5151625409156555
0.5151480419996243
0.5151335490436988
0.515119062047751
0.5151045810116497
0.5150901059352592
0.5150756368184393
0.5150611736610444
0.5150467164629231
0.5150322652239161
0.515017819943858
0.5150033806225744
0.5149889472598824
0.51497451985559
0.5149600984094942
0.5149456829213823
0.5149312733910291
0.5149168698181978
0.514902472202639
0.5148880805440891
0.5148736948422707
0.5148593150968921
0.5148449413076449
0.5148305734742055
0.5148162115962328
0.5148018556733686
0.5147875057052359
0.5147731616914396
0.5147588236315643
0.5147444915251745
0.5147301653718138
0.5147158451710042
0.5147015309222451
0.5146872226250134
0.5146729202787617
0.5146586238829185
0.5146443334368872
0.5146300489400458
0.5146157703917453
0.5146014977913097
0.5145872311380357
0.5145729704311908
0.5145587156700133
0.5145444668537122
0.5145302239814659
0.514515987052421
0.5145017560656923
0.5144875310203622
0.5144733119154795
0.5144590987500595
0.5144448915230818
0.5144306902334914
0.514416494880197
0.5144023054620703
0.5143881219779455
0.5143739444266188
0.5143597728068474
0.5143456071173488
0.5143314473568003
0.5143172935238383
0.5143031456170569
0.5142890036350088
0.514274867576203
0.5142607374391044
0.5142466132221343
0.5142324949236677
0.5142183825420346
0.5142042760755176
0.514190175522353
0.5141760808807279
0.5141619921487814
0.5141479093246031
0.5141338324062324
0.5141197613916576
0.5141056962788155
0.5140916370655911
0.5140775837498157
0.5140635363292677
0.5140494948016703
0.5140354591646923
0.514021429415946
0.5140074055529874
0.5139933875733157
0.5139793754743717
0.5139653692535376
0.5139513689081361
0.51393737443543
0.5139233858326211
0.5139094030968497
0.5138954262251942
0.5138814552146695
0.5138674900622269
0.5138535307647534
0.5138395773190709
0.5138256297219358
0.513811687970037
0.513797752059997
0.51378382198837
0.5137698977516411
0.5137559793462264
0.5137420667684719
0.5137281600146522
0.5137142590809706
0.5137003639635582
0.5136864746584724
0.5136725911616977
0.5136587134691433
0.5136448415766435
0.5136309754799564
0.5136171151747637
0.5136032606566694
0.5135894119211996
0.5135755689638009
0.5135617317798412
0.5135479003646071
0.5135340747133049
0.5135202548210583
0.5135064406829094
0.5134926322938159
0.5134788296486525
0.5134650327422083
0.5134512415691876
0.5134374561242082
0.5134236764018006
0.5134099023964084
0.5133961341023857
0.5133823715139987
0.5133686146254225
0.5133548634307422
0.5133411179239514
0.5133273780989516
0.5133136439495516
0.513299915469466
0.5132861926523157
0.5132724754916264
0.5132587639808277
0.5132450581132528
0.5132313578821377
0.5132176632806199
0.513203974301739
0.5131902909384342
0.5131766131835447
0.5131629410298089
0.5131492744698629
0.5131356134962408
0.5131219581013733
0.513108308277587
0.5130946640171037
0.51308102531204
0.513067392154406
0.5130537645361044
0.513040142448931
0.5130265258845728
0.5130129148346068
0.5129993092905012
0.5129857092436128
0.5129721146851867
0.5129585256063562
0.5129449419981413
0.5129313638514487
0.5129177911570698
0.5129042239056814
0.512890662087844
0.5128771056940014
0.5128635547144799
0.5128500091394873
0.5128364689591127
0.5128229341633251
0.5128094047419733
0.5127958806847845
0.5127823619813638
0.5127688486211935
0.5127553405936327
0.5127418378879156
0.5127283404931516
0.5127148483983243
0.5127013615922904
0.5126878800637795
0.512674403801393
0.5126609327936033
0.5126474670287531
0.5126340064950548
0.5126205511805894
0.5126071010733063
0.5125936561610223
0.5125802164314197
0.5125667818720477
0.5125533524703201
0.5125399282135147
0.5125265090887732
0.5125130950830992
0.5124996861833595
0.5124862823762807
0.5124728836484507
0.5124594899863169
0.5124461013761851
0.5124327178042195
0.5124193392564419
0.5124059657187303
0.5123925971768184
0.5123792336162952
0.5123658750226038
0.5123525213810407
0.5123391726767554
0.5123258288947489
0.5123124900198738
0.5122991560368327
0.5122858269301781
0.5122725026843111
0.5122591832834812
0.512245868711785
0.5122325589531652
0.5122192539914111
0.5122059538101564
0.5121926583928792
0.5121793677229007
0.5121660817833854
0.5121528005573388
0.5121395240276082
0.5121262521768811
0.5121129849876842
0.5120997224423832
0.5120864645231816
0.5120732112121207
0.5120599624910773
0.5120467183417646
0.5120334787457301
0.5120202436843561
0.5120070131388573
0.5119937870902816
0.5119805655195087
0.5119673484072484
0.5119541357340416
0.5119409274802582
0.5119277236260968
0.5119145241515839
0.5119013290365728
0.5118881382607432
0.5118749518036003
0.511861769644474
0.5118485917625182
0.5118354181367094
0.5118222487458471
0.5118090835685521
0.5117959225832662
0.5117827657682504
0.5117696131015859
0.5117564645611714
0.5117433201247238
0.5117301797697766
0.5117170434736797
0.5117039112135975
0.5116907829665094
0.5116776587092083
0.5116645384183003
0.5116514220702031
0.5116383096411458
0.5116252011071682
0.5116120964441198
0.5115989956276588
0.5115858986332517
0.5115728054361723
0.511559716011501
0.5115466303341235
0.5115335483787312
0.511520470119819
0.5115073955316856
0.511494324588432
0.5114812572639611
0.5114681935319765
0.5114551333659824
0.5114420767392821
0.5114290236249776
0.5114159739959684
0.5114029278249513
0.5113898850844193
0.5113768457466604
0.5113638097837576
0.5113507771675876
0.51133774786982
0.5113247218619162
0.5113116991151297
0.5112986796005042
0.5112856632888731
0.511272650150859
0.5112596401568723
0.5112466332771113
0.5112336294815601
0.5112206287399894
0.5112076310219543
0.5111946362967943
0.511181644533632
0.5111686557013726
0.5111556697687033
0.5111426867040917
0.511129706475786
0.5111167290518135
0.5111037543999797
0.5110907824878682
0.5110778132828394
0.5110648467520296
0.5110518828623506
0.511038921580488
0.5110259628729019
0.5110130067058246
0.5110000530452605
0.5109871018569853
0.5109741531065451
0.5109612067592554
0.5109482627802006
0.5109353211342327
0.5109223817859712
0.5109094446998017
0.510896509839875
0.5108835771701075
0.5108706466541781
0.5108577182555296
0.510844791937367
0.510831867662656
0.5108189453941236
0.5108060250942561
0.5107931067252989
0.5107801902492554
0.510767275627886
0.5107543628227084
0.5107414517949946
0.5107285425057726
0.5107156349158237
0.5107027289856824
0.5106898246756357
0.510676921945722
0.5106640207557304
0.5106511210651996
0.5106382228334172
0.5106253260194197
0.51061243058199
0.5105995364796582
0.5105866436706996
0.5105737521131347
0.5105608617647273
0.5105479725829853
0.5105350845251587
0.5105221975482381
0.5105093116089559
0.5104964266637837
0.5104835426689323
0.5104706595803503
0.5104577773537241
0.5104448959444761
0.5104320153077647
0.5104191353984826
0.510406256171257
0.5103933775804476
0.5103804995801468
0.510367622124178
0.5103547451660956
0.5103418686591833
0.5103289925564538
0.510316116810648
0.5103032413742334
0.5102903661994044
0.5102774912380805
0.510264616441906
0.5102517417622485
0.5102388671501992
0.5102259925565706
0.510213117931897
0.5102002432264324
0.5101873683901511
0.5101744933727451
0.5101616181236246
0.5101487425919167
0.5101358667264642
0.5101229904758254
0.5101101137882729
0.5100972366117923
0.5100843588940823
0.5100714805825529
0.510058601624325
0.5100457219662298
0.5100328415548068
0.5100199603363044
0.5100070782566782
0.5099941952615903
0.509981311296408
0.5099684263062036
0.5099555402357536
0.5099426530295367
0.5099297646317341
0.5099168749862283
0.5099039840366019
0.5098910917261368
0.509878197997814
0.5098653027943116
0.5098524060580045
0.5098395077309641
0.5098266077549558
0.5098137060714403
0.5098008026215703
0.5097878973461919
0.5097749901858415
0.5097620810807473
0.509749169970826
0.509736256795684
0.5097233414946147
0.5097104240065987
0.5096975042703031
0.5096845822240795
0.509671657805964
0.5096587309536762
0.5096458016046175
0.5096328696958714
0.5096199351642019
0.5096069979460522
0.509594057977545
0.5095811151944803
0.5095681695323349
0.5095552209262623
0.5095422693110903
0.5095293146213214
0.5095163567911313
0.5095033957543676
0.5094904314445496
0.5094774637948674
0.5094644927381796
0.5094515182070145
0.5094385401335675
0.5094255584497007
0.5094125730869422
0.5093995839764851
0.5093865910491858
0.5093735942355643
0.5093605934658023
0.5093475886697427
0.509334579776888
0.5093215667164012
0.509308549417102
0.5092955278074685
0.5092825018156342
0.5092694713693888
0.5092564363961761
0.5092433968230929
0.5092303525768893
0.509217303583966
0.5092042497703753
0.509191191061818
0.509178127383644
0.5091650586608512
0.5091519848180835
0.5091389057796308
0.5091258214694279
0.5091127318110527
0.5090996367277264
0.5090865361423118
0.5090734299773124
0.5090603181548716
0.5090472005967712
0.5090340772244313
0.5090209479589085
0.509007812720895
0.5089946714307183
0.5089815240083391
0.5089683703733512
0.50895521044498
0.5089420441420822
0.5089288713831435
0.5089156920862786
0.5089025061692298
0.5088893135493664
0.5088761141436831
0.508862907868799
0.5088496946409573
0.5088364743760235
0.5088232469894848
0.5088100123964486
0.5087967705116421
0.5087835212494106
0.5087702645237167
0.5087570002481397
0.5087437283358743
0.5087304486997287
0.5087171612521248
0.5087038659050966
0.5086905625702889
0.5086772511589567
0.5086639315819635
0.5086506037497813
0.5086372675724884
0.5086239229597689
0.5086105698209116
0.5085972080648085
0.5085838375999543
0.5085704583344453
0.5085570701759774
0.5085436730318464
0.5085302668089456
0.5085168514137657
0.5085034267523929
0.5084899927305083
0.5084765492533867
0.5084630962258955
0.508449633552493
0.5084361611372286
0.5084226788837402
0.508409186695254
0.5083956844745834
0.508382172124127
0.508368649545868
0.508355116641374
0.5083415733117941
0.5083280194578588
0.5083144549798787
0.5083008797777433
0.5082872937509197
0.508273696798452
0.5082600888189591
0.5082464697106346
0.5082328393712447
0.5082191976981282
0.5082055445881937
0.5081918799379198
0.5081782036433536
0.5081645156001091
0.508150815703366
0.5081371038478691
0.5081233799279263
0.5081096438374084
0.508095895469747
0.5080821347179332
0.5080683614745173
0.5080545756316067
0.5080407770808653
0.5080269657135116
0.508013141420318
0.5079993040916093
0.5079854536172618
0.5079715898867014
0.5079577127889028
0.5079438222123884
0.5079299180452267
0.5079160001750308
0.5079020684889577
0.5078881228737069
0.5078741632155186
0.5078601894001732
0.5078462013129894
0.5078321988388229
0.5078181818620656
0.5078041502666439
0.5077901039360174
0.5077760427531778
0.507761966600647
0.5077478753604767
0.5077337689142467
0.5077196471430624
0.5077055099275557
0.5076913571478818
0.5076771886837188
0.5076630044142654
0.5076488042182411
0.507634587973883
0.5076203555589455
0.5076061068506995
0.5075918417259293
0.5075775600609325
0.5075632617315186
0.5075489466130065
0.5075346145802246
0.5075202655075083
0.5075058992686989
0.5074915157371422
0.5074771147856871
0.5074626962866842
0.5074482601119841
0.5074338061329362
0.5074193342203874
0.5074048442446801
0.5073903360756513
0.5073758095826306
0.5073612646344394
0.5073467010993888
0.5073321188452781
0.5073175177393938
0.507302897648508
0.5072882584388764
0.507273599976237
0.5072589221258093
0.5072442247522914
0.5072295077198599
0.507214770892167
0.5072000141323402
0.50718523730298
0.5071704402661582
0.5071556228834172
0.5071407850157672
0.507125926523686
0.5071110472671165
0.5070961471054646
0.5070812258975994
0.5070662835018496
0.5070513197760034
0.5070363345773055
0.5070213277624571
0.507006299187613
0.5069912487083801
0.5069761761798162
0.5069610814564283
0.5069459643921702
0.506930824840442
0.5069156626540876
0.5069004776853927
0.5068852697860844
0.506870038807328
0.5068547845997267
0.5068395070133187
0.5068242058975758
0.5068088811014022
0.5067935324731317
0.5067781598605278
0.5067627631107794
0.5067473420705011
0.5067318965857308
0.5067164265019274
0.5067009316639692
0.5066854119161532
0.5066698671021918
0.5066542970652113
0.5066387016477508
0.50662308069176
0.5066074340385971
0.5065917615290269
0.5065760630032193
0.5065603383007475
0.5065445872605857
0.5065288097211073
0.5065130055200833
0.50649717449468
0.5064813164814578
0.5064654313163681
0.5064495188347524
0.5064335788713397
0.5064176112602453
0.5064016158349681
0.5063855924283888
0.506369540872768
0.5063534609997447
0.5063373526403329
0.5063212156249215
0.5063050497832707
0.5062888549445106
0.5062726309371393
0.5062563775890205
0.506240094727382
0.5062237821788125
0.5062074397692611
0.5061910673240333
0.5061746646677914
0.5061582316245495
0.5061417680176737
0.506125273669879
0.5061087484032271
0.5060921920391241
0.5060756043983193
0.5060589853009019
0.5060423345662992
0.5060256520132747
0.5060089374599257
0.5059921907236808
0.5059754116212983
0.5059585999688633
0.5059417555817853
0.5059248782747974
0.5059079678619519
0.5058910241566199
0.5058740469714875
0.505857036118555
0.5058399914091327
0.5058229126538408
0.505805799662605
0.5057886522446552
0.5057714702085232
0.50575425336204
0.5057370015123333
0.5057197144658253
0.5057023920282302
0.5056850340045522
0.5056676401990823
0.5056502104153964
0.5056327444563523
0.505615242124088
0.5055977032200185
0.5055801275448336
0.5055625148984955
0.5055448650802361
0.5055271778885541
0.5055094531212132
0.5054916905752393
0.505473890046917
0.5054560513317883
0.5054381742246494
0.5054202585195482
0.505402304009781
0.5053843104878912
0.5053662777456651
0.5053482055741307
0.5053300937635536
0.5053119421034353
0.50529375038251
0.5052755183887423
0.5052572459093237
0.5052389327306706
0.505220578638421
0.505202183417432
0.5051837468517767
0.5051652687247419
0.5051467488188248
0.5051281869157301
0.5051095827963674
0.5050909362408482
0.5050722470284832
0.5050535149377788
0.5050347397464349
0.5050159212313415
0.5049970591685755
0.504978153333399
0.5049592035002543
0.5049402094427627
0.5049211709337206
0.5049020877450964
0.5048829596480275
0.5048637864128183
0.5048445678089348
0.5048253036050041
0.5048059935688093
0.5047866374672876
0.5047672350665261
0.5047477861317599
0.5047282904273673
0.5047087477168685
0.5046891577629204
0.5046695203273153
0.5046498351709754
0.5046301020539522
0.5046103207354209
0.504590490973678
0.5045706125261383
0.5045506851493312
0.504530708598897
0.5045106826295843
0.5044906069952457
0.5044704814488353
0.5044503057424046
0.5044300796270988
0.504409802853155
0.5043894751698961
0.5043690963257295
0.5043486660681427
0.5043281841436993
0.5043076502980368
0.5042870642758612
0.5042664258209449
0.5042457346761228
0.5042249905832874
0.5042041932833871
0.504183342516421
0.504162438021436
0.5041414795365223
0.5041204667988111
0.5040993995444687
0.5040782775086952
0.5040571004257184
0.5040358680287913
0.5040145800501883
0.5039932362212007
0.5039718362721329
0.5039503799322993
0.5039288669300188
0.5039072969926132
0.5038856698464004
0.5038639852166926
0.5038422428277921
0.5038204424029855
0.5037985836645419
0.5037766663337072
0.5037546901307006
0.5037326547747113
0.5037105599838924
0.5036884054753586
0.5036661909651811
0.5036439161683836
0.5036215807989379
0.50359918456976
0.5035767271927059
0.5035542083785662
0.5035316278370634
0.5035089852768465
0.5034862804054869
0.5034635129294737
0.5034406825542102
0.5034177889840087
0.5033948319220856
0.5033718110705582
0.5033487261304394
0.5033255768016328
0.5033023627829295
0.5032790837720019
0.5032557394653998
0.5032323295585465
0.5032088537457327
0.5031853117201129
0.5031617031737007
0.503138027797363
0.5031142852808169
0.5030904753126232
0.5030665975801827
0.5030426517697315
0.5030186375663352
0.5029945546538847
0.5029704027150913
0.5029461814314814
0.502921890483392
0.5028975295499654
0.5028730983091442
0.5028485964376661
0.5028240236110599
0.5027993795036388
0.5027746637884963
0.502749876137501
0.5027250162212913
0.5027000837092696
0.5026750782695982
0.5026499995691938
0.5026248472737211
0.5025996210475887
0.5025743205539439
0.5025489454546659
0.5025234954103621
0.5024979700803613
0.5024723691227097
0.5024466921941639
0.5024209389501864
0.5023951090449398
0.5023692021312811
0.5023432178607566
0.5023171558835954
0.5022910158487048
0.5022647974036638
0.5022385001947179
0.5022121238667732
0.5021856680633903
0.5021591324267791
0.5021325165977931
0.5021058202159224
0.5020790429192894
0.5020521843446414
0.5020252441273456
0.5019982219013832
0.5019711172993427
0.5019439299524144
0.5019166594903841
0.5018893055416274
0.5018618677331029
0.5018343456903467
0.5018067390374661
0.5017790473971326
0.5017512703905771
0.5017234076375824
0.5016954587564773
0.5016674233641304
0.5016393010759436
0.5016110915058455
0.5015827942662857
0.5015544089682274
0.501525935221141
0.5014973726329985
0.5014687208102664
0.5014399793578982
0.5014111478793293
0.5013822259764696
0.5013532132496965
0.5013241092978487
0.5012949137182192
0.501265626106549
0.5012362460570192
0.5012067731622453
0.5011772070132693
0.501147547199554
0.5011177933089745
0.5010879449278131
0.5010580016407499
0.5010279630308577
0.5009978286795949
0.5009675981667966
0.5009372710706692
0.5009068469677824
0.5008763254330626
0.5008457060397844
0.5008149883595648
0.500784171962355
0.500753256416433
0.5007222412883962
0.5006911261431548
0.5006599105439234
0.5006285940522139
0.5005971762278275
0.500565656628848
0.5005340348116332
0.5005023103308079
0.5004704827392565
0.5004385515881142
0.5004065164267603
0.5003743768028099
0.500342132262106
0.5003097823487122
0.5002773266049043
0.5002447645711623
0.5002120957861631
0.5001793197867717
0.5001464361080334
0.5001134442831667
0.5000803438435536
0.500047134318732
0.5000138152363887
0.4999803861223492
0.49994684650057136
0.49991319589313576
0.4998794338202378
0.49984555980017986
0.499811573349362
0.49977747398227407
0.49974326121148743
0.4997089345476459
0.49967449349945775
0.49963993757368674
0.4996052662751436
0.4995704791066776
0.4995355755691678
0.4995005551615139
0.4994654173806282
0.49943016172142646
0.4993947876768186
0.4993592947377007
0.4993236823929459
0.4992879501293949
0.4992520974318474
0.4992161237830534
0.4991800286637036
0.4991438115524203
0.4991074719257491
0.49907100925814896
0.4990344230219828
0.49899771268750975
0.49896087772287395
0.4989239175940964
0.4988868317650659
0.49884961969752867
0.49881228085107965
0.49877481468315316
0.4987372206490129
0.49869949820174286
0.4986616467922378
0.49862366586919327
0.4985855548790966
0.4985473132662167
0.49850894047259453
0.4984704359380338
0.498431799100091
0.49839302939406505
0.4983541262529882
0.49831508910761607
0.4982759173864178
0.4982366105155655
0.49819716791892515
0.49815758901804635
0.4981178732321519
0.4980780199781286
0.49803802867051605
0.49799789872149736
0.49795762954088907
0.49791722053613047
0.4978766711122736
0.4978359806719731
0.4977951486154757
0.49775417434061037
0.4977130572427776
0.49767179671493883
0.49763039214760724
0.4975888429288352
0.4975471484442063
0.49750530807682264
0.4974633212072961
0.49742118721373635
0.4973789054717413
0.49733647535438663
0.49729389623221326
0.4972511674732199
0.49720828844284903
0.4971652585039787
0.49712207701691025
0.49707874333935864
0.49703525682644073
0.4969916168306652
0.4969478227019207
0.496903873787467
0.49685976943192134
0.4968155089772497
0.49677109176275497
0.4967265171250662
0.4966817843981274
0.49663689291318674
0.49659184199878537
0.49654663098074664
0.4965012591821646
0.4964557259233933
0.4964100305220358
0.496364172292932
0.496318150548149
0.4962719645969688
0.49622561374587776
0.49617909729855475
0.4961324145558609
0.4960855648158271
0.49603854737364395
0.4959913615216497
0.4959440065493193
0.49589648174325324
0.4958487863871658
0.4958009197618742
0.4957528811452867
0.49570466981239186
0.4956562850352473
0.495607726082967
0.495558992221712
0.49551008271467717
0.49546099682208106
0.49541173380115366
0.49536229290612566
0.49531267338821644
0.4952628744956237
0.4952128954735102
0.4951627355639948
0.4951123940061387
0.4950618700359358
0.4950111628862999
0.4949602717870549
0.49490919596492117
0.4948579346435065
0.4948064870432931
0.49475485238162714
0.4947030298727064
0.49465101872756995
0.49459881815408596
0.4945464273569412
0.49449384553762804
0.49444107189443537
0.49438810562243574
0.4943349459134737
0.49428159195615684
0.4942280429358413
0.49417429803462315
0.49412035643132535
0.49406621730148825
0.4940118798173564
0.493957343147869
0.4939026064586482
0.49384766891198734
0.4937925296668413
0.4937371878788138
0.49368164270014736
0.49362589327971257
0.4935699387629956
0.493513778292089
0.4934574110056795
0.4934008360390382
0.4933440525240087
0.4932870595889973
0.4932298563589614
0.49317244195539917
0.4931148154963388
0.49305697609632826
0.4929989228664241
0.49294065491418165
0.4928821713436433
0.49282347125533005
0.4927645537462293
0.49270541790978556
0.4926460628358899
0.4925864876108697
0.49252669131747895
0.49246667303488745
0.49240643183867167
0.4923459668008044
0.49228527698964497
0.4922243614699291
0.4921632193027601
0.4921018495455983
0.49204025125225215
0.4919784234728687
0.4919163652539237
0.49185407563821304
0.4917915536648428
0.49172879836922145
0.4916658087830488
0.4916025839343091
0.4915391228472609
0.4914754245424292
0.491411488036596
0.4913473123427924
0.4912828964702902
0.49121823942459336
0.49115334020742957
0.49108819781674296
0.4910228112466857
0.4909571794876101
0.49089130152606064
0.4908251763447675
0.49075880292263824
0.49069218023475036
0.49062530725234454
0.49055818294281783
0.4904908062697162
0.4904231761927281
0.49035529166767783
0.49028715164651926
0.49021875507732904
0.4901501009043012
0.4900811880677403
0.4900120155040565
0.4899425821457598
0.4898728869214537
0.48980292875583076
0.4897327065696672
0.4896622192798183
0.48959146579921314
0.4895204450368503
0.48944915589779336
0.4893775972831669
0.48930576809015225
0.4892336672119846
0.489161293537948
0.4890886459533731
0.4890157233396334
0.4889425245741431
0.4888690485303535
0.48879529407775113
0.48872126008185496
0.48864694540421516
0.48857234890241086
0.4884974694300484
0.4884223058367606
0.488346856968205
0.4882711216660643
0.48819509876804446
0.4881187871078754
0.48804218551531053
0.4879652928161275
0.4878881078321279
0.4878106293811395
0.4877328562770162
0.48765478732963946
0.4875764213449215
0.4874977571248049
0.48741879346726763
0.4873395291663234
0.48725996301202634
0.4871800937904728
0.48709992028380633
0.48701944127022084
0.4869386555239651
0.4868575618153469
0.4867761589107389
0.4866944455725836
0.48661242055939846
0.4865300826257825
0.4864474305224228
0.48636446299610087
0.48628117878970023
0.48619757664221336
0.48611365528875067
0.48602941346054734
0.48594484988497355
0.48585996328554304
0.48577475238192197
0.48568921588994
0.4856033525216001
0.48551716098508935
0.4854306399847906
0.4853437882212936
0.48525660439140783
0.4851690871881744
0.4850812353008797
0.48499304741506843
0.48490452221255836
0.48481565837145396
0.4847264545661619
0.4846369094674064
0.48454702174224507
0.48445679005408576
0.48436621306270294
0.48427528942425585
0.4841840177913058
0.4840923968128359
0.48400042513426833
0.4839081013974859
0.4838154242408512
0.48372239229922737
0.4836290042039993
0.48353525858309654
0.48344115406101446
0.48334668925883795
0.4832518627942647
0.48315667328163026
0.48306111933193174
0.482965199552854
0.4828689125487957
0.48277225692089565
0.48267523126706047
0.4825778341819922
0.48248006425721746
0.48238192008111624
0.482283400238952
0.48218450331290214
0.4820852278820897
0.48198557252261487
0.4818855358075882
0.4817851163071628
0.48168431258857003
0.4815831232161526
0.4814815467514018
0.481379581752992
0.48127722677681894
0.4811744803760363
0.4810713411010951
0.48096780749978285
0.4808638781172622
0.48075955149611355
0.4806548261763752
0.48054970069558617
0.4804441735888291
0.4803382433887746
0.48023190862572473
0.48012516782766024
0.4800180195202855
0.47991046222707595
0.47980249446932677
0.4796941147662007
0.4795853216347785
0.47947611359010905
0.4793664891452606
0.4792564468113739
0.4791459850977142
0.47903510251172576
0.4789237975590874
0.4788120687437669
0.4786999145680792
0.47858733353274285
0.47847432413693913
0.4783608848783717
0.4782470142533262
0.4781327107567324
0.47801797288222647
0.477902799122213
0.47778718796793074
0.4776711379095172
0.4775546474360739
0.4774377150357346
0.4773203391957332
0.47720251840247174
0.47708425114159186
0.47696553589804513
0.4768463711561648
0.4767267553997392
0.476606687112086
0.47648616477612704
0.47636518687446455
0.47624375188945756
0.47612185830330156
0.47599950459810614
0.47587668925597637
0.4757534107590934
0.4756296675897968
0.4755054582306688
0.4753807811646176
0.47525563487496386
0.47513001784552644
0.47500392856071083
0.47487736550559756
0.4747503271660314
0.47462281202871365
0.47449481858129283
0.4743663453124587
0.47423739071203536
0.47410795327107735
0.4739780314819659
0.4738476238385058
0.4737167288360247
0.4735853449714724
0.4734534707435214
0.47332110465266847
0.4731882452013385
0.4730548908939884
0.4729210402372109
0.47278669173984245
0.47265184391307
0.47251649527053907
0.4723806443284635
0.4722442896057364
0.4721074296240416
0.47197006290796695
0.4718321879851173
0.4716938033862308
0.4715549076452941
0.4714154992996602
0.47127557689016636
0.47113513896125364
0.47099418406108756
0.47085271074167906
0.4707107175590085
0.47056820307314784
0.4704251658483863
0.47028160445335593
0.4701375174611586
0.469992903449494
0.4698477610007886
0.46970208870232527
0.4695558851463754
0.4694091489303298
0.46926187865683266
0.46911407293391494
0.46896573037513034
0.4688168495996905
0.46866742923260307
0.4685174679048086
0.4683669642533207
0.4682159169213659
0.4680643245585233
0.46791218582086785
0.46775949937111316
0.4676062638787538
0.4674524780202114
0.46729814047897944
0.4671432499457696
0.4669878051186591
0.46683180470323915
0.4666752474127628
0.46651813196829556
0.4663604570988662
0.4662022215416165
0.4660434240419552
0.4658840633537098
0.46572413823927994
0.4655636474697924
0.4654025898252557
0.4652409640947156
0.46507876907641194
0.4649160035779353
0.4647526664163844
0.46458875641852504
0.46442427242094786
0.4642592132702289
0.4640935778230885
0.4639273649465522
0.46376057351811206
0.463593202425887
0.4634252505687856
0.46325671685666786
0.46308760021050854
0.4629178995625598
0.4627476138565141
0.46257674204766885
0.4624052831030902
0.46223323600177707
0.46206059973482594
0.46188737330559604
0.46171355572987294
0.4615391460360357
0.4613641432652207
0.4611885464714874
0.4610123547219837
0.46083556709711193
0.4606581826906938
0.4604802006101359
0.460301619976595
0.4601224399251449
0.4599426596049386
0.45976227817937654
0.4595812948262699
0.45939970873800445
0.45921751912170716
0.4590347251994082
0.45885132620820607
0.4586673214004303
0.4584827100438047
0.4582974914216096
0.4581116648328446
0.45792522959238946
0.4577381850311655
0.45755053049629585
0.4573622653512652
0.45717338897607895
0.45698390076742196
0.45679380013881543
0.4566030865207749
0.4564117593609647
0.4562198181243545
0.4560272622933728
0.45583409136806075
0.4556403048662235
0.4554459023235822
0.45525088329392394
0.4550552473492507
0.4548589940799269
0.4546621230948265
0.45446463402147796
0.4542665265062082
0.4540678002142855
0.4538684548300608
0.45366849005710697
0.4534679056183578
0.4532667012562444
0.4530648767328307
0.4528624318299468
0.4526593663493205
0.4524556801127085
0.45225137296202317
0.4520464447594613
0.4518408953876268
0.4516347247496547
0.4514279327693317
0.45122051939121494
0.45101248458074844
0.4508038283243791
0.4505945506296674
0.4503846515253993
0.45017413106169374
0.44996298931010853
0.44975122636374365
0.4495388423373431
0.4493258373673923
0.44911221161221576
0.4488979652520697
0.44868309848923393
0.4484676115480995
0.44825150467525565
0.4480347781395718
0.44781743223227893
0.4475994672670464
0.44738088358005723
0.4471616815300796
0.4469418614985358
0.4467214238895683
0.44650036913010305
0.4462786976699078
0.44605640998165125
0.4458335065609538
0.44560998792644035
0.44538585461978636
0.44516110720576074
0.4449357462722686
0.44470977243038645
0.4444831863143968
0.4442559885818175
0.4440281799134303
0.4437997610133022
0.44357073260880686
0.4433410954506384
0.44311085031282615
0.4428799979927424
0.44264853931110676
0.44241647511198867
0.44218380626280424
0.4419505336543095
0.4417166582005908
0.4414821808390506
0.4412471025303895
0.4410114242585833
0.4407751470308585
0.44053827187766126
0.4403007998526233
0.4400627320325247
0.4398240695172506
0.4395848134297451
0.4393449649159611
0.4391045251448051
0.43886349530807856
0.43862187662041463
0.43837967031921
0.438136877664555
0.4378934999391555
0.4376495384482539
0.43740499451954334
0.43715986950308033
0.43691416477118933
0.43666788171836657
0.4364210217611768
0.43617358633814685
0.4359255769096552
0.4356769949578151
0.4354278419863561
0.43517811952049834
0.43492782910682454
0.434676972313146
0.43442555072836453
0.43417356596233064
0.4339210196456963
0.4336679134297629
0.43341424898632663
0.4331600280075169
0.43290525220563175
0.43264992331296814
0.4323940430816485
0.43213761328344147
0.43188063570957985
0.4316231121705718
0.4313650444960102
0.43110643453437536
0.430847284152834
0.43058759523703455
0.43032736969089636
0.43006660943639613
0.42980531641334907
0.4295434925791851
0.4292811399087221
0.42901826039393326
0.4287548560437119
0.428490928883629
0.42822648095569055
0.42796151431808616
0.4276960310449364
0.42743003322603584
0.42716352296658916
0.42689650238694665
0.42662897362233243
0.4263609388225712
0.4260924001518079
0.42582335978822694
0.4255538199237631
0.4252837827638126
0.42501325052693695
0.42474222544456475
0.42447070976068857
0.42419870573155843
0.42392621562537125
0.4236532417219568
0.4233797863124586
0.42310585169901344
0.4228314401944247
0.42255655412183385
0.4222811958143873
0.42200536761489993
0.4217290718755156
0.42145231095736335
0.42117508723021063
0.4208974030721134
0.4206192608690625
0.4203406630146261
0.42006161190959085
0.4197821099615979
0.4195021595847769
0.4192217631993756
0.4189409232313888
0.41865964211218143
0.41837792227811116
0.41809576617014704
0.41781317623348446
0.4175301549171596
0.417246704673659
0.41696282795852746
0.41667852722997384
0.4163938049484729
0.4161086635763659
0.4158231055774587
0.4155371334166169
0.4152507495593586
0.4149639564714459
0.4146767566184729
0.41438915246545416
0.4141011464764064
0.4138127411139336
0.413523938838806
0.4132347421095398
0.4129451533819744
0.4126551751088462
0.4123648097393635
0.412074059718778
0.41178292748795486
0.41149141548294266
0.4111995261345393
0.41090726186785964
0.41061462510189894
0.4103216182490978
0.4100282437149036
0.4097345038973319
0.40944040118652725
0.4091459379643221
0.40885111660379486
0.4085559394688282
0.40826040891366483
0.40796452728246446
0.40766829690885875
0.4073717201155053
0.4070747992136431
0.4067775365026458
0.4064799342695747
0.4061819947887321
0.4058837203212138
0.40558511311446127
0.4052861754018155
0.4049869094020667
0.404687317319009
0.40438740134099027
0.40408716364046676
0.40378660637355407
0.4034857316795795
0.403184541680636
0.40288303848113505
0.40258122416735953
0.40227910080701895
0.4019766704488031
0.40167393512193716
0.4013708968357378
0.4010675575791692
0.40076391932040034
0.4004599840063628
0.4001557535623095
0.39985122989137367
0.39954641487413056
0.3992413103681578
0.39893591820759877
0.3986302402027253
0.39832427813950405
0.3980180337791607
0.3977115088577482
0.3974047050857163
0.3970976241474787
0.39679026770098746
0.39648263737730394
0.39617473478017373
0.39586656148560206
0.39555811904143195
0.39524940896692223
0.39494043275232976
0.39463119185849066
0.3943216877164049
0.394011921726823
0.3937018952598333
0.39339160965445225
0.3930810662182158
0.3927702662267739
0.3924592109234861
0.39214790151901896
0.391836339190947
0.39152452508335445
0.39121246030643986
0.39090014593612277
0.3905875830136519
0.39027477254521825
0.3899617155015667
0.3896484128176134
0.389334865392064
0.3890210740870338
0.38870703972767195
0.3883927631017874
0.3880782449594772
0.38776348601275734
0.3874484869351978
0.38713324836155727
0.38681777088742403
0.3865020550688566
0.38618610142202947
0.3858699104228799
0.3855534825067587
0.38523681806808374
0.3849199174599958
0.3846027809940177
0.3842854089397167
0.38396780152437004
0.3836499589326319
0.3833318813062057
0.38301356874351933
0.3826950212994
0.3823762389847581
0.38205722176626866
0.38173796956606076
0.3814184822614062
0.38109875968441365
0.38077880162172695
0.3804586078142235
0.3801381779567207
0.37981751169768163
0.379496608638926
0.3791754683353443
0.3788540902946174
0.37853247397693557
0.3782106187947254
0.3778885241123772
0.3775661892459785
0.37724361346304963
0.37692079598228306
0.37659773597328866
0.3762744325563388
0.37595088480212235
0.37562709173149733
0.3753030523152526
0.3749787654738689
0.3746542300772873
0.37432944494467957
0.37400440884422503
0.3736791204928879
0.373353578556203
0.37302778164806233
0.3727017283305078
0.37237541711352745
0.37204884645485675
0.37172201475978367
0.37139492038095806
0.3710675616182064
0.37073993671835037
0.3704120438750304
0.3700838812285332
0.36975544686562545
0.3694267388193905
0.36909775506907133
0.36876849353991736
0.368438952103037
0.3681091285752539
0.3677790207189715
0.3674486262420368
0.367117942797616
0.36678696798407046
0.36645569934484057
0.36612413436833346
0.36579227048781776
0.3654601050813219
0.36512763547153976
0.36479485892574026
0.3644617726556853
0.3641283738175497
0.36379465951185086
0.36346062678338137
0.3631262726211496
0.36279159395832533
0.36245658767219174
0.36212125058410405
0.36178557945945417
0.3614495710076414
0.3611132218820513
0.36077652868003823
0.3604394879429178
0.360102096155964
0.3597643497484131
0.35942624509347654
0.35908777850835927
0.3587489462542847
0.35840974453652863
0.3580701695044597
0.35773021725158666
0.35738988381561454
0.3570491651785075
0.3567080572665603
0.3563665559504757
0.35602465704545316
0.35568235631128314
0.35533964945244967
0.3549965321182424
0.35465299990287713
0.3543090483456235
0.3539646729309429
0.353619869088634
0.35327463219398797
0.3529289575679537
0.3525828404773095
0.3522362761348453
0.35188925969955787
0.35154178627684884
0.35119385091873706
0.3508454486240811
0.3504965743388089
0.35014722295615874
0.3497973893169323
0.34944706820975413
0.349096254371346
0.34874494248680815
0.34839312718991416
0.34804080306341434
0.3476879646393524
0.34733460639939095
0.3469807227751512
0.34662630814856105
0.34627135685221666
0.345915863169756
0.3455598213362424
0.3452032255385626
0.3448460699158346
0.34448834855983
0.3441300555154066
0.34377118478095603
0.34341173030886135
0.34305168600597036
0.3426910457340794
0.34232980331043206
0.3419679525082309
0.3416054870571623
0.3412424006439336
0.34087868691282686
0.34051433946626414
0.34014935186538786
0.33978371763065446
0.3394174302424435
0.33905048314168007
0.33868286973047157
0.3383145833727614
0.33794561739499396
0.33757596508679744
0.33720561970168034
0.33683457445774323
0.3364628225384063
0.33609035709315177
0.33571717123828226
0.3353432580576944
0.3349686106036684
0.33459322189767376
0.33421708493119034
0.3338401926665463
0.3334625380377711
0.33308411395146625
0.3327049132876906
0.3323249289008644
0.3319441536206873
0.3315625802530756
0.33118020158111355
0.3307970103660244
0.3304129993481553
0.33002816124798146
0.3296424887671263
0.3292559745893986
0.3288686113818472
0.32848039179583244
0.3280913084681154
0.3277013540219635
0.3273105210682745
0.32691880220671676
0.3265261900268886
0.3261326771094917
0.3257382560275259
0.32534291934749904
0.32494665963065406
0.32454946943421537
0.32415134131265055
0.3237522678189508
0.32335224150592795
0.32295125492753024
0.3225493006401725
0.32214637120408846
0.3217424591846944
0.3213375571539753
0.3209316576918847
0.32052475338776293
0.3201168368417735
0.31970790066635363
0.3192979374876843
0.3188869399471756
0.31847490070296935
0.3180618124314585
0.31764766782882214
0.31723245961257807
0.3168161805231502
0.3163988233254533
0.31598038081049373
0.3155608457969842
0.31514021113297674
0.31471846969750905
0.3142956144022678
0.3138716381932654
0.31344653405253375
0.31302029499983086
0.3125929140943635
0.3121643844365231
0.311734699169636
0.3113038514817289
0.31087183460730666
0.3104386418291427
0.31000426648008583
0.30956870194487635
0.3091319416619768
0.3086939791254152
0.3082548078866396
0.3078144215563842
0.307372813806549
0.30692997837208746
0.30648590905290823
0.30604059971578484
0.30559404429627723
0.3051462368006632
0.3046971713078782
0.3042468419714642
0.3037952430215298
0.30334236876671605
0.30288821359617035
0.30243277198153024
0.30197603847891247
0.30151800773090914
0.3010586744685902
0.30059803351351266
0.30013607977973433
0.2996728082758326
0.2992082141069289
0.29874229247671485
0.2982750386894854
0.29780644815217217
0.2973365163763799
0.29686523898042616
0.29639261169138204
0.29591863034711285
0.2954432908983209
0.2949665894105872
0.2944885220664124
0.2940090851672568
0.2935282751355791
0.29304608851687164
0.2925625219816932
0.2920775723276982
0.2915912364816619
0.2911035115014997
0.29061439457828175
0.2901238830382419
0.28963197434477805
0.28913866610044614
0.2886439560489465
0.2881478420770992
0.2876503222168126
0.2871513946470387
0.28665105769571897
0.2861493098417188
0.2856461497167476
0.285141576107268
0.28463558795638777
0.2841281843657405
0.2836193645973477
0.28310912807546545
0.2825974743884153
0.28208440329039375
0.2815699147032657
0.2810540087183375
0.2805366855981083
0.2800179457780015
0.27949778986807305
0.27897621865469596
0.27845323310222275
0.2779288343546211
0.2774030237370845
0.276875802757616
0.2763471731085847
0.27581713666825297
0.2752856955022759
0.2747528518651681
0.2742186082017406
0.2736829671485063
0.27314593153505
0.2726075043853669
0.2720676889191646
0.27152648855312933
0.2709839069021557
0.2704399477805386
0.2698946152031255
0.2693479133864307
0.26879984674970747
0.2682504199159785
0.267699637713026
0.26714750517433505
0.26659402753999517
0.26603921025755584
0.26548305898283464
0.2649255795806799
0.26436677812568515
0.2638066609028522
0.2632452344082079
0.2626825053493671
0.26211848064604626
0.2615531674305229
0.2609865730480428
0.2604187050571717
0.2598495712300941
0.2592791795528538
0.25870753822553916
0.2581346556624121
0.2575605404919754
0.2569852015569849
0.25640864791440027
0.2558308888352749
0.2552519338045858
0.2546717925210021
0.25409047489658976
0.25350799105645533
0.2529243513383232
0.2523395662920533
0.2517536466790894
0.251166603471846
0.2505784478530271
0.24998919121488045
0.24939884515838523
0.24880742149237184
0.24821493223257657
0.24762138960062546
0.2470268060229552
0.2464311941296609
0.24583456675327978
0.24523693692750365
0.2446383178858248
0.24403872306011204
0.2434381660791197
0.24283666076692498
0.2422342211413004
0.24163086141201534
0.24102659597906917
0.24042143943085711
0.23981540654226763
0.23920851227271128
0.2386007717640831
0.23799220033865726
0.23738281349691417
0.2367726269153025
0.23616165644393408
0.23554991810421377
0.23493742808640444
0.2343242027471274
0.23371025860679998
0.23309561234700787
0.23248028080781807
0.2318642809850291
0.23124763002735887
0.23063034523357648
0.23001244404957105
0.2293939440653657
0.22877486301207317
0.22815521875879569
0.22753502930947006
0.22691431279965968
0.2262930874932927
0.22567137177935107
0.22504918416850622
0.2244265432897095
0.22380346788673344
0.22317997681466661
0.22255608903636442
0.22193182361885685
0.22130719972971355
0.2206822366333702
0.22005695368741446
0.21943137033883547
0.21880550612023855
0.2181793806460245
0.2175530136085378
0.21692642477418372
0.21629963397951668
0.21567266112730107
0.21504552618254758
0.2144182491685247
0.21379085016274946
0.21316334929295777
0.21253576673305571
0.21190812269905607
0.21128043744499925
0.21065273125886153
0.2100250244584531
0.2093973373873074
0.20876969041056168
0.20814210391083557
0.20751459828410335
0.20688719393556676
0.20625991127552823
0.20563277071526576
0.20500579266291297
0.20437899751934538
0.2037524056740749
0.20312603750115363
0.20249991335509065
0.20187405356678245
0.2012484784394577
0.20062320824464122
0.19999826321813619
0.1993736635560284
0.19874942941071136
0.19812558088693832
0.19750213803789968
0.19687912086132803
0.19625654929563374
0.19563444321607104
0.19501282243093887
0.19439170667781364
0.1937711156198216
0.19315106884194563
0.19253158584737462
0.1919126860538902
0.19129438879029947
0.190676713292908
0.1900596787020396
0.18944330405860293
0.1888276083007042
0.18821261026031022
0.18759832865996118
0.18698478210953406
0.18637198910306058
0.18575996801559572
0.185148737100144
0.1845383144846398
0.1839287181689844
0.18331996602214073
0.18271207577928786
0.18210506503903262
0.18149895126068338
0.1808937517615833
0.1802894837145067
0.179686164145116
0.17908380992948308
0.17848243779167358
0.17788206430139447
0.17728270587170783
0.1766843787568077
0.1760870990498646
0.17549088268093244
0.1748957454149255
0.17430170284965843
0.1737087704139543
0.1731169633658193
0.17252629679068357
0.17193678559971076
0.17134844452817113
0.17076128813388605
0.170175330795736
0.16959058671223728
0.16900706990018474
0.16842479419336198
0.1678437732413168
0.16726402050820466
0.16668554927169582
0.16610837262195075
0.16553250346065917
0.16495795450014455
0.16438473826253336
0.16381286707898876
0.16324235308900725
0.16267320823977977
0.1621054442856141
0.16153907278742036
0.1609741051122585
0.16041055243294514
0.15984842572772295
0.15928773577998712
0.1587284931780738
0.15817070831510457
0.15761439138888944
0.15705955240188632
0.1565062011612166
0.15595434727873742
0.15540400017116496
0.15485516906025562
0.15430786297303628
0.15376209074208969
0.15321786100588736
0.15267518220917622
0.15213406260341278
0.15159451024724424
0.15105653300704072
0.15052013855747043
0.14998533438212192
0.14945212777417138
0.14892052583709248
0.1483905354854094
0.14786216344549213
0.14733541625639082
0.146810300270712
0.14628682165553258
0.1457649863933501
0.14524480028307274
0.14472626894104293
0.1442093978020964
0.14369419212065485
0.14318065697185214
0.14266879725269097
0.14215861768323185
0.1416501228078108
0.1411433169962864
0.14063820444531483
0.14013478917965203
0.13963307505347988
0.13913306575176124
0.13863476479161516
0.1381381755237171
0.1376433011337213
0.13715014464370362
0.13665870891362555
0.13616899664281645
0.135681010371476
0.13519475248219232
0.13471022520147816
0.13422743060132244
0.13374637060075656
0.1332670469674349
0.1327894613192292
0.13231361512583462
0.13183950971038738
0.1313671462510939
0.13089652578286948
0.1304276491989862
0.12996051725272936
0.12949513055906173
0.12903148959629454
0.12856959470776524
0.12810944610351968
0.12765104386200046
0.12719438793173846
0.12673947813304795
0.126286314159725
0.12583489558074717
0.12538522184197595
0.12493729226785846
0.12449110606313087
0.12404666231452044
0.12360395999244816
0.12316299795272759
0.12272377493826353
0.12228628958074814
0.1218505404023526
0.12141652581741658
0.12098424413413286
0.12055369355622794
0.12012487218463672
0.11969777801917256
0.11927240896019142
0.11884876281024875
0.11842683727575054
0.1180066299685969
0.11758813840781752
0.11717136002120054
0.11675629214691105
0.11634293203510343
0.11593127684952273
0.11552132366909676
0.11511306948952088
0.11470651122482933
0.11430164570895932
0.11389846969730298
0.11349697986824875
0.11309717282471277
0.11269904509565723
0.11230259313759916
0.11190781333610539
0.11151470200727766
0.11112325539922395
0.11073346969351838
0.11034534100664839
0.10995886539144878
0.10957403883852351
0.10919085727765424
0.10880931657919568
0.10842941255545749
0.10805114096207338
0.10767449749935559
0.10729947781363718
0.106926077498599
0.10655429209658399
0.10618411709989745
0.10581554795209258
0.10544858004924249
0.1050832087411985
0.10471942933283326
0.10435723708527042
0.10399662721709974
0.10363759490557814
0.10328013528781574
0.10292424346194906
0.10256991448829798
0.10221714339050969
0.10186592515668745
0.10151625474050577
0.10116812706231075
0.10082153701020614
0.10047647944112492
0.10013294918188707
0.09979094103024268
0.09945044975590056
0.09911147010154389
0.09877399678382967
0.09843802449437644
0.09810354790073614
0.09777056164735257
0.0974390603565061
0.09710903862924405
0.0967804910462981
0.09645341216898687
0.09612779654010575
0.0958036386848024
0.09548093311143935
0.09515967431244293
0.09483985676513823
0.09452147493257254
0.09420452326432327
0.0938889961972947
0.09357488815650092
0.09326219355583554
0.09295090679882943
0.09264102227939562
0.09233253438256063
0.09202543748518463
0.09171972595666829
0.09141539415964785
0.09111243645067797
0.09081084718090193
0.09051062069671037
0.09021175134038895
0.08991423345075208
0.08961806136376806
0.08932322941316953
0.08902973193105505
0.08873756324847826
0.08844671769602573
0.0881571896043844
0.08786897330489779
0.0875820631301113
0.08729645341430702
0.08701213849402768
0.08672911270859074
0.08644737040059172
0.08616690591639682
0.08588771360662693
0.08560978782662991
0.08533312293694446
0.08505771330375342
0.0847835532993275
0.08451063730246022
0.08423895969889272
0.08396851488172934
0.08369929725184472
0.08343130121828148
0.08316452119863844
0.08289895161945149
0.08263458691656389
0.08237142153549014
0.08210944993176955
0.08184866657131269
0.08158906593073897
0.08133064249770673
0.08107339077123449
0.08081730526201573
0.08056238049272424
0.08030861099831316
0.08005599132630598
0.07980451603707987
0.0795541797041425
0.07930497691440055
0.07905690226842238
0.07880995038069286
0.0785641158798612
0.07831939340898332
0.07807577762575536
0.07783326320274282
0.07759184482760255
0.07735151720329698
0.07711227504830442
0.07687411309682178
0.07663702609896092
0.07640100882094078
0.07616605604527124
0.0759321625709341
0.07569932321355508
0.07546753280557338
0.0752367861964037
0.07500707825259369
0.07477840385797584
0.07455075791381484
0.0743241353389485
0.07409853106992521
0.07387394006113508
0.07365035728493736
0.07342777773178223
0.07320619641032858
0.0729856083475566
0.07276600858887639
0.07254739219823195
0.07232975425820037
0.07211308987008769
0.0718973941540198
0.07168266224902957
0.07146888931313956
0.07125607052344164
0.07104420107617151
0.07083327618678054
0.07062329109000309
0.07041424103992075
0.07020612131002246
0.06999892719326126
0.0697926540021081
0.06958729706860144
0.06938285174439421
0.06917931340079689
0.06897667742881798
0.06877493923920129
0.06857409426245983
0.06837413794890644
0.06817506576868282
0.06797687321178396
0.067779555788081
0.06758310902734084
0.06738752847924318
0.06719280971339481
0.06699894831934111
0.06680593990657592
0.06661378010454755
0.06642246456266399
0.06623198895029402
0.06604234895676732
0.06585354029137223
0.06566555868335011
0.06547839988188886
0.06529205965611416
0.06510653379507769
0.06492181810774425
0.06473790842297703
0.06455480058951983
0.06437249047597873
0.06419097397080076
0.06401024698225216
0.06383030543839353
0.06365114528705362
0.06347276249580251
0.06329515305192147
0.06311831296237254
0.06294223825376605
0.06276692497232671
0.06259236918385847
0.06241856697370707
0.062245514446722744
0.0620732077272201
0.06190164295893742
0.06173081630499447
0.06156072394784941
0.06139136208925364
0.061222726950206655
0.061054814770908974
0.0608876218107134
0.06072114434807717
0.060555378680510585
0.06039032112452682
0.06022596801558866
0.06006231570805648
0.059899360575133315
0.0597370990088104
0.059575527419810814
0.05941464223753317
0.059254439909994086
0.05909491690376949
0.05893606970393593
0.05877789481401027
0.05862038875588946
0.058463548069789054
0.0583073693141814
0.058151849065733
0.057996983919241116
0.0578427704875701
0.057689205401586965
0.057536285310096164
0.05738400687977449
0.05723236679510471
0.05708136175830891
0.056930988489281846
0.05678124372552331
0.056632124222069855
0.05648362675142686
0.05633574810349977
0.056188485085524674
0.056041834521998915
0.05589579325461128
0.05575035814217179
0.055605526060541116
0.055461293902559855
0.055317658577977345
0.055174617013380306
0.05503216615212101
0.05489030295424602
0.05474902439642335
0.05460832747187076
0.054468209190282696
0.05432866657775804
0.054189696676727184
0.05405129654587855
0.05391346326008645
0.05377619391033647
0.05363948560365322
0.05350333546302582
0.05336774062733529
0.05323269825127994
0.05309820550530224
0.052964259575514525
0.0528308576636255
0.05269799698686582
0.0525656747779146
0.05243388828482522
0.05230263477095122
0.05217191151487241
0.052041715810320854
0.05191204496610698
0.05178289630604538
0.05165426716888122
0.051526154908215965
0.05139855689243392
0.05127147050462806
0.0511448931425267
0.05101882221841959
0.05089325515908451
0.050768189405713704
0.050643622413840364
0.05051955165326568
0.050395974607985485
0.05027288877611706
0.050150291669826444
0.05002818081525557
0.049906553752449304
