0.5029862665339323
0.5458761770410545
0.5389824745462366
0.534075065352179
0.5307066985034584
0.5284286223822197
0.5269029525236687
0.5258873329500634
0.5252133523632176
0.5247664118824881
0.524469600567422
0.5242717650571349
0.5241390803760251
0.5240492607134495
0.5239876538058843
0.5239446360816464
0.5239138881380933
0.5238912584479425
0.523874016901735
0.5238603653398727
0.5238491169215396
0.5238394861771187
0.5238309515265964
0.5238231652095717
0.5238158942273439
0.5238089815725592
0.5238023207364513
0.5237958389122735
0.5237894859003058
0.523783226756217
0.5237770369014562
0.5237708988564962
0.523764800046684
0.5237587313193403
0.5237526859343634
0.5237466588715431
0.5237406463508888
0.5237346454971489
0.5237286541026651
0.5237226704578468
0.5237166932285776
0.523710721366533
0.5237047540428201
0.5236987905983402
0.5236928305062752
0.5236868733434691
0.5236809187684113
0.5236749665041682
0.5236690163250648
0.5236630680462323
0.523657121515368
0.5236511766062081
0.523645233213344
0.5236392912480916
0.5236333506351925
0.5236274113101745
0.5236214732172365
0.5236155363075509
0.523609600537901
0.5236036658695844
0.5235977322675318
0.5235917996995976
0.5235858681359882
0.5235799375488022
0.5235740079116596
0.5235680791994037
0.5235621513878599
0.5235562244536411
0.5235502983739937
0.5235443731266692
0.5235384486898242
0.523532525041939
0.5235266021617506
0.5235206800282008
0.5235147586203933
0.5235088379175594
0.5235029178990307
0.5234969985442168
0.5234910798325878
0.5234851617436607
0.5234792442569861
0.5234733273521424
0.5234674110087253
0.5234614952063448
0.523455579924619
0.5234496651431719
0.52344375084163
0.5234378369996198
0.5234319235967677
0.5234260106126976
0.5234200980270303
0.5234141858193836
0.5234082739693715
0.5234023624566041
0.5233964512606875
0.5233905403612239
0.5233846297378124
0.5233787193700487
0.5233728092375254
0.5233668993198326
0.5233609895965585
0.5233550800472891
0.5233491706516098
0.5233432613891048
0.5233373522393585
0.5233314431819552
0.5233255341964804
0.523319625262521
0.5233137163596655
0.5233078074675054
0.5233018985656348
0.5232959896336518
0.5232900806511582
0.5232841715977611
0.5232782624530725
0.5232723531967105
0.5232664438082995
0.5232605342674707
0.5232546245538634
0.5232487146471245
0.5232428045269102
0.5232368941728853
0.5232309835647244
0.5232250726821133
0.5232191615047478
0.5232132500123357
0.523207338184597
0.5232014260012637
0.5231955134420818
0.5231896004868104
0.5231836871152228
0.5231777733071077
0.5231718590422691
0.5231659443005263
0.5231600290617161
0.5231541133056913
0.5231481970123232
0.5231422801615007
0.5231363627331316
0.5231304447071426
0.5231245260634809
0.5231186067821132
0.5231126868430278
0.5231067662262339
0.5231008449117626
0.5230949228796677
0.5230890001100265
0.5230830765829385
0.5230771522785287
0.5230712271769458
0.5230653012583641
0.5230593745029836
0.5230534468910301
0.5230475184027562
0.5230415890184422
0.5230356587183959
0.523029727482953
0.5230237952924788
0.5230178621273672
0.5230119279680425
0.5230059927949591
0.5230000565886023
0.5229941193294887
0.5229881809981669
0.5229822415752181
0.522976301041256
0.5229703593769284
0.5229644165629161
0.5229584725799354
0.5229525274087365
0.5229465810301059
0.5229406334248655
0.5229346845738739
0.5229287344580265
0.5229227830582559
0.5229168303555332
0.5229108763308676
0.5229049209653074
0.5228989642399398
0.5228930061358921
0.5228870466343319
0.5228810857164682
0.5228751233635506
0.5228691595568709
0.5228631942777626
0.522857227507603
0.5228512592278117
0.5228452894198524
0.5228393180652329
0.5228333451455058
0.5228273706422684
0.5228213945371636
0.5228154168118808
0.522809437448156
0.522803456427771
0.5227974737325564
0.52279148934439
0.5227855032451978
0.522779515416955
0.5227735258416856
0.5227675345014635
0.5227615413784129
0.5227555464547085
0.5227495497125756
0.5227435511342914
0.522737550702185
0.5227315483986374
0.5227255442060832
0.5227195381070093
0.5227135300839568
0.5227075201195208
0.5227015081963508
0.5226954942971512
0.5226894784046818
0.5226834605017584
0.5226774405712526
0.5226714185960931
0.5226653945592653
0.5226593684438121
0.5226533402328345
0.5226473099094916
0.5226412774570011
0.5226352428586397
0.5226292060977445
0.5226231671577115
0.5226171260219975
0.5226110826741198
0.5226050370976573
0.5225989892762496
0.5225929391935991
0.5225868868334699
0.5225808321796892
0.5225747752161469
0.5225687159267969
0.5225626542956564
0.5225565903068073
0.5225505239443959
0.5225444551926336
0.5225383840357972
0.5225323104582292
0.5225262344443382
0.5225201559785997
0.5225140750455554
0.5225079916298149
0.5225019057160551
0.522495817289021
0.5224897263335259
0.5224836328344518
0.5224775367767496
0.5224714381454398
0.5224653369256129
0.5224592331024297
0.5224531266611203
0.5224470175869866
0.5224409058654019
0.5224347914818102
0.5224286744217278
0.5224225546707434
0.5224164322145178
0.522410307038785
0.5224041791293521
0.5223980484720996
0.522391915052982
0.5223857788580282
0.5223796398733411
0.5223734980850991
0.5223673534795553
0.5223612060430384
0.522355055761953
0.5223489026227797
0.5223427466120754
0.5223365877164743
0.522330425922687
0.5223242612175019
0.5223180935877849
0.5223119230204796
0.5223057495026086
0.5222995730212723
0.5222933935636503
0.5222872111170015
0.522281025668664
0.5222748372060556
0.5222686457166745
0.5222624511880987
0.5222562536079871
0.5222500529640794
0.5222438492441968
0.5222376424362414
0.5222314325281969
0.52222521950813
0.5222190033641884
0.5222127840846028
0.5222065616576873
0.522200336071838
0.5221941073155353
0.522187875377342
0.522181640245906
0.5221754019099583
0.522169160358315
0.5221629155798759
0.5221566675636266
0.5221504162986368
0.5221441617740624
0.5221379039791447
0.52213164290321
0.5221253785356716
0.5221191108660284
0.5221128398838665
0.522106565578858
0.5221002879407624
0.5220940069594263
0.5220877226247836
0.5220814349268563
0.5220751438557532
0.5220688494016722
0.5220625515548993
0.5220562503058085
0.522049945644863
0.5220436375626147
0.5220373260497043
0.5220310110968626
0.5220246926949091
0.5220183708347538
0.5220120455073958
0.5220057167039246
0.5219993844155204
0.5219930486334533
0.5219867093490846
0.5219803665538657
0.5219740202393398
0.521967670397141
0.5219613170189946
0.5219549600967178
0.5219485996222193
0.5219422355874997
0.5219358679846516
0.5219294968058603
0.5219231220434029
0.5219167436896491
0.5219103617370617
0.5219039761781964
0.5218975870057012
0.5218911942123179
0.5218847977908816
0.5218783977343202
0.5218719940356563
0.521865586688005
0.5218591756845762
0.5218527610186733
0.5218463426836942
0.5218399206731307
0.5218334949805692
0.5218270655996906
0.5218206325242702
0.5218141957481788
0.5218077552653808
0.5218013110699369
0.5217948631560022
0.5217884115178271
0.5217819561497572
0.5217754970462338
0.5217690342017937
0.5217625676110689
0.5217560972687876
0.5217496231697736
0.5217431453089465
0.5217366636813223
0.5217301782820127
0.5217236891062254
0.5217171961492647
0.5217106994065311
0.5217041988735214
0.5216976945458291
0.521691186419144
0.5216846744892523
0.5216781587520374
0.521671639203479
0.5216651158396539
0.5216585886567353
0.521652057650994
0.5216455228187968
0.5216389841566084
0.5216324416609899
0.5216258953285997
0.5216193451561935
0.5216127911406239
0.5216062332788409
0.5215996715678916
0.5215931060049201
0.5215865365871685
0.5215799633119753
0.5215733861767775
0.521566805179108
0.5215602203165982
0.5215536315869764
0.5215470389880683
0.5215404425177971
0.5215338421741833
0.5215272379553451
0.5215206298594974
0.5215140178849532
0.5215074020301228
0.5215007822935133
0.52149415867373
0.5214875311694745
0.5214808997795471
0.5214742645028441
0.5214676253383601
0.5214609822851861
0.5214543353425108
0.5214476845096202
0.5214410297858975
0.5214343711708223
0.521427708663972
0.5214210422650211
0.5214143719737405
0.5214076977899988
0.5214010197137608
0.5213943377450886
0.5213876518841408
0.521380962131173
0.5213742684865369
0.5213675709506814
0.521360869524152
0.5213541642075901
0.5213474550017335
0.5213407419074169
0.5213340249255707
0.5213273040572215
0.521320579303492
0.5213138506656009
0.5213071181448627
0.521300381742688
0.5212936414605821
0.521286897300147
0.5212801492630793
0.5212733973511718
0.5212666415663119
0.5212598819104821
0.5212531183857602
0.5212463509943187
0.5212395797384252
0.5212328046204413
0.521226025642824
0.521219242808124
0.5212124561189864
0.5212056655781504
0.5211988711884495
0.5211920729528106
0.5211852708742545
0.5211784649558955
0.5211716552009411
0.5211648416126926
0.5211580241945437
0.5211512029499814
0.5211443778825855
0.5211375489960277
0.521130716294073
0.5211238797805783
0.5211170394594924
0.5211101953348564
0.5211033474108022
0.5210964956915544
0.521089640181428
0.5210827808848297
0.5210759178062571
0.521069050950298
0.5210621803216315
0.5210553059250264
0.5210484277653421
0.5210415458475275
0.5210346601766219
0.5210277707577534
0.52102087759614
0.521013980697088
0.5210070800659934
0.5210001757083399
0.5209932676297008
0.5209863558357362
0.5209794403321953
0.5209725211249143
0.5209655982198168
0.5209586716229142
0.5209517413403042
0.5209448073781717
0.5209378697427877
0.5209309284405095
0.5209239834777806
0.5209170348611296
0.5209100825971708
0.5209031266926045
0.520896167154214
0.5208892039888688
0.5208822372035227
0.5208752668052119
0.5208682928010585
0.5208613151982666
0.5208543340041241
0.5208473492260016
0.5208403608713525
0.5208333689477125
0.520826373462699
0.5208193744240115
0.5208123718394306
0.5208053657168181
0.520798356064117
0.5207913428893497
0.5207843262006199
0.5207773060061107
0.5207702823140846
0.5207632551328834
0.5207562244709276
0.5207491903367168
0.5207421527388278
0.5207351116859165
0.5207280671867154
0.5207210192500342
0.5207139678847602
0.5207069130998564
0.5206998549043623
0.5206927933073933
0.5206857283181398
0.5206786599458676
0.5206715881999175
0.5206645130897042
0.5206574346247164
0.5206503528145165
0.5206432676687405
0.5206361791970968
0.5206290874093664
0.5206219923154026
0.5206148939251303
0.5206077922485461
0.5206006872957168
0.5205935790767806
0.5205864676019453
0.520579352881489
0.5205722349257587
0.5205651137451707
0.5205579893502097
0.520550861751429
0.5205437309594492
0.5205365969849585
0.5205294598387119
0.5205223195315314
0.5205151760743044
0.5205080294779847
0.520500879753591
0.5204937269122071
0.5204865709649807
0.5204794119231244
0.5204722497979137
0.5204650846006873
0.5204579163428469
0.5204507450358562
0.5204435706912408
0.5204363933205878
0.5204292129355452
0.5204220295478212
0.5204148431691844
0.5204076538114631
0.5204004614865443
0.5203932662063738
0.5203860679829562
0.5203788668283524
0.5203716627546825
0.5203644557741219
0.5203572458989035
0.520350033141315
0.5203428175137004
0.520335599028458
0.5203283776980414
0.5203211535349574
0.5203139265517667
0.5203066967610825
0.5202994641755716
0.5202922288079519
0.5202849906709935
0.5202777497775172
0.5202705061403944
0.520263259772547
0.520256010686946
0.5202487588966118
0.5202415044146137
0.5202342472540682
0.5202269874281404
0.5202197249500424
0.5202124598330319
0.520205192090414
0.5201979217355385
0.5201906487818007
0.5201833732426403
0.5201760951315413
0.5201688144620306
0.5201615312476788
0.5201542455020987
0.5201469572389452
0.5201396664719145
0.5201323732147437
0.520125077481211
0.5201177792851329
0.5201104786403672
0.520103175560809
0.5200958700603926
0.5200885621530897
0.520081251852909
0.5200739391738965
0.5200666241301337
0.5200593067357384
0.5200519870048629
0.5200446649516945
0.520037340590454
0.5200300139353962
0.5200226850008084
0.5200153538010104
0.5200080203503541
0.5200006846632221
0.5199933467540285
0.519986006637217
0.519978664327261
0.5199713198386631
0.5199639731859547
0.5199566243836946
0.5199492734464696
0.5199419203888929
0.5199345652256044
0.5199272079712695
0.519919848640579
0.5199124872482486
0.519905123809017
0.5198977583376478
0.519890390848927
0.5198830213576624
0.5198756498786848
0.5198682764268456
0.5198609010170168
0.5198535236640912
0.5198461443829805
0.5198387631886161
0.5198313800959474
0.5198239951199418
0.519816608275584
0.5198092195778757
0.5198018290418348
0.5197944366824945
0.5197870425149036
0.5197796465541248
0.5197722488152354
0.5197648493133256
0.5197574480634987
0.5197500450808696
0.5197426403805661
0.5197352339777259
0.5197278258874982
0.5197204161250412
0.5197130047055231
0.5197055916441212
0.51969817695602
0.5196907606564134
0.5196833427605007
0.5196759232834884
0.5196685022405895
0.5196610796470217
0.5196536555180081
0.5196462298687756
0.5196388027145551
0.5196313740705808
0.5196239439520891
0.5196165123743187
0.5196090793525096
0.5196016449019027
0.5195942090377395
0.5195867717752607
0.5195793331297067
0.5195718931163166
0.5195644517503266
0.5195570090469718
0.5195495650214833
0.5195421196890887
0.5195346730650116
0.5195272251644707
0.5195197760026796
0.5195123255948458
0.5195048739561706
0.5194974211018479
0.5194899670470647
0.5194825118069994
0.5194750553968217
0.5194675978316925
0.5194601391267626
0.5194526792971728
0.5194452183580526
0.5194377563245203
0.5194302932116822
0.5194228290346323
0.5194153638084514
0.5194078975482066
0.5194004302689504
0.5193929619857218
0.5193854927135434
0.5193780224674225
0.51937055126235
0.5193630791132999
0.519355606035229
0.5193481320430757
0.5193406571517603
0.5193331813761841
0.5193257047312284
0.5193182272317551
0.5193107488926048
0.5193032697285973
0.5192957897545311
0.5192883089851815
0.519280827435302
0.5192733451196225
0.5192658620528492
0.519258378249664
0.5192508937247239
0.5192434084926607
0.51923592256808
0.5192284359655619
0.5192209486996587
0.5192134607848962
0.5192059722357711
0.5191984830667531
0.5191909932922822
0.5191835029267691
0.5191760119845947
0.5191685204801096
0.5191610284276336
0.5191535358414544
0.5191460427358287
0.5191385491249804
0.5191310550231006
0.5191235604443474
0.5191160654028444
0.5191085699126815
0.5191010739879134
0.5190935776425597
0.5190860808906044
0.5190785837459948
0.5190710862226422
0.5190635883344203
0.5190560900951652
0.519048591518675
0.519041092618709
0.519033593408988
0.5190260939031928
0.5190185941149644
0.5190110940579038
0.5190035937455706
0.5189960931914835
0.5189885924091193
0.5189810914119127
0.5189735902132558
0.5189660888264973
0.5189585872649429
0.5189510855418544
0.5189435836704487
0.5189360816638985
0.5189285795353309
0.5189210772978273
0.5189135749644235
0.5189060725481084
0.5188985700618243
0.5188910675184658
0.5188835649308805
0.518876062311867
0.518868559674176
0.5188610570305091
0.5188535543935183
0.5188460517758064
0.5188385491899257
0.5188310466483782
0.5188235441636145
0.5188160417480346
0.5188085394139867
0.5188010371737666
0.5187935350396178
0.5187860330237312
0.5187785311382442
0.5187710293952411
0.518763527806752
0.5187560263847526
0.5187485251411647
0.518741024087854
0.5187335232366319
0.5187260225992534
0.518718522187418
0.5187110220127683
0.5187035220868909
0.5186960224213144
0.5186885230275109
0.5186810239168942
0.5186735251008204
0.5186660265905869
0.5186585283974328
0.5186510305325377
0.5186435330070223
0.5186360358319474
0.518628539018314
0.5186210425770625
0.5186135465190734
0.5186060508551659
0.5185985555960976
0.5185910607525653
0.5185835663352039
0.5185760723545862
0.5185685788212224
0.5185610857455608
0.5185535931379861
0.5185461010088199
0.5185386093683209
0.5185311182266836
0.5185236275940389
0.518516137480453
0.5185086478959282
0.5185011588504014
0.5184936703537448
0.5184861824157658
0.5184786950462057
0.51847120825474
0.5184637220509791
0.518456236444466
0.5184487514446782
0.5184412670610259
0.5184337833028531
0.5184263001794357
0.5184188176999832
0.518411335873637
0.5184038547094709
0.5183963742164909
0.5183888944036343
0.5183814152797708
0.5183739368537007
0.5183664591341559
0.5183589821297994
0.5183515058492248
0.5183440303009568
0.5183365554934498
0.5183290814350892
0.5183216081341901
0.5183141355989983
0.5183066638376879
0.5182991928583637
0.5182917226690598
0.5182842532777394
0.5182767846922951
0.5182693169205479
0.5182618499702484
0.5182543838490749
0.518246918564635
0.5182394541244647
0.5182319905360275
0.518224527806716
0.5182170659438503
0.5182096049546783
0.5182021448463756
0.5181946856260455
0.5181872273007191
0.5181797698773544
0.5181723133628369
0.5181648577639792
0.5181574030875216
0.51814994934013
0.5181424965283985
0.5181350446588472
0.5181275937379233
0.5181201437720003
0.5181126947673782
0.5181052467302838
0.51809779966687
0.5180903535832158
0.5180829084853266
0.5180754643791339
0.5180680212704953
0.5180605791651944
0.5180531380689409
0.51804569798737
0.5180382589260429
0.5180308208904469
0.5180233838859944
0.5180159479180244
0.5180085129918004
0.5180010791125127
0.5179936462852761
0.5179862145151318
0.5179787838070461
0.517971354165911
0.5179639255965439
0.5179564981036872
0.5179490716920097
0.5179416463661046
0.5179342221304913
0.5179267989896144
0.5179193769478433
0.5179119560094738
0.5179045361787261
0.5178971174597468
0.5178896998566068
0.5178822833733037
0.5178748680137591
0.5178674537818218
0.517860040681264
0.5178526287157851
0.5178452178890092
0.5178378082044859
0.5178303996656908
0.5178229922760249
0.5178155860388145
0.517808180957312
0.5178007770346954
0.5177933742740685
0.5177859726784607
0.5177785722508272
0.5177711729940497
0.5177637749109352
0.5177563780042168
0.517748982276554
0.517741587730532
0.5177341943686624
0.5177268021933834
0.5177194112070589
0.5177120214119795
0.5177046328103625
0.5176972454043512
0.5176898591960161
0.517682474187354
0.5176750903802886
0.5176677077766707
0.5176603263782779
0.5176529461868145
0.5176455672039126
0.5176381894311315
0.5176308128699569
0.5176234375218032
0.5176160633880116
0.517608690469851
0.5176013187685186
0.5175939482851386
0.5175865790207639
0.5175792109763755
0.5175718441528816
0.5175644785511201
0.5175571141718566
0.5175497510157854
0.5175423890835293
0.5175350283756402
0.5175276688925989
0.5175203106348155
0.5175129536026287
0.5175055977963069
0.517498243216048
0.5174908898619797
0.5174835377341591
0.5174761868325731
0.5174688371571394
0.5174614887077051
0.5174541414840482
0.5174467954858766
0.5174394507128295
0.5174321071644761
0.5174247648403174
0.5174174237397848
0.5174100838622415
0.5174027452069818
0.517395407773232
0.5173880715601495
0.5173807365668239
0.5173734027922771
0.517366070235463
0.5173587388952681
0.5173514087705113
0.5173440798599442
0.5173367521622517
0.5173294256760516
0.5173221003998948
0.5173147763322659
0.5173074534715832
0.5173001318161986
0.5172928113643981
0.5172854921144021
0.5172781740643652
0.5172708572123764
0.5172635415564597
0.5172562270945744
0.5172489138246137
0.5172416017444077
0.517234290851721
0.5172269811442541
0.5172196726196436
0.5172123652754621
0.5172050591092187
0.5171977541183584
0.5171904503002638
0.5171831476522537
0.5171758461715842
0.5171685458554489
0.5171612467009785
0.5171539487052419
0.5171466518652459
0.5171393561779349
0.5171320616401923
0.5171247682488394
0.5171174760006371
0.5171101848922844
0.5171028949204195
0.5170956060816213
0.5170883183724064
0.5170810317892329
0.5170737463284976
0.5170664619865384
0.5170591787596337
0.5170518966440019
0.5170446156358026
0.5170373357311367
0.5170300569260468
0.517022779216516
0.5170155025984701
0.517008227067776
0.5170009526202443
0.5169936792516263
0.516986406957617
0.516979135733854
0.5169718655759179
0.516964596479333
0.5169573284395665
0.51695006145203
0.5169427955120787
0.5169355306150121
0.5169282667560744
0.5169210039304543
0.5169137421332849
0.5169064813596451
0.5168992216045588
0.5168919628629955
0.5168847051298708
0.5168774484000458
0.5168701926683283
0.5168629379294721
0.5168556841781782
0.5168484314090941
0.5168411796168149
0.5168339287958824
0.5168266789407866
0.5168194300459652
0.5168121821058039
0.5168049351146365
0.5167976890667457
0.5167904439563626
0.5167831997776675
0.5167759565247896
0.5167687141918076
0.5167614727727502
0.5167542322615958
0.5167469926522723
0.5167397539386589
0.5167325161145844
0.5167252791738292
0.5167180431101241
0.5167108079171517
0.5167035735885451
0.5166963401178903
0.5166891074987239
0.5166818757245356
0.5166746447887673
0.5166674146848127
0.5166601854060195
0.5166529569456875
0.5166457292970696
0.5166385024533731
0.516631276407758
0.5166240511533389
0.5166168266831839
0.516609602990316
0.5166023800677122
0.5165951579083048
0.5165879365049808
0.5165807158505825
0.516573495937907
0.5165662767597082
0.5165590583086952
0.5165518405775329
0.516544623558843
0.5165374072452031
0.5165301916291484
0.51652297670317
0.516515762459717
0.5165085488911951
0.5165013359899682
0.5164941237483573
0.516486912158642
0.5164797012130595
0.5164724909038061
0.5164652812230357
0.516458072162862
0.5164508637153568
0.5164436558725516
0.5164364486264374
0.5164292419689648
0.5164220358920435
0.5164148303875442
0.5164076254472968
0.5164004210630926
0.5163932172266825
0.5163860139297791
0.5163788111640553
0.5163716089211454
0.5163644071926455
0.5163572059701127
0.5163500052450658
0.516342805008986
0.5163356052533162
0.5163284059694622
0.5163212071487914
0.5163140087826346
0.5163068108622857
0.5162996133790008
0.5162924163239995
0.5162852196884654
0.5162780234635452
0.5162708276403496
0.5162636322099529
0.5162564371633939
0.5162492424916754
0.516242048185765
0.5162348542365949
0.5162276606350618
0.5162204673720279
0.5162132744383198
0.5162060818247305
0.5161988895220174
0.5161916975209044
0.5161845058120806
0.5161773143862018
0.5161701232338893
0.5161629323457309
0.5161557417122807
0.5161485513240599
0.5161413611715564
0.5161341712452241
0.5161269815354854
0.5161197920327291
0.5161126027273113
0.516105413609556
0.5160982246697545
0.5160910358981665
0.5160838472850194
0.5160766588205083
0.5160694704947972
0.5160622822980182
0.5160550942202716
0.516047906251627
0.5160407183821223
0.5160335306017647
0.5160263429005304
0.5160191552683646
0.5160119676951819
0.5160047801708663
0.5159975926852718
0.5159904052282215
0.5159832177895087
0.5159760303588968
0.5159688429261189
0.5159616554808784
0.5159544680128489
0.5159472805116753
0.5159400929669716
0.5159329053683235
0.515925717705287
0.5159185299673893
0.515911342144128
0.5159041542249727
0.5158969661993632
0.5158897780567113
0.5158825897863998
0.5158754013777833
0.5158682128201877
0.5158610241029107
0.5158538352152218
0.5158466461463623
0.5158394568855454
0.5158322674219566
0.5158250777447535
0.5158178878430655
0.5158106977059947
0.5158035073226156
0.515796316681975
0.5157891257730924
0.5157819345849598
0.5157747431065417
0.5157675513267759
0.5157603592345724
0.5157531668188149
0.5157459740683595
0.5157387809720354
0.5157315875186451
0.5157243936969641
0.5157171994957412
0.5157100049036986
0.5157028099095319
0.5156956145019097
0.5156884186694747
0.5156812224008425
0.5156740256846026
0.5156668285093183
0.5156596308635262
0.5156524327357365
0.5156452341144337
0.5156380349880757
0.5156308353450942
0.5156236351738953
0.5156164344628584
0.5156092332003368
0.5156020313746585
0.5155948289741248
0.5155876259870114
0.5155804224015678
0.5155732182060179
0.5155660133885593
0.5155588079373643
0.5155516018405791
0.515544395086324
0.5155371876626931
0.5155299795577555
0.5155227707595542
0.5155155612561064
0.5155083510354032
0.5155011400854104
0.5154939283940679
0.51548671594929
0.5154795027389651
0.5154722887509555
0.5154650739730986
0.5154578583932055
0.5154506419990612
0.5154434247784258
0.5154362067190329
0.5154289878085906
0.5154217680347812
0.5154145473852615
0.5154073258476617
0.5154001034095868
0.5153928800586156
0.5153856557823011
0.5153784305681705
0.5153712044037249
0.5153639772764395
0.5153567491737633
0.5153495200831196
0.5153422899919053
0.5153350588874919
0.5153278267572237
0.5153205935884194
0.5153133593683715
0.515306124084346
0.5152988877235827
0.5152916502732952
0.5152844117206706
0.5152771720528692
0.5152699312570255
0.5152626893202468
0.5152554462296137
0.515248201972181
0.5152409565349755
0.5152337099049984
0.5152264620692233
0.5152192130145968
0.5152119627280392
0.5152047111964428
0.5151974584066737
0.51519020434557
0.5151829489999428
0.5151756923565759
0.5151684344022256
0.515161175123621
0.5151539145074627
0.5151466525404247
0.5151393892091523
0.5151321245002634
0.5151248584003476
0.5151175908959672
0.5151103219736555
0.515103051619918
0.5150957798212316
0.515088506564045
0.5150812318347783
0.5150739556198229
0.5150666779055415
0.5150593986782678
0.5150521179243064
0.5150448356299334
0.5150375517813954
0.5150302663649093
0.5150229793666633
0.5150156907728154
0.5150084005694943
0.5150011087427986
0.5149938152787976
0.5149865201635299
0.5149792233830042
0.514971924923199
0.5149646247700624
0.5149573229095118
0.5149500193274338
0.5149427140096844
0.5149354069420883
0.5149280981104395
0.5149207875005006
0.5149134750980028
0.5149061608886456
0.5148988448580969
0.5148915269919928
0.5148842072759374
0.5148768856955028
0.5148695622362284
0.5148622368836213
0.5148549096231562
0.5148475804402746
0.5148402493203856
0.5148329162488647
0.5148255812110543
0.5148182441922635
0.5148109051777672
0.5148035641528075
0.5147962211025915
0.5147888760122931
0.5147815288670506
0.5147741796519694
0.514766828352119
0.5147594749525343
0.5147521194382157
0.5147447617941276
0.5147374020051994
0.5147300400563248
0.5147226759323618
0.5147153096181318
0.5147079410984211
0.5147005703579784
0.5146931973815165
0.5146858221537113
0.5146784446592017
0.5146710648825888
0.5146636828084374
0.5146562984212737
0.5146489117055865
0.5146415226458262
0.5146341312264053
0.5146267374316977
0.5146193412460387
0.514611942653724
0.5146045416390111
0.5145971381861174
0.5145897322792212
0.5145823239024607
0.5145749130399337
0.5145674996756987
0.5145600837937726
0.5145526653781319
0.5145452444127125
0.5145378208814086
0.514530394768073
0.5145229660565169
0.5145155347305095
0.5145081007737776
0.5145006641700057
0.5144932249028358
0.5144857829558662
0.5144783383126529
0.514470890956708
0.5144634408714994
0.5144559880404522
0.5144485324469458
0.5144410740743162
0.5144336129058541
0.5144261489248054
0.5144186821143704
0.5144112124577039
0.5144037399379152
0.5143962645380669
0.5143887862411755
0.5143813050302106
0.5143738208880955
0.514366333797705
0.5143588437418679
0.514351350703364
0.5143438546649253
0.5143363556092356
0.5143288535189301
0.5143213483765945
0.5143138401647658
0.5143063288659309
0.5142988144625276
0.5142912969369429
0.5142837762715132
0.5142762524485246
0.514268725450212
0.5142611952587589
0.514253661856297
0.5142461252249059
0.5142385853466134
0.5142310422033939
0.5142234957771694
0.5142159460498088
0.5142083930031268
0.5142008366188844
0.5141932768787888
0.514185713764492
0.5141781472575915
0.5141705773396292
0.5141630039920924
0.5141554271964113
0.5141478469339607
0.5141402631860582
0.5141326759339655
0.5141250851588859
0.5141174908419658
0.5141098929642937
0.5141022915068995
0.5140946864507547
0.5140870777767719
0.514079465465804
0.5140718494986447
0.5140642298560272
0.5140566065186246
0.5140489794670495
0.5140413486818528
0.5140337141435244
0.5140260758324919
0.5140184337291211
0.5140107878137152
0.5140031380665141
0.513995484467695
0.5139878269973703
0.5139801656355896
0.5139725003623373
0.5139648311575332
0.5139571580010315
0.5139494808726215
0.5139417997520258
0.5139341146189014
0.5139264254528375
0.5139187322333568
0.5139110349399147
0.5139033335518981
0.5138956280486255
0.5138879184093471
0.5138802046132438
0.5138724866394266
0.5138647644669367
0.5138570380747455
0.513849307441753
0.5138415725467874
0.5138338333686069
0.5138260898858964
0.5138183420772688
0.5138105899212639
0.5138028333963489
0.5137950724809163
0.5137873071532847
0.5137795373916987
0.5137717631743276
0.5137639844792651
0.5137562012845291
0.5137484135680614
0.5137406213077267
0.5137328244813129
0.5137250230665299
0.5137172170410099
0.5137094063823063
0.5137015910678939
0.5136937710751674
0.5136859463814425
0.5136781169639537
0.5136702827998557
0.513662443866221
0.5136546001400408
0.5136467515982244
0.5136388982175981
0.5136310399749052
0.5136231768468056
0.5136153088098749
0.5136074358406042
0.5135995579154
0.5135916750105829
0.5135837871023878
0.513575894166963
0.5135679961803699
0.5135600931185828
0.5135521849574877
0.5135442716728824
0.5135363532404761
0.5135284296358881
0.5135205008346482
0.5135125668121957
0.513504627543879
0.5134966830049554
0.5134887331705902
0.5134807780158559
0.5134728175157326
0.513464851645107
0.5134568803787715
0.5134489036914244
0.5134409215576687
0.5134329339520125
0.5134249408488673
0.5134169422225481
0.5134089380472735
0.5134009282971637
0.513392912946241
0.5133848919684295
0.5133768653375537
0.513368833027338
0.5133607950114074
0.5133527512632854
0.5133447017563942
0.5133366464640546
0.5133285853594842
0.5133205184157981
0.5133124456060072
0.5133043669030192
0.5132962822796363
0.5132881917085557
0.5132800951623687
0.5132719926135603
0.5132638840345086
0.5132557693974837
0.5132476486746483
0.5132395218380559
0.5132313888596505
0.513223249711267
0.513215104364629
0.5132069527913499
0.5131987949629306
0.5131906308507603
0.5131824604261155
0.5131742836601586
0.5131661005239392
0.5131579109883907
0.5131497150243328
0.5131415126024681
0.5131333036933838
0.5131250882675493
0.5131168662953167
0.5131086377469194
0.5131004025924727
0.5130921608019714
0.5130839123452909
0.5130756571921853
0.5130673953122873
0.5130591266751081
0.5130508512500356
0.5130425690063347
0.5130342799131462
0.513025983939486
0.5130176810542453
0.513009371226189
0.5130010544239555
0.5129927306160562
0.5129843997708742
0.5129760618566643
0.5129677168415521
0.5129593646935333
0.5129510053804731
0.5129426388701055
0.5129342651300319
0.5129258841277224
0.5129174958305132
0.5129091002056061
0.5129006972200691
0.5128922868408344
0.5128838690346986
0.5128754437683207
0.5128670110082237
0.5128585707207912
0.5128501228722688
0.5128416674287624
0.5128332043562372
0.5128247336205183
0.5128162551872884
0.5128077690220887
0.5127992750903162
0.5127907733572252
0.5127822637879246
0.5127737463473785
0.512765221000405
0.5127566877116753
0.5127481464457131
0.512739597166894
0.5127310398394446
0.5127224744274417
0.5127139008948118
0.5127053192053302
0.5126967293226199
0.5126881312101514
0.512679524831242
0.5126709101490542
0.5126622871265953
0.5126536557267177
0.5126450159121165
0.5126363676453294
0.5126277108887362
0.5126190456045576
0.5126103717548548
0.5126016893015282
0.5125929982063169
0.5125842984307979
0.5125755899363854
0.5125668726843301
0.5125581466357173
0.5125494117514676
0.5125406679923357
0.5125319153189082
0.5125231536916051
0.5125143830706766
0.5125056034162047
0.5124968146881
0.5124880168461025
0.5124792098497799
0.5124703936585273
0.5124615682315659
0.5124527335279426
0.5124438895065286
0.5124350361260194
0.5124261733449323
0.512417301121608
0.5124084194142073
0.5123995281807117
0.5123906273789218
0.5123817169664574
0.5123727969007548
0.5123638671390681
0.5123549276384668
0.5123459783558353
0.5123370192478721
0.512328050271089
0.5123190713818098
0.5123100825361697
0.5123010836901145
0.5122920747993993
0.5122830558195878
0.5122740267060513
0.512264987413968
0.5122559378983218
0.5122468781139013
0.5122378080152993
0.5122287275569111
0.5122196366929344
0.5122105353773678
0.5122014235640101
0.5121923012064593
0.5121831682581112
0.5121740246721588
0.512164870401592
0.5121557053991953
0.5121465296175476
0.512137343009021
0.5121281455257803
0.512118937119781
0.5121097177427696
0.512100487346281
0.5120912458816389
0.5120819932999544
0.5120727295521248
0.512063454588832
0.5120541683605428
0.5120448708175072
0.512035561909757
0.512026241587105
0.5120169097991446
0.5120075664952477
0.5119982116245644
0.5119888451360217
0.5119794669783223
0.5119700770999438
0.511960675449138
0.5119512619739284
0.5119418366221106
0.5119323993412508
0.5119229500786842
0.5119134887815144
0.5119040153966128
0.5118945298706162
0.5118850321499264
0.5118755221807098
0.5118659999088947
0.5118564652801717
0.5118469182399916
0.5118373587335647
0.5118277867058596
0.511818202101602
0.5118086048652735
0.5117989949411107
0.511789372273104
0.5117797368049958
0.5117700884802804
0.5117604272422019
0.5117507530337538
0.5117410657976773
0.5117313654764601
0.5117216520123357
0.5117119253472813
0.5117021854230179
0.5116924321810078
0.5116826655624543
0.5116728855083001
0.5116630919592263
0.5116532848556504
0.5116434641377263
0.5116336297453423
0.5116237816181199
0.5116139196954126
0.5116040439163052
0.5115941542196113
0.5115842505438735
0.5115743328273609
0.5115644010080689
0.5115544550237169
0.5115444948117476
0.5115345203093258
0.5115245314533368
0.5115145281803853
0.511504510426794
0.5114944781286024
0.5114844312215651
0.5114743696411506
0.5114642933225413
0.5114542022006295
0.5114440962100185
0.5114339752850204
0.5114238393596541
0.511413688367645
0.5114035222424229
0.5113933409171209
0.5113831443245741
0.5113729323973185
0.5113627050675886
0.5113524622673173
0.5113422039281336
0.5113319299813611
0.5113216403580177
0.511311334988813
0.5113010138041476
0.5112906767341111
0.5112803237084811
0.5112699546567219
0.5112595695079823
0.511249168191095
0.511238750634575
0.5112283167666173
0.5112178665150965
0.5112073998075649
0.5111969165712507
0.5111864167330573
0.5111759002195608
0.5111653669570093
0.5111548168713214
0.5111442498880835
0.5111336659325503
0.5111230649296413
0.5111124468039404
0.5111018114796944
0.5110911588808108
0.5110804889308566
0.5110698015530569
0.5110590966702928
0.5110483742051009
0.5110376340796702
0.5110268762158419
0.5110161005351069
0.511005306958605
0.5109944954071224
0.5109836658010904
0.5109728180605846
0.5109619521053217
0.5109510678546596
0.5109401652275942
0.5109292441427589
0.5109183045184225
0.5109073462724871
0.5108963693224876
0.5108853735855887
0.5108743589785841
0.5108633254178945
0.5108522728195658
0.5108412010992678
0.5108301101722919
0.5108189999535503
0.5108078703575729
0.510796721298507
0.5107855526901146
0.5107743644457711
0.5107631564784634
0.5107519287007878
0.5107406810249494
0.5107294133627586
0.510718125625631
0.5107068177245844
0.5106954895702376
0.5106841410728081
0.5106727721421114
0.5106613826875572
0.5106499726181504
0.5106385418424859
0.51062709026875
0.5106156178047159
0.5106041243577435
0.5105926098347772
0.5105810741423432
0.5105695171865492
0.5105579388730805
0.5105463391072002
0.5105347177937454
0.5105230748371268
0.5105114101413255
0.5104997236098925
0.5104880151459451
0.5104762846521664
0.5104645320308026
0.510452757183661
0.5104409600121087
0.5104291404170694
0.5104172982990233
0.5104054335580024
0.5103935460935914
0.5103816358049239
0.5103697025906806
0.510357746349088
0.5103457669779152
0.510333764374473
0.5103217384356115
0.5103096890577171
0.5102976161367121
0.5102855195680513
0.5102733992467205
0.5102612550672345
0.5102490869236339
0.5102368947094851
0.5102246783178757
0.5102124376414143
0.5102001725722276
0.5101878830019582
0.5101755688217624
0.5101632299223082
0.5101508661937735
0.5101384775258431
0.5101260638077072
0.5101136249280583
0.5101011607750906
0.5100886712364957
0.5100761561994624
0.5100636155506733
0.5100510491763021
0.5100384569620127
0.510025838792956
0.5100131945537683
0.5100005241285677
0.5099878274009534
0.5099751042540026
0.5099623545702681
0.5099495782317759
0.5099367751200237
0.5099239451159778
0.5099110881000708
0.5098982039521993
0.5098852925517218
0.509872353777456
0.5098593875076766
0.5098463936201124
0.5098333719919454
0.5098203224998061
0.5098072450197731
0.5097941394273693
0.5097810055975603
0.5097678434047517
0.5097546527227863
0.5097414334249418
0.5097281853839291
0.5097149084718884
0.5097016025603874
0.5096882675204194
0.5096749032223995
0.5096615095361632
0.5096480863309631
0.5096346334754666
0.5096211508377534
0.5096076382853129
0.5095940956850418
0.5095805229032406
0.5095669198056125
0.5095532862572596
0.5095396221226801
0.5095259272657672
0.5095122015498048
0.5094984448374653
0.5094846569908077
0.5094708378712739
0.5094569873396866
0.509443105256246
0.5094291914805282
0.5094152458714815
0.5094012682874236
0.5093872585860393
0.5093732166243782
0.5093591422588508
0.5093450353452266
0.5093308957386307
0.5093167232935417
0.5093025178637882
0.5092882793025462
0.5092740074623365
0.509259702195022
0.5092453633518038
0.5092309907832197
0.5092165843391405
0.5092021438687668
0.5091876692206275
0.5091731602425755
0.5091586167817853
0.5091440386847497
0.5091294257972776
0.509114777964491
0.5091000950308204
0.5090853768400044
0.5090706232350848
0.5090558340584037
0.509041009151602
0.5090261483556143
0.509011251510668
0.508996318456278
0.5089813490312451
0.5089663430736535
0.5089513004208656
0.5089362209095207
0.5089211043755314
0.5089059506540801
0.5088907595796164
0.5088755309858534
0.5088602647057652
0.508844960571583
0.5088296184147929
0.5088142380661316
0.5087988193555838
0.5087833621123788
0.5087678661649876
0.5087523313411193
0.5087367574677177
0.5087211443709589
0.5087054918762466
0.5086897998082103
0.5086740679907008
0.5086582962467877
0.5086424843987557
0.5086266322681015
0.5086107396755295
0.50859480644095
0.5085788323834747
0.5085628173214137
0.508546761072272
0.5085306634527462
0.5085145242787203
0.5084983433652638
0.508482120526627
0.5084658555762375
0.5084495483266978
0.5084331985897804
0.5084168061764258
0.5084003708967373
0.508383892559979
0.5083673709745711
0.508350805948087
0.5083341972872498
0.5083175447979282
0.5083008482851331
0.5082841075530142
0.508267322404856
0.5082504926430742
0.508233618069213
0.5082166984839397
0.5081997336870425
0.5081827234774263
0.5081656676531083
0.5081485660112156
0.5081314183479805
0.508114224458737
0.508096984137917
0.5080796971790468
0.5080623633747428
0.5080449825167079
0.5080275543957286
0.5080100788016688
0.5079925555234691
0.5079749843491401
0.5079573650657598
0.5079396974594707
0.5079219813154732
0.5079042164180246
0.5078864025504334
0.5078685394950555
0.507850627033291
0.5078326649455797
0.5078146530113964
0.5077965910092489
0.5077784787166719
0.5077603159102239
0.5077421023654831
0.5077238378570434
0.5077055221585098
0.5076871550424952
0.5076687362806154
0.5076502656434854
0.5076317429007152
0.5076131678209057
0.5075945401716446
0.5075758597195018
0.5075571262300255
0.5075383394677383
0.5075194991961322
0.5075006051776647
0.5074816571737553
0.5074626549447797
0.5074435982500669
0.5074244868478943
0.5074053204954827
0.5073860989489933
0.5073668219635229
0.5073474892930985
0.5073281006906746
0.5073086559081268
0.5072891546962499
0.507269596804751
0.5072499819822465
0.5072303099762568
0.5072105805332032
0.5071907933984015
0.5071709483160586
0.5071510450292683
0.5071310832800058
0.5071110628091234
0.5070909833563466
0.5070708446602685
0.5070506464583462
0.5070303884868947
0.5070100704810845
0.5069896921749344
0.5069692533013085
0.5069487535919113
0.5069281927772822
0.5069075705867916
0.5068868867486356
0.5068661409898318
0.5068453330362138
0.5068244626124266
0.5068035294419226
0.5067825332469558
0.5067614737485766
0.5067403506666286
0.5067191637197419
0.5066979126253293
0.5066765970995812
0.5066552168574601
0.5066337716126962
0.5066122610777823
0.5065906849639688
0.5065690429812583
0.5065473348384015
0.5065255602428911
0.5065037189009574
0.5064818105175628
0.5064598347963971
0.506437791439872
0.5064156801491162
0.5063935006239699
0.5063712525629808
0.5063489356633968
0.5063265496211624
0.5063040941309136
0.5062815688859712
0.506258973578337
0.5062363078986873
0.5062135715363693
0.5061907641793933
0.5061678855144296
0.506144935226802
0.5061219130004827
0.5060988185180868
0.5060756514608669
0.5060524115087076
0.5060290983401203
0.5060057116322377
0.5059822510608075
0.5059587163001876
0.5059351070233413
0.5059114229018298
0.5058876636058081
0.5058638288040191
0.5058399181637878
0.5058159313510158
0.5057918680301751
0.5057677278643034
0.5057435105149977
0.5057192156424081
0.5056948429052337
0.5056703919607152
0.5056458624646297
0.5056212540712852
0.505596566433514
0.5055717992026679
0.5055469520286111
0.5055220245597154
0.5054970164428538
0.5054719273233943
0.5054467568451944
0.5054215046505951
0.5053961703804144
0.505370753673942
0.5053452541689326
0.5053196715016002
0.5052940053066117
0.5052682552170814
0.5052424208645642
0.5052165018790499
0.5051904978889565
0.5051644085211249
0.5051382334008114
0.5051119721516827
0.5050856243958088
0.5050591897536574
0.5050326678440867
0.5050060582843399
0.5049793606900383
0.5049525746751754
0.5049256998521099
0.5048987358315598
0.5048716822225956
0.5048445386326339
0.5048173046674315
0.5047899799310775
0.5047625640259884
0.5047350565529002
0.5047074571108625
0.504679765297232
0.504651980707665
0.504624102936112
0.5045961315748101
0.5045680662142761
0.5045399064433009
0.5045116518489415
0.5044833020165153
0.5044548565295921
0.5044263149699884
0.50439767691776
0.5043689419511953
0.5043401096468076
0.50431117957933
0.5042821513217062
0.5042530244450855
0.5042237985188144
0.5041944731104302
0.5041650477856537
0.5041355221083831
0.5041058956406849
0.5040761679427886
0.5040463385730789
0.5040164070880883
0.5039863730424903
0.5039562359890918
0.503925995478826
0.5038956510607455
0.5038652022820145
0.5038346486879012
0.5038039898217714
0.5037732252250806
0.5037423544373663
0.5037113769962405
0.5036802924373834
0.5036491002945349
0.5036178000994869
0.5035863913820762
0.5035548736701776
0.5035232464896947
0.5034915093645539
0.5034596618166958
0.5034277033660678
0.5033956335306164
0.5033634518262797
0.5033311577669792
0.5032987508646125
0.5032662306290453
0.5032335965681035
0.5032008481875655
0.5031679849911543
0.5031350064805296
0.5031019121552796
0.5030687015129136
0.5030353740488538
0.5030019292564273
0.5029683666268572
0.5029346856492563
0.5029008858106179
0.5028669665958077
0.5028329274875558
0.5027987679664487
0.5027644875109214
0.5027300855972479
0.5026955616995349
0.502660915289712
0.502626145837524
0.5025912528105225
0.5025562356740578
0.5025210938912704
0.5024858269230825
0.5024504342281891
0.5024149152630514
0.5023792694818858
0.5023434963366578
0.5023075952770715
0.5022715657505623
0.5022354072022884
0.5021991190751212
0.5021627008096378
0.5021261518441117
0.5020894716145045
0.5020526595544571
0.5020157150952808
0.5019786376659487
0.5019414266930877
0.5019040816009686
0.5018666018114972
0.5018289867442071
0.5017912358162494
0.5017533484423842
0.5017153240349719
0.501677162003964
0.5016388617568949
0.5016004226988721
0.5015618442325673
0.5015231257582083
0.5014842666735688
0.5014452663739609
0.5014061242522239
0.5013668396987172
0.5013274121013105
0.5012878408453747
0.5012481253137725
0.5012082648868496
0.5011682589424257
0.5011281068557847
0.5010878079996665
0.5010473617442563
0.5010067674571774
0.50096602450348
0.5009251322456334
0.5008840900435153
0.500842897254404
0.5008015532329684
0.5007600573312584
0.5007184088986961
0.5006766072820663
0.5006346518255068
0.5005925418704998
0.5005502767558617
0.5005078558177339
0.5004652783895741
0.5004225438021461
0.5003796513835108
0.5003366004590161
0.5002933903512886
0.5002500203802233
0.5002064898629741
0.5001627981139457
0.5001189444447818
0.5000749281643574
0.5000307485787694
0.49998640499132574
0.49994189670253736
0.49989722301010764
0.49985238320892394
0.4998073765910473
0.4997622024457032
0.4997168600592723
0.49967134871528057
0.49962566769439043
0.4995798162743904
0.4995337937301865
0.4994875993337925
0.4994412323543198
0.4993946920579691
0.4993479777080203
0.49930108856482297
0.49925402388578766
0.49920678292537524
0.49915936493508895
0.4991117691634638
0.49906399485605796
0.4990160412554431
0.4989679076011951
0.4989195931298845
0.4988710970750679
0.4988224186672777
0.4987735571340135
0.49872451169973264
0.4986752815858413
0.4986258660106847
0.49857626418953827
0.4985264753345989
0.49847649865497456
0.49842633335667685
0.4983759786426111
0.49832543371256693
0.49827469776321026
0.49822376998807355
0.4981726495775473
0.49812133571887096
0.49806982759612445
0.4980181243902183
0.4979662252788867
0.49791412943667723
0.49786183603494294
0.49780934424183343
0.4977566532222858
0.49770376213801804
0.49765067014751824
0.4975973764060371
0.49754388006558065
0.49749018027489966
0.4974362761794836
0.49738216692155157
0.4973278516400433
0.49727332947061315
0.4972185995456201
0.4971636609941211
0.4971085129418632
0.4970531545112744
0.49699758482145795
0.49694180298818325
0.49688580812387917
0.4968295993376259
0.4967731757351481
0.49671653641880803
0.4966596804875969
0.496602607037129
0.49654531515963474
0.49648780394395275
0.4964300724755243
0.4963721198363854
0.49631394510516114
0.49625554735705846
0.4961969256638602
0.496138079093919
0.4960790067121503
0.49601970758002734
0.495960180755574
0.49590042529336
0.49584044024449536
0.4957802246566233
0.4957197775739163
0.49565909803707064
0.49559818508330017
0.4955370377463327
0.4954756550564038
0.4954140360402528
0.495352179721118
0.49529008511873235
0.495227751249319
0.49516517712558694
0.49510236175672706
0.49503930414840913
0.49497600330277686
0.49491245821844543
0.49484866789049725
0.49478463131047956
0.49472034746640176
0.4946558153427311
0.49459103392039155
0.49452600217676135
0.4944607190856692
0.4943951836173941
0.494329394738663
0.49426335141264816
0.49419705259896696
0.49413049725368047
0.494063684329292
0.4939966127747461
0.4939292815354292
0.49386168955316834
0.49379383576623126
0.4937257191093262
0.49365733851360316
0.4935886929066539
0.49351978121251283
0.49345060235165783
0.4933811552410127
0.49331143879394745
0.4932414519202809
0.49317119352628347
0.49310066251467766
0.4930298577846427
0.49295877823181705
0.492887422748301
0.49281579022266014
0.49274387953993104
0.492671689581623
0.49259921922572414
0.4925264673467049
0.49245343281552456
0.49238011449963576
0.4923065112629898
0.4922326219660437
0.49215844546576604
0.4920839806156432
0.49200922626568727
0.49193418126244315
0.4918588444489961
0.4917832146649795
0.4917072907465843
0.49163107152656704
0.491554555834259
0.4914777424955764
0.49140063033303005
0.49132321816573554
0.49124550480942325
0.49116748907645164
0.4910891697758165
0.4910105457131641
0.4909316156908032
0.4908523785077176
0.49077283295958013
0.490692977838765
0.49061281193436324
0.4905323340321964
0.4904515429148313
0.4903704373615957
0.4902890161485951
0.49020727804872705
0.49012522183169976
0.4900428462640484
0.4899601501091533
0.4898771321272577
0.4897937910754869
0.4897101257078674
0.48962613477534656
0.48954181702581245
0.4894571712041158
0.48937219605208937
0.4892868903085717
0.4892012527094282
0.4891152819875747
0.48902897687300007
0.48894233609279125
0.4888553583711567
0.4887680424294524
0.48868038698620697
0.4885923907571485
0.4885040524552301
0.48841537079065905
0.4883263444709232
0.48823697220082096
0.48814725268248954
0.4880571846154349
0.4879667666965631
0.48787599762021
0.4877848760781741
0.48769340075974826
0.4876015703517529
0.4875093835385699
0.48741683900217647
0.4873239354221801
0.48723067147585486
0.4871370458381771
0.4870430571818622
0.48694870417740355
0.48685398549310915
0.4867588997951424
0.4866634457475605
0.4865676220123556
0.4864714272494963
0.48637486011696973
0.48627791927082276
0.4861806033652071
0.4860829110524228
0.48598484098296324
0.485886391805561
0.4857875621672334
0.4856883507133312
0.4855887560875858
0.48548877693215753
0.48538841188768617
0.48528765959334064
0.48518651868687057
0.4850849878046579
0.48498306558176985
0.4848807506520127
0.4847780416479859
0.48467493720113725
0.48457143594181945
0.4844675364993466
0.4843632375020522
0.4842585375773474
0.4841534353517809
0.4840479294510994
0.48394201850030827
0.483835701123734
0.4837289759450868
0.4836218415875253
0.48351429667372026
0.48340633982592096
0.4832979696660211
0.48318918481562667
0.4830799838961245
0.48297036552875067
0.48286032833466175
0.4827498709350049
0.4826389919509905
0.4825276900039654
0.482415963715486
0.4823038117073935
0.48219123260188956
0.48207822502161335
0.48196478758971956
0.48185091892995524
0.48173661766674186
0.48162188242525406
0.48150671183150223
0.48139110451241424
0.48127505909591956
0.48115857421103325
0.48104164848794206
0.48092428055809006
0.48080646905426616
0.4806882126106933
0.4805695098631172
0.48045035944889636
0.4803307600070945
0.48021071017857203
0.48009020860608
0.47996925393435425
0.4798478448102104
0.47972597988264115
0.47960365780291275
0.4794808772246643
0.4793576368040062
0.4792339351996213
0.47910977107286584
0.47898514308787266
0.4788600499116535
0.47873449021420456
0.4786084626686109
0.4784819659511539
0.4783549987414185
0.47822755972240105
0.4780996475806194
0.4779712610062236
0.47784239869310663
0.47771305933901764
0.4775832416456752
0.4774529443188814
0.47732216606863814
0.4771909056092629
0.4770591616595068
0.47692693294267247
0.47679421818673384
0.47666101612445705
0.4765273254935206
0.4763931450366389
0.476258473501685
0.47612330964181554
0.4759876522155945
0.4758514999871219
0.47571485172615835
0.4755777062082545
0.47544006221488067
0.47530191853355497
0.47516327395797614
0.475024127288154
0.47488447733054284
0.47474432289817475
0.4746036628107939
0.4744624958949932
0.4743208209843483
0.4741786369195567
0.4740359425485752
0.4738927367267581
0.47374901831699767
0.4736047861898642
0.4734600392237477
0.4733147763049996
0.47316899632807574
0.4730226981956803
0.4728758808189105
0.4727285431174011
0.4725806840194709
0.47243230246226964
0.4722833973919252
0.47213396776369143
0.4719840125420978
0.4718335307010983
0.47168252122422133
0.4715309831047224
0.47137891534573295
0.4712263169604143
0.4710731869721102
0.47091952441449947
0.47076532833174994
0.470610597778674
0.470455331820882
0.4702995295349387
0.47014319000851923
0.4699863123405649
0.4698288956414415
0.4696709390330946
0.4695124416492094
0.4693534026353677
0.46919382114920677
0.46903369636057846
0.46887302745170856
0.46871181361735614
0.4685500540649729
0.46838774801486505
0.4682248947003519
0.4680614933679274
0.4678975432774207
0.46773304370215785
0.46756799392912163
0.4674023932591141
0.46723624100691785
0.46706953650145666
0.4669022790859579
0.46673446811811353
0.4665661029702423
0.46639718302945066
0.46622770769779426
0.46605767639244
0.4658870885458267
0.46571594360582586
0.4655442410359044
0.4653719803152826
0.46519916093909763
0.46502578241856163
0.46485184428112264
0.46467734607062416
0.4645022873474642
0.4643266676887545
0.4641504866884789
0.4639737439576517
0.4637964391244742
0.4636185718344934
0.4634401417507567
0.4632611485539695
0.4630815919426491
0.4629014716332803
0.4627207873604692
0.4625395388770959
0.4623577259544677
0.46217534838247054
0.46199240596971947
0.4618088985437097
0.46162482595096427
0.46144018805718373
0.4612549847473925
0.46106921592608496
0.4608828815173712
0.4606959814651208
0.46050851573310536
0.4603204843051415
0.46013188718522996
0.45994272439769607
0.4597529959873275
0.4595627020195111
0.45937184258036784
0.459180417776888
0.4589884277370624
0.45879587261001475
0.45860275256613053
0.4584090677971855
0.45821481851647194
0.45802000495892387
0.45782462738123997
0.457628686062005
0.45743218130181046
0.4572351134233714
0.4570374827716434
0.45683928971393645
0.45664053464002774
0.45644121796227194
0.4562413401157097
0.45604090155817395
0.4558399027703944
0.4556383442561004
0.4554362265421202
0.45523355017847966
0.45503031573849717
0.4548265238188785
0.45462217503980656
0.45441727004503124
0.4542118095019556
0.4540057941017198
0.4537992245592831
0.4535921016135026
0.4533844260272098
0.45317619858728553
0.45296742010473007
0.45275809141473317
0.4525482133767392
0.4523377868745109
0.45212681281619077
0.45191529213435716
0.4517032257860813
0.45149061475297836
0.4512774600412564
0.45106376268176407
0.4508495237300326
0.4506347442663172
0.4504194253956334
0.45020356824779273
0.44998717397743226
0.4497702437640442
0.4495527788119995
0.4493347803505709
0.4491162496339502
0.4488971879412637
0.44867759657658524
0.44845747686894344
0.44823683017232757
0.44801565786568975
0.44779396135294297
0.4475717420629566
0.4473490014495477
0.4471257409914694
0.4469019621923957
0.44667766658090224
0.4464528557104444
0.4462275311593307
0.4460016945306942
0.44577534745245784
0.4455484915772996
0.4453211285826104
0.4450932601704504
0.4448648880675016
0.44463601402501607
0.44440663981876066
0.4441767672489579
0.44394639814022313
0.4437155343414987
0.4434841777259824
0.4432523301910549
0.44301999365820055
0.442787170072926
0.4425538614046748
0.4423200696467382
0.4420857968161612
0.4418510449536459
0.4416158161234507
0.44138011241328495
0.4411439359342002
0.4409072888204787
0.4406701732295156
0.44043259134169915
0.44019454536028624
0.43995603751127516
0.4397170700432722
0.4394776452273569
0.4392377653569421
0.4389974327476297
0.43875664973706413
0.4385154186847805
0.43827374197204916
0.4380316220017174
0.4377890611980458
0.4375460620065421
0.4373026268937908
0.4370587583472784
0.4368144588752153
0.43656973100635443
0.43632457728980567
0.4360790002948458
0.435833002610726
0.4355865868464748
0.435339755630698
0.43509251161137424
0.4348448574556468
0.43459679584961336
0.43434832949810964
0.43409946112449194
0.4338501934704143
0.4336005292956033
0.43335047137762794
0.43310002251166935
0.4328491855102814
0.43259796320315447
0.4323463584368696
0.43209437407465534
0.4318420129961359
0.43158927809707937
0.4313361722891413
0.431082698499606
0.4308288596711236
0.4305746587614443
0.43032009874315047
0.4300651826033849
0.4298099133435748
0.42955429397915557
0.4292983275392894
0.42904201706658196
0.4287853656167957
0.4285283762585609
0.42827105207308414
0.4280133961538527
0.42775541160633734
0.4274971015476928
0.4272384691064557
0.42697951742223794
0.4267202496454201
0.42646066893684176
0.4262007784674882
0.4259405814181763
0.4256800809792375
0.4254192803501981
0.42515818273945893
0.42489679136397046
0.4246351094489083
0.4243731402273451
0.4241108869399214
0.42384835283451355
0.42358554116590125
0.42332245519543144
0.42305909819068277
0.42279547342512563
0.4225315841777838
0.4222674337328909
0.4220030253795483
0.421738362411381
0.42147344812619014
0.42120828582560677
0.42094287881474307
0.4206772304018426
0.4204113438979286
0.420145222616453
0.419878869872943
0.4196122889846464
0.41934548327017773
0.4190784560491613
0.41881121064187576
0.41854375036889574
0.4182760785507345
0.41800819850748544
0.4177401135584626
0.4174718270218409
0.41720334221429656
0.41693466245064664
0.416665791043488
0.4163967313028366
0.41612748653576587
0.415858060046047
0.41558845513378534
0.41531867509506054
0.41504872322156533
0.4147786028002436
0.41450831711292996
0.4142378694359885
0.41396726303995346
0.4136965011891674
0.4134255871414227
0.41315452414760256
0.4128833154513205
0.41261196428856467
0.41234047388733847
0.4120688474673042
0.4117970882394271
0.4115251994056207
0.4112531841583908
0.4109810456804836
0.4107087871445317
0.41043641171270384
0.41016392253635375
0.40989132275567014
0.40961861549932954
0.4093458038841491
0.40907289101474054
0.40879987998316525
0.40852677386859265
0.4082535757369572
0.4079802886406188
0.4077069156180243
0.40743345969336975
0.40715992387626543
0.40688631116140184
0.40661262452821706
0.406338866940567
0.40606504134639604
0.40579115067741056
0.4055171978487542
0.405243185758683
0.4049691172882469
0.4046949953009681
0.4044208226425248
0.4041466021404366
0.4038723366037499
0.40359802882272794
0.4033236815685421
0.403049297592964
0.4027748796280628
0.4025004303859011
0.40222595255823645
0.4019514488162231
0.4016769218101164
0.40140237416898067
0.40112780850039753
0.40085322739017915
0.4005786334020812
0.40030402907751994
0.40002941693529287
0.39975479947129794
0.39948017915826
0.3992055584454565
0.39893093975844784
0.39865632549880853
0.3983817180438616
0.3981071197464171
0.3978325329345112
0.3975579599111483
0.39728340295404707
0.3970088643153882
0.39673434622156484
0.39645985087293584
0.39618538044358215
0.39591093708106534
0.39563652290618917
0.39536214001276443
0.3950877904673748
0.3948134763091481
0.39453919954952765
0.3942649621720484
0.3939907661321155
0.39371661335678315
0.3934425057445414
0.39316844516510024
0.39289443345917974
0.39262047243830245
0.39234656388458794
0.39207270955055074
0.3917989111589003
0.39152517040234536
0.3912514889433981
0.3909778684141855
0.3907043104162586
0.3904308165204079
0.39015738826648083
0.3898840271632013
0.38961073468799157
0.3893375122867987
0.3890643613739226
0.3887912833318453
0.38851827951106677
0.3882453512299393
0.3879724997745073
0.3876997263983485
0.38742703232241815
0.38715441873489637
0.386881886791037
0.38660943761301986
0.38633707228980574
0.3860647918769935
0.3857925973966802
0.38552048983732273
0.3852484701536039
0.3849765392662988
0.38470469806214597
0.38443294739371814
0.3841612880792991
0.38388972090275975
0.3836182466134378
0.3833468659260212
0.38307557952043114
0.38280438804171
0.38253329209991027
0.382262292269986
0.3819913890916867
0.38172058306945394
0.38144987467231883
0.381179264333804
0.38090875245182443
0.38063833938859437
0.38036802547053344
0.38009781098817624
0.379827696196084
0.37955768131275724
0.3792877665205519
0.37901795196559757
0.37874823775771554
0.3784786239703413
0.3782091106404488
0.3779396977684743
0.37767038531824454
0.377401173216907
0.3771320613548593
0.3768630495856835
0.3765941377260802
0.3763253255558054
0.3760566128176088
0.3757879992171739
0.3755194844230602
0.3752510680666459
0.3749827497420733
0.374714529006196
0.3744464053785278
0.37417837834119066
0.3739104473388687
0.3736426117787594
0.3733748710305296
0.37310722442627087
0.37283967126045775
0.3725722107899053
0.3723048422337318
0.37203756477331873
0.3717703775522748
0.371503279676401
0.3712362702136554
0.37096934819412153
0.37070251260997594
0.370435762415459
0.3701690965268453
0.3699025138224163
0.3696360131424335
0.36936959328911306
0.36910325302660263
0.3688369910809568
0.3685708061401173
0.3683046968538894
0.368038661833926
0.3677726996537053
0.36750680884851594
0.3672409879154396
0.36697523531333565
0.3667095494628269
0.36644392874628584
0.36617837150782284
0.36591287605327427
0.3656474406501923
0.3653820635278351
0.36511674287715906
0.3648514768508101
0.36458626356311735
0.3643211010900879
0.36405598746940143
0.36379092070040575
0.36352589874411445
0.3632609195232045
0.36299598092201446
0.36273108078654404
0.3624662169244555
0.3622013871050729
0.3619365890593855
0.36167182048005075
0.3614070790213973
0.3611423622994299
0.36087766789183506
0.360612993337987
0.36034833613895506
0.3600836937575111
0.3598190636181394
0.35955444310704476
0.35928982957216493
0.35902522032318035
0.3587606126315272
0.35849600373041085
0.3582313908148189
0.3579667710415369
0.35770214152916424
0.3574374993581303
0.3571728415707127
0.35690816517105517
0.35664346712518835
0.3563787443610487
0.35611399376850195
0.3558492121993635
0.35558439646742396
0.3553195433484716
0.35505464958032
0.3547897118628338
0.3545247268579564
0.3542596911897389
0.35399460144437
0.3537294541702083
0.353464245877813
0.353198973039979
0.3529336320917706
0.3526682194305591
0.35240273141605827
0.352137164370365
0.3518715145779986
0.35160577828594175
0.3513399517036853
0.35107403100327067
0.3508080123193372
0.3505418917491693
0.350275665352745
0.35000932915278754
0.34974287913481766
0.34947631124720674
0.3492096214012338
0.3489428054711426
0.3486758592942009
0.3484087786707628
0.3481415593643304
0.3478741971016214
0.3476066875726336
0.3473390264307172
0.3470712092926444
0.3468032317386841
0.34653508931267724
0.3462667775221158
0.3459982918382231
0.34572962769603705
0.3454607804944958
0.3451917455965256
0.3449225183291321
0.34465309398349325
0.3443834678150557
0.34411363504363374
0.34384359085351157
0.3435733303935473
0.3433028487772812
0.34303214108304647
0.3427612023540838
0.3424900275986577
0.34221861179017826
0.34194694986732366
0.34167503673416877
0.3414028672603159
0.34113043628102857
0.3408577385973712
0.3405847689763495
0.3403115221510577
0.34003799282082764
0.33976417565138295
0.33949006527499737
0.3392156562906561
0.3389409432642232
0.3386659207286115
0.33839058318395954
0.3381149250978091
0.33783894090529265
0.33756262500932055
0.3372859717807757
0.3370089755587132
0.33673163065056483
0.3364539313323469
0.3361758718488766
0.3358974464139904
0.335618649210771
0.3353394743917769
0.3350599160792796
0.33477996836550566
0.33449962531288585
0.3342188809543073
0.33393772929337645
0.3336561643046829
0.33337417993407414
0.333091770098933
0.3328089286884647
0.33252564956398833
0.332241926559236
0.3319577534806585
0.33167312410773875
0.3313880321933107
0.3311024714638875
0.33081643561999446
0.3305299183365121
0.3302429132630247
0.3299554140241776
0.32966741422004175
0.3293789074264863
0.329089887195559
0.32880034705587513
0.32851028051301456
0.32821968104992594
0.32792854212734224
0.32763685718420166
0.3273446196380787
0.3270518228856245
0.3267584603030153
0.3264645252464102
0.32617001105241805
0.3258749110385742
0.3255792185038248
0.3252829267290235
0.32498602897743567
0.32468851849525177
0.3243903885121138
0.32409163224164794
0.32379224288200964
0.32349221361643826
0.3231915376138213
0.32289020802927093
0.3225882180047087
0.3222855606694628
0.3219822291408746
0.3216782165249172
0.32137351591682506
0.3210681204017323
0.32076202305532525
0.3204552169445051
0.3201476951280611
0.31983945065735553
0.31953047657702155
0.31922076592567106
0.3189103117366149
0.31859910703859495
0.3182871448565278
0.3179744182122609
0.31766092012534086
0.3173466436137925
0.3170315816949127
0.3167157273860732
0.3163990737055392
0.31608161367329823
0.31576334031190145
0.3154442466473196
0.31512432570980864
0.31480357053479013
0.31448197416374407
0.314159529645114
0.3138362300352249
0.3135120683992144
0.3131870378119769
0.3128611313591195
0.31253434213793346
0.3122066632583752
0.31187808784406296
0.31154860903328563
0.31121821998002425
0.3108869138549872
0.31055468384665846
0.3102215231623572
0.30988742502931255
0.3095523826957519
0.30921638943199836
0.30887943853158495
0.3085415233123807
0.3082026371177295
0.30786277331760004
0.3075219253097528
0.30718008652091466
0.30683725040797
0.30649341045916356
0.3061485601953139
0.3058026931710419
0.3054558029760104
0.3051078832361758
0.3047589276150526
0.3044089298149895
0.3040578835784573
0.3037057826893496
0.3033526209742936
0.30299839230397346
0.30264309059446576
0.30228670980858374
0.3019292439572348
0.30157068710078927
0.30121103335045685
0.3008502768696769
0.30048841187551717
0.30012543264008346
0.2997613334919381
0.29939610881752965
0.2990297530626306
0.29866226073378493
0.29829362639976487
0.2979238446930348
0.29755291031122655
0.2971808180186186
0.2968075626476275
0.29643313910030306
0.2960575423498334
0.2956807674420553
0.2953028094969719
0.29492366371027573
0.2945433253548795
0.2941617897824491
0.2937790524249454
0.2933951087961685
0.2930099544933059
0.29262358519848747
0.29223599668034017
0.29184718479554855
0.2914571454904178
0.29106587480243695
0.2906733688618462
0.2902796238932045
0.2898846362169579
0.28948840225100847
0.2890909185122822
0.28869218161829924
0.2882921882887385
0.2878909353470043
0.2874884197217891
0.2870846384486335
0.2866795886714832
0.286273267644243
0.2858656727323242
0.28545680141418917
0.28504665128288925
0.2846352200475959
0.28422250553512707
0.2838085056914633
0.2833932185832585
0.28297664239934023
0.2825587754522013
0.2821396161794812
0.2817191631454378
0.281297415042406
0.2808743706922463
0.2804500290477792
0.28002438919420763
0.27959745035052436
0.27916921187090504
0.2787396732460862
0.2783088341047264
0.27787669421475136
0.2774432534846816
0.2770085119649403
0.2765724698491443
0.27613512747537455
0.2756964853274255
0.2752565440360341
0.27481530438008694
0.2743727672878046
0.27392893383790196
0.27348380526072624
0.273037382939368
0.27258966841074794
0.2721406633666774
0.27169036965489113
0.27123878928005307
0.27078592440473287
0.27033177735035374
0.26987635059811
0.26941964678985447
0.26896166872895355
0.2685024193811114
0.26804190187516014
0.2675801195038171
0.26711707572440807
0.266652774159555
0.26618721859782923
0.26572041299436666
0.2652523614714476
0.26478306831903875
0.2643125379952966
0.2638407751270318
0.2633677845101347
0.26289357110996037
0.2624181400616728
0.2619414966705488
0.26146364641223835
0.26098459493298454
0.2605043480497991
0.2600229117505947
0.2595402921942743
0.2590564957107747
0.2585715288010658
0.25808539813710485
0.257598110561744
0.25710967308859195
0.25662009290182997
0.2561293773559785
0.2556375339756186
0.25514457045506556
0.2546504946579919
0.2541553146170061
0.2536590385331785
0.2531616747755223
0.25266323188042145
0.25216371855101327
0.25166314365651826
0.2511615162315226
0.2506588454752093
0.25015514075054096
0.24965041158339102
0.2491446676616269
0.24863791883414144
0.2481301751098352
0.24762144665654878
0.2471117437999457
0.24660107702234427
0.24608945696150086
0.24557689440934347
0.24506340031065552
0.24454898576171114
0.2440336620088606
0.24351744044706874
0.24300033261840312
0.2424823502104754
0.24196350505483433
0.24144380912531282
0.2409232745363256
0.24040191354112317
0.2398797385299978
0.23935676202844514
0.2388329966952799
0.23830845532070838
0.23778315082435594
0.2372570962532516
0.23673030477977058
0.23620278969953387
0.23567456442926787
0.23514564250462236
0.2346160375779487
0.2340857634160406
0.23355483389783324
0.23302326301206996
0.23249106485492702
0.23195825362760714
0.23142484363389462
0.2308908492776801
0.23035628506044814
0.22982116557873777
0.22928550552156743
0.22874931966783224
0.22821262288367256
0.22767543011981273
0.22713775640887507
0.2265996168626663
0.22606102666944028
0.22552200109113635
0.22498255546059548
0.22444270517875567
0.22390246571182537
0.2233618525884406
0.22282088139680034
0.22227956778178887
0.22173792744208137
0.2211959761272334
0.22065372963475982
0.22011120380720062
0.21956841452917636
0.21902537772443348
0.21848210935288281
0.21793862540762965
0.21739494191199976
0.2168510749165582
0.21630704049612878
0.21576285474680829
0.21521853378298103
0.21467409373433485
0.21412955074287726
0.21358492095995613
0.21304022054328303
0.21249546565396393
0.2119506724535343
0.21140585710100454
0.21086103574991194
0.21031622454538523
0.20977143962121947
0.20922669709696304
0.20868201307501985
0.2081374036377651
0.20759288484467875
0.20704847272949367
0.20650418329736514
0.2059600325220575
0.20541603634315186
0.20487221066327557
0.20432857134535512
0.2037851342098898
0.20324191503225425
0.20269892954002167
0.20215619341031815
0.20161372226720084
0.20107153167906708
0.20052963715609146
0.1999880541476932
0.1994467980400347
0.1989058841535523
0.19836532774051913
0.19782514398264106
0.19728534798868824
0.1967459547921602
0.19620697934898632
0.19566843653526445
0.19513034114503464
0.19459270788809052
0.1940555513878304
0.1935188861791453
0.19298272670634745
0.19244708732113772
0.1919119822806142
0.1913774257453209
0.19084343177733737
0.19031001433841166
0.1897771872881327
0.1892449643821465
0.18871335927041574
0.18818238549552022
0.18765205649100286
0.18712238557975722
0.18659338597245986
0.18606507076604623
0.1855374529422317
0.1850105453660744
0.18448436078458497
0.18395891182537902
0.18343421099537488
0.18291027067953608
0.18238710313965825
0.1818647205131989
0.18134313481215464
0.1808223579219807
0.18030240160055644
0.1797832774771922
0.1792649970516847
0.1787475716934125
0.17823101264047747
0.1777153309988894
0.17720053774179367
0.17668664370874257
0.1761736596050092
0.17566159600094525
0.17515046333137882
0.1746402718950568
0.17413103185412793
0.17362275323366685
0.1731154459212401
0.17260911966651243
0.1721037840808933
0.17159944863722332
0.17109612266950092
0.17059381537264626
0.1700925358023065
0.16959229287469604
0.16909309536647726
0.16859495191467583
0.16809787101663612
0.16760186103000843
0.1671069301727762
0.16661308652331483
0.1661203380204876
0.16562869246377482
0.16513815751343464
0.1646487406907014
0.1641604493780106
0.16367329081926046
0.16318727212010187
0.1627024002482601
0.16221868203388617
0.16173612416993866
0.1612547332125921
0.16077451558167655
0.16029547756114204
0.15981762529955248
0.15934096481060422
0.15886550197367072
0.15839124253437362
0.1579181921051765
0.1574463561660044
0.15697574006488607
0.15650634901861762
0.15603818811345066
0.15557126230579998
0.15510557642297348
0.1546411351639211
0.15417794310000488
0.1537160046757869
0.15325532420983567
0.15279590589555223
0.15233775380201048
0.15188087187481708
0.15142526393698574
0.1509709336898269
0.15051788471385458
0.15006612046970413
0.1496156442990664
0.1491664594256346
0.14871856895606292
0.14827197588093824
0.14782668307576322
0.14738269330194959
0.14694000920782338
0.14649863332963836
0.14605856809260126
0.14561981581190264
0.14518237869376033
0.14474625883646658
0.14431145823144564
0.14387797876431713
0.14344582221596558
0.14301499026361678
0.14258548448191916
0.14215730634403034
0.1417304572227082
0.14130493839140623
0.14088075102537287
0.14045789620275365
0.14003637490569681
0.13961618802146145
0.139197336343527
0.13877982057270494
0.13836364131825257
0.1379487990989859
0.13753529434439532
0.13712312739576027
0.13671229850726319
0.1363028078471048
0.13589465549861723
0.13548784146137596
0.1350823656523117
0.13467822790681852
0.13427542797986206
0.13387396554708336
0.13347384020590197
0.1330750514766145
0.13267759880349142
0.13228148155586902
0.1318866990292388
0.13149325044633295
0.13110113495820383
0.1307103516453024
0.13032089951854792
0.12993277752039673
0.129545984525903
0.129160519343776
0.12877638071743036
0.12839356732603296
0.12801207778554138
0.12763191064973778
0.1272530644112571
0.1268755375026073
0.12649932829718422
0.1261244351102797
0.1257508562000828
0.12537858976867386
0.1250076339630113
0.12463798687591263
0.12426964654702577
0.12390261096379575
0.12353687806242097
0.12317244572880462
0.12280931179949545
0.12244747406262435
0.12208693025882908
0.12172767808217407
0.12136971518106021
0.12101303915912805
0.12065764757615144
0.12030353794892387
0.11995070775213586
0.1195991544192442
0.11924887534333306
0.11889986787796625
0.11855212933803141
0.11820565700057445
0.11786044810562732
0.11751649985702588
0.11717380942321931
0.11683237393807096
0.116492190501651
0.11615325618101947
0.11581556801100183
0.11547912299495472
0.11514391810552328
0.11480995028539084
0.11447721644801824
0.11414571347837596
0.1138154382336663
0.11348638754403789
0.11315855821329124
0.11283194701957577
0.11250655071607724
0.1121823660316989
0.11185938967173124
0.11153761831851494
0.11121704863209605
0.11089767725086977
0.11057950079221912
0.11026251585314333
0.10994671901087778
0.10963210682350663
0.10931867583056626
0.10900642255364139
0.10869534349695166
0.10838543514793106
0.10807669397779987
0.10776911644212607
0.10746269898138179
0.10715743802148986
0.10685332997436262
0.10655037123843362
0.10624855819918126
0.10594788722964382
0.1056483546909282
0.10534995693271025
0.10505269029372719
0.1047565511022635
0.10446153567662841
0.10416764032562664
0.10387486134902145
0.10358319503799066
0.10329263767557503
0.10300318553712004
0.10271483489071072
0.10242758199759813
0.10214142311262103
0.10185635448461874
0.10157237235683814
0.10128947296733369
0.10100765254936085
0.10072690733176322
0.10044723353935153
0.1001686273932791
0.09989108511140742
0.09961460290866855
0.09933917699741837
0.09906480358778647
0.09879147888801701
0.09851919910480622
0.09824796044363146
0.09797775910907623
0.09770859130514842
0.09744045323559233
0.09717334110419618
0.0969072511150926
0.09664217947305483
0.09637812238378589
0.09611507605420352
0.09585303669271923
0.09559200050951201
0.09533196371679653
0.09507292252908675
0.0948148731634536
0.09455781183977799
0.09430173478099912
0.09404663821335729
0.09379251836663169
0.09353937147437422
0.09328719377413752
0.09303598150769903
0.0927857309212801
0.0925364382657606
0.09228809979688873
0.092040711775487
0.09179427046765347
0.09154877214495769
0.09130421308463461
0.09106058956977238
0.09081789788949607
0.0905761343391486
0.09033529522046632
0.09009537684175122
0.08985637551803939
0.08961828757126453
0.08938110933041933
0.0891448371317117
0.08890946731871782
0.08867499624253157
0.08844142026191046
0.08820873574341741
0.08797693906155994
0.08774602659892553
0.08751599474631294
0.08728683990286153
0.08705855847617602
0.08683114688244901
0.08660460154657942
0.08637891890228863
0.08615409539223323
0.08593012746811424
0.08570701159078412
0.08548474423035021
0.08526332186627612
0.08504274098747938
0.08482299809242612
0.08460408968922459
0.08438601229571394
0.08416876243955204
0.08395233665829897
0.08373673149950017
0.08352194352076445
0.08330796928984191
0.08309480538469752
0.08288244839358366
0.08267089491510943
0.08246014155830787
0.08225018494270138
0.08204102169836393
0.08183264846598169
0.08162506189691174
0.08141825865323792
0.08121223540782521
0.08100698884437127
0.08080251565745733
0.08059881255259538
0.08039587624627455
0.08019370346600553
0.07999229095036259
0.07979163544902391
0.07959173372281042
0.07939258254372261
0.07919417869497546
0.07899651897103153
0.07879960017763354
0.07860341913183302
0.07840797266202007
0.07821325760794913
0.07801927082076449
0.07782600916302423
0.07763346950872202
0.07744164874330811
0.07725054376370816
0.0770601514783414
0.07687046880713709
0.07668149268154922
0.07649322004457036
0.07630564785074437
0.07611877306617698
0.0759325926685459
0.0757471036471096
0.07556230300271403
0.07537818774779965
0.07519475490640583
0.07501200151417506
0.07482992461835555
0.07464852127780294
0.0744677885629808
0.07428772355596042
0.07410832335041914
0.07392958505163749
0.07375150577649686
0.0735740826534735
0.07339731282263429
0.07322119343562992
0.07304572165568779
0.07287089465760366
0.07269670962773331
0.0725231637639818
0.07235025427579361
0.07217797838414058
0.07200633332151027
0.07183531633189219
0.07166492467076457
0.07149515560507975
0.07132600641324863
0.07115747438512497
0.07098955682198896
0.07082225103652903
0.07065555435282495
0.0704894641063283
0.0703239776438442
0.07015909232351031
0.06999480551477714
0.06983111459838678
0.06966801696635143
0.06950551002193096
0.06934359117961038
0.06918225786507672
0.06902150751519504
0.06886133757798447
0.06870174551259298
0.06854272878927276
0.06838428488935439
0.06822641130522047
0.06806910554027915
0.06791236510893751
0.06775618753657366
0.06760057035950942
0.06744551112498164
0.06729100739111385
0.06713705672688776
0.0669836567121132
0.06683080493739894
0.06667849900412251
0.06652673652440035
0.06637551512105645
0.06622483242759178
0.06607468608815333
0.06592507375750219
0.06577599310098181
0.06562744179448617
0.06547941752442721
0.06533191798770198
0.06518494089166064
0.06503848395407266
0.06489254490309349
0.06474712147723169
0.06460221142531455
0.06445781250645444
0.06431392249001461
0.06417053915557495
0.06402766029289735
0.0638852837018912
0.06374340719257846
0.06360202858505844
0.06346114570947295
0.06332075640597089
0.06318085852467288
0.06304144992563546
0.06290252847881542
0.06276409206403415
0.06262613857094163
0.062488665898980215
0.062351671957348906
0.06221515466496625
0.06207911195043499
0.06194354175200474
0.06180844201753641
0.061673810704464434
0.061539645779761176
0.0614059452198995
0.0612727070108165
0.06113992914787615
0.06100760963583256
0.060875746488793264
0.060744337730182105
0.060613381392701796
0.060482875518297424
0.06035281815811912
0.06022320737248515
0.06009404123084411
0.059965317811738375
0.059837035202767036
0.05970919150054811
0.059581784810682006
0.05945481324771362
0.05932827493509603
0.059202168005152364
0.0590764905990393
0.05895124086670969
0.05882641696687558
0.05870201706697069
0.05857803934311338
0.05845448198007018
0.058331343171217825
0.058208621118506956
0.058086314032424737
0.057964420131957975
0.057842937644556135
0.05772186480609505
0.05760119986083903
0.05748094106140487
0.05736108666872515
0.05724163495201093
0.05712258418871554
0.057003932664498366
0.056885678673187445
0.056767820516743686
0.05665035650522428
0.056533284956746546
0.05641660419745141
0.056300312561467176
0.056184408390873755
0.0560688900356663
0.0559537558537196
0.055839004210751664
0.05572463348028829
0.055610642043627374
0.05549702828980288
0.05538379061554976
0.055270927425267874
0.055158437130987316
0.05504631815233271
0.05493456891648751
0.054823187858159955
0.05471217341954724
0.054601524050300665
0.054491238207491015
0.05438131435557367
0.05427175096635391
0.054162546518952456
0.05405369949977104
0.05394520840245781
0.05383707172787343
0.053729287984056656
0.05362185568619024
0.05351477335656747
0.053408039524557555
0.05330165272657256
0.05319561150603351
0.05308991441333684
0.052984560005821045
0.052879546847733286
0.05277487351019659
0.05267053857117622
0.052566540615447105
0.05246287823456054
0.05235955002681213
0.0522565545972087
0.052153890557435856
0.05205155652582548
0.05194955112732366
0.05184787299345861
0.05174652076230828
0.051645493078468545
0.051544788593021626
0.05144440596350413
0.05134434385387558
0.05124460093448695
0.05114517588204939
0.05104606737960291
0.050947274116485135
0.050848794788300795
0.05075062809689037
0.05065277275029962
0.05055522746274896
0.050457990954603
0.05036106195233978
0.05026443918852113
0.05016812140176215
0.05007210733670134
0.04997639574397046
