0.4914622877494851
0.5328210087605956
0.5303825141325692
0.528598165091004
0.527366861281098
0.5265220072727607
0.5259444954015957
0.5255506763022209
0.5252824547121113
0.5250997957843663
0.5249752617437345
0.5248901223910718
0.5248316291212574
0.5247911243712792
0.5247627398073609
0.5247425043258123
0.5247277349737917
0.5247166220920088
0.5247079472714553
0.5247008918832209
0.5246949072527218
0.524689626727131
0.5246848061799562
0.5246802837999083
0.5246759529456548
0.5246717438456786
0.5246676112806479
0.5246635263082325
0.5246594707164537
0.5246554333163569
0.5246514074726998
0.5246473894663934
0.5246433774145048
0.5246393705629893
0.5246353688277399
0.5246313725003688
0.5246273820626768
0.5246233980723405
0.5246194210948543
0.5246154516651503
0.5246114902679656
0.524607537329782
0.5246035932176802
0.5245996582421135
0.5245957326617066
0.5245918166889113
0.5245879104958138
0.5245840142196928
0.5245801279681247
0.5245762518235393
0.5245723858472107
0.5245685300827053
0.5245646845588269
0.5245608492921168
0.5245570242889586
0.5245532095473443
0.5245494050583507
0.5245456108073683
0.5245418267751225
0.5245380529385204
0.5245342892713524
0.5245305357448714
0.5245267923282715
0.5245230589890837
0.5245193356935
0.5245156224066431
0.5245119190927862
0.5245082257155355
0.5245045422379789
0.5245008686228096
0.5244972048324265
0.524493550829017
0.524489906574626
0.5244862720312107
0.5244826471606869
0.5244790319249665
0.5244754262859882
0.5244718302057426
0.5244682436462926
0.5244646665697903
0.5244610989384908
0.5244575407147629
0.5244539918610983
0.524450452340119
0.5244469221145829
0.5244434011473886
0.524439889401579
0.5244363868403447
0.5244328934270254
0.5244294091251127
0.5244259338982509
0.5244224677102379
0.5244190105250262
0.524415562306723
0.5244121230195906
0.5244086926280467
0.524405271096664
0.5244018583901704
0.5243984544734485
0.5243950593115353
0.5243916728696217
0.5243882951130531
0.5243849260073269
0.5243815655180945
0.5243782136111587
0.5243748702524741
0.5243715354081466
0.5243682090444329
0.5243648911277392
0.5243615816246214
0.5243582805017845
0.5243549877260809
0.5243517032645115
0.5243484270842241
0.5243451591525126
0.5243418994368167
0.524338647904722
0.5243354045239581
0.5243321692623988
0.5243289420880617
0.5243257229691065
0.5243225118738357
0.5243193087706934
0.5243161136282647
0.524312926415275
0.5243097471005899
0.5243065756532136
0.52430341204229
0.5243002562371
0.5242971082070631
0.5242939679217347
0.5242908353508072
0.5242877104641088
0.5242845932316024
0.5242814836233861
0.5242783816096916
0.5242752871608846
0.5242722002474629
0.5242691208400576
0.5242660489094307
0.524262984426476
0.5242599273622182
0.5242568776878109
0.5242538353745387
0.5242508003938144
0.5242477727171797
0.5242447523163032
0.5242417391629823
0.52423873322914
0.5242357344868264
0.5242327429082164
0.5242297584656114
0.5242267811314361
0.52422381087824
0.5242208476786964
0.5242178915056009
0.5242149423318725
0.5242120001305514
0.5242090648747998
0.5242061365379006
0.5242032150932572
0.5242003005143929
0.5241973927749506
0.5241944918486918
0.5241915977094962
0.5241887103313617
0.5241858296884037
0.5241829557548541
0.5241800885050608
0.5241772279134885
0.5241743739547166
0.524171526603439
0.5241686858344649
0.5241658516227163
0.5241630239432294
0.5241602027711528
0.5241573880817476
0.5241545798503868
0.5241517780525544
0.5241489826638461
0.5241461936599674
0.5241434110167338
0.5241406347100707
0.5241378647160118
0.5241351010107
0.5241323435703859
0.5241295923714276
0.5241268473902907
0.5241241086035472
0.5241213759878751
0.5241186495200585
0.5241159291769861
0.5241132149356525
0.5241105067731555
0.5241078046666973
0.5241051085935835
0.5241024185312226
0.5240997344571261
0.5240970563489065
0.524094384184279
0.5240917179410594
0.5240890575971644
0.524086403130611
0.524083754519516
0.5240811117420959
0.5240784747766656
0.5240758436016391
0.5240732181955281
0.5240705985369425
0.5240679846045887
0.5240653763772707
0.5240627738338886
0.5240601769534383
0.5240575857150112
0.5240550000977943
0.5240524200810688
0.5240498456442103
0.5240472767666888
0.524044713428067
0.5240421556080014
0.5240396032862403
0.5240370564426247
0.5240345150570873
0.5240319791096527
0.5240294485804359
0.5240269234496423
0.5240244036975685
0.5240218893045999
0.5240193802512119
0.5240168765179685
0.5240143780855228
0.5240118849346155
0.5240093970460759
0.5240069144008199
0.5240044369798511
0.5240019647642594
0.5239994977352214
0.5239970358739986
0.5239945791619391
0.5239921275804762
0.5239896811111265
0.5239872397354925
0.5239848034352599
0.5239823721921983
0.5239799459881607
0.5239775248050823
0.5239751086249816
0.5239726974299588
0.5239702912021957
0.523967889923956
0.523965493577584
0.523963102145505
0.5239607156102243
0.5239583339543272
0.5239559571604793
0.5239535852114239
0.5239512180899846
0.5239488557790627
0.5239464982616384
0.523944145520769
0.5239417975395895
0.5239394543013121
0.5239371157892259
0.5239347819866957
0.5239324528771637
0.5239301284441465
0.5239278086712369
0.5239254935421024
0.5239231830404854
0.5239208771502024
0.5239185758551442
0.5239162791392752
0.5239139869866333
0.5239116993813292
0.5239094163075464
0.523907137749541
0.5239048636916406
0.523902594118245
0.5239003290138257
0.5238980683629241
0.5238958121501535
0.523893560360197
0.5238913129778081
0.52388906998781
0.5238868313750951
0.5238845971246257
0.5238823672214317
0.5238801416506127
0.5238779203973359
0.5238757034468365
0.5238734907844175
0.5238712823954486
0.5238690782653672
0.5238668783796768
0.5238646827239475
0.5238624912838155
0.5238603040449823
0.5238581209932156
0.5238559421143476
0.5238537673942757
0.5238515968189613
0.523849430374431
0.5238472680467746
0.5238451098221457
0.5238429556867611
0.5238408056269014
0.5238386596289091
0.5238365176791896
0.5238343797642104
0.5238322458705011
0.5238301159846528
0.5238279900933177
0.5238258681832095
0.5238237502411023
0.5238216362538308
0.5238195262082903
0.5238174200914352
0.5238153178902801
0.5238132195918993
0.5238111251834252
0.52380903465205
0.523806947985024
0.5238048651696557
0.5238027861933117
0.5238007110434163
0.5237986397074513
0.523796572172956
0.5237945084275262
0.523792448458814
0.523790392254529
0.5237883398024358
0.5237862910903556
0.5237842461061646
0.5237822048377951
0.5237801672732336
0.5237781334005223
0.5237761032077571
0.523774076683089
0.5237720538147221
0.5237700345909154
0.5237680189999808
0.5237660070302832
0.523763998670241
0.5237619939083256
0.5237599927330598
0.5237579951330203
0.5237560010968346
0.523754010613182
0.5237520236707947
0.523750040258454
0.523748060364994
0.5237460839792989
0.5237441110903036
0.5237421416869932
0.5237401757584033
0.5237382132936185
0.5237362542817738
0.5237342987120529
0.5237323465736893
0.5237303978559649
0.5237284525482102
0.5237265106398047
0.5237245721201753
0.5237226369787973
0.5237207052051938
0.5237187767889347
0.5237168517196384
0.5237149299869691
0.5237130115806387
0.5237110964904046
0.5237091847060718
0.5237072762174904
0.5237053710145573
0.523703469087214
0.5237015704254485
0.5236996750192935
0.5236977828588265
0.5236958939341702
0.5236940082354915
0.5236921257530022
0.5236902464769576
0.5236883703976575
0.5236864975054447
0.5236846277907061
0.5236827612438717
0.5236808978554142
0.5236790376158494
0.5236771805157361
0.523675326545675
0.5236734756963091
0.5236716279583232
0.5236697833224448
0.5236679417794418
0.5236661033201242
0.5236642679353427
0.5236624356159895
0.5236606063529974
0.5236587801373391
0.5236569569600283
0.5236551368121194
0.5236533196847053
0.5236515055689195
0.5236496944559352
0.5236478863369648
0.5236460812032593
0.5236442790461091
0.5236424798568436
0.5236406836268305
0.5236388903474755
0.5236371000102228
0.5236353126065549
0.5236335281279915
0.5236317465660901
0.5236299679124458
0.5236281921586904
0.523626419296493
0.5236246493175598
0.5236228822136331
0.5236211179764919
0.5236193565979517
0.5236175980698632
0.5236158423841141
0.5236140895326271
0.5236123395073603
0.5236105923003078
0.5236088479034984
0.5236071063089954
0.5236053675088976
0.5236036314953385
0.5236018982604852
0.5236001677965396
0.5235984400957374
0.5235967151503486
0.5235949929526761
0.5235932734950574
0.5235915567698619
0.523589842769494
0.5235881314863893
0.5235864229130173
0.5235847170418797
0.523583013865511
0.5235813133764774
0.523579615567378
0.5235779204308431
0.5235762279595351
0.5235745381461483
0.5235728509834077
0.5235711664640701
0.5235694845809236
0.5235678053267864
0.5235661286945084
0.5235644546769693
0.5235627832670797
0.5235611144577802
0.5235594482420418
0.5235577846128652
0.5235561235632806
0.5235544650863485
0.5235528091751581
0.5235511558228284
0.5235495050225072
0.5235478567673713
0.5235462110506264
0.5235445678655066
0.5235429272052751
0.5235412890632224
0.523539653432668
0.5235380203069591
0.5235363896794706
0.523534761543605
0.523533135892793
0.523531512720492
0.5235298920201865
0.5235282737853887
0.5235266580096373
0.5235250446864976
0.523523433809562
0.5235218253724487
0.5235202193688029
0.5235186157922953
0.5235170146366226
0.5235154158955084
0.5235138195627007
0.5235122256319736
0.5235106340971263
0.5235090449519838
0.5235074581903957
0.5235058738062366
0.523504291793406
0.5235027121458284
0.5235011348574521
0.5234995599222502
0.5234979873342198
0.5234964170873827
0.5234948491757836
0.5234932835934919
0.5234917203345999
0.5234901593932239
0.5234886007635036
0.5234870444396016
0.5234854904157039
0.5234839386860188
0.5234823892447784
0.5234808420862365
0.52347929720467
0.5234777545943781
0.5234762142496817
0.5234746761649247
0.5234731403344723
0.5234716067527119
0.523470075414052
0.5234685463129233
0.5234670194437778
0.5234654948010888
0.5234639723793503
0.5234624521730776
0.5234609341768073
0.5234594183850959
0.5234579047925215
0.5234563933936818
0.5234548841831952
0.5234533771557004
0.5234518723058564
0.5234503696283415
0.5234488691178545
0.5234473707691134
0.5234458745768562
0.5234443805358399
0.523442888640841
0.5234413988866554
0.5234399112680979
0.5234384257800017
0.5234369424172198
0.5234354611746231
0.5234339820471017
0.523432505029563
0.5234310301169341
0.5234295573041594
0.5234280865862013
0.5234266179580407
0.5234251514146757
0.5234236869511224
0.5234222245624145
0.5234207642436028
0.5234193059897558
0.5234178497959591
0.5234163956573148
0.5234149435689428
0.5234134935259793
0.5234120455235773
0.5234105995569067
0.5234091556211531
0.5234077137115192
0.5234062738232235
0.5234048359515009
0.5234034000916019
0.5234019662387931
0.5234005343883571
0.5233991045355917
0.5233976766758102
0.5233962508043417
0.5233948269165305
0.5233934050077357
0.5233919850733317
0.5233905671087079
0.5233891511092683
0.523387737070432
0.5233863249876323
0.5233849148563171
0.5233835066719488
0.5233821004300038
0.523380696125973
0.523379293755361
0.5233778933136863
0.5233764947964816
0.523375098199293
0.52337370351768
0.5233723107472159
0.5233709198834875
0.523369530922094
0.523368143858649
0.5233667586887782
0.5233653754081207
0.5233639940123277
0.5233626144970641
0.523361236858007
0.5233598610908454
0.5233584871912815
0.5233571151550294
0.5233557449778157
0.5233543766553785
0.5233530101834681
0.5233516455578471
0.5233502827742891
0.5233489218285798
0.5233475627165162
0.5233462054339071
0.5233448499765722
0.5233434963403426
0.5233421445210604
0.5233407945145793
0.5233394463167629
0.5233380999234862
0.523336755330635
0.5233354125341054
0.5233340715298045
0.5233327323136489
0.5233313948815663
0.5233300592294944
0.5233287253533807
0.5233273932491831
0.523326062912869
0.5233247343404159
0.5233234075278108
0.5233220824710507
0.5233207591661411
0.5233194376090979
0.5233181177959462
0.5233167997227197
0.5233154833854616
0.5233141687802241
0.5233128559030679
0.5233115447500633
0.5233102353172885
0.5233089276008309
0.5233076215967857
0.5233063173012575
0.5233050147103583
0.523303713820209
0.523302414626938
0.5233011171266824
0.5232998213155867
0.5232985271898034
0.5232972347454927
0.523295943978823
0.523294654885969
0.5232933674631144
0.5232920817064493
0.523290797612171
0.5232895151764844
0.5232882343956016
0.5232869552657411
0.523285677783129
0.5232844019439973
0.5232831277445862
0.5232818551811409
0.5232805842499137
0.5232793149471642
0.5232780472691572
0.5232767812121641
0.5232755167724628
0.5232742539463369
0.5232729927300761
0.5232717331199762
0.5232704751123385
0.5232692187034702
0.523267963889684
0.5232667106672982
0.5232654590326369
0.5232642089820289
0.5232629605118087
0.523261713618316
0.5232604682978952
0.5232592245468962
0.5232579823616739
0.5232567417385874
0.5232555026740007
0.5232542651642831
0.5232530292058076
0.5232517947949528
0.5232505619281003
0.523249330601637
0.5232481008119537
0.5232468725554456
0.5232456458285113
0.5232444206275543
0.5232431969489812
0.5232419747892029
0.5232407541446336
0.5232395350116915
0.523238317386798
0.5232371012663782
0.5232358866468608
0.5232346735246771
0.5232334618962624
0.5232322517580543
0.5232310431064942
0.5232298359380263
0.5232286302490972
0.5232274260361566
0.523226223295657
0.5232250220240536
0.523223822217804
0.5232226238733679
0.5232214269872081
0.523220231555789
0.5232190375755781
0.523217845043044
0.5232166539546579
0.5232154643068931
0.5232142760962246
0.5232130893191292
0.5232119039720854
0.5232107200515733
0.5232095375540751
0.5232083564760737
0.5232071768140539
0.5232059985645019
0.5232048217239048
0.523203646288751
0.5232024722555302
0.5232012996207327
0.5232001283808504
0.5231989585323756
0.5231977900718012
0.5231966229956211
0.52319545730033
0.5231942929824227
0.5231931300383948
0.5231919684647421
0.523190808257961
0.5231896494145476
0.5231884919309987
0.523187335803811
0.5231861810294811
0.5231850276045058
0.5231838755253811
0.5231827247886038
0.5231815753906696
0.5231804273280739
0.5231792805973121
0.5231781351948787
0.5231769911172676
0.5231758483609721
0.5231747069224848
0.5231735667982975
0.523172427984901
0.5231712904787851
0.5231701542764385
0.5231690193743492
0.5231678857690034
0.5231667534568861
0.5231656224344816
0.523164492698272
0.5231633642447384
0.5231622370703599
0.5231611111716146
0.5231599865449781
0.5231588631869248
0.5231577410939269
0.5231566202624549
0.5231555006889772
0.52315438236996
0.5231532653018676
0.5231521494811618
0.5231510349043021
0.5231499215677462
0.5231488094679484
0.5231476986013613
0.5231465889644344
0.5231454805536151
0.5231443733653471
0.5231432673960725
0.5231421626422298
0.5231410591002544
0.5231399567665792
0.5231388556376338
0.5231377557098448
0.5231366569796351
0.5231355594434248
0.5231344630976305
0.5231333679386652
0.5231322739629385
0.5231311811668563
0.5231300895468213
0.5231289990992318
0.5231279098204831
0.5231268217069659
0.5231257347550674
0.5231246489611706
0.5231235643216547
0.5231224808328947
0.5231213984912609
0.52312031729312
0.5231192372348341
0.523118158312761
0.5231170805232536
0.5231160038626606
0.5231149283273263
0.52311385391359
0.5231127806177862
0.5231117084362449
0.5231106373652907
0.523109567401244
0.5231084985404197
0.5231074307791275
0.5231063641136721
0.523105298540353
0.5231042340554646
0.5231031706552957
0.5231021083361296
0.5231010470942443
0.5230999869259123
0.5230989278274003
0.5230978697949693
0.523096812824875
0.5230957569133665
0.5230947020566876
0.5230936482510761
0.5230925954927634
0.5230915437779754
0.5230904931029314
0.5230894434638443
0.5230883948569214
0.5230873472783635
0.5230863007243642
0.5230852551911117
0.5230842106747868
0.5230831671715644
0.5230821246776123
0.5230810831890913
0.5230800427021564
0.5230790032129544
0.5230779647176265
0.5230769272123055
0.5230758906931189
0.5230748551561855
0.5230738205976172
0.5230727870135197
0.5230717543999899
0.5230707227531186
0.5230696920689883
0.5230686623436748
0.5230676335732453
0.5230666057537601
0.5230655788812717
0.5230645529518247
0.5230635279614559
0.5230625039061942
0.5230614807820609
0.5230604585850687
0.5230594373112224
0.5230584169565191
0.5230573975169472
0.5230563789884873
0.523055361367111
0.5230543446487822
0.5230533288294559
0.5230523139050786
0.5230512998715886
0.5230502867249153
0.5230492744609795
0.523048263075693
0.523047252564959
0.5230462429246718
0.5230452341507168
0.5230442262389703
0.5230432191852994
0.5230422129855623
0.5230412076356079
0.5230402031312761
0.5230391994683968
0.5230381966427915
0.5230371946502714
0.5230361934866385
0.5230351931476854
0.5230341936291951
0.5230331949269407
0.5230321970366855
0.5230311999541835
0.5230302036751779
0.5230292081954029
0.5230282135105826
0.5230272196164304
0.5230262265086503
0.5230252341829358
0.5230242426349702
0.5230232518604264
0.5230222618549675
0.5230212726142455
0.523020284133902
0.523019296409569
0.5230183094368667
0.5230173232114053
0.5230163377287842
0.5230153529845921
0.5230143689744065
0.5230133856937946
0.5230124031383123
0.5230114213035044
0.5230104401849051
0.5230094597780369
0.5230084800784116
0.5230075010815294
0.5230065227828795
0.5230055451779396
0.5230045682621759
0.5230035920310434
0.5230026164799852
0.523001641604433
0.523000667399807
0.5229996938615157
0.5229987209849549
0.5229977487655103
0.5229967771985543
0.5229958062794476
0.5229948360035396
0.5229938663661668
0.5229928973626542
0.5229919289883143
0.5229909612384473
0.5229899941083413
0.5229890275932719
0.5229880616885026
0.522987096389284
0.5229861316908545
0.5229851675884397
0.5229842040772529
0.5229832411524943
0.5229822788093514
0.5229813170429991
0.5229803558485995
0.5229793952213013
0.5229784351562408
0.5229774756485407
0.5229765166933111
0.5229755582856488
0.5229746004206369
0.522973643093346
0.5229726862988329
0.5229717300321408
0.5229707742883003
0.5229698190623275
0.5229688643492258
0.5229679101439844
0.5229669564415789
0.5229660032369714
0.5229650505251103
0.5229640983009296
0.5229631465593501
0.5229621952952779
0.5229612445036059
0.5229602941792124
0.5229593443169616
0.5229583949117038
0.5229574459582748
0.5229564974514959
0.5229555493861746
0.5229546017571037
0.5229536545590614
0.5229527077868119
0.5229517614351039
0.5229508154986724
0.5229498699722375
0.5229489248505037
0.522947980128162
0.5229470357998875
0.522946091860341
0.5229451483041683
0.5229442051259995
0.5229432623204505
0.5229423198821216
0.5229413778055979
0.5229404360854493
0.5229394947162307
0.5229385536924808
0.5229376130087235
0.5229366726594677
0.522935732639206
0.5229347929424154
0.5229338535635575
0.5229329144970782
0.5229319757374079
0.5229310372789605
0.5229300991161349
0.522929161243313
0.522928223654862
0.522927286345132
0.5229263493084578
0.5229254125391571
0.5229244760315326
0.5229235397798695
0.522922603778438
0.5229216680214906
0.5229207325032644
0.5229197972179793
0.5229188621598395
0.5229179273230318
0.5229169927017265
0.5229160582900778
0.5229151240822222
0.5229141900722805
0.5229132562543553
0.5229123226225336
0.5229113891708845
0.5229104558934606
0.5229095227842973
0.5229085898374123
0.5229076570468072
0.522906724406465
0.5229057919103528
0.5229048595524193
0.5229039273265959
0.5229029952267971
0.5229020632469192
0.5229011313808417
0.5229001996224256
0.5228992679655146
0.5228983364039346
0.5228974049314941
0.522896473541983
0.5228955422291737
0.5228946109868204
0.5228936798086601
0.5228927486884107
0.5228918176197719
0.5228908865964261
0.5228899556120369
0.5228890246602498
0.5228880937346916
0.5228871628289712
0.5228862319366782
0.5228853010513846
0.5228843701666437
0.5228834392759893
0.5228825083729376
0.5228815774509853
0.5228806465036108
0.522879715524273
0.5228787845064127
0.5228778534434511
0.5228769223287909
0.5228759911558152
0.5228750599178881
0.522874128608355
0.5228731972205413
0.5228722657477536
0.5228713341832791
0.5228704025203856
0.5228694707523212
0.5228685388723147
0.5228676068735754
0.5228666747492923
0.522865742492636
0.5228648100967561
0.5228638775547833
0.5228629448598276
0.5228620120049801
0.5228610789833109
0.5228601457878711
0.5228592124116909
0.5228582788477805
0.5228573450891306
0.5228564111287108
0.522855476959471
0.5228545425743404
0.5228536079662282
0.5228526731280225
0.5228517380525914
0.5228508027327822
0.522849867161422
0.5228489313313165
0.5228479952352512
0.5228470588659907
0.5228461222162785
0.5228451852788376
0.5228442480463698
0.522843310511556
0.5228423726670556
0.5228414345055076
0.5228404960195294
0.5228395572017169
0.5228386180446456
0.5228376785408685
0.5228367386829179
0.5228357984633047
0.522834857874518
0.522833916909025
0.5228329755592723
0.5228320338176838
0.5228310916766622
0.522830149128588
0.5228292061658206
0.5228282627806965
0.5228273189655308
0.5228263747126168
0.5228254300142252
0.5228244848626048
0.5228235392499823
0.5228225931685618
0.5228216466105255
0.5228206995680332
0.5228197520332218
0.5228188039982066
0.5228178554550795
0.5228169063959103
0.5228159568127458
0.5228150066976107
0.5228140560425064
0.5228131048394118
0.5228121530802827
0.5228112007570519
0.5228102478616297
0.5228092943859028
0.522808340321735
0.5228073856609673
0.522806430395417
0.5228054745168784
0.5228045180171224
0.5228035608878963
0.5228026031209242
0.522801644707907
0.5228006856405214
0.5227997259104208
0.522798765509235
0.5227978044285703
0.5227968426600084
0.5227958801951083
0.5227949170254038
0.5227939531424058
0.5227929885376008
0.522792023202451
0.5227910571283951
0.5227900903068473
0.522789122729197
0.5227881543868098
0.5227871852710273
0.5227862153731658
0.522785244684518
0.5227842731963517
0.5227833008999098
0.5227823277864109
0.5227813538470488
0.5227803790729928
0.5227794034553868
0.5227784269853502
0.5227774496539772
0.5227764714523377
0.5227754923714755
0.5227745124024099
0.5227735315361349
0.5227725497636195
0.5227715670758069
0.5227705834636154
0.5227695989179373
0.5227686134296403
0.5227676269895656
0.5227666395885295
0.5227656512173225
0.5227646618667092
0.5227636715274286
0.5227626801901939
0.5227616878456919
0.522760694484584
0.5227597000975056
0.5227587046750658
0.5227577082078474
0.5227567106864077
0.5227557121012766
0.5227547124429588
0.5227537117019321
0.522752709868648
0.5227517069335312
0.5227507028869804
0.5227496977193672
0.5227486914210366
0.5227476839823072
0.5227466753934704
0.5227456656447907
0.5227446547265063
0.5227436426288274
0.5227426293419384
0.5227416148559954
0.5227405991611279
0.5227395822474386
0.5227385641050017
0.5227375447238656
0.5227365240940497
0.5227355022055472
0.5227344790483229
0.5227334546123146
0.5227324288874321
0.5227314018635576
0.5227303735305455
0.5227293438782219
0.5227283128963859
0.522727280574808
0.5227262469032308
0.5227252118713686
0.5227241754689078
0.5227231376855065
0.5227220985107945
0.5227210579343732
0.5227200159458156
0.5227189725346665
0.5227179276904416
0.5227168814026283
0.5227158336606854
0.5227147844540427
0.5227137337721017
0.5227126816042345
0.5227116279397843
0.5227105727680659
0.5227095160783641
0.5227084578599355
0.5227073981020071
0.5227063367937763
0.522705273924412
0.5227042094830527
0.5227031434588085
0.5227020758407595
0.5227010066179558
0.5226999357794184
0.5226988633141387
0.5226977892110779
0.5226967134591675
0.5226956360473092
0.5226945569643746
0.5226934761992054
0.5226923937406132
0.522691309577379
0.5226902236982541
0.5226891360919593
0.5226880467471849
0.5226869556525913
0.5226858627968074
0.5226847681684323
0.5226836717560344
0.522682573548151
0.5226814735332888
0.5226803716999241
0.5226792680365018
0.5226781625314355
0.5226770551731087
0.522675945949873
0.522674834850049
0.5226737218619263
0.522672606973763
0.5226714901737857
0.5226703714501895
0.5226692507911384
0.5226681281847642
0.5226670036191674
0.5226658770824172
0.5226647485625497
0.5226636180475706
0.5226624855254524
0.5226613509841365
0.5226602144115318
0.522659075795515
0.5226579351239307
0.5226567923845912
0.5226556475652764
0.5226545006537336
0.5226533516376781
0.522652200504792
0.522651047242725
0.5226498918390942
0.5226487342814836
0.5226475745574445
0.5226464126544955
0.5226452485601216
0.5226440822617754
0.5226429137468758
0.5226417430028086
0.5226405700169267
0.5226393947765487
0.5226382172689608
0.5226370374814151
0.52263585540113
0.5226346710152905
0.5226334843110481
0.5226322952755196
0.5226311038957887
0.5226299101589051
0.522628714051884
0.5226275155617068
0.5226263146753205
0.5226251113796384
0.5226239056615385
0.5226226975078652
0.522621486905428
0.522620273841002
0.5226190583013274
0.5226178402731101
0.5226166197430206
0.5226153966976955
0.5226141711237355
0.5226129430077064
0.5226117123361396
0.5226104790955305
0.5226092432723393
0.5226080048529916
0.5226067638238769
0.5226055201713494
0.5226042738817279
0.5226030249412953
0.5226017733362989
0.52260051905295
0.5225992620774244
0.5225980023958615
0.5225967399943652
0.5225954748590025
0.5225942069758047
0.5225929363307671
0.5225916629098482
0.5225903866989696
0.5225891076840178
0.5225878258508414
0.5225865411852528
0.5225852536730273
0.5225839632999039
0.5225826700515845
0.5225813739137335
0.5225800748719791
0.5225787729119116
0.5225774680190841
0.5225761601790126
0.5225748493771758
0.5225735355990145
0.5225722188299323
0.522570899055295
0.5225695762604302
0.5225682504306286
0.522566921551142
0.5225655896071848
0.5225642545839333
0.5225629164665253
0.5225615752400605
0.5225602308896005
0.522558883400168
0.5225575327567474
0.5225561789442847
0.522554821947687
0.5225534617518227
0.5225520983415213
0.5225507317015734
0.5225493618167304
0.5225479886717049
0.5225466122511702
0.5225452325397597
0.5225438495220687
0.522542463182652
0.5225410735060247
0.5225396804766631
0.5225382840790034
0.5225368842974418
0.5225354811163347
0.5225340745199987
0.5225326644927099
0.5225312510187043
0.5225298340821781
0.522528413667287
0.5225269897581457
0.5225255623388289
0.5225241313933703
0.5225226969057631
0.5225212588599599
0.5225198172398723
0.5225183720293702
0.5225169232122834
0.5225154707724
0.522514014693467
0.5225125549591896
0.5225110915532323
0.5225096244592173
0.5225081536607261
0.5225066791412968
0.5225052008844279
0.5225037188735738
0.5225022330921485
0.5225007435235228
0.5224992501510262
0.5224977529579449
0.5224962519275235
0.5224947470429635
0.5224932382874247
0.5224917256440229
0.5224902090958323
0.5224886886258835
0.5224871642171647
0.5224856358526201
0.5224841035151516
0.5224825671876175
0.5224810268528326
0.5224794824935686
0.5224779340925528
0.5224763816324702
0.5224748250959608
0.5224732644656208
0.5224716997240033
0.5224701308536164
0.5224685578369248
0.5224669806563483
0.5224653992942627
0.5224638137329989
0.5224622239548439
0.5224606299420393
0.5224590316767825
0.5224574291412256
0.5224558223174759
0.5224542111875955
0.5224525957336015
0.5224509759374654
0.5224493517811136
0.5224477232464269
0.5224460903152404
0.5224444529693433
0.5224428111904795
0.5224411649603465
0.5224395142605963
0.5224378590728339
0.5224361993786187
0.5224345351594637
0.5224328663968354
0.5224311930721534
0.5224295151667913
0.522427832662075
0.5224261455392842
0.5224244537796516
0.5224227573643625
0.5224210562745552
0.5224193504913203
0.5224176399957013
0.5224159247686941
0.5224142047912469
0.5224124800442604
0.5224107505085867
0.5224090161650307
0.5224072769943486
0.522405532977249
0.5224037840943916
0.5224020303263879
0.5224002716538009
0.5223985080571448
0.522396739516885
0.5223949660134384
0.5223931875271723
0.5223914040384051
0.5223896155274064
0.5223878219743956
0.5223860233595433
0.5223842196629704
0.522382410864748
0.5223805969448975
0.5223787778833897
0.5223769536601467
0.5223751242550391
0.5223732896478879
0.5223714498184636
0.5223696047464862
0.5223677544116246
0.5223658987934979
0.5223640378716734
0.5223621716256677
0.5223603000349464
0.5223584230789238
0.5223565407369627
0.5223546529883749
0.5223527598124196
0.5223508611883052
0.5223489570951882
0.5223470475121726
0.5223451324183105
0.522343211792602
0.5223412856139948
0.5223393538613836
0.5223374165136113
0.5223354735494679
0.5223335249476898
0.5223315706869617
0.5223296107459139
0.5223276451031245
0.5223256737371178
0.5223236966263645
0.5223217137492819
0.5223197250842337
0.5223177306095297
0.5223157303034252
0.522313724144122
0.5223117121097673
0.5223096941784544
0.5223076703282218
0.5223056405370526
0.5223036047828765
0.5223015630435676
0.5222995152969447
0.5222974615207724
0.5222954016927586
0.522293335790557
0.5222912637917653
0.5222891856739255
0.5222871014145236
0.52228501099099
0.5222829143806987
0.5222808115609678
0.5222787025090585
0.5222765872021762
0.5222744656174689
0.5222723377320285
0.5222702035228896
0.5222680629670298
0.5222659160413697
0.5222637627227725
0.5222616029880436
0.5222594368139314
0.522257264177126
0.5222550850542602
0.522252899421908
0.522250707256586
0.522248508534752
0.5222463032328056
0.5222440913270878
0.5222418727938807
0.5222396476094079
0.5222374157498335
0.522235177191263
0.5222329319097416
0.5222306798812567
0.5222284210817343
0.522226155487042
0.522223883072987
0.5222216038153162
0.5222193176897171
0.522217024671816
0.5222147247371793
0.5222124178613129
0.5222101040196614
0.5222077831876087
0.522205455340478
0.5222031204535309
0.5222007785019677
0.5221984294609271
0.5221960733054866
0.5221937100106615
0.5221913395514051
0.5221889619026087
0.5221865770391012
0.5221841849356494
0.5221817855669577
0.522179378907667
0.5221769649323558
0.5221745436155395
0.5221721149316706
0.5221696788551375
0.5221672353602662
0.522164784421318
0.5221623260124908
0.5221598601079189
0.5221573866816718
0.5221549057077552
0.5221524171601103
0.5221499210126135
0.5221474172390763
0.5221449058132464
0.5221423867088043
0.5221398598993673
0.5221373253584864
0.5221347830596472
0.5221322329762692
0.5221296750817068
0.5221271093492474
0.5221245357521132
0.5221219542634588
0.5221193648563734
0.522116767503879
0.5221141621789306
0.5221115488544166
0.5221089275031576
0.5221062980979072
0.5221036606113517
0.5221010150161092
0.5220983612847301
0.5220956993896968
0.5220930293034237
0.5220903509982563
0.5220876644464721
0.5220849696202794
0.5220822664918178
0.5220795550331582
0.5220768352163015
0.5220741070131801
0.5220713703956561
0.522068625335522
0.5220658718045008
0.5220631097742447
0.5220603392163363
0.5220575601022872
0.5220547724035387
0.5220519760914613
0.5220491711373543
0.522046357512446
0.5220435351878935
0.522040704134782
0.5220378643241255
0.5220350157268657
0.5220321583138724
0.5220292920559431
0.5220264169238034
0.5220235328881055
0.5220206399194294
0.5220177379882817
0.5220148270650966
0.522011907120234
0.5220089781239812
0.5220060400465512
0.5220030928580834
0.5220001365286433
0.5219971710282213
0.5219941963267349
0.5219912123940255
0.5219882191998604
0.5219852167139318
0.5219822049058571
0.5219791837451774
0.5219761532013591
0.5219731132437928
0.5219700638417925
0.5219670049645966
0.5219639365813672
0.5219608586611899
0.5219577711730732
0.5219546740859492
0.5219515673686727
0.521948450990021
0.5219453249186943
0.5219421891233152
0.5219390435724276
0.5219358882344987
0.5219327230779163
0.52192954807099
0.5219263631819513
0.5219231683789523
0.521919963630066
0.5219167489032864
0.5219135241665283
0.5219102893876265
0.5219070445343357
0.5219037895743313
0.5219005244752077
0.5218972492044796
0.5218939637295801
0.5218906680178623
0.5218873620365977
0.5218840457529772
0.5218807191341094
0.5218773821470216
0.5218740347586595
0.5218706769358862
0.5218673086454829
0.5218639298541483
0.521860540528498
0.5218571406350648
0.5218537301402991
0.521850309010567
0.5218468772121512
0.5218434347112514
0.5218399814739825
0.5218365174663755
0.5218330426543774
0.5218295570038498
0.5218260604805705
0.521822553050231
0.5218190346784386
0.5218155053307151
0.521811964972496
0.5218084135691312
0.5218048510858847
0.5218012774879339
0.5217976927403698
0.5217940968081964
0.5217904896563312
0.5217868712496043
0.5217832415527581
0.5217796005304476
0.5217759481472399
0.5217722843676142
0.5217686091559608
0.5217649224765822
0.521761224293692
0.5217575145714144
0.5217537932737847
0.5217500603647488
0.521746315808163
0.5217425595677935
0.5217387916073164
0.5217350118903179
0.5217312203802933
0.5217274170406468
0.5217236018346925
0.5217197747256522
0.5217159356766569
0.5217120846507458
0.5217082216108659
0.5217043465198725
0.5217004593405281
0.5216965600355027
0.5216926485673732
0.5216887248986238
0.5216847889916455
0.521680840808735
0.5216768803120956
0.5216729074638369
0.5216689222259737
0.5216649245604263
0.521660914429021
0.5216568917934881
0.521652856615463
0.521648808856486
0.5216447484780014
0.5216406754413574
0.5216365897078065
0.5216324912385042
0.5216283799945095
0.5216242559367847
0.5216201190261948
0.5216159692235072
0.521611806489392
0.5216076307844211
0.5216034420690684
0.5215992403037094
0.521595025448621
0.521590797463981
0.5215865563098683
0.5215823019462621
0.5215780343330425
0.5215737534299894
0.5215694591967821
0.5215651515930005
0.5215608305781233
0.5215564961115281
0.5215521481524917
0.5215477866601894
0.5215434115936949
0.5215390229119798
0.5215346205739139
0.521530204538264
0.5215257747636951
0.5215213312087683
0.521516873831942
0.5215124025915714
0.5215079174459074
0.5215034183530971
0.5214989052711838
0.5214943781581062
0.5214898369716973
0.5214852816696867
0.5214807122096972
0.521476128549247
0.5214715306457482
0.5214669184565068
0.5214622919387228
0.5214576510494888
0.5214529957457915
0.5214483259845097
0.5214436417224154
0.5214389429161725
0.5214342295223372
0.5214295014973575
0.5214247587975726
0.5214200013792132
0.5214152291984011
0.5214104422111489
0.521405640373359
0.5214008236408247
0.5213959919692288
0.521391145314144
0.521386283631032
0.5213814068752437
0.5213765150020189
0.5213716079664857
0.5213666857236607
0.5213617482284486
0.5213567954356411
0.5213518272999179
0.5213468437758458
0.5213418448178784
0.5213368303803554
0.5213318004175034
0.5213267548834348
0.5213216937321478
0.5213166169175255
0.5213115243933371
0.5213064161132358
0.5213012920307598
0.5212961520993317
0.5212909962722578
0.5212858245027285
0.5212806367438171
0.5212754329484806
0.5212702130695586
0.521264977059773
0.5212597248717288
0.5212544564579121
0.5212491717706913
0.5212438707623158
0.5212385533849166
0.5212332195905051
0.5212278693309731
0.5212225025580934
0.521217119223518
0.5212117192787786
0.5212063026752869
0.5212008693643329
0.5211954192970859
0.5211899524245931
0.5211844686977805
0.5211789680674515
0.5211734504842873
0.5211679158988463
0.5211623642615638
0.521156795522752
0.5211512096325988
0.521145606541169
0.5211399861984027
0.5211343485541158
0.5211286935579987
0.5211230211596171
0.5211173313084112
0.5211116239536954
0.521105899044658
0.5211001565303608
0.5210943963597393
0.5210886184816015
0.5210828228446284
0.5210770093973733
0.5210711780882614
0.5210653288655898
0.5210594616775274
0.5210535764721136
0.5210476731972589
0.5210417518007445
0.5210358122302211
0.5210298544332103
0.5210238783571025
0.5210178839491575
0.5210118711565043
0.5210058399261401
0.5209997902049308
0.5209937219396099
0.5209876350767788
0.5209815295629059
0.5209754053443273
0.520969262367245
0.5209631005777278
0.5209569199217102
0.5209507203449933
0.5209445017932425
0.5209382642119889
0.5209320075466282
0.5209257317424204
0.5209194367444898
0.5209131224978245
0.5209067889472758
0.5209004360375582
0.5208940637132491
0.5208876719187885
0.5208812605984778
0.5208748296964812
0.5208683791568237
0.5208619089233918
0.520855418939932
0.5208489091500523
0.5208423794972207
0.520835829924764
0.5208292603758696
0.5208226707935837
0.5208160611208108
0.5208094313003142
0.5208027812747158
0.5207961109864944
0.5207894203779868
0.5207827093913868
0.5207759779687448
0.5207692260519678
0.5207624535828188
0.5207556605029167
0.5207488467537353
0.520742012276604
0.5207351570127066
0.5207282809030813
0.5207213838886204
0.5207144659100698
0.5207075269080287
0.5207005668229493
0.5206935855951366
0.5206865831647476
0.520679559471791
0.5206725144561278
0.5206654480574697
0.5206583602153795
0.5206512508692706
0.5206441199584058
0.5206369674218985
0.520629793198712
0.5206225972276572
0.5206153794473954
0.520608139796435
0.5206008782131332
0.5205935946356948
0.5205862890021712
0.520578961250462
0.5205716113183124
0.5205642391433144
0.5205568446629055
0.520549427814369
0.5205419885348331
0.5205345267612714
0.5205270424305013
0.5205195354791843
0.520512005843826
0.5205044534607752
0.5204968782662236
0.5204892801962053
0.5204816591865971
0.5204740151731172
0.520466348091326
0.5204586578766242
0.520450944464254
0.5204432077892973
0.5204354477866768
0.5204276643911541
0.5204198575373309
0.5204120271596465
0.5204041731923803
0.5203962955696488
0.520388394225407
0.5203804690934464
0.5203725201073963
0.5203645472007223
0.5203565503067266
0.5203485293585469
0.5203404842891565
0.5203324150313641
0.5203243215178128
0.5203162036809804
0.5203080614531784
0.520299894766552
0.5202917035530799
0.5202834877445733
0.5202752472726755
0.5202669820688629
0.5202586920644426
0.5202503771905537
0.5202420373781655
0.5202336725580784
0.5202252826609226
0.5202168676171581
0.5202084273570744
0.5201999618107898
0.520191470908251
0.5201829545792331
0.5201744127533391
0.5201658453599988
0.5201572523284697
0.5201486335878351
0.5201399890670052
0.5201313186947155
0.5201226223995272
0.5201139001098262
0.5201051517538233
0.520096377259553
0.520087576554874
0.5200787495674682
0.5200698962248407
0.5200610164543188
0.5200521101830522
0.5200431773380122
0.5200342178459916
0.520025231633604
0.5200162186272839
0.5200071787532852
0.5199981119376822
0.519989018106368
0.5199798971850551
0.5199707490992742
0.5199615737743737
0.5199523711355202
0.5199431411076972
0.5199338836157055
0.5199245985841616
0.5199152859374984
0.5199059455999642
0.5198965774956226
0.5198871815483519
0.5198777576818443
0.5198683058196066
0.5198588258849586
0.5198493178010328
0.5198397814907751
0.519830216876943
0.5198206238821059
0.5198110024286444
0.5198013524387505
0.519791673834426
0.5197819665374831
0.5197722304695434
0.5197624655520379
0.5197526717062062
0.5197428488530964
0.519732996913564
0.5197231158082724
0.5197132054576918
0.5197032657820988
0.5196932967015767
0.5196832981360138
0.5196732700051038
0.5196632122283452
0.5196531247250412
0.5196430074142986
0.5196328602150277
0.5196226830459417
0.5196124758255566
0.5196022384721903
0.5195919709039625
0.5195816730387941
0.5195713447944066
0.5195609860883222
0.5195505968378626
0.5195401769601489
0.5195297263721015
0.5195192449904387
0.5195087327316776
0.5194981895121322
0.5194876152479141
0.5194770098549314
0.519466373248888
0.5194557053452841
0.5194450060594147
0.5194342753063699
0.5194235130010344
0.519412719058086
0.5194018933919963
0.51939103591703
0.519380146547244
0.5193692251964872
0.5193582717784002
0.5193472862064142
0.5193362683937515
0.5193252182534241
0.5193141356982335
0.5193030206407706
0.5192918729934151
0.519280692668334
0.5192694795774828
0.5192582336326041
0.519246954745227
0.5192356428266663
0.5192242977880234
0.5192129195401844
0.5192015079938203
0.5191900630593862
0.5191785846471209
0.5191670726670468
0.5191555270289685
0.5191439476424733
0.5191323344169301
0.5191206872614887
0.5191090060850806
0.5190972907964162
0.5190855413039863
0.5190737575160614
0.5190619393406899
0.5190500866856987
0.5190381994586926
0.5190262775670526
0.5190143209179379
0.519002329418283
0.5189903029747973
0.5189782414939668
0.5189661448820508
0.5189540130450834
0.5189418458888716
0.5189296433189963
0.5189174052408096
0.5189051315594367
0.5188928221797737
0.5188804770064874
0.5188680959440153
0.5188556788965643
0.5188432257681108
0.5188307364624001
0.5188182108829452
0.5188056489330268
0.5187930505156932
0.5187804155337588
0.5187677438898037
0.518755035486174
0.5187422902249803
0.5187295080080978
0.5187166887371651
0.5187038323135844
0.5186909386385201
0.518678007612899
0.5186650391374092
0.5186520331124997
0.5186389894383804
0.5186259080150202
0.5186127887421477
0.51859963151925
0.5185864362455727
0.5185732028201178
0.5185599311416454
0.5185466211086713
0.5185332726194671
0.5185198855720596
0.51850645986423
0.5184929953935138
0.5184794920571996
0.5184659497523286
0.5184523683756945
0.5184387478238427
0.5184250879930689
0.5184113887794195
0.5183976500786911
0.5183838717864285
0.5183700537979257
0.5183561960082245
0.5183422983121138
0.5183283606041289
0.518314382778552
0.5183003647294098
0.5182863063504739
0.5182722075352607
0.5182580681770291
0.5182438881687821
0.5182296674032636
0.5182154057729599
0.5182011031700982
0.5181867594866455
0.518172374614309
0.5181579484445347
0.5181434808685063
0.5181289717771462
0.5181144210611134
0.518099828610803
0.5180851943163455
0.5180705180676074
0.5180557997541885
0.518041039265423
0.5180262364903774
0.518011391317851
0.5179965036363744
0.5179815733342092
0.5179666002993473
0.5179515844195096
0.5179365255821468
0.5179214236744366
0.5179062785832851
0.5178910901953243
0.5178758583969123
0.5178605830741331
0.5178452641127947
0.5178299013984289
0.5178144948162908
0.5177990442513577
0.5177835495883288
0.517768010711624
0.5177524275053832
0.5177367998534661
0.5177211276394507
0.517705410746633
0.5176896490580265
0.5176738424563608
0.5176579908240809
0.517642094043347
0.5176261519960338
0.5176101645637283
0.5175941316277308
0.5175780530690531
0.5175619287684183
0.5175457586062593
0.5175295424627184
0.5175132802176471
0.5174969717506037
0.5174806169408543
0.517464215667371
0.517447767808831
0.5174312732436162
0.5174147318498123
0.5173981435052082
0.5173815080872939
0.5173648254732617
0.5173480955400034
0.517331318164111
0.5173144932218751
0.5172976205892835
0.5172807001420219
0.5172637317554716
0.5172467153047089
0.5172296506645049
0.5172125377093241
0.5171953763133235
0.5171781663503519
0.517160907693949
0.5171436002173442
0.5171262437934561
0.5171088382948913
0.5170913835939436
0.5170738795625934
0.5170563260725062
0.5170387229950317
0.5170210702012034
0.5170033675617375
0.5169856149470314
0.5169678122271635
0.5169499592718918
0.516932055950653
0.5169141021325614
0.5168960976864087
0.5168780424806617
0.5168599363834626
0.5168417792626274
0.5168235709856444
0.5168053114196746
0.5167870004315492
0.5167686378877695
0.5167502236545057
0.5167317575975957
0.5167132395825439
0.516694669474521
0.5166760471383618
0.5166573724385655
0.516638645239293
0.5166198654043672
0.5166010327972714
0.5165821472811482
0.5165632087187989
0.5165442169726813
0.5165251719049095
0.5165060733772533
0.5164869212511354
0.5164677153876323
0.5164484556474709
0.5164291418910301
0.5164097739783372
0.5163903517690682
0.5163708751225458
0.516351343897739
0.5163317579532618
0.516312117147371
0.5162924213379669
0.5162726703825905
0.5162528641384224
0.5162330024622831
0.5162130852106301
0.5161931122395573
0.5161730834047941
0.5161529985617039
0.5161328575652826
0.5161126602701577
0.5160924065305872
0.5160720962004577
0.5160517291332837
0.5160313051822063
0.5160108241999913
0.515990286039029
0.5159696905513317
0.5159490375885335
0.5159283270018873
0.5159075586422665
0.5158867323601598
0.515865848005673
0.5158449054285263
0.5158239044780528
0.5158028450031977
0.5157817268525164
0.5157605498741735
0.5157393139159416
0.5157180188251991
0.5156966644489295
0.5156752506337193
0.5156537772257578
0.5156322440708343
0.515610651014337
0.5155889979012523
0.5155672845761625
0.5155455108832445
0.5155236766662683
0.5155017817685965
0.5154798260331803
0.5154578093025608
0.5154357314188659
0.515413592223809
0.5153913915586877
0.515369129264382
0.5153468051813528
0.5153244191496402
0.5153019710088627
0.5152794605982144
0.5152568877564634
0.5152342523219521
0.515211554132593
0.5151887930258688
0.5151659688388303
0.5151430814080941
0.5151201305698417
0.5150971161598179
0.5150740380133283
0.5150508959652386
0.5150276898499717
0.5150044195015068
0.5149810847533778
0.5149576854386709
0.5149342213900234
0.5149106924396214
0.5148870984191984
0.5148634391600335
0.5148397144929493
0.5148159242483104
0.5147920682560214
0.5147681463455249
0.5147441583458
0.5147201040853601
0.5146959833922513
0.5146717960940501
0.5146475420178622
0.5146232209903199
0.5145988328375802
0.5145743773853231
0.5145498544587497
0.5145252638825804
0.5145006054810518
0.5144758790779166
0.5144510844964396
0.5144262215593971
0.5144012900890744
0.5143762899072635
0.514351220835261
0.5143260826938668
0.5143008753033811
0.514275598483603
0.5142502520538276
0.5142248358328448
0.5141993496389361
0.5141737932898737
0.514148166602917
0.5141224693948117
0.5140967014817861
0.5140708626795503
0.5140449528032934
0.5140189716676812
0.5139929190868538
0.5139667948744239
0.5139405988434732
0.5139143308065524
0.5138879905756764
0.5138615779623235
0.5138350927774326
0.5138085348314007
0.5137819039340807
0.5137551998947791
0.5137284225222536
0.51370157162471
0.5136746470098006
0.513647648484622
0.5136205758557106
0.5135934289290431
0.5135662075100316
0.5135389114035224
0.5135115404137923
0.5134840943445478
0.5134565729989207
0.513428976179466
0.5134013036881608
0.5133735553263993
0.5133457308949918
0.5133178301941618
0.5132898530235428
0.5132617991821756
0.5132336684685069
0.5132054606803846
0.5131771756150564
0.513148813069167
0.513120372838755
0.5130918547192493
0.5130632585054683
0.5130345839916151
0.5130058309712756
0.512976999237416
0.5129480885823787
0.5129190987978809
0.5128900296750101
0.5128608810042223
0.5128316525753391
0.512802344177544
0.5127729555993796
0.512743486628745
0.5127139370528928
0.5126843066584251
0.5126545952312919
0.5126248025567864
0.5125949284195437
0.512564972603536
0.5125349348920704
0.5125048150677857
0.5124746129126487
0.5124443282079518
0.512413960734309
0.5123835102716532
0.5123529765992324
0.5123223594956073
0.5122916587386471
0.5122608741055265
0.5122300053727229
0.5121990523160123
0.5121680147104657
0.5121368923304469
0.5121056849496084
0.5120743923408875
0.5120430142765034
0.5120115505279539
0.5119800008660111
0.5119483650607191
0.5119166428813893
0.5118848340965971
0.5118529384741788
0.5118209557812281
0.5117888857840914
0.5117567282483652
0.5117244829388918
0.5116921496197564
0.5116597280542823
0.5116272180050283
0.5115946192337839
0.511561931501566
0.5115291545686159
0.5114962881943934
0.5114633321375759
0.5114302861560511
0.5113971500069165
0.5113639234464729
0.5113306062302216
0.5112971981128608
0.5112636988482809
0.5112301081895605
0.5111964258889629
0.5111626516979317
0.5111287853670868
0.5110948266462206
0.5110607752842933
0.511026631029429
0.510992393628912
0.510958062829182
0.51092363837583
0.5108891200135948
0.5108545074863575
0.5108198005371385
0.5107849989080919
0.5107501023405023
0.5107151105747801
0.5106800233504569
0.5106448404061812
0.5106095614797144
0.5105741863079252
0.5105387146267869
0.5105031461713713
0.5104674806758451
0.5104317178734652
0.5103958574965739
0.5103598992765943
0.510323842944026
0.5102876882284404
0.5102514348584755
0.5102150825618327
0.5101786310652696
0.5101420800945979
0.510105429374677
0.5100686786294096
0.5100318275817372
0.5099948759536346
0.5099578234661061
0.5099206698391795
0.509883414791902
0.5098460580423346
0.5098085993075478
0.5097710383036163
0.5097333747456136
0.5096956083476081
0.5096577388226564
0.5096197658827999
0.5095816892390583
0.5095435086014255
0.5095052236788636
0.5094668341792987
0.5094283398096145
0.5093897402756481
0.5093510352821837
0.5093122245329487
0.509273307730607
0.5092342845767543
0.5091951547719131
0.5091559180155265
0.5091165740059529
0.5090771224404615
0.5090375630152257
0.5089978954253179
0.5089581193647047
0.50891823452624
0.5088782406016609
0.5088381372815808
0.5087979242554846
0.508757601211723
0.5087171678375063
0.5086766238188991
0.5086359688408146
0.5085952025870084
0.5085543247400736
0.5085133349814337
0.5084722329913378
0.5084310184488547
0.5083896910318664
0.5083482504170622
0.5083066962799339
0.508265028294768
0.5082232461346416
0.5081813494714149
0.508139337975726
0.508097211316984
0.5080549691633645
0.5080126111818011
0.5079701370379817
0.5079275463963405
0.5078848389200529
0.5078420142710286
0.5077990721099057
0.5077560120960442
0.5077128338875198
0.5076695371411177
0.5076261215123262
0.5075825866553301
0.507538932223004
0.507495157866907
0.5074512632372751
0.5074072479830152
0.5073631117516982
0.5073188541895535
0.5072744749414608
0.5072299736509452
0.5071853499601693
0.5071406035099274
0.5070957339396378
0.5070507408873379
0.5070056239896755
0.5069603828819033
0.5069150171978714
0.5068695265700215
0.5068239106293789
0.5067781690055466
0.5067323013266979
0.5066863072195695
0.5066401863094554
0.5065939382201984
0.5065475625741849
0.5065010589923364
0.5064544270941039
0.5064076664974596
0.5063607768188906
0.5063137576733913
0.5062666086744572
0.5062193294340765
0.5061719195627241
0.5061243786693542
0.5060767063613921
0.5060289022447281
0.5059809659237103
0.5059328970011365
0.5058846950782475
0.5058363597547199
0.505787890628658
0.5057392872965878
0.5056905493534483
0.5056416763925844
0.5055926680057404
0.5055435237830517
0.5054942433130372
0.5054448261825926
0.5053952719769823
0.5053455802798321
0.5052957506731219
0.5052457827371777
0.5051956760506642
0.5051454301905771
0.5050950447322363
0.5050445192492772
0.5049938533136433
0.5049430464955792
0.5048920983636218
0.5048410084845942
0.5047897764235963
0.5047384017439981
0.5046868840074317
0.5046352227737835
0.5045834176011864
0.5045314680460125
0.5044793736628639
0.5044271340045671
0.5043747486221627
0.5043222170648998
0.5042695388802265
0.5042167136137827
0.5041637408093926
0.5041106200090555
0.5040573507529398
0.5040039325793733
0.5039503650248359
0.5038966476239524
0.5038427799094836
0.5037887614123181
0.5037345916614658
0.5036802701840484
0.5036257965052919
0.5035711701485192
0.503516390635141
0.5034614574846487
0.5034063702146061
0.5033511283406413
0.5032957313764383
0.5032401788337301
0.503184470222289
0.5031286050499203
0.503072582822453
0.5030164030437323
0.5029600652156112
0.5029035688379431
0.5028469134085727
0.5027900984233291
0.5027331233760166
0.5026759877584082
0.5026186910602353
0.502561232769182
0.5025036123708753
0.5024458293488778
0.5023878831846802
0.5023297733576919
0.5022714993452337
0.5022130606225306
0.5021544566627016
0.5020956869367543
0.502036750913575
0.5019776480599214
0.5019183778404144
0.5018589397175306
0.5017993331515939
0.5017395576007674
0.5016796125210458
0.5016194973662473
0.5015592115880061
0.5014987546357638
0.501438125956762
0.501377324996034
0.5013163511963978
0.5012552039984476
0.5011938828405454
0.5011323871588151
0.5010707163871329
0.5010088699571199
0.5009468472981354
0.5008846478372682
0.500822270999329
0.5007597162068436
0.5006969828800438
0.5006340704368619
0.5005709782929209
0.5005077058615282
0.5004442525536684
0.500380617777995
0.5003168009408234
0.5002528014461234
0.500188618695512
0.5001242520882458
0.5000597010212143
0.499994964888932
0.4999300430835314
0.49986493499475604
0.4997996400099535
0.4997341575140676
0.4996684868896324
0.49960262751676465
0.4995365787731566
0.4994703400340702
0.499403910672329
0.49933729005831207
0.4992704775599476
0.4992034725427055
0.499136274369591
0.4990688824011389
0.4990012959954061
0.49893351450796547
0.4988655372919
0.4987973636977959
0.4987289930737368
0.49866042476529737
0.4985916581155373
0.4985226924649954
0.49845352715168373
0.49838416151108145
0.4983145948761294
0.49824482657722413
0.4981748559422128
0.4981046822963867
0.4980343049624767
0.49796372326064753
0.49789293650849276
0.49782194402102914
0.497750745110692
0.49767933908733
0.49760772525820013
0.49753590292796357
0.49746387139868015
0.497391629969804
0.4973191779381795
0.49724651459803637
0.4971736392409859
0.4971005511560162
0.4970272496294886
0.4969537339451334
0.49688000338404653
0.4968060572246852
0.49673189474286444
0.49665751521175494
0.49658291790187753
0.4965081020811016
0.49643306701464146
0.49635781196505335
0.496282336192233
0.49620663895341255
0.49613071950315846
0.4960545770933688
0.49597821097327105
0.4959016203894202
0.49582480458569655
0.49574776280330457
0.4956704942807703
0.49559299825394054
0.4955152739559818
0.4954373206173782
0.49535913746593174
0.4952807237267603
0.4952020786222978
0.49512320137229404
0.4950440911938129
0.4949647473012344
0.4948851689062531
0.4948053552178787
0.49472530544243776
0.4946450187835728
0.4945644944422436
0.4944837316167289
0.49440272950262737
0.49432148729285835
0.49424000417766495
0.49415827934461426
0.49407631197860163
0.4939941012618505
0.4939116463739168
0.4938289464916916
0.49374600078940284
0.49366280843862
0.4935793686082571
0.4934956804645761
0.4934117431711913
0.4933275558890735
0.493243117776554
0.4931584279893304
0.4930734856804704
0.4929882900004178
0.49290284009699736
0.49281713511542186
0.4927311741982964
0.4926449564856261
0.49255848111482226
0.4924717472207091
0.4923847539355312
0.49229750038896114
0.4922099857081067
0.49212220901751913
0.49203416943920225
0.4919458660926202
0.491857298094707
0.49176846455987555
0.49167936460002754
0.49158999732456327
0.49150036184039225
0.4914104572519433
0.49132028266117594
0.4912298371675915
0.49113911986824527
0.4910481298577574
0.4909568662283269
0.49086532806974287
0.4907735144693982
0.49068142451230345
0.4905890572811
0.4904964118560748
0.49040348731517447
0.4903102827340206
0.4902167971859253
0.4901230297419067
0.49002897947070534
0.48993464543880016
0.4898400267104268
0.48974512234759365
0.4896499314101
0.48955445295555544
0.48945868603939663
0.48936262971490835
0.48926628303324193
0.4891696450434349
0.4890727147924329
0.48897549132510965
0.4888779736842881
0.48878016091076293
0.4886820520433225
0.4885836461187717
0.48848494217195537
0.488385939235782
0.48828663634124725
0.4881870325174604
0.4880871267916677
0.48798691818927953
0.48788640573389574
0.4877855884473329
0.48768446534965115
0.48758303545918313
0.487481297792561
0.48737925136474575
0.4872768951890572
0.487174228277203
0.48707124963931026
0.4869679582839557
0.48686435321819793
0.4867604334476091
0.4866561979763085
0.48655164580699484
0.486446775940981
0.4863415873782287
0.48623607911738254
0.4861302501558076
0.4860240994896233
0.4859176261137425
0.4858108290219087
0.4857037072067326
0.4855962596597328
0.4854884853713745
0.48538038333110944
0.48527195252741656
0.48516319194784374
0.4850541005790496
0.484944677406846
0.4848349214162415
0.4847248315914854
0.48461440691611235
0.4845036463729872
0.48439254894435224
0.48428111361187237
0.4841693393566834
0.48405722515944
0.4839447700003643
0.48383197285929547
0.4837188327157399
0.4836053485489219
0.4834915193378353
0.4833773440612965
0.4832628216979965
0.48314795122655546
0.4830327316255765
0.4829171618737018
0.48280124094966786
0.4826849678323629
0.48256834150088357
0.48245136093459423
0.4823340251131848
0.4822163330167317
0.4820982836257577
0.48197987592129277
0.48186110888493816
0.48174198149892655
0.4816224927461878
0.48150264161041223
0.48138242707611706
0.4812618481287109
0.48114090375456153
0.4810195929410632
0.4808979146767058
0.4807758679511427
0.48065345175526186
0.48053066508125636
0.48040750692269607
0.48028397627459996
0.48016007213350953
0.480035793497563
0.47991113936657004
0.4797861087420878
0.47966070062749705
0.47953491402807996
0.47940874795109806
0.47928220140587185
0.4791552734038597
0.4790279629587399
0.47890026908649075
0.4787721908054743
0.4786437271365182
0.47851487710300167
0.47838563973093823
0.47825601404906287
0.4781259990889185
0.47799559388494267
0.4778647974745565
0.47773360889825345
0.4776020271996892
0.4774700514257726
0.4773376806267573
0.4772049138563338
0.4770717501717232
0.4769381886337708
0.4768042283070413
0.47666986825991453
0.47653510756468204
0.4763999452976443
0.476264380539209
0.47612841237399023
0.475992039890908
0.4758552621832891
0.47571807834896884
0.47558048749039233
0.47544248871471906
0.4753040811339248
0.47516526386490865
0.4750260360295962
0.47488639675504685
0.47474634517356096
0.4746058804227873
0.4744650016458314
0.47432370799136525
0.47418199861373705
0.47403987267308234
0.47389732933543505
0.47375436777284036
0.47361098716346695
0.4734671866917218
0.4733229655483637
0.47317832293061873
0.47303325804229646
0.47288777009390565
0.4727418583027723
0.47259552189315746
0.47244876009637493
0.47230157215091184
0.4721539573025473
0.47200591480447335
0.47185744391741624
0.4717085439097586
0.4715592140576601
0.4714094536451822
0.4712592619644109
0.471108638315581
0.47095758200719956
0.47080609235617366
0.4706541686879333
0.47050181033655947
0.47034901664491
0.4701957869647472
0.4700421206568654
0.46988801709121897
0.46973347564705115
0.46957849571302324
0.46942307668734307
0.4692672179778965
0.4691109190023763
0.46895417918841287
0.46879699797370644
0.4686393748061569
0.4684813091439961
0.4683228004559197
0.46816384822121937
0.4680044519299154
0.4678446110828894
0.4676843251920165
0.4675235937803001
0.4673624163820037
0.4672007925427851
0.4670387218198302
0.46687620378198635
0.4667132380098966
0.466549824096134
0.4663859616453349
0.4662216502743336
0.46605688961229663
0.4658916793008563
0.4657260189942457
0.46555990835943195
0.4653933470762509
0.4652263348375401
0.46505887134927426
0.4648909563306973
0.4647225895144569
0.4645537706467372
0.46438449948739274
0.4642147758100805
0.46404459940239295
0.4638739700659907
0.46370288761673384
0.4635313518848146
0.46335936271488776
0.4631869199662023
0.46301402351273163
0.4628406732433036
0.46266686906173066
0.4624926108869382
0.4623178986530942
0.46214273230973624
0.4619671118218994
0.4617910371702437
0.46161450835117945
0.46143752537699323
0.4612600882759729
0.4610821970925314
0.4609038518873304
0.46072505273740305
0.4605457997362751
0.46036609299408676
0.4601859326377125
0.46000531881087936
0.45982425167428687
0.4596427314057229
0.4594607582001805
0.45927833226997306
0.4590954538448491
0.4589121231721044
0.4587283405166948
0.458544106161347
0.45835942040666766
0.45817428357125256
0.4579886959917939
0.45780265802318554
0.4576161700386283
0.4574292324297329
0.4572418456066232
0.45705400999803475
0.4568657260514152
0.4566769942330223
0.45648781502801916
0.4562981889405702
0.45610811649393246
0.45591759823054945
0.45572663471213937
0.45553522651978423
0.45534337425401633
0.4551510785349033
0.4549583400021314
0.45476515931508665
0.45457153715293486
0.45437747421469976
0.4541829712193379
0.45398802890581424
0.4537926480331731
0.4535968293806093
0.45340057374753595
0.45320388195365163
0.4530067548390034
0.45280919326404956
0.4526111981097209
0.4524127702774764
0.45221391068936184
0.4520146202880617
0.45181490003695124
0.45161475092014586
0.4514141739425487
0.4512131701298943
0.45101174052879284
0.4508098862067685
0.4506076082522987
0.450404907774849
0.45020178590490667
0.44999824379401093
0.4497942826147814
0.449589903560944
0.44938510784735414
0.4491798967100179
0.4489742714061098
0.44876823321398884
0.44856178343321196
0.44835492338454414
0.448147654409966
0.4479399778726812
0.4477318951571165
0.4475234076689234
0.44731451683497553
0.4471052241033629
0.44689553094338375
0.4466854388455341
0.4464749493214945
0.4462640639041138
0.4460527841473888
0.44584111162644474
0.4456290479375087
0.44541659469788364
0.4452037535459171
0.44499052614096885
0.4447769141633746
0.4445629193144082
0.44434854331623874
0.44413378791188673
0.44391865486517695
0.44370314596068855
0.44348726300370134
0.44327100782013956
0.44305438225651406
0.4428373881798602
0.4426200274776726
0.44240230205783865
0.442184213848567
0.44196576479831484
0.44174695687571175
0.4415277920694802
0.44130827238835363
0.44108839986099174
0.4408681765358923
0.4406476044813004
0.44042668578511535
0.44020542255479395
0.4399838169172504
0.43976187101875575
0.43953958702483065
0.43931696712013935
0.4390940135083776
0.4388707284121597
0.43864711407290186
0.4384231727507033
0.4381989067242235
0.43797431829055794
0.43774940976511
0.4375241834814615
0.43729864179123845
0.4370727870639763
0.4368466216869806
0.43662014806518623
0.43639336862101363
0.4361662857942218
0.43593890204175917
0.4357112198376125
0.43548324167265184
0.43525497005447383
0.43502640750724153
0.43479755657152463
0.43456841980413174
0.4343389997779459
0.43410929908175433
0.4338793203200765
0.43364906611298976
0.43341853909595357
0.4331877419196299
0.4329566772497013
0.43272534776668936
0.4324937561657672
0.4322619051565719
0.43202979746301495
0.4317974358230897
0.4315648229886761
0.43133196172534555
0.4310988548121611
0.4308655050414783
0.4306319152187409
0.4303980881622774
0.43016402670309517
0.4299297336846708
0.42969521196274074
0.4294604644050897
0.42922549389133663
0.4289903033127187
0.42875489557187585
0.4285192735826301
0.42828344026976695
0.42804739856881313
0.42781115142581183
0.4275747017971
0.42733805264908065
0.4271012069579953
0.4268641677096959
0.4266269378994133
0.4263895205315264
0.42615191861932855
0.4259141351847955
0.42567617325834756
0.4254380358786156
0.4251997260922026
0.42496124695344617
0.4247226015241785
0.42448379287348764
0.4242448240774748
0.42400569821901424
0.42376641838750934
0.4235269876786505
0.4232874091941706
0.4230476860416008
0.42280782133402445
0.4225678181898329
0.42232767973247864
0.42208740909022824
0.42184700939591546
0.421606483786695
0.4213658354037939
0.42112506739226346
0.4208841829007315
0.42064318508115417
0.4204020770885676
0.420160862080839
0.41991954321841884
0.4196781236640914
0.4194366065827273
0.4191949951410355
0.4189532925073137
0.4187115018512017
0.41846962634343343
0.4182276691555895
0.4179856334598504
0.4177435224287494
0.41750133923492727
0.41725908705088544
0.4170167690487413
0.4167743883999842
0.4165319482752302
0.4162894518439805
0.41604690227437624
0.4158043027329588
0.415561656384428
0.4153189663914012
0.4150762359141743
0.4148334681104834
0.41459066613526685
0.4143478331404288
0.4141049722746033
0.41386208668292
0.4136191795067711
0.413376253883578
0.4131333129465618
0.4128903598245116
0.41264739764155733
0.4124044295169418
0.4121614585647947
0.4119184878939075
0.4116755206075118
0.4114325598030557
0.4111896085719844
0.41094666999952123
0.41070374716445035
0.4104608431389011
0.41021796098813346
0.4099751037703264
0.40973227453636585
0.4094894763296371
0.4092467121858156
0.4090039851326627
0.40876129818982154
0.4085186543686143
0.4082760566718423
0.40803350809358824
0.4077910116190184
0.4075485702241897
0.4073061868758555
0.4070638645312758
0.4068216061380285
0.40657941463382197
0.4063372929463121
0.40609524399291713
0.40585327068063975
0.4056113759058867
0.40536956255429335
0.40512783350054976
0.4048861916082275
0.4046446397296108
0.40440318070552866
0.40416181736518886
0.403920552526015
0.4036793889934859
0.40343832956097553
0.40319737700959823
0.4029565341080526
0.4027158036124705
0.4024751882662678
0.4022346907999956
0.4019943139311961
0.40175406036426015
0.401513932790286
0.4012739338869414
0.4010340663183284
0.40079433273484955
0.4005547357730772
0.40031527805562417
0.4000759621910185
0.3998367907735791
0.39959776638329425
0.39935889158570287
0.3991201689317769
0.3988816009578082
0.39864319018529626
0.3984049391208383
0.39816685025602244
0.39792892606732366
0.39769116901599977
0.397453581547994
0.3972161660938355
0.3969789250685447
0.3967418608715413
0.3965049758865535
0.39626827248153
0.3960317530085546
0.39579541980376276
0.3955592751872615
0.3953233214630501
0.39508756091894465
0.39485199582650443
0.3946166284409597
0.39438146100114396
0.3941464957294259
0.39391173483164604
0.39367718049705425
0.39344283489825027
0.39320870019112575
0.39297477851480966
0.3927410719916144
0.3925075827269871
0.39227431280945874
0.3920412643106002
0.3918084392849769
0.39157583977010757
0.39134346778642515
0.3911113253372382
0.3908794144086977
0.39064773696976185
0.39041629497216734
0.3901850903503987
0.38995412502166327
0.3897234008858659
0.38949291982558626
0.3892626837060592
0.38903269437515603
0.3888029536633683
0.3885734633837939
0.38834422533212404
0.38811524128663394
0.38788651300817295
0.3876580422401608
0.3874298307085805
0.3872018801219771
0.38697419217145756
0.38674676853069084
0.3865196108559117
0.38629272078592547
0.3860660999421148
0.38583974992844844
0.38561367233149113
0.38538786872041636
0.3851623406470196
0.384937089645734
0.38471211723364784
0.3844874249105237
0.38426301415881786
0.3840388864437044
0.38381504321309784
0.3835914858976781
0.3833682159109189
0.38314523464911565
0.38292254349141525
0.3827001437998482
0.3824780369193619
0.3822562241778541
0.3820347068862108
0.3818134863383419
0.381592563811221
0.3813719405649258
0.38115161784267937
0.38093159687089295
0.3807118788592109
0.3804924650005559
0.38027335647117483
0.3800545544306896
0.37983606002214354
0.379617874372054
0.379399998590463
0.37918243377099087
0.37896518099089005
0.3787482413111003
0.37853161577630573
0.3783153054149907
0.37809931123950014
0.3778836342460982
0.3776682754150287
0.377453235710577
0.37723851608113285
0.3770241174592533
0.3768100407617275
0.37659628688964303
0.37638285672844984
0.37616975114803064
0.375956971002766
0.3757445171316052
0.37553239035813524
0.37532059149065167
0.37510912132222923
0.3748979806307949
0.37468717017920006
0.3744766907152946
0.37426654297199996
0.3740567276673864
0.3738472455047459
0.3736380971726705
0.37342928334512837
0.37322080468154073
0.3730126618268616
0.3728048554116548
0.3725973860521745
0.37239025435044404
0.3721834608943363
0.3719770062576555
0.37177089100021765
0.3715651156679321
0.37135968079288495
0.3711545868934196
0.3709498344742229
0.3707454240264051
0.37054135602758653
0.37033763094198013
0.3701342492204776
0.3699312113007322
0.36972851760724623
0.3695261685514545
0.36932416453181227
0.3691225059338794
0.36892119313040755
0.36872022648142777
0.36851960633433545
0.3683193330239787
0.36811940687274497
0.3679198281906492
0.3677205972754204
0.36752171441259057
0.36732317987558155
0.3671249939257938
0.3669271568126943
0.3667296687739048
0.3665325300352904
0.3663357408110476
0.3661393013037929
0.3659432117046517
0.3657474721933466
0.3655520829382861
0.36535704409665315
0.36516235581449397
0.36496801822680625
0.36477403145762866
0.3645803956201286
0.3643871108166911
0.3641941771390075
0.36400159466816295
0.36380936347472653
0.3636174836188375
0.36342595515029563
0.3632347781086469
0.3630439525232737
0.36285347841348126
0.3626633557885859
0.36247358464800294
0.3622841649813332
0.362095096768451
0.36190637997959124
0.3617180145754362
0.36153000050720174
0.36134233771672536
0.3611550261365508
0.360968065690015
0.360781456291334
0.36059519784568905
0.36040929024931145
0.3602237333895676
0.3600385271450446
0.3598536713856348
0.3596691659726202
0.3594850107587562
0.35930120558835693
0.3591177502973769
0.358934644713496
0.3587518886562017
0.358569481936872
0.35838742435885834
0.3582057157175669
0.35802435580054154
0.3578433443875437
0.3576626812506354
0.357482366154259
0.3573023988553181
0.3571227791032572
0.3569435066401422
0.35676458120073995
0.35658600251259637
0.35640777029611614
0.35622988426464125
0.35605234412452796
0.35587514957522554
0.3556983003093533
0.3555217960127766
0.3553456363646852
0.35516982103766714
0.3549943496977866
0.35481922200465815
0.35464443761152126
0.35446999616531616
0.35429589730675726
0.3541221406704066
0.3539487258847477
0.35377565257225874
0.35360292034948404
0.35343052882710735
0.35325847761002294
0.3530867662974069
0.35291539448278775
0.3527443617541178
0.35257366769384196
0.35240331187896823
0.3522332938811366
0.35206361326668706
0.3518942695967292
0.3517252624272089
0.3515565913089771
0.3513882557878543
0.3512202554047003
0.35105258969547787
0.3508852581913194
0.35071826041859244
0.3505515958989635
0.3503852641494635
0.3502192646825506
0.350053597006175
0.34988826062384054
0.349723255034668
0.3495585797334577
0.3493942342107501
0.349230217952888
0.3490665304420771
0.34890317115644565
0.3487401395701056
0.3485774351532113
0.3484150573720185
0.3482530056889435
0.34809127956262076
0.34792987844796053
0.34776880179620706
0.3476080490549938
0.34744761966840154
0.3472875130770128
0.3471277287179685
0.34696826602502284
0.3468091244285972
0.3466503033558343
0.34649180223065357
0.34633362047380223
0.34617575750291013
0.34601821273254
0.34586098557424233
0.34570407543660375
0.34554748172530103
0.3453912038431497
0.34523524119015536
0.3450795931635633
0.34492425915790814
0.3447692385650619
0.34461453077428394
0.34446013517226765
0.3443060511431905
0.34415227806875787
0.34399881532825277
0.3438456622985814
0.3436928183543191
0.3435402828677559
0.3433880552089421
0.3432361347457328
0.34308452084383223
0.3429332128668381
0.3427822101762847
0.3426315121316866
0.34248111809058107
0.34233102740857063
0.342181239439365
0.34203175353482196
0.34188256904499037
0.34173368531814907
0.34158510170084766
0.34143681753794747
0.3412888321726603
0.3411411449465882
0.34099375519976094
0.3408466622706774
0.3406998654963396
0.34055336421229404
0.3404071577526675
0.3402612454502033
0.34011562663629924
0.33997030064104317
0.33982526679324815
0.33968052442049
0.33953607284913967
0.33939191140440017
0.33924803941033976
0.3391044561899265
0.3389611610650618
0.33881815335661375
0.33867543238444947
0.33853299746746934
0.33839084792363716
0.33824898307001366
0.33810740222278796
0.3379661046973073
0.3378250898081103
0.337684356868955
0.33754390519285093
0.337403734092089
0.3372638428782692
0.3371242308623321
0.3369848973545865
0.3368458416647381
0.33670706310191817
0.3365685609747108
0.3364303345911817
0.3362923832589043
0.33615470628498756
0.3360173029761018
0.33588017263850667
0.33574331457807505
0.3356067281003205
0.3354704125104224
0.3353343671132503
0.3351985912133902
0.3350630841151672
0.3349278451226722
0.3347928735397835
0.33465816867019227
0.334523729817425
0.3343895562848673
0.3342556473757856
0.3341220023933512
0.3339886206406617
0.33385550142076337
0.33372264403667207
0.33359004779139595
0.3334577119879558
0.3333256359294063
0.33319381891885685
0.333062260259491
0.3329309592545881
0.33279991520754276
0.3326691274218829
0.3325385952012917
0.33240831784962444
0.3322782946709291
0.33214852496946345
0.33201900804971474
0.3318897432164176
0.33176072977457083
0.3316319670294563
0.331503454286656
0.3313751908520691
0.33124717603192866
0.33111940913281895
0.33099188946169134
0.33086461632588127
0.3307375890331233
0.33061080689156735
0.3304842692097949
0.3303579752968335
0.33023192446217237
0.33010611601577705
0.3299805492681042
0.32985522353011626
0.3297301381132957
0.3296052923296587
0.3294806854917696
0.32935631691275424
0.32923218590631365
0.3291082917867369
0.32898463386891463
0.3288612114683515
0.32873802390117923
0.3286150704841686
0.3284923505347428
0.3283698633709875
0.32824760831166544
0.3281255846762258
0.32800379178481676
0.32788222895829716
0.32776089551824683
0.32763979078697814
0.3275189140875465
0.32739826474376166
0.3272778420801973
0.3271576454222013
0.327037674095907
0.3269179274282417
0.32679840474693755
0.32667910538054057
0.3265600286584199
0.3264411739107781
0.3263225404686588
0.3262041276639569
0.32608593482942677
0.3259679612986911
0.325850206406249
0.3257326694874848
0.3256153498786762
0.3254982469170018
0.3253813599405499
0.3252646882883247
0.32514823130025605
0.3250319883172043
0.32491595868097023
0.32480014173430005
0.32468453682089343
0.3245691432854107
0.3244539604734787
0.32433898773169767
0.3242242244076483
0.32410966984989703
0.3239953234080034
0.3238811844325246
0.32376725227502345
0.3236535262880723
0.3235400058252595
0.3234266902411952
0.32331357889151624
0.32320067113289197
0.32308796632302916
0.3229754638206769
0.3228631629856316
0.32275106317874236
0.32263916376191487
0.3225274640981165
0.3224159635513811
0.3223046614868122
0.3221935572705883
0.3220826502699667
0.3219719398532873
0.32186142538997764
0.3217511062505546
0.3216409818066302
0.3215310514309139
0.32142131449721684
0.3213117703804546
0.32120241845665104
0.3210932581029415
0.320984288697575
0.32087550961991906
0.32076692025046
0.32065851997080835
0.32055030816370034
0.3204422842129997
0.3203344475037016
0.32022679742193505
0.3201193333549636
0.3200120546911899
0.3199049608201556
0.3197980511325451
0.31969132502018677
0.3195847818760551
0.31947842109427216
0.3193722420701094
0.31926624419998995
0.31916042688148927
0.3190547895133369
0.3189493314954185
0.31884405222877604
0.31873895111561007
0.31863402755928005
0.318529280964306
0.3184247107363695
0.31832031628231394
0.318216097010146
0.31811205232903683
0.3180081816493215
0.31790448438250013
0.3178009599412397
0.31769760773937195
0.31759442719189673
0.31749141771498035
0.31738857872595616
0.31728590964332515
0.31718340988675636
0.31708107887708625
0.3169789160363189
0.3168769207876262
0.3167750925553473
0.3166734307649897
0.31657193484322677
0.3164706042178992
0.31636943831801423
0.316268436573745
0.31616759841643005
0.3160669232785729
0.31596641059384145
0.31586605979706694
0.31576587032424397
0.3156658416125289
0.3155659731002396
0.3154662642268543
0.3153667144330099
0.31526732316050293
0.3151680898522864
0.31506901395246956
0.31497009490631706
0.31487133216024665
0.3147727251618295
0.3146742733597874
0.3145759762039917
0.3144778331454625
0.3143798436363664
0.31428200713001575
0.3141843230808662
0.31408679094451564
0.31398941017770243
0.31389218023830356
0.31379510058533294
0.3136981706789391
0.3136013899804045
0.31350475795214205
0.3134082740576946
0.31331193776173205
0.3132157485300494
0.3131197058295648
0.31302380912831756
0.3129280578954653
0.31283245160128287
0.3127369897171587
0.31264167171559376
0.3125464970701978
0.31245146525568857
0.31235657574788833
0.3122618280237211
0.31216722156121113
0.3120727558394795
0.3119784303387423
0.31188424454030655
0.3117901979265693
0.31169628998101395
0.3116025201882072
0.31150888803379684
0.3114153930045087
0.31132203458814384
0.3112288122735752
0.3111357255507452
0.31104277391066254
0.31094995684539917
0.31085727384808703
0.3107647244129154
0.3106723080351267
0.31058002421101494
0.3104878724379212
0.3103958522142307
0.3103039630393698
0.3102122044138018
0.31012057583902564
0.31002907681756975
0.30993770685299005
0.3098464654498674
0.30975535211380195
0.30966436635141137
0.30957350767032676
0.30948277557918824
0.3093921695876425
0.3093016892063383
0.30921133394692335
0.30912110332204024
0.30903099684532237
0.3089410140313909
0.30885115439584976
0.3087614174552836
0.3086718027272515
0.308582309730285
0.30849293798388305
0.30840368700850873
0.30831455632558413
0.30822554545748776
0.3081366539275485
0.3080478812600438
0.3079592269801933
0.3078706906141555
0.30778227168902456
0.3076939697328238
0.30760578427450336
0.3075177148439351
0.30742976097190766
0.30734192219012296
0.3072541980311913
0.3071665880286265
0.3070790917168433
0.30699170863114944
0.30690443830774394
0.30681728028371136
0.30673023409701766
0.3066432992865045
0.30655647539188524
0.30646976195374076
0.30638315851351317
0.30629666461350247
0.3062102797968608
0.3061240036075875
0.30603783559052455
0.3059517752913525
0.3058658222565832
0.3057799760335569
0.3056942361704355
0.30560860221619923
0.30552307372064014
0.3054376502343574
0.30535233130875195
0.3052671164960214
0.3051820053491548
0.3050969974219271
0.3050120922688935
0.30492728944538516
0.30484258850750284
0.3047579890121114
0.3046734905168347
0.30458909258004974
0.30450479476088127
0.3044205966191964
0.3043364977155984
0.30425249761142104
0.30416859586872325
0.30408479205028305
0.3040010857195924
0.30391747644084977
0.30383396377895594
0.3037505472995069
0.3036672265687888
0.3035840011537711
0.3035008706221002
0.30341783454209514
0.3033348924827396
0.3032520440136762
0.3031692887052007
0.30308662612825504
0.30300405585442214
0.30292157745591775
0.30283919050558583
0.3027568945768908
0.30267468924391183
0.3025925740813356
0.3025105486644505
0.30242861256913917
0.30234676537187205
0.30226500664970085
0.30218333598025193
0.3021017529417186
0.3020202571128551
0.30193884807296917
0.301857525401915
0.30177628868008627
0.3016951374884098
0.30161407140833685
0.30153309002183726
0.30145219291139086
0.3013713796599824
0.30129064985109105
0.3012100030686856
0.3011294388972158
0.30104895692160466
0.3009685567272417
0.3008882378999742
0.30080800002610075
0.30072784269236175
0.30064776548593314
0.30056776799441765
0.3004878498058372
0.3004080105086248
0.30032824969161576
0.3002485669440409
0.30016896185551734
0.30008943401604027
0.30000998301597437
0.29993060844604635
0.2998513098973359
0.29977208696126634
0.29969293922959706
0.2996138662944147
0.29953486774812366
0.2994559431834383
0.29937709219337255
0.29929831437123255
0.2992196093106067
0.29914097660535566
0.29906241584960563
0.29898392663773554
0.29890550856437154
0.29882716122437397
0.2987488842128304
0.29867067712504436
0.298592539556527
0.29851447110298523
0.29843647136031465
0.29835853992458705
0.2982806763920419
0.2982028803590751
0.29812515142222984
0.29804748917818585
0.2979698932237478
0.29789236315583684
0.29781489857147847
0.2977374990677928
0.2976601642419827
0.29758289369132396
0.29750568701315333
0.29742854380485795
0.2973514636638645
0.297274446187627
0.29719749097361603
0.2971205976193064
0.2970437657221673
0.2969669948796484
0.29689028468916945
0.2968136347481075
0.2967370446537855
0.29666051400345944
0.2965840423943067
0.29650762942341313
0.2964312746877605
0.2963549777842144
0.29627873830951057
0.2962025558602426
0.2961264300328489
0.2960503604235992
0.2959743466285816
0.2958983882436885
0.29582248486460416
0.2957466360867896
0.2956708415054701
0.2955951007156203
0.2955194133119505
0.2954437788888922
0.2953681970405838
0.29529266736085613
0.2952171894432181
0.29514176288084043
0.29506638726654266
0.2949910621927767
0.29491578725161127
0.29484056203471815
0.29476538613335396
0.29469025913834745
0.2946151806400805
0.2945401502284744
0.2944651674929723
0.2943902320225227
0.29431534340556326
0.2942405012300049
0.29416570508321255
0.29409095455199036
0.29401624922256187
0.29394158868055564
0.29386697251098454
0.29379240029822984
0.2937178716260217
0.293643386077422
0.29356894323480487
0.2934945426798395
0.2934201839934697
0.293345866755895
0.29327159054655244
0.29319735494409555
0.29312315952637624
0.29304900387042326
0.29297488755242335
0.29290081014769986
0.29282677123069306
0.29275277037493797
0.2926788071530443
0.29260488113667593
0.2925309918965269
0.2924571390023021
0.29238332202269346
0.292309540525359
0.29223579407689915
0.2921620822428348
0.2920884045875838
0.2920147606744378
0.29194115006553856
0.29186757232185434
0.29179402700315515
0.29172051366798973
0.2916470318736587
0.2915735811761922
0.29150016113032184
0.29142677128945793
0.29135341120566094
0.29128008042961806
0.2912067785106145
0.29113350499650803
0.2910602594337014
0.29098704136711534
0.2909138503401598
0.29084068589470774
0.29076754757106515
0.29069443490794344
0.290621347442429
0.2905482847099557
0.2904752462442737
0.29040223157742007
0.290329240239688
0.2902562717595965
0.29018332566385874
0.29011040147735034
0.29003749872307844
0.28996461692214803
0.2898917555937304
0.28981891425502965
0.28974609242124877
0.28967328960555694
0.2896005053190538
0.2895277390707353
0.2894549903674596
0.2893822587139091
0.289309543612557
0.2892368445636296
0.2891641610650695
0.2890914926124981
0.28901883869917844
0.288946198815976
0.28887357245132106
0.288800959091169
0.2887283582189598
0.28865576931557924
0.288583191859318
0.288510625325829
0.2884380691880875
0.28836552291634787
0.28829298597810143
0.28822045783803246
0.28814793795797494
0.28807542579686857
0.28800292081071194
0.2879304224525201
0.2878579301722759
0.2877854434168837
0.2877129616301241
0.2876404842526037
0.287568010721708
0.2874955404715519
0.28742307293293046
0.28735060753326797
0.2872781436965675
0.28720568084335957
0.28713321839064887
0.2870607557518623
0.2869882923367949
0.2869158275515564
0.28684336079851475
0.2867708914762417
0.28669841897945597
0.2866259426989666
0.2865534620216132
0.2864809763302113
0.2864084850034881
0.28633598741602584
0.28626348293820003
0.28619097093611734
0.28611845077155285
0.28604592180188815
0.28597338338004513
0.2859008348544234
0.2858282755688323
0.28575570486242485
0.2856831220696322
0.2856105265200916
0.2855379175385806
0.28546529444494395
0.2853926565540242
0.2853200031755896
0.2852473336142599
0.2851746471694333
0.28510194313521114
0.2850292208003219
0.2849564794480446
0.28488371835613013
0.2848109367967235
0.2847381340362814
0.2846653093354936
0.2845924619492
0.28451959112630565
0.284446696109699
0.2843737761361647
0.28430083043629684
0.2842278582344122
0.28415485874845975
0.2840818311899322
0.28400877476377295
0.28393568866828467
0.2838625720950346
0.28378942422875986
0.283716244247271
0.28364303132135427
0.2835697846146722
0.28349650328366394
0.28342318647744297
0.28334983333769437
0.28327644299856997
0.2832030145865832
0.2831295472205012
0.28305604001123563
0.2829824920617334
0.28290890246686407
0.28283527031330796
0.28276159467943973
0.2826878746352126
0.28261410924204117
0.282540297552681
0.2824664386111079
0.28239253145239507
0.2823185751025884
0.2822445685785813
0.28217051088798495
0.2820964010290011
0.28202223799028797
0.28194802075083025
0.28187374827980094
0.2817994195364265
0.28172503346984856
0.28165058901898077
0.28157608511236953
0.28150152066804685
0.28142689459338577
0.28135220578495146
0.2812774531283494
0.28120263549807517
0.28112775175735827
0.2810528007580061
0.2809777813402444
0.2809026923325576
0.2808275325515238
0.28075230080165114
0.28067699587520817
0.28060161655205607
0.2805261615994743
0.2804506297719876
0.28037501981118707
0.28029933044555305
0.2802235603902706
0.28014770834704716
0.28007177300392483
0.27999575303509094
0.27991964710068573
0.27984345384660814
0.27976717190431816
0.2796907998906374
0.2796143364075454
0.27953778004197477
0.27946112936560347
0.2793843829346426
0.27930753928962304
0.2792305969551783
0.2791535544398261
0.27907641023574326
0.27899916281854154
0.27892181064703925
0.2788443521630275
0.2787667857910378
0.27868910993810125
0.27861132299350877
0.2785334233285668
0.2784554092963484
0.2783772792314419
0.27829903144969903
0.27822066424797287
0.2781421759038607
0.27806356467543586
0.27798482880098235
0.27790596649872057
0.2778269759665338
0.27774785538168756
0.27766860290054873
0.27758921665829833
0.2775096947686412
0.2774300353235125
0.27735023639277956
0.2772702960239418
0.2771902122418237
0.2771099830482664
0.2770296064218148
0.2769490803173984
0.27686840266601276
0.2767875713743926
0.2767065843246815
0.2766254393741006
0.2765441343546092
0.27646266707256256
0.2763810353083679
0.27629923681613067
0.2762172693233023
0.2761351305303201
0.27605281811024474
0.27597032970839047
0.27588766294195455
0.27580481539963997
0.275721784641274
0.2756385681974233
0.27555516356900245
0.2754715682268806
0.27538777961148075
0.2753037951323776
0.2752196121678865
0.2751352280646536
0.27505064013723535
0.2749658456676773
0.27488084190508755
0.2747956260652048
0.27471019532996094
0.2746245468470422
0.2745386777294418
0.27445258505501025
0.2743662658660014
0.27427971716861144
0.27419293593251615
0.2741059190904009
0.27401866353748855
0.27393116613106094
0.2738434236899767
0.2737554329941847
0.27366719078423174
0.2735786937607682
0.2734899385840474
0.2734009218734203
0.2733116402068281
0.27322209012028875
0.2731322681073802
0.2730421706187188
0.272951794061435
0.27286113479864327
0.2727701891489108
0.2726789533857194
0.27258742373692707
0.2724955963842226
0.2724034674625804
0.27231103305970855
0.2722182892154969
0.27212523192145954
0.27203185712017686
0.2719381607047331
0.2718441385181519
0.27174978635283065
0.27165509994996995
0.2715600749990058
0.2714647071370348
0.2713689919482427
0.2712729249633274
0.2711765016589243
0.2710797174570292
0.27098256772442253
0.2708850477720902
0.2707871528546478
0.27068887816976384
0.2705902188575847
0.270491170000159
0.27039172662086564
0.2702918836838418
0.2701916360934155
0.2700909786935374
0.26998990626722097
0.2698884135359806
0.2697864951592777
0.2696841457339708
0.26958135979376857
0.269478131808691
0.2693744561845358
0.26927032726235156
0.2691657393179176
0.2690606865612336
0.26895516313601653
0.26884916311920615
0.268742680520483
0.26863570928179437
0.26852824327689406
0.26842027631089316
0.2683118021198227
0.26820281437021365
0.2680933066586885
0.2679832725115701
0.2678727053845057
0.2677615986621102
0.26764994565762634
0.26753773961260613
0.2674249736966102
0.2673116410069314
0.2671977345683395
0.2670832473328512
0.2669681721795223
0.2668525019142696
0.2667362292697184
0.266619346905078
0.2665018474060494
0.2663837232847627
0.266264966979747
0.2661455708559368
0.26602552720471107
0.2659048282439708
0.2657834661182563
0.2656614328989016
0.2655387205842341
0.265415321099815
0.2652912262987254
0.26516642796189993
0.2650409177985079
0.26491468744638363
0.26478772847251153
0.26466003237356206
0.2645315905764842
0.26440239443915564
0.2642724352510923
0.26414170423421746
0.264010192543696
0.263877891268833
0.2637447914340383
0.2636108839998613
0.2634761598640959
0.2633406098629597
0.2632042247723448
0.263066995309151
0.2629289121326924
0.2627899658461888
0.26265014699833816
0.2625094460849755
0.26236785355081726
0.26222535979129524
0.26208195515448235
0.26193762994310943
0.2617923744166786
0.26164617879367136
0.2614990332538571
0.26135092794069903
0.26120185296386544
0.2610517984018404
0.26090075430464316
0.26074871069665195
0.2605956575795357
0.26044158493529707
0.2602864827294227
0.26013034091414755
0.25997314943183303
0.25981489821845405
0.2596555772072053
0.25949517633221975
0.2593336855324032
0.2591710947553847
0.25900739396158395
0.258842573128391
0.25867662225446714
0.25850953136415583
0.25834129051201227
0.2581718897874446
0.2580013193194687
0.2578295692815751
0.2576566298967051
0.2574824914423365
0.2573071442556749
0.25713057873894896
0.25695278536480853
0.25677375468181995
0.2565934773200579
0.2564119439967901
0.25622914552224835
0.25604507280548716
0.2558597168603191
0.2556730688113286
0.2554851198999537
0.25529586149063443
0.25510528507701996
0.2549133822882284
0.2547201448951556
0.2545255648168202
0.25432963412674703
0.2541323450593717
0.2539336900164656
0.25373366157356947
0.25353225248643063
0.25332945569742954
0.25312526434199273
0.2529196717549802
0.25271267147703536
0.25250425726089154
0.2522944230776225
0.252083163122827
0.25187047182273675
0.25165634384023683
0.2514407740807885
0.2512237576982401
0.2510052901005181
0.2507853669551856
0.25056398419485354
0.25034113802243996
0.25011682491625653
0.2498910416349192
0.24966378522206278
0.2494350530108565
0.24920484262830123
0.2489731519993008
0.2487399793504954
0.24850532321384677
0.24826918242995993
0.24803155615113792
0.24779244384415117
0.24755184529271956
0.2473097605996895
0.2470661901889027
0.24682113480674608
0.24657459552337296
0.24632657373359063
0.24607707115740368
0.24582608984020993
0.24557363215264155
0.24531970079004603
0.24506429877160135
0.2448074294390647
0.24454909645514883
0.2442893038015258
0.2440280557764541
0.24376535699203272
0.24350121237107747
0.24323562714362468
0.24296860684306454
0.2427001573019008
0.24243028464715063
0.2421589952953796
0.2418862959473862
0.24161219358253316
0.24133669545274225
0.24105980907615387
0.24078154223046433
0.24050190294595009
0.2402208994981882
0.23993854040048643
0.23965483439603483
0.23936979044979279
0.2390834177401214
0.23879572565018303
0.23850672375911486
0.23821642183299835
0.23792482981563745
0.23763195781916327
0.2373378161144838
0.23704241512159213
0.23674576539975745
0.23644787763760713
0.23614876264313178
0.23584843133361721
0.23554689472553314
0.23524416392439124
0.2349402501145938
0.234635164549289
0.2343289185402554
0.23402152344782862
0.23371299067089324
0.23340333163695356
0.2330925577923041
0.23278068059231416
0.23246771149184378
0.23215366193580847
0.23183854334990692
0.23152236713152569
0.2312051446408393
0.2308868871921137
0.23056760604523144
0.23024731239744856
0.22992601737539414
0.2296037320273253
0.22928046731564655
0.22895623410970306
0.22863104317885719
0.22830490518585536
0.22797783068049135
0.22764983009357587
0.22732091373121038
0.22699109176938007
0.22666037424886018
0.22632877107044258
0.2259962919904882
0.22566294661679787
0.2253287444048125
0.22499369465413363
0.2246578065053696
0.22432108893730351
0.22398355076437831
0.22364520063450244
0.22330604702716605
0.22296609825186764
0.22262536244684372
0.22228384757810227
0.22194156143874363
0.22159851164857483
0.2212547056540025
0.22091015072819933
0.22056485397153927
0.22021882231229117
0.2198720625075638
0.21952458114449241
0.2191763846416624
0.21882747925075688
0.21847787105842198
0.21812756598833868
0.21777656980349597
0.21742488810865013
0.21707252635296703
0.21671948983283312
0.21636578369482898
0.21601141293885406
0.2156563824213944
0.21530069685892408
0.21494436083142895
0.21458737878604864
0.2142297550408201
0.21387149378852305
0.21351259910060863
0.21315307493121244
0.21279292512123638
0.21243215340249308
0.21207076340190645
0.21170875864575966
0.21134614256398226
0.21098291849446757
0.21061908968741916
0.21025465930971127
0.2098896304492628
0.20952400611941513
0.20915778926330963
0.2087909827582565
0.20842358942009237
0.20805561200751627
0.2076870532264053
0.20731791573409958
0.20694820214365395
0.20657791502805206
0.20620705692437727
0.20583563033793933
0.2054636377463483
0.205091081603537
0.20471796434372597
0.2043442883853276
0.20397005613478808
0.20359526999036417
0.20321993234583102
0.20284404559411978
0.20246761213088346
0.20209063435798763
0.2017131146869253
0.2013350555421548
0.2009564593643583
0.20057732861362004
0.20019766577252346
0.19981747334916605
0.19943675388009233
0.1990555099331413
0.19867374411021316
0.1982914590499472
0.19790865743032063
0.197525341971157
0.19714151543655473
0.19675718063722847
0.19637234043276514
0.19598699773379877
0.19560115550409934
0.19521481676257826
0.19482798458521172
0.19444066210688155
0.19405285252313362
0.1936645590918563
0.1932757851348781
0.19288653403948552
0.19249680925986354
0.1921066143184576
0.19171595280725853
0.1913248283890128
0.19093324479835694
0.19054120584287976
0.19014871540410994
0.18975577743843408
0.18936239597794374
0.18896857513121243
0.188574319084005
0.1881796320999221
0.18778451852097508
0.18738898276809932
0.18699302934160325
0.1865966628215558
0.18619988786811167
0.18580270922177822
0.18540513170362316
0.18500716021542493
0.18460879973976738
0.18421005534007992
0.1838109321606219
0.18341143542641758
0.1830115704431377
0.18261134259693151
0.18221075735420916
0.18180982026137843
0.18140853694453207
0.18100691310909203
0.180604954539407
0.18020266709830887
0.17980005672662702
0.1793971294426579
0.17899389134160076
0.17859034859494957
0.178186507449849
0.17778237422841348
0.17737795532701078
0.176973257215511
0.17656828643650008
0.17616304960446366
0.17575755340493676
0.17535180459362332
0.174945809995487
0.17453957650381138
0.1741331110792339
0.1737264207487515
0.1733195126047006
0.17291239380371248
0.1725050715656435
0.17209755317248188
0.17168984596723239
0.17128195735277912
0.17087389479072645
0.17046566580022127
0.1700572779567548
0.16964873889094653
0.16924005628730965
0.16883123788300022
0.16842229146655
0.16801322487658274
0.16760404600051865
0.16719476277325956
0.16678538317586789
0.16637591523422599
0.1659663670176887
0.16555674663772213
0.16514706224653228
0.16473732203568522
0.16432753423471572
0.1639177071097293
0.16350784896199608
0.16309796812653599
0.1626880729706993
0.16227817189273902
0.1618682733203809
0.16145838570938462
0.1610485175421051
0.16063867732604573
0.16022887359241245
0.15981911489466316
0.1594094098070558
0.158999766923195
0.15859019485457748
0.1581807022291384
0.15777129768979603
0.1573619898929996
0.15695278750727576
0.1565436992117788
0.1561347336948426
0.15572589965253492
0.1553172057872152
0.1549086608060967
0.15450027341981137
0.15409205234098133
0.1536840062827936
0.15327614395758202
0.15286847407541354
0.15246100534268275
0.15205374646071124
0.1516467061243567
0.15123989302062724
0.15083331582730536
0.15042698321158032
0.15002090382868827
0.14961508632056303
0.1492095393144959
0.14880427142180558
0.1483992912365179
0.14799460733405748
0.14759022826994844
0.14718616257852918
0.1467824187716769
0.14637900533754417
0.14597593073930945
0.14557320341393823
0.14517083177095855
0.1447688241912496
0.14436718902584283
0.14396593459473786
0.1435650691857325
0.1431646010532664
0.14276453841727946
0.14236488946208536
0.1419656623352602
0.14156686514654498
0.1411685059667664
0.14077059282677012
0.14037313371637233
0.1399761365833258
0.13957960933230346
0.13918355982389738
0.13878799587363488
0.13839292525101146
0.1379983556785399
0.13760429483081776
0.13721075033361047
0.1368177297629535
0.13642524064426995
0.13603329045150717
0.13564188660629117
0.13525103647709735
0.13486074737844042
0.13447102657008117
0.13408188125625267
0.1336933185849034
0.13330534564695737
0.13291796947559614
0.13253119704555444
0.13214503527243782
0.13175949101205603
0.13137457105977624
0.13099028214989294
0.1306066309550189
0.13022362408549085
0.12984126808879656
0.129459569449018
0.12907853458629456
0.12869816985630309
0.1283184815497563
0.12793947589192056
0.1275611590421502
0.12718353709344077
0.12680661607200022
0.12643040193683774
0.12605490057937035
0.12568011782304733
0.12530605942299375
0.12493273106566818
0.12456013836854196
0.12418828687979286
0.12381718207801745
0.12344682937196033
0.12307723410025975
0.12270840153121215
0.1223403368625511
0.12197304522124404
0.1216065316633061
0.12124080117362905
0.12087585866582809
0.12051170898210299
0.12014835689311668
0.1197858070978888
0.11942406422370536
0.11906313282604333
0.11870301738851097
0.11834372232280373
0.11798525196867388
0.11762761059391624
0.11727080239436749
0.11691483149392085
0.11655970194455426
0.11620541772637245
0.11585198274766487
0.11549940084497341
0.11514767578317762
0.11479681125559174
0.11444681088407306
0.11409767821914601
0.11374941674013708
0.11340202985532291
0.11305552090209042
0.11270989314710908
0.11236514978651534
0.11202129394610756
0.11167832868155408
0.11133625697861167
0.11099508175335368
0.11065480585241225
0.11031543205322733
0.10997696306430901
0.10963940152550837
0.10930275000829882
0.108967011016067
0.10863218698441407
0.108298280281464
0.10796529320818449
0.10763322799871256
0.10730208682069307
0.10697187177562195
0.1066425848992004
0.10631422816169545
0.10598680346830881
0.10566031265955436
0.10533475751164069
0.10501013973686324
0.10468646098400172
0.10436372283872546
0.10404192682400473
0.10372107440052813
0.10340116696712669
0.10308220586120358
0.10276419235917005
0.10244712767688627
0.10213101297010788
0.10181584933493809
0.10150163780828314
0.1011883793683151
0.10087607493493655
0.10056472537025213
0.10025433147904227
0.09994489400924178
0.0996364136524231
0.09932889104428103
0.09902232676512362
0.0987167213403643
0.09841207524101775
0.09810838888419893
0.09780566263362547
0.09750389680012068
0.09720309164212176
0.09690324736618776
0.09660436412751092
0.09630644203043026
0.09600948112894628
0.09571348142723721
0.09541844288017762
0.09512436539385752
0.09483124882610282
0.09453909298699771
0.09424789763940658
0.09395766249949696
0.09366838723726505
0.0933800714770587
0.09309271479810324
0.09280631673502551
0.09252087677838021
0.09223639437517417
0.09195286892939208
0.09167029980252032
0.0913886863140726
0.09110802774211214
0.0908283233237769
0.09054957225579999
0.09027177369503328
0.08999492675896667
0.08971903052624841
0.08944408403720379
0.08917008629435193
0.08889703626292221
0.0886249328713683
0.0883537750118814
0.08808356154090148
0.08781429127962725
0.08754596301452282
0.08727857549782536
0.08701212744804775
0.08674661755048088
0.08648204445769359
0.08621840679003018
0.08595570313610579
0.08569393205329932
0.08543309206824436
0.08517318167731647
0.08491419934711995
0.08465614351496994
0.08439901258937318
0.08414280495050552
0.08388751895068651
0.08363315291485195
0.0833797051410226
0.08312717390077079
0.082875557439683
0.08262485397782086
0.08237506171017758
0.08212617880713273
0.08187820341490261
0.0816311336559876
0.08138496762961783
0.08113970341219291
0.0808953390577212
0.0806518725982531
0.08040930204431321
0.0801676253853281
0.07992684059004977
0.07968694560697773
0.07944793836477573
0.07920981677268615
0.07897257872094035
0.07873622208116528
0.07850074470678767
0.07826614443343279
0.0780324190793216
0.07779956644566266
0.07756758431704189
0.0773364704618067
0.0771062226324494
0.0768768385659836
0.07664831598431993
0.07642065259463594
0.07619384608974385
0.07596789414845337
0.07574279443593172
0.07551854460405948
0.07529514229178343
0.07507258512546464
0.07485087071922361
0.07462999667528195
0.07440996058429941
0.07419076002570806
0.07397239256804267
0.07375485576926716
0.07353814717709753
0.07332226432932099
0.0731072047541118
0.07289296597034309
0.07267954548789511
0.07246694080796004
0.07225514942334316
0.07204416881875975
0.0718339964711299
0.07162462984986795
0.07141606641716969
0.07120830362829544
0.07100133893184939
0.07079516977005612
0.07058979357903307
0.07038520778905938
0.07018140982484182
0.06997839710577687
0.0697761670462093
0.0695747170556875
0.06937404453921517
0.06917414689750058
0.06897502152720063
0.06877666582116353
0.06857907716866611
0.0683822529556505
0.06818619056495451
0.06799088737654096
0.06779634076772305
0.06760254811338587
0.06740950678620565
0.06721721415686588
0.06702566759426903
0.06683486446574646
0.06664480213726467
0.0664554779736286
0.0662668893386814
0.0660790335955018
0.0658919081065983
0.06570551023410011
0.06551983733994493
0.06533488678606504
0.06515065593456848
0.06496714214791902
0.06478434278911271
0.0646022552218509
0.06442087681071197
0.06424020492131835
0.06406023692050244
0.063880970176469
0.06370240205895478
0.06352452993938552
0.06334735119103069
0.06317086318915463
0.06299506331116676
0.06281994893676673
0.06264551744808985
0.06247176622984714
0.062298692669465416
0.06212629415722304
0.06195456808638408
0.06178351185332984
0.06161312285768773
0.06144339850245849
0.06127433619413996
0.061105933342849736
0.06093818736244386
0.060771095670635475
0.060604655689108916
0.060438864843633255
0.060273720564172704
0.060109220284995234
0.05994536144477873
0.05978214148671547
0.05961955785861389
0.05945760801299893
0.05929628940720945
0.059135599503494826
0.05897553576910809
0.05881609567639842
0.05865727670290055
0.058499076331422824
0.05834149205013383
0.05818452135264553
0.05802816173809644
0.05787241071123128
0.05771726578248026
0.05756272446803548
0.05740878428992592
0.05725544277609093
0.05710269746045115
0.05695054588297915
0.05679898558976694
0.05664801413309241
0.05649762907148441
0.056347827969785866
0.05619860839921478
0.05604996793742523
0.05590190416856449
0.05575441468333134
0.05560749707903015
0.05546114895962535
0.05531536793579382
0.055170151624975614
0.05502549765142356
0.05488140364625135
0.05473786724747998
0.05459488610008331
0.05445245785603195
0.05431058017433583
0.054169250721085346
0.05402846716949153
0.0538882271999247
0.05374852849995196
0.05360936876437322
0.05347074569525648
0.05333265700197097
0.05319510040122087
0.05305807361707525
0.052921574380999765
0.05278560043188485
0.05265014951607397
0.05251521938739066
0.05238080780716438
0.05224691254425512
0.05211353137507693
0.051980662083621204
0.051848302461477744
0.05171645030785582
0.051585103429603804
0.05145425964122749
0.05132391676490862
0.05119407263052063
0.05106472507564577
0.050935871945589246
0.05080751109339367
0.050679640379852293
0.050552257673521006
0.05042536085073045
0.05029894779559642
0.05017301640002956
0.05004756456374482
0.0499225901942693
