0.4875630489112271
0.5277046077759228
0.5246907177742133
0.5266109006092331
0.5286476139383403
0.5262132799617912
0.5237733638540434
0.5236622186961322
0.5239336050047843
0.524237649497794
0.5249029840983974
0.5250859324855297
0.5245616545611221
0.5240725883684362
0.5239676853350852
0.5240870424489854
0.5243042771838657
0.5244881759823647
0.5244921279449342
0.5243536760527702
0.5242304653891665
0.5242036633593296
0.5242560886160417
0.5243349321158792
0.5243838117557896
0.524376575995154
0.52433594940409
0.524303147780959
0.5242996020391868
0.5243199263026136
0.5243449366911267
0.5243572650092511
0.5243526076117417
0.5243397705469155
0.5243305715049422
0.5243304781548266
0.524336931219332
0.5243435188557504
0.5243453625805179
0.524342061115294
0.5243367457391551
0.5243328626587849
0.5243316836463137
0.5243320880151952
0.5243320346154359
0.5243302289626268
0.5243268103360201
0.5243228488893293
0.5243193348349091
0.5243165188792193
0.5243139587184811
0.524311028659719
0.5243074081122557
0.5243032190831362
0.5242988167512225
0.524294478221012
0.5242902358740944
0.5242859287603154
0.5242813728400634
0.5242764979511055
0.5242713661913782
0.5242660930235467
0.5242607540350845
0.5242553463653759
0.5242498157445372
0.5242441113563097
0.5242382223836309
0.5242321761229422
0.5242260100707832
0.52421974493607
0.5242133771009787
0.5242068901523742
0.5242002719428667
0.5241935237056413
0.5241866571705631
0.524179685159721
0.5241726141055205
0.5241654431546586
0.5241581685805963
0.5241507888937988
0.5241433068839982
0.5241357280570713
0.5241280576013525
0.5241202984287048
0.524112451349703
0.524104516645202
0.5240964955337686
0.5240883905405372
0.5240802048282791
0.5240719412597223
0.5240636019260491
0.524055188337993
0.5240467019554024
0.5240381445877225
0.5240295184232
0.5240208257745658
0.5240120688022082
0.524003249416211
0.5239943693750433
0.5239854304556109
0.523976434555461
0.5239673836756653
0.5239582798314483
0.5239491249746999
0.5239399209798276
0.5239306696850146
0.5239213729442839
0.523912032650997
0.5239026507248129
0.5238932290820695
0.5238837696153921
0.5238742741943505
0.5238647446807219
0.523855182943452
0.5238455908628823
0.5238359703243286
0.5238263232085276
0.5238166513864548
0.5238069567207331
0.5237972410705197
0.5237875062951658
0.5237777542541212
0.5237679868038928
0.5237582057946641
0.5237484130686303
0.5237386104602519
0.5237287997971837
0.5237189829004649
0.5237091615834556
0.5236993376499834
0.5236895128925575
0.5236796890911583
0.5236698680125247
0.5236600514094805
0.5236502410199065
0.5236404385652853
0.523630645749023
0.5236208642548061
0.5236110957451081
0.5236013418597764
0.5235916042145419
0.5235818843993529
0.5235721839765367
0.5235625044788615
0.5235528474075783
0.5235432142304549
0.5235336063797709
0.5235240252502229
0.5235144721967138
0.5235049485320362
0.5234954555244744
0.5234859943953422
0.5234765663164551
0.5234671724075242
0.5234578137334502
0.5234484913015174
0.5234392060584822
0.523429958887573
0.5234207506053934
0.5234115819587286
0.5234024536212519
0.5233933661901138
0.5233843201824218
0.5233753160316005
0.5233663540836376
0.5233574345932095
0.5233485577196832
0.5233397235229904
0.5233309319593659
0.523322182876949
0.5233134760112443
0.523304810980437
0.5232961872805582
0.5232876042804988
0.5232790612168605
0.5232705571886455
0.5232620911517738
0.5232536619134286
0.5232452681262203
0.523236908282167
0.523228580706482
0.5232202835511658
0.5232120147883944
0.5232037722036984
0.5231955533889264
0.5231873557349866
0.5231791764243591
0.5231710124233718
0.5231628604742349
0.5231547170868227
0.523146578530199
0.5231384408238755
0.5231302997287978
0.5231221507380474
0.5231139890672554
0.5231058096447144
0.5230976071011852
0.5230893757593831
0.5230811096231385
0.5230728023662214
0.5230644473208178
0.5230560374656488
0.5230475654137219
0.5230390233997042
0.5230304032669014
0.5230216964538379
0.5230128939804184
0.5230039864336644
0.5229949639530069
0.5229858162151253
0.522976532418316
0.5229671012663758
0.5229575109519868
0.5229477491395814
0.5229378029476741
0.5229276589306426
0.522917303059935
0.5229067207046861
0.5228958966117223
0.5228848148849297
0.5228734589639659
0.5228618116022857
0.5228498548444579
0.5228375700027452
0.5228249376329117
0.522811937509236
0.5227985485986839
0.522784749034215
0.5227705160871764
0.5227558261387469
0.5227406546503847
0.5227249761332298
0.5227087641164133
0.5226919911142139
0.5226746285920063
0.5226566469309339
0.5226380153912421
0.5226187020741919
0.5225986738824818
0.5225778964790863
0.5225563342444218
0.5225339502317412
0.5225107061206505
0.5224865621686299
0.5224614771604408
0.5224354083552805
0.5224083114315472
0.5223801404290576
0.5223508476885507
0.5223203837883086
0.5222886974776924
0.5222557356073981
0.5222214430562073
0.5221857626540012
0.5221486351007831
0.5221099988814405
0.5220697901759607
0.5220279427647858
0.5219843879289815
0.521939054344867
0.521891867972728
0.5218427519392156
0.5217916264130017
0.5217384084732404
0.5216830119703508
0.5216253473786108
0.5215653216400209
0.5215028379988595
0.521437795826326
0.5213700904346276
0.5212996128798324
0.5212262497527773
0.521149882957278
0.5210703894748583
0.5209876411151686
0.5209015042512399
0.5208118395386684
0.5207185016178016
0.5206213387979569
0.5205201927226737
0.5204148980149713
0.5203052819015597
0.5201911638149294
0.5200723549722355
0.5199486579298809
0.5198198661127125
0.5196857633167538
0.5195461231844256
0.5194007086512573
0.5192492713631467
0.5190915510633128
0.5189272749482049
0.5187561569917607
0.5185778972375947
0.5183921810589031
0.518198678386141
0.5179970429028357
0.5177869112102709
0.5175679019622152
0.517339614971372
0.5171016302898168
0.5168535072663648
0.5165947835845763
0.5163249742859828
0.5160435707840875
0.5157500398757922
0.5154438227581011
0.5151243340592678
0.5147909608949947
0.5144430619618117
0.5140799666814033
0.51370097441134
0.5133053537394274
0.5128923418806411
0.5124611441973559
0.5120109338652383
0.5115408517087017
0.5110500062311558
0.510537473866361
0.5100022994779453
0.5094434971345028
0.5088600511876182
0.5082509176796305
0.5076150261069399
0.5069512815632441
0.5062585672853251
0.5055357476220242
0.5047816714450536
0.5039951760184598
0.5031750913421652
0.5023202449842146
0.5014294674162947
0.5005015978677432
0.49953549071429926
0.49853002241873434
0.4974840990401599
0.49639666432584917
0.49526670839190656
0.4940932769848823
0.4928754812931189
0.4916125082420903
0.49030363116075804
0.48894822064562493
0.4875457553769798
0.4860958325610817
0.48459817758824264
0.4830526524176438
0.4814592621345435
0.47981815908446385
0.4781296439816173
0.4763941634231261
0.47461230332111337
0.47278477789188283
0.4709124140105859
0.46899613094167586
0.4670369156766413
0.4650357943349459
0.4629938002947901
0.4609119399013175
0.458791156737939
0.4566322955322829
0.4544360667972547
0.4522030132798492
0.44993347920985943
0.4476275832148081
0.44528519560571167
0.4429059205510173
0.4404890834536682
0.4380337236386345
0.4355385922545718
0.43300215510199835
0.43042259992972987
0.4277978475994517
0.4251255664138681
0.4224031888458577
0.41962792990356423
0.4167968064277417
0.4139066567492661
0.41095416033920956
0.40793585735844673
0.4048481683485826
0.4016874146830409
0.3984498407899672
0.3951316395330683
0.3917289824526829
0.38823805678424045
0.3846551112420711
0.38097651244432507
0.37719881352788015
0.3733188359393167
0.3693337645816541
0.3652412554557503
0.36103955368991153
0.3567276184562195
0.35230524981186206
0.3477732110956474
0.34313333930413065
0.33838863504548033
0.3335433234117311
0.32860287759845425
0.3235739984659113
0.3184645455230682
0.313283417950233
0.3080403880390108
0.3027458934604651
0.29741079860760505
0.2920461383890846
0.2866628598159697
0.28127157719794227
0.27588235563284724
0.27050453485774273
0.2651466017771109
0.25981611560020573
0.25451968507444134
0.2492629933266947
0.24405086272547918
0.23888735018181279
0.23377586245263055
0.22871928117263784
0.2237200882858857
0.2187804840031889
0.21390249112066773
0.20908804130187397
0.20433904062763514
0.19965741329310427
0.19504512375705801
0.19050417891019147
0.1860366129022455
0.18164445811077135
0.17732970629693984
0.17309426423336455
0.16893990798801892
0.16486823962646724
0.1608806494101538
0.15697828571047467
0.15316203393147382
0.14943250484080922
0.1457900319342197
0.1422346768604219
0.1387662415373427
0.1353842853940473
0.1320881461505137
0.12887696266050755
0.1257496985467494
0.12270516560951807
0.11974204625341443
0.11685891442485874
0.1140542547672925
0.11132647987298083
0.10867394563785429
0.10609496481207065
0.10358781889009303
0.1011507685075973
0.09878206251611174
0.09647994589686937
0.0942426666586297
0.0920684818445562
0.08995566275361662
0.08790249946427339
0.0859073047333635
0.08396841733131376
0.08208420486598991
0.08025306614111363
0.07847343309074889
0.07674377232831048
0.07506258634639358
0.07342841440206471
0.07183983312079317
0.07029545685075224
0.06879393779763829
0.06733396596842797
0.0659142689505916
0.06453361155124279
0.06319079531858264
0.06188465796583652
0.06061407271573879
0.0593779475815437
0.05817522459856374
0.057004879018392546
0.05586591847626991
0.054757382140510555
0.05367833985154061
0.05262789125686601
0.05160516494723329
0.05060931759831276
0.04963953312144014
