0.4842587946920761
0.5226546398107786
0.5164405296878857
0.5174584433595952
0.5198182077585345
0.517649170050403
0.5143768220816527
0.5135966475515723
0.5140435919089672
0.514090026065632
0.5141144960707752
0.5143801357036455
0.5143528563581761
0.5138842526817481
0.5134077084289171
0.5131963085055685
0.5131609148914551
0.513174555902438
0.5131907565689441
0.5131593912659645
0.5130414457950028
0.5128684062197644
0.512707599501362
0.5125939665345539
0.5125199412148743
0.5124624586552128
0.5123999185991008
0.5123185750223074
0.5122180614963749
0.5121099021002585
0.5120072795160818
0.5119162095583929
0.5118346637152219
0.5117566448927109
0.511676509347138
0.511591686803886
0.5115032448762846
0.5114143293413036
0.5113277742837606
0.5112446001733968
0.5111640373223341
0.5110845156812112
0.5110047520606795
0.510924356266174
0.5108437863141729
0.5107638514553701
0.5106851645111199
0.5106078687838957
0.5105317078103124
0.510456290671638
0.5103813482940117
0.5103068464758632
0.5102329374876813
0.5101598240205435
0.5100876361321548
0.5100163850335733
0.509945995660533
0.5098763761296521
0.5098074750884378
0.5097392994915694
0.5096718950283323
0.5096053110718162
0.5095395739468004
0.5094746806067914
0.509410609984259
0.5093473404630366
0.5092848620962056
0.5092231784954475
0.509162300470442
0.5091022373673731
0.5090429915193859
0.5089845578907635
0.5089269275342463
0.5088700918197403
0.508814044892245
0.50875878354987
0.5087043053833598
0.5086506067129196
0.5085976815058434
0.5085455215669682
0.5084941175123445
0.5084434597578542
0.5083935389787628
0.5083443459492301
0.5082958710367613
0.5082481037322728
0.5082010324627348
0.5081546447053126
0.50810892725234
0.508063866440164
0.5080194482314541
0.5079756581542341
0.5079324811785073
0.5078899016214602
0.5078479031296697
0.5078064687305872
0.5077655809105276
0.5077252216752199
0.5076853725721019
0.5076460146810454
0.5076071285957413
0.5075686944167077
0.5075306917645296
0.507493099808587
0.5074558972997656
0.5074190625971642
0.5073825736853119
0.507346408184829
0.5073105433623306
0.5072749561441925
0.5072396231354237
0.5072045206418305
0.5071696246924822
0.5071349110602856
0.5071003552802015
0.5070659326660829
0.5070316183275727
0.5069973871880069
0.5069632140033979
0.5069290733818937
0.5068949398029504
0.5068607876357489
0.5068265911568197
0.5067923245671597
0.5067579620091738
0.5067234775836043
0.5066888453664032
0.5066540394253565
0.5066190338362634
0.5065838026985676
0.5065483201504479
0.5065125603834348
0.5064764976566216
0.5064401063104893
0.5064033607803118
0.5063662356090809
0.5063287054599022
0.5062907451278332
0.5062523295511702
0.5062134338221916
0.5061740331973748
0.5061341031070776
0.5060936191646731
0.5060525571751178
0.5060108931429376
0.5059686032796292
0.5059256640104699
0.5058820519807413
0.5058377440613665
0.5057927173539544
0.505746949195248
0.5057004171609675
0.5056530990690452
0.5056049729822459
0.5055560172101756
0.5055062103106706
0.5054555310905687
0.5054039586058572
0.5053514721611917
0.5052980513087825
0.5052436758466443
0.5051883258162017
0.5051319814992494
0.5050746234142589
0.5050162323120273
0.5049567891706611
0.5048962751898873
0.5048346717846846
0.5047719605782243
0.5047081233941153
0.5046431422479388
0.5045769993380663
0.5045096770357457
0.504441157874446
0.5043714245384437
0.50430045985064
0.5042282467595891
0.5041547683257237
0.5040800077067592
0.504003948142255
0.5039265729373157
0.5038478654454054
0.5037678090502558
0.5036863871468404
0.5036035831213861
0.503519380330397
0.5034337620786559
0.5033467115961723
0.5032582120140418
0.5031682463391774
0.5030767974278771
0.502983847958179
0.5028893804009649
0.5027933769897607
0.5026958196891829
0.5025966901619767
0.5024959697345903
0.5023936393612182
0.5022896795862543
0.5021840705050813
0.502076791723123
0.501967822313082
0.5018571407702771
0.5017447249659944
0.5016305520987545
0.5015145986433981
0.5013968402978813
0.5012772519276688
0.5011558075076024
0.5010324800611204
0.5009072415966884
0.5007800630412983
0.5006509141708823
0.5005197635374805
0.5003865783929842
0.5002513246092777
0.5001139665945766
0.49997446720576166
0.49983278765648265
0.49968888742080375
0.4995427241321376
0.4993942534772107
0.4992434290847755
0.4990902024087783
0.4989345226056673
0.49877633640550656
0.49861558797655026
0.49845221878289486
0.49828616743482335
0.49811736953141894
0.4979457574950065
0.49777126039695685
0.4975938037743574
0.49741330943703055
0.49722969526434757
0.4970428749912591
0.49685275798293077
0.4966592489973404
0.49646224793516036
0.4962616495762137
0.4960573433017595
0.49584921280182276
0.49563713576675467
0.4954209835621651
0.4952006208863368
0.4949759054091941
0.49474668739186073
0.49451280928580776
0.49427410531056026
0.4940304010088988
0.4937815127784614
0.4935272473786354
0.4932674014115963
0.49300176077634905
0.49273010009461277
0.4924521821073951
0.4921677570411149
0.49187656194215507
0.4915783199787727
0.4912727397093418
0.49095951431599205
0.49063832080279907
0.49030881915781677
0.48997065147839836
0.4896234410594512
0.4892667914445082
0.4889002854397806
0.4885234840917019
0.4881359256288649
0.48773712436972594
0.4873265695979919
0.48690372440823676
0.4864680245250194
0.48601887709959823
0.4855556594892911
0.48507771802559424
0.4845843667783831
0.48407488632487605
0.4835485225335514
0.48300448537489826
0.48244194777272625
0.4818600445118111
0.4812578712198674
0.4806344834442482
0.47998889584636273
0.4793200815395472
0.4786269715990382
0.4779084547757054
0.47716337744832005
0.4763905438522642
0.4755887166256892
0.47475661771712085
0.47389292970127816
0.47299629755230643
0.47206533092558534
0.47109860700058015
0.4700946739377002
0.46905205500157043
0.4679692534013079
0.46684475789507984
0.4656770492011212
0.4644646072502967
0.46320591930591304
0.4618994889646153
0.4605438460376403
0.4591375572943083
0.457679238029349
0.45616756439251477
0.45460128639308633
0.45297924146361945
0.45130036843708443
0.4495637217600412
0.4477684857325066
0.4459139885337231
0.4439997157633173
0.44202532320066656
0.43999064846314284
0.4378957212277293
0.43574077167179004
0.43352623678885666
0.43125276424530584
0.4289212134645793
0.42653265365756166
0.4240883585608406
0.4215897976982275
0.419038624043991
0.4164366580370291
0.4137858679714943
0.4110883468685804
0.40834628601339573
0.40556194541708446
0.4027376215346728
0.3998756126308326
0.39697818223659775
0.39404752117838254
0.39108570868548775
0.3880946730934672
0.38507615265897044
0.3820316569884439
0.3789624295606019
0.37586941179372974
0.37275320907695253
0.3696140591532437
0.36645180321478926
0.3632658600519473
0.3600552035886131
0.3568183441418902
0.3535533137643784
0.3502576560638391
0.3469284209470416
0.3435621648003229
0.3401549566953924
0.3367023912901243
0.3331996091737682
0.32964132547594327
0.3260218676094045
0.322335223037453
0.31857509793726785
0.31473498756007656
0.31080825895890707
0.30678824655766357
0.30266836076716813
0.2984422095133111
0.2941037321312403
0.2896473446016665
0.2850680945665211
0.2803618239676899
0.2755253365110119
0.27055656647577675
0.2654547446783484
0.2602205566752369
0.25485628758639295
0.24936594728247938
0.24375536918181923
0.23803227563847237
0.2322063029856774
0.22628897984777094
0.22029365345381574
0.21423536044329244
0.2081306410482072
0.20199729847886308
0.19585410864622843
0.1897204887447991
0.18361613635401342
0.17756065323187348
0.17157316954631163
0.1656719846861735
0.15987423992050276
0.1541956360976534
0.14865020651264177
0.14325015135781954
0.138005736207214
0.1329252531681744
0.12801504000829583
0.12327954997639778
0.11872146331204647
0.11434183059231057
0.11014023801541228
0.10611498532127339
0.10226326811799635
0.09858135773631481
0.095064773204165
0.09170844138555767
0.08850684266380984
0.08545414070752631
0.08254429580885542
0.07977116202279137
0.07712856887653717
0.07461038878280646
0.07221059150937387
0.06992328715916538
0.06774275912908663
0.06566348846664295
0.06368017095219497
0.06178772811821581
0.059981313288037866
0.058256313584728395
0.056608348732477456
0.055033267352491186
0.053527141345359484
0.05208625885342588
0.050707116210103834
0.049386409208021176
