0.4879031984035185
0.5259230561540351
0.5203751786846195
0.5232701763869978
0.5247897390158915
0.521130890181337
0.5180146188739194
0.5179223041743941
0.5182961407408238
0.5181185271735806
0.5182221829255148
0.5184223501538775
0.5180514907458265
0.5173340565791448
0.5168411630478236
0.5166570279361302
0.516587941298002
0.5165424991120177
0.516474407002346
0.5163114690271531
0.5160506441206665
0.5157738929850566
0.5155494920802304
0.5153828782430906
0.5152468948844623
0.5151123592869238
0.5149573815158055
0.5147756820632943
0.5145793905797276
0.5143870776801197
0.514209287917117
0.5140449506063322
0.5138864348624101
0.5137257231754357
0.5135585861507077
0.5133859269382671
0.5132119320370061
0.5130406285005892
0.5128735412720336
0.5127096168562847
0.5125466274206989
0.512382748453354
0.5122174438688768
0.5120513885568794
0.5118857193240014
0.5117212334462711
0.5115580262625782
0.5113956426580957
0.5112334917633861
0.5110712112310525
0.5109087945283018
0.5107464791360028
0.5105845284186527
0.5104230636233031
0.5102620274954912
0.5101012602473235
0.5099406105237276
0.50978000805011
0.5096194683024067
0.5094590467190239
0.5092987835248988
0.5091386734625178
0.5089786702229407
0.5088187126002298
0.5086587509345865
0.5084987586863445
0.5083387269692251
0.50817865022723
0.5080185138612419
0.5078582902758693
0.5076979430690183
0.5075374345154126
0.5073767310631871
0.5072158042750453
0.5070546280161604
0.5068931746001797
0.5067314123938637
0.5065693057996601
0.5064068168979352
0.5062439072926642
0.5060805390213378
0.5059166742660517
0.5057522743694473
0.5055872989087469
0.5054217053234981
0.5052554491263711
0.5050884843816243
0.5049207640750374
0.5047522401730731
0.5045828634079246
0.5044125829720038
0.5042413463027782
0.5040690990324354
0.5038957850588407
0.5037213466362849
0.5035457244023933
0.503368857318516
0.5031906825569165
0.5030111353881097
0.502830149104759
0.5026476549853399
0.5024635822754105
0.5022778581592126
0.5020904077064752
0.5019011537965405
0.5017100170327126
0.5015169156596521
0.5013217654889263
0.5011244798292136
0.500924969413437
0.5007231423164507
0.5005189038613658
0.500312156516666
0.5001027997876204
0.4998907301041568
0.49967584070486704
0.49945802151497243
0.49923715901576493
0.49901313610398534
0.4987858319408641
0.498555121791281
0.4983208768534221
0.49808296407867514
0.49784124598086527
0.4975955804336436
0.4973458204549808
0.4970918139780565
0.4968334036081343
0.4965704263650758
0.4963027134110255
0.49603008976261986
0.49575237398694644
0.4954693778805047
0.49518090613051696
0.4948867559580691
0.4945867167426375
0.49428056962757994
0.4939680871061668
0.49364903258774057
0.4933231599436435
0.4929902130326529
0.49264992520578266
0.4923020187904353
0.4919462045540154
0.4915821811472335
0.49120963452748667
0.4908282373628644
0.49043764841755244
0.4900375119196426
0.4896274569126437
0.489207096592286
0.48877602763056843
0.4883338294893729
0.48788006372641846
0.48741427329681974
0.48693598185407627
0.48644469305494176
0.4859398898733221
0.48542103392911495
0.4848875648387567
0.48433889959518006
0.48377443198590087
0.48319353205908466
0.48259554564863727
0.48197979397067103
0.4813455733050799
0.48069215477742583
0.48001878425786715
0.47932468239546044
0.47860904480779043
0.4778710424475272
0.47710982216913633
0.47632450752053074
0.47551419978592446
0.4746779793074624
0.4738149071142892
0.47292402688854074
0.4720043672981723
0.4710549447265313
0.4700747664280098
0.4690628341378933
0.4680181481625293
0.4669397119730836
0.46582653732229656
0.46467764989871885
0.4634920955267811
0.46226894691366377
0.46100731093522535
0.4597063364431993
0.4583652225644727
0.45698322745062075
0.4555596774220401
0.4540939764362556
0.45258561579445156
0.4510341839843743
0.4494393765418392
0.4478010057976398
0.44611901036224477
0.44439346418786035
0.44262458503690616
0.4408127421783208
0.4389584631290489
0.43706243925816957
0.43512553007591515
0.43314876603972285
0.43113334972471284
0.42908065522666095
0.4269922256914812
0.42486976889609085
0.4227151508406514
0.4205303873507399
0.4183176337289097
0.4160791725371146
0.4138173996332295
0.4115348086249402
0.4092339739411689
0.4069175327535821
0.4045881660073614
0.40224857884030535
0.39990148068171916
0.3975495653269972
0.3951954912802079
0.39284186264555576
0.39049121082986105
0.3881459772929827
0.3858084975524317
0.3834809866135381
0.38116552595871467
0.3788640521900029
0.37657834737948626
0.374310031143566
0.3720605544206095
0.3698311948980135
0.36762305400500833
0.36543705536206855
0.3632739445568855
0.36113429010060405
0.35901848540634074
0.3569267516246752
0.3548591411674454
0.35281554175138774
0.3507956807964028
0.34879913001898777
0.34682531006913664
0.3448734950682244
0.34294281691566164
0.34103226924294894
0.3391407109049122
0.3372668689090484
0.33540934069490713
0.33356659568619934
0.3317369760488308
0.32991869659845746
0.3281098438115966
0.3263083739051391
0.32451210996067914
0.32271873808292206
0.32092580259616266
0.3191307003002104
0.31733067382798696
0.31552280417233686
0.3137040024804132
0.31187100125145395
0.3100203451190198
0.30814838145289514
0.3062512510798415
0.3043248794968597
0.3023649690357247
0.3003669925327199
0.298326189161069
0.29623756319253125
0.29409588656421254
0.29189570622999883
0.28963135736396317
0.2872969835440749
0.28488656506483856
0.2823939564919384
0.27981293446513855
0.277137256563688
0.2743607317613709
0.27147730261288994
0.2684811388356583
0.2653667413991285
0.26212905563769134
0.25876359130419574
0.2552665469277958
0.2516349353812289
0.24786670724032353
0.24396086835779998
0.23991758807674868
0.23573829465417967
0.23142575470831875
0.22698413379089283
0.22241903546775005
0.21773751653836115
0.21294807624025547
0.2080606175086515
0.20308637866612617
0.19803783438912348
0.19292856551685605
0.1877730982812529
0.1825867148398735
0.1773852385212357
0.17218479881866638
0.16700158272530896
0.16185158030110752
0.15675033322540421
0.1517126953801047
0.1467526141564391
0.14188294018869613
0.13711527167394913
0.13245983748560022
0.1279254211207902
0.12351932534189528
0.11924737537101472
0.11511395682678352
0.1111220833557649
0.10727348814917728
0.10356873323907063
0.10000733058252012
0.09658786938569859
0.09330814479622182
0.09016528390632557
0.08715586587569248
0.0842760338317063
0.08152159698595855
0.078888122086739
0.07637101389195788
0.07396558479228647
0.07166711404638677
0.06947089732099303
0.06737228737352194
0.06536672678999837
0.06344977371201982
0.06161712146736942
0.059864612971861596
0.05818825070503019
0.05658420298721326
0.055048807206435624
0.053578570564556616
0.052170168836441363
0.050820443565337436
0.04952639805329482
