0.5528616875241011
0.6186852052297972
0.5985164889270793
0.5805109186860665
0.5652576359952882
0.5528529256587197
0.5431261035553266
0.5357310703682822
0.5302472049631839
0.5262580676874005
0.5233972581421371
0.521366136913549
0.5199335917678904
0.5189270512619717
0.5182208131328802
0.5177248770956491
0.5173755672421969
0.5171281994817228
0.516951590938347
0.5168240608889288
0.516730570721843
0.5166607033613893
0.5166072475246071
0.5165652113161324
0.5165311375633824
0.5165026297898279
0.5164780245570422
0.5164561651999886
0.5164362456536931
0.5164177026672956
0.5164001413947545
0.5163832839984775
0.5163669341186251
0.516350952282508
0.5163352388608295
0.516319722233421
0.5163043505542675
0.5162890860062005
0.5162739007802213
0.5162587742516085
0.5162436909882955
0.5162286393394899
0.5162136104300454
0.5161985974395595
0.5161835950820908
0.5161685992278857
0.5161536066261725
0.5161386147003075
0.5161236213950648
0.5161086250617749
0.5160936243711608
0.5160786182465976
0.5160636058125794
0.5160485863545977
0.5160335592876677
0.5160185241314621
0.5160034804905421
0.5159884280385469
0.5159733665054866
0.5159582956674829
0.5159432153384531
0.5159281253633482
0.5159130256126374
0.5158979159777982
0.5158827963676225
0.5158676667051839
0.515852526925346
0.5158373769727109
0.5158222167999296
0.5158070463663089
0.5157918656366626
0.5157766745803614
0.5157614731705499
0.5157462613834989
0.5157310391980694
0.5157158065952709
0.515700563557894
0.515685310070209
0.515670046117714
0.5156547716869291
0.5156394867652231
0.5156241913406729
0.5156088854019454
0.5155935689381995
0.5155782419390073
0.5155629043942858
0.5155475562942419
0.5155321976293269
0.5155168283901991
0.5155014485676911
0.5154860581527846
0.5154706571365884
0.5154552455103211
0.515439823265295
0.5154243903929051
0.5154089468846176
0.5153934927319622
0.5153780279265244
0.5153625524599397
0.5153470663238885
0.5153315695100924
0.5153160620103104
0.5153005438163354
0.5152850149199921
0.5152694753131355
0.515253924987648
0.5152383639354388
0.5152227921484415
0.5152072096186138
0.5151916163379368
0.5151760122984121
0.515160397492064
0.5151447719109362
0.5151291355470919
0.5151134883926143
0.5150978304396047
0.515082161680182
0.5150664821064836
0.5150507917106631
0.5150350904848914
0.5150193784213554
0.5150036555122575
0.5149879217498161
0.5149721771262641
0.5149564216338498
0.5149406552648349
0.5149248780114956
0.5149090898661213
0.5148932908210151
0.5148774808684922
0.5148616600008806
0.5148458282105208
0.5148299854897646
0.5148141318309747
0.5147982672265257
0.5147823916688026
0.5147665051502004
0.5147506076631244
0.5147346991999893
0.5147187797532187
0.5147028493152457
0.5146869078785117
0.5146709554354656
0.514654991978565
0.5146390175002742
0.5146230319930647
0.5146070354494149
0.5145910278618092
0.5145750092227379
0.5145589795246971
0.5145429387601879
0.5145268869217159
0.5145108240017918
0.5144947499929298
0.5144786648876478
0.5144625686784671
0.5144464613579119
0.5144303429185091
0.5144142133527873
0.5143980726532771
0.5143819208125102
0.5143657578230197
0.5143495836773392
0.5143333983680023
0.5143172018875422
0.5143009942284921
0.5142847753833834
0.5142685453447472
0.5142523041051119
0.5142360516570038
0.5142197879929473
0.5142035131054632
0.514187226987069
0.5141709296302786
0.5141546210276017
0.514138301171543
0.5141219700546031
0.5141056276692761
0.5140892740080513
0.5140729090634107
0.5140565328278306
0.51404014529378
0.5140237464537198
0.5140073363001039
0.5139909148253776
0.5139744820219772
0.5139580378823299
0.5139415823988535
0.5139251155639561
0.5139086373700349
0.5138921478094763
0.5138756468746557
0.5138591345579369
0.5138426108516707
0.5138260757481965
0.5138095292398401
0.5137929713189141
0.5137764019777169
0.5137598212085328
0.5137432290036317
0.5137266253552677
0.5137100102556797
0.5136933836970908
0.5136767456717066
0.5136600961717173
0.5136434351892941
0.5136267627165915
0.5136100787457452
0.5135933832688724
0.5135766762780708
0.5135599577654189
0.5135432277229749
0.5135264861427763
0.51350973301684
0.513492968337161
0.5134761920957125
0.5134594042844455
0.5134426048952883
0.5134257939201451
0.5134089713508974
0.5133921371794014
0.5133752913974896
0.5133584339969688
0.5133415649696199
0.5133246843071982
0.5133077920014325
0.5132908880440238
0.5132739724266462
0.5132570451409451
0.5132401061785387
0.5132231555310147
0.5132061931899328
0.5131892191468209
0.5131722333931784
0.5131552359204727
0.5131382267201402
0.513121205783585
0.513104173102179
0.5130871286672618
0.5130700724701387
0.5130530045020816
0.5130359247543279
0.5130188332180805
0.5130017298845067
0.5129846147447378
0.5129674877898688
0.5129503490109582
0.5129331983990264
0.5129160359450567
0.5128988616399937
0.512881675474743
0.5128644774401709
0.5128472675271034
0.5128300457263272
0.5128128120285869
0.512795566424586
0.5127783089049862
0.5127610394604065
0.5127437580814228
0.5127264647585679
0.5127091594823299
0.512691842243153
0.5126745130314355
0.512657171837531
0.5126398186517459
0.5126224534643407
0.5126050762655281
0.5125876870454734
0.5125702857942933
0.512552872502056
0.5125354471587797
0.5125180097544334
0.5125005602789351
0.5124830987221521
0.5124656250738997
0.5124481393239417
0.5124306414619884
0.5124131314776978
0.5123956093606735
0.512378075100465
0.512360528686567
0.5123429701084184
0.5123253993554029
0.5123078164168466
0.5122902212820191
0.5122726139401323
0.51225499438034
0.5122373625917364
0.5122197185633574
0.5122020622841782
0.5121843937431139
0.5121667129290179
0.5121490198306831
0.5121313144368385
0.5121135967361519
0.5120958667172268
0.5120781243686026
0.5120603696787549
0.5120426026360934
0.5120248232289623
0.5120070314456396
0.5119892272743365
0.5119714107031962
0.5119535817202941
0.5119357403136373
0.5119178864711627
0.511900020180738
0.5118821414301602
0.5118642502071555
0.5118463464993778
0.5118284302944092
0.5118105015797585
0.5117925603428615
0.5117746065710794
0.511756640251699
0.5117386613719314
0.5117206699189121
0.5117026658796997
0.5116846492412758
0.5116666199905441
0.5116485781143296
0.511630523599379
0.5116124564323583
0.5115943765998539
0.5115762840883707
0.5115581788843325
0.5115400609740808
0.5115219303438739
0.5115037869798867
0.5114856308682104
0.511467461994851
0.5114492803457289
0.5114310859066789
0.5114128786634486
0.5113946586016992
0.5113764257070025
0.5113581799648426
0.5113399213606141
0.5113216498796214
0.5113033655070787
0.5112850682281082
0.5112667580277407
0.5112484348909143
0.5112300988024739
0.51121174974717
0.511193387709659
0.5111750126745018
0.511156624626163
0.511138223549011
0.5111198094273168
0.5111013822452535
0.511082941986895
0.5110644886362161
0.5110460221770923
0.5110275425932969
0.5110090498685029
0.510990543986281
0.5109720249300985
0.51095349268332
0.5109349472292051
0.5109163885509092
0.5108978166314813
0.5108792314538653
0.5108606330008966
0.5108420212553038
0.510823396199707
0.5108047578166166
0.510786106088434
0.510767440997449
0.5107487625258411
0.5107300706556768
0.510711365368911
0.5106926466473838
0.5106739144728218
0.510655168826837
0.5106364096909252
0.5106176370464657
0.5105988508747212
0.5105800511568361
0.5105612378738364
0.5105424110066286
0.510523570535999
0.5105047164426133
0.5104858487070155
0.5104669673096273
0.510448072230747
0.5104291634505495
0.5104102409490846
0.5103913047062771
0.5103723547019254
0.5103533909157012
0.5103344133271482
0.5103154219156818
0.5102964166605883
0.5102773975410237
0.5102583645360138
0.5102393176244522
0.5102202567851002
0.5102011819965865
0.5101820932374052
0.5101629904859162
0.5101438737203436
0.5101247429187757
0.510105598059163
0.5100864391193184
0.5100672660769163
0.5100480789094914
0.5100288775944384
0.5100096621090101
0.5099904324303184
0.5099711885353313
0.5099519304008747
0.5099326580036287
0.5099133713201293
0.5098940703267655
0.5098747549997802
0.5098554253152681
0.5098360812491759
0.5098167227773006
0.509797349875289
0.5097779625186368
0.5097585606826883
0.5097391443426347
0.5097197134735134
0.5097002680502078
0.509680808047446
0.5096613334397997
0.5096418442016837
0.5096223403073553
0.5096028217309125
0.5095832884462943
0.5095637404272786
0.5095441776474827
0.509524600080361
0.5095050076992053
0.5094854004771433
0.5094657783871377
0.5094461414019857
0.5094264894943178
0.5094068226365969
0.5093871408011176
0.509367443960005
0.5093477320852142
0.5093280051485292
0.5093082631215616
0.5092885059757506
0.5092687336823611
0.5092489462124837
0.5092291435370329
0.5092093256267467
0.5091894924521856
0.5091696439837318
0.5091497801915879
0.509129901045776
0.5091100065161376
0.5090900965723315
0.5090701711838331
0.5090502303199347
0.5090302739497423
0.5090103020421767
0.5089903145659718
0.5089703114896732
0.508950292781638
0.5089302584100331
0.5089102083428347
0.5088901425478276
0.5088700609926033
0.50884996364456
0.5088298504709011
0.508809721438634
0.5087895765145698
0.5087694156653222
0.5087492388573052
0.5087290460567341
0.5087088372296232
0.5086886123417852
0.50866837135883
0.5086481142461641
0.508627840968989
0.5086075514923007
0.5085872457808882
0.508566923799333
0.5085465855120078
0.5085262308830751
0.5085058598764874
0.5084854724559844
0.5084650685850932
0.5084446482271271
0.5084242113451842
0.5084037579021464
0.5083832878606791
0.5083628011832284
0.5083422978320222
0.5083217777690674
0.50830124095615
0.5082806873548331
0.5082601169264563
0.508239529632135
0.5082189254327586
0.5081983042889896
0.5081776661612625
0.5081570110097833
0.5081363387945277
0.5081156494752399
0.5080949430114322
0.5080742193623833
0.5080534784871373
0.5080327203445028
0.5080119448930518
0.5079911520911178
0.507970341896796
0.5079495142679413
0.5079286691621667
0.5079078065368434
0.5078869263490989
0.5078660285558156
0.5078451131136305
0.5078241799789331
0.5078032291078651
0.5077822604563187
0.5077612739799353
0.5077402696341049
0.5077192473739647
0.5076982071543972
0.5076771489300302
0.507656072655235
0.5076349782841246
0.5076138657705545
0.5075927350681186
0.5075715861301505
0.5075504189097212
0.5075292333596376
0.5075080294324421
0.5074868070804108
0.5074655662555525
0.5074443069096072
0.5074230289940453
0.507401732460066
0.5073804172585964
0.5073590833402896
0.507337730655524
0.507316359154402
0.5072949687867487
0.5072735595021107
0.507252131249754
0.5072306839786644
0.5072092176375446
0.5071877321748136
0.5071662275386055
0.507144703676768
0.507123160536861
0.507101598066156
0.5070800162116336
0.5070584149199832
0.5070367941376008
0.5070151538105894
0.5069934938847547
0.5069718143056071
0.5069501150183578
0.506928395967919
0.5069066570989017
0.5068848983556145
0.5068631196820625
0.506841321021946
0.506819502318659
0.5067976635152872
0.5067758045546079
0.506753925379087
0.5067320259308796
0.5067101061518269
0.5066881659834552
0.5066662053669754
0.5066442242432802
0.5066222225529441
0.5066002002362205
0.5065781572330418
0.5065560934830168
0.5065340089254294
0.5065119034992381
0.5064897771430737
0.5064676297952379
0.5064454613937018
0.5064232718761048
0.5064010611797535
0.5063788292416187
0.5063565759983357
0.5063343013862017
0.5063120053411745
0.5062896877988714
0.5062673486945675
0.5062449879631937
0.506222605539336
0.5062002013572338
0.5061777753507771
0.5061553274535078
0.5061328575986148
0.5061103657189349
0.5060878517469505
0.5060653156147873
0.5060427572542143
0.5060201765966407
0.5059975735731151
0.5059749481143241
0.5059523001505901
0.5059296296118704
0.5059069364277549
0.5058842205274651
0.5058614818398519
0.5058387202933949
0.5058159358161997
0.505793128335997
0.5057702977801409
0.5057474440756069
0.5057245671489906
0.505701666926506
0.5056787433339834
0.5056557962968689
0.5056328257402208
0.5056098315887104
0.5055868137666181
0.5055637721978326
0.50554070680585
0.5055176175137706
0.5054945042442979
0.5054713669197373
0.505448205461994
0.5054250197925707
0.505401809832567
0.5053785755026771
0.5053553167231875
0.5053320334139761
0.5053087254945104
0.5052853928838452
0.5052620355006207
0.5052386532630618
0.5052152460889754
0.5051918138957486
0.5051683566003472
0.5051448741193142
0.5051213663687671
0.5050978332643967
0.5050742747214655
0.5050506906548052
0.5050270809788152
0.5050034456074609
0.5049797844542714
0.5049560974323379
0.5049323844543124
0.5049086454324047
0.5048848802783811
0.5048610889035624
0.5048372712188228
0.5048134271345863
0.5047895565608262
0.504765659407063
0.5047417355823612
0.5047177849953299
0.5046938075541177
0.5046698031664136
0.504645771739443
0.5046217131799667
0.5045976273942792
0.5045735142882056
0.5045493737671005
0.5045252057358461
0.5045010100988495
0.5044767867600407
0.5044525356228718
0.5044282565903134
0.5044039495648535
0.5043796144484949
0.5043552511427537
0.5043308595486572
0.5043064395667408
0.5042819910970475
0.5042575140391247
0.5042330082920224
0.504208473754291
0.5041839103239797
0.5041593178986334
0.5041346963752918
0.5041100456504859
0.5040853656202369
0.5040606561800539
0.5040359172249311
0.5040111486493465
0.5039863503472586
0.5039615222121056
0.503936664136802
0.5039117760137372
0.5038868577347724
0.5038619091912396
0.5038369302739379
0.5038119208731328
0.5037868808785526
0.5037618101793871
0.5037367086642847
0.50371157622135
0.5036864127381426
0.5036612181016736
0.503635992198404
0.5036107349142418
0.5035854461345401
0.5035601257440947
0.5035347736271418
0.5035093896673554
0.5034839737478448
0.5034585257511535
0.5034330455592546
0.5034075330535502
0.5033819881148688
0.5033564106234615
0.5033308004590014
0.5033051575005798
0.5032794816267051
0.5032537727152984
0.503228030643693
0.503202255288631
0.5031764465262603
0.5031506042321333
0.5031247282812039
0.5030988185478243
0.5030728749057434
0.5030468972281041
0.5030208853874403
0.5029948392556747
0.5029687587041158
0.5029426436034565
0.5029164938237698
0.5028903092345078
0.5028640897044977
0.5028378351019402
0.5028115452944064
0.5027852201488358
0.5027588595315323
0.5027324633081627
0.5027060313437537
0.5026795635026894
0.5026530596487078
0.5026265196448992
0.5025999433537031
0.5025733306369046
0.502546681355633
0.5025199953703584
0.5024932725408887
0.5024665127263673
0.5024397157852699
0.5024128815754021
0.5023860099538965
0.5023591007772092
0.5023321539011185
0.5023051691807201
0.502278146470426
0.5022510856239604
0.5022239864943572
0.5021968489339579
0.5021696727944072
0.5021424579266511
0.5021152041809342
0.5020879114067958
0.5020605794530674
0.50203320816787
0.502005797398611
0.501978346991981
0.5019508567939508
0.5019233266497689
0.5018957564039572
0.50186814590031
0.501840494981889
0.5018128034910212
0.5017850712692957
0.5017572981575605
0.5017294839959194
0.5017016286237292
0.5016737318795959
0.5016457936013725
0.5016178136261544
0.5015897917902783
0.5015617279293172
0.5015336218780778
0.5015054734705977
0.5014772825401413
0.5014490489191983
0.5014207724394777
0.5013924529319074
0.5013640902266288
0.5013356841529947
0.5013072345395657
0.5012787412141068
0.5012502040035841
0.5012216227341613
0.5011929972311968
0.50116432731924
0.5011356128220275
0.5011068535624809
0.5010780493627021
0.5010492000439707
0.5010203054267404
0.500991365330635
0.500962379574446
0.500933347976128
0.5009042703527958
0.5008751465207212
0.5008459762953285
0.5008167594911919
0.5007874959220314
0.5007581854007095
0.5007288277392278
0.5006994227487227
0.5006699702394624
0.5006404700208433
0.500610921901386
0.5005813256887317
0.5005516811896389
0.5005219882099792
0.5004922465547341
0.5004624560279913
0.5004326164329396
0.5004027275718678
0.5003727892461584
0.5003428012562849
0.5003127634018085
0.5002826754813733
0.5002525372927031
0.5002223486325971
0.5001921092969268
0.5001618190806316
0.5001314777777145
0.5001010851812393
0.5000706410833256
0.5000401452751454
0.5000095975469199
0.49997899768791343
0.4999483454864319
0.49991764072981715
0.49988688320444374
0.4998560726957139
0.4998252089880557
0.4997942918649162
0.4997633211087594
0.4997322965010616
0.49970121782230664
0.4996700848519827
0.4996388973685775
0.49960765514957495
0.4995763579714497
0.4995450056096646
0.49951359783866467
0.4994821344318745
0.499450615161693
0.4994190397994893
0.4993874081155994
0.49935571987932054
0.4993239748589073
0.49929217282156796
0.4992603135334597
0.4992283967596835
0.49919642226428135
0.49916438981023076
0.49913229915944024
0.49910015007274566
0.4990679423099053
0.4990356756295954
0.4990033497894057
0.49897096454583534
0.49893851965428754
0.4989060148690661
0.49887344994337013
0.4988408246292895
0.4988081386778008
0.49877539183876224
0.4987425838609091
0.4987097144918493
0.49867678347805894
0.4986437905648768
0.49861073549650076
0.49857761801598216
0.49854443786522173
0.4985111947849647
0.4984778885147958
0.4984445187931347
0.4984110853572309
0.4983775879431599
0.49834402628581703
0.4983104001189137
0.4982767091749718
0.4982429531853194
0.4982091318800854
0.4981752449881951
0.4981412922373646
0.49810727335409655
0.4980731880636749
0.4980390360901598
0.49800481715638284
0.49797053098394173
0.4979361772931955
0.4979017558032594
0.497867266232
0.4978327082960296
0.49779808171070195
0.49776338619010585
0.49772862144706165
0.4976937871931147
0.4976588831385308
0.49762390899229086
0.49758886446208606
0.49755374925431206
0.4975185630740639
0.49748330562513093
0.4974479766099913
0.49741257572980724
0.4973771026844188
0.4973415571723391
0.4973059388907489
0.4972702475354914
0.49723448280106647
0.4971986443806253
0.49716273196596517
0.4971267452475243
0.4970906839143755
0.4970545476542214
0.4970183361533892
0.4969820490968241
0.49694568616808443
0.4969092470493366
0.49687273142134886
0.4968361389634854
0.4967994693537015
0.49676272226853785
0.49672589738311446
0.49668899437112507
0.496652012904832
0.4966149526550601
0.4965778132911906
0.4965405944811564
0.49650329589143555
0.4964659171870456
0.4964284580315382
0.49639091808699287
0.4963532970140115
0.49631559447171225
0.4962778101177243
0.4962399436081811
0.49620199459771536
0.4961639627394524
0.496125847685005
0.4960876490844668
0.49604936658640686
0.4960109998378633
0.495972548484338
0.4959340121697899
0.49589539053662895
0.49585668322571075
0.49581788987633035
0.4957790101262156
0.4957400436115221
0.4957009899668257
0.49566184882511805
0.49562261981779937
0.4955833025746724
0.4955438967239373
0.4955044018921838
0.4954648177043865
0.495425143783898
0.4953853797524428
0.4953455252301113
0.4953055798353533
0.4952655431849719
0.49522541489411703
0.4951851945762797
0.49514488184328526
0.4951044763052873
0.49506397757076137
0.4950233852464985
0.49498269893759905
0.49494191824746603
0.49490104277779945
0.4948600721285892
0.49481900589810923
0.49477784368291056
0.4947365850778155
0.4946952296759112
0.49465377706854224
0.4946122268453059
0.4945705785940442
0.49452883190083813
0.4944869863500012
0.49444504152407254
0.49440299700381124
0.49436085236818883
0.49431860719438336
0.494276261057773
0.4942338135319293
0.4941912641886107
0.4941486125977558
0.49410585832747705
0.49406300094405414
0.4940200400119277
0.4939769750936919
0.49393380575008894
0.49389053154000173
0.493847152020448
0.4938036667465723
0.4937600752716411
0.49371637714703526
0.49367257192224356
0.493628659144856
0.4935846383605575
0.4935405091131209
0.49349627094440063
0.4934519233943257
0.4934074660008937
0.49336289830016344
0.493318219826249
0.49327343011131236
0.4932285286855574
0.4931835150772228
0.49313838881257577
0.49309314941590543
0.49304779640951524
0.4930023293137179
0.49295674764682745
0.49291105092515347
0.4928652386629935
0.4928193103726271
0.4927732655643094
0.49272710374626416
0.4926808244246765
0.49263442710368743
0.49258791128538665
0.492541276469806
0.49249452215491285
0.49244764783660316
0.4924006530086955
0.49235353716292474
0.49230629978893403
0.4922589403742694
0.4922114584043733
0.49216385336257723
0.492116124730096
0.4920682719860207
0.49202029460731245
0.4919721920687954
0.49192396384315096
0.49187560940091124
0.4918271282104517
0.4917785197379859
0.4917297834475579
0.4916809188010369
0.4916319252581104
0.49158280227627743
0.4915335493108428
0.4914841658149104
0.49143465123937685
0.49138500503292526
0.49133522664201934
0.4912853155108964
0.4912352710815615
0.4911850927937815
0.4911347800850781
0.4910843323907224
0.4910337491437285
0.4909830297748471
0.4909321737125602
0.49088118038307355
0.4908300492103124
0.4907787796159143
0.4907273710192235
0.49067582283728484
0.49062413448483827
0.49057230537431207
0.4905203349158182
0.4904682225171455
0.4904159675837545
0.49036356951877136
0.4903110277229824
0.4902583415948276
0.4902055105303969
0.4901525339234226
0.49009941116527467
0.4900461416449553
0.48999272474909367
0.4899391598619395
0.48988544636535925
0.48983158363882906
0.4897775710594314
0.4897234080018482
0.48966909383835644
0.48961462793882277
0.489560009670699
0.4895052383990165
0.4894503134863815
0.48939523429296994
0.48934000017652335
0.48928461049234284
0.4892290645932859
0.4891733618297602
0.48911750154972045
0.4890614830986626
0.4890053058196205
0.4889489690531603
0.4888924721373776
0.48883581440789187
0.48877899519784274
0.48872201383788616
0.4886648696561901
0.4886075619784306
0.48855009012778805
0.48849245342494285
0.48843465118807255
0.4883766827328474
0.4883185473724275
0.4882602444174584
0.4882017731760688
0.4881431329538666
0.48808432305393534
0.48802534277683235
0.48796619142058417
0.48790686828068475
0.48784737265009215
0.48778770381922576
0.4877278610759643
0.4876678437056416
0.4876076509910466
0.4875472822124193
0.48748673664744835
0.4874260135712707
0.48736511225646745
0.48730403197306355
0.4872427719885255
0.4871813315677591
0.48711970997310894
0.48705790646435615
0.4869959202987179
0.48693375073084505
0.4868713970128227
0.48680885839416743
0.48674613412182816
0.4866832234401846
0.48662012559104656
0.4865568398136545
0.48649336534467824
0.48642970141821745
0.48636584726580157
0.48630180211638985
0.4862375651963721
0.48617313572956833
0.4861085129372306
0.4860436960380425
0.4859786842481208
0.485913476781017
0.485848072847717
0.48578247165664473
0.4857166724136618
0.4856506743220703
0.4855844765826145
0.485518078393483
0.48545147895031066
0.48538467744618163
0.4853176730716316
0.4852504650146511
0.485183052460687
0.4851154345926484
0.48504761059090734
0.4849795796333042
0.48491134089515053
0.48484289354923327
0.484774236765819
0.4847053697126585
0.48463629155499144
0.4845670014555502
0.48449749857456614
0.4844277820697743
0.48435785109641927
0.48428770480725947
0.48421734235257524
0.484146762880173
0.4840759655353931
0.4840049494611157
0.48393371379776734
0.4838622576833287
0.48379058025334165
0.4837186806409167
0.48364655797674105
0.4835742113890865
0.4835016400038181
0.483428842944402
0.48335581933191507
0.4832825682850539
0.483209088920144
0.48313538035114945
0.48306144168968296
0.48298727204501585
0.48291287052408916
0.4828382362315238
0.4827633682696317
0.48268826573842755
0.48261292773564063
0.4825373533567256
0.4824615416948763
0.4823854918410375
0.4823092028839175
0.48223267391000213
0.48215590400356767
0.48207889224669526
0.48200163771928406
0.481924139499067
0.481846396661625
0.48176840828040135
0.48169017342671894
0.4816116911697946
0.48153296057675576
0.48145398071265766
0.4813747506404988
0.48129526942123974
0.4812155361138195
0.4811355497751742
0.4810553094602555
0.4809748142220486
0.48089406311159194
0.4808130551779968
0.4807317894684664
0.4806502650283171
0.4805684809009983
0.48048643612811354
0.48040412974944235
0.480321560802962
0.48023872832486925
0.48015563134960376
0.4800722689098702
0.47998864003666303
0.47990474375928893
0.47982057910539233
0.4797361451009796
0.47965144077044464
0.4795664651365938
0.47948121722067294
0.47939569604239296
0.4793099006199575
0.47922382997009083
0.4791374831080639
0.47905085904772493
0.4789639568015263
0.4788767753805555
0.478789313794564
0.4787015710519973
0.47861354616002627
0.4785252381245783
0.4784366459503685
0.47834776864093226
0.47825860519865826
0.478169154624821
0.47807941591961517
0.4779893880821892
0.47789907011068067
0.477808461002251
0.4777175597531219
0.4776263653586107
0.47753487681316814
0.47744309311041516
0.47735101324318086
0.47725863620354114
0.47716596098285785
0.47707298657181757
0.4769797119604725
0.4768861361382806
0.47679225809414727
0.4766980768164664
0.4766035912931633
0.4765088005117374
0.47641370345930556
0.47631829912264645
0.476222586488245
0.4761265645423374
0.4760302322709573
0.475933588659982
0.475836632695179
0.4757393633622543
0.47564177964690035
0.4755438805348444
0.4754456650118987
0.4753471320640097
0.47524828067730834
0.47514910983816316
0.47504961853322997
0.4749498057495052
0.4748496704743794
0.4747492116956899
0.4746484284017761
0.4745473195815345
0.47444588422447276
0.474344121320768
0.47424202986132225
0.4741396088378205
0.47403685724278877
0.47393377406965304
0.47383035831279846
0.4737266089676293
0.4736225250306301
0.4735181054994272
0.47341334937284985
0.473308255650994
0.4732028233352851
0.47309705142854236
0.47299093893504285
0.4728844848605877
0.4727776882125678
0.47267054800003006
0.4725630632337451
0.47245523292627545
0.4723470560920435
0.47223853174740177
0.4721296589107026
0.47202043660236775
0.47191086384496167
0.4718009396632618
0.47169066308433244
0.47158003313759744
0.4714690488549139
0.471357709270648
0.4712460134217493
0.4711339603478271
0.4710215490912273
0.47090877869710923
0.47079564821352454
0.47068215669149477
0.4705683031850919
0.4704540867515172
0.47033950645118255
0.47022456134779134
0.4701092505084216
0.4699935730036069
0.4698775279074203
0.4697611142975593
0.4696443312554289
0.46952717786622766
0.46940965321903333
0.4692917564068895
0.46917348652689245
0.4690548426802792
0.46893582397251565
0.46881642951338615
0.4686966584170823
0.4685765098022939
0.46845598279229944
0.4683350765150579
0.4682137901033004
0.4680921226946232
0.46797007343158153
0.467847641461782
0.46772482593797815
0.4676016260181659
0.46747804086567746
0.4673540696492794
0.4672297115432686
0.46710496572756893
0.46697983138782984
0.4668543077155246
0.4667283939080497
0.4666020891688232
0.46647539270738536
0.4663483037394994
0.46622082148725214
0.46609294517915484
0.4659646740502466
0.4658360073421959
0.4657069443034034
0.46557748418910605
0.46544762626148006
0.4653173697897462
0.46518671405027345
0.46505565832668516
0.4649242019099641
0.464792344098558
0.4646600841984873
0.46452742152345045
0.46439435539493185
0.4642608851423093
0.4641270101029615
0.4639927296223767
0.4638580430542605
0.463722949760646
0.46358744911200184
0.4634515404873413
0.46331522327433355
0.4631784968694125
0.46304136067788715
0.46290381411405224
0.4627658566012991
0.46262748757222644
0.4624887064687514
0.46234951274222075
0.4622099058535228
0.4620698852731988
0.4619294504815544
0.4617886009687721
0.46164733623502285
0.46150565579057873
0.4613635591559242
0.46122104586186924
0.4610781154496606
0.4609347674710961
0.4607910014886345
0.46064681707550953
0.46050221381584155
0.46035719130475
0.46021174914846574
0.4600658869644428
0.4599196043814706
0.45977290103978635
0.45962577659118625
0.4594782306991374
0.459330263038889
0.4591818732975847
0.45903306117437226
0.4588838263805154
0.45873416863950456
0.4585840876871664
0.45843358327177464
0.45828265515415967
0.4581313031078179
0.45797952691902133
0.45782732638692547
0.4576747013236785
0.457521651554529
0.45736817691793336
0.45721427726566316
0.4570599524629115
0.4569052023883992
0.4567500269344805
0.4565944260072483
0.4564383995266382
0.45628194742653333
0.4561250696548663
0.4559677661737236
0.4558100369594459
0.4556518820027312
0.45549330130873456
0.45533429489716776
0.45517486280239966
0.4550150050735538
0.4548547217746065
0.4546940129844835
0.45453287879715637
0.45437131932173747
0.454209334682575
0.4540469250193449
0.45388409048714495
0.45372083125658563
0.45355714751388077
0.4533930394609369
0.4532285073154426
0.4530635513109556
0.452898171696989
0.4527323687390973
0.4525661427189597
0.45239949393446466
0.45223242269979047
0.45206492934548725
0.45189701421855544
0.45172867768252517
0.4515599201175329
0.45139074192039685
0.4512211435046928
0.45105112530082586
0.4508806877561038
0.4507098313348057
0.45053855651825303
0.4503668638048763
0.45019475371028117
0.4500222267673139
0.44984928352612463
0.44967592455422817
0.44950215043656605
0.4493279617755638
0.44915335919118826
0.4489783433210044
0.4488029148202282
0.4486270743617788
0.44845082263632985
0.4482741603523588
0.44809708823619326
0.4479196070320569
0.4477417175021137
0.4475634204265104
0.4473847166034154
0.44720560684905847
0.44702609199776727
0.4468461729020021
0.4466658504323887
0.4464851254777498
0.4463039989451343
0.44612247175984465
0.445940544865462
0.4457582192238696
0.445575495815275
0.44539237563822937
0.4452088597096442
0.44502494906480833
0.44484064475740037
0.44465594785950024
0.4444708594615989
0.4442853806726064
0.4440995126198555
0.4439132564491067
0.44372661332454755
0.443539584428793
0.44335217096288193
0.44316437414627075
0.44297619521682785
0.4427876354308219
0.44259869606291147
0.44240937840613065
0.44221968377187215
0.4420296134898698
0.4418391689081775
0.4416483513931461
0.44145716232939886
0.44126560311980356
0.44107367518544266
0.44088137996558263
0.4406887189176386
0.4404956935171386
0.4403023052576842
0.44010855565091117
0.4399144462264436
0.4397199785318513
0.43952515413259985
0.4393299746120014
0.43913444157116244
0.4389385566289289
0.4387423214218283
0.43854573760401216
0.4383488068471933
0.4381515308405821
0.4379539112908206
0.43775594992191436
0.4375576484751601
0.4373590087090753
0.43716003239932055
0.4369607213386233
0.4367610773366974
0.4365611022201612
0.43636079783245335
0.43616016603374563
0.4359592087008543
0.43575792772714966
0.4355563250224611
0.4353544025129833
0.4351521621411766
0.4349496058656688
0.4347467356611514
0.43454355351827645
0.43434006144354864
0.43413626145921796
0.43393215560316745
0.43372774592880126
0.433523034504929
0.43331802341564823
0.4331127147602255
0.43290711065297494
0.43270121322313426
0.43249502461473965
0.4322885469864982
0.43208178251165763
0.4318747333778754
0.4316674017870852
0.4314597899553604
0.43125190011277786
0.4310437345032775
0.4308352953845215
0.43062658502775114
0.43041760571764137
0.4302083597521543
0.4299988494423903
0.4297890771124373
0.42957904509921946
0.4293687557523418
0.42915821143393545
0.4289474145184999
0.4287363673927441
0.4285250724554254
0.4283135321171876
0.4281017488003963
0.42788972493897404
0.42767746297823334
0.4274649653747078
0.4272522345959814
0.4270392731205186
0.42682608343748973
0.4266126680465977
0.4263990294579023
0.4261851701916424
0.42597109277805806
0.42575679975721087
0.42554229367880364
0.4253275771019971
0.42511265259522735
0.4248975227360214
0.42468219011081176
0.4244666573147494
0.4242509269515159
0.4240350016331353
0.4238188839797845
0.423602576619601
0.42338608218849366
0.42316940332994807
0.42295254269483457
0.42273550294121326
0.4225182867341396
0.42230089674546784
0.4220833356536555
0.42186560614356566
0.4216477109062692
0.4214296526388464
0.4212114340441878
0.4209930578307952
0.42077452671258053
0.42055584340866625
0.42033701064318385
0.42011803114507246
0.4198989076478775
0.4196796428895474
0.41946023961223255
0.41924070056208157
0.4190210284890391
0.41880122614664184
0.4185812962918161
0.4183612416846734
0.4181410650883079
0.4179207692685922
0.41770035699397384
0.41747983103527175
0.4172591941654726
0.41703844915952765
0.41681759879414865
0.41659664584760503
0.4163755930995217
0.4161544433306745
0.41593319932278916
0.4157118638583379
0.41549043972033856
0.41526892969215196
0.41504733655728154
0.41482566309917135
0.41460391210100755
0.4143820863455167
0.41416018861476733
0.4139382216899716
0.4137161883512854
0.41349409137761256
0.41327193354640707
0.4130497176334766
0.41282744641278746
0.41260512265626953
0.4123827491336218
0.4121603286121194
0.4119378638564217
0.4117153576283798
0.4114928126868463
0.4112702317874851
0.4110476176825837
0.41082497312086363
0.41060230084729493
0.41037960360290937
0.4101568841246167
0.4099341451450196
0.4097113893922325
0.40948861958969857
0.40926583845601083
0.4090430487047319
0.40882025304421693
0.40859745417743604
0.40837465480179963
0.40815185760898365
0.4079290652847572
0.40770628050881014
0.4074835059545844
0.40726074428910364
0.40703799817280617
0.4068152702593793
0.40659256319559484
0.40636987962114546
0.40614722216848304
0.4059245934626584
0.4057019961211633
0.40547943275377263
0.4052569059623885
0.4050344183408874
0.4048119724749661
0.4045895709419919
0.4043672163108534
0.40414491114181156
0.4039226579863552
0.40370045938705545
0.4034783178774245
0.4032562359817726
0.4030342162150704
0.40281226108281026
0.40259037308087137
0.4023685546953843
0.40214680840259975
0.4019251366687574
0.4017035419499563
0.4014820266920293
0.40126059333041625
0.401039244290041
0.40081798198518953
0.4005968088193903
0.4003757271852954
0.40015473946456487
0.39993384802775206
0.3997130552341906
0.39949236343188377
0.39927177495739596
0.3990512921357448
0.3988309172802962
0.3986106526926608
0.3983905006625932
0.39817046346789037
0.397950543374296
0.3977307426354032
0.39751106349256055
0.3972915081747802
0.39707207889864765
0.39685277786823225
0.39663360727500213
0.3964145692977379
0.39619566610245105
0.3959768998423022
0.3957582726575223
0.39553978667533474
0.3953214440098813
0.395103246762147
0.3948851970198896
0.39466729685756924
0.3944495483362807
0.3942319535036872
0.3940145143939557
0.39379723302769537
0.3935801114118962
0.39336315153987006
0.39314635539119536
0.392929724931659
0.3927132621132061
0.3924969688738863
0.39228084713780526
0.3920648988150761
0.39184912580177295
0.3916335299798875
0.39141811321728587
0.39120287736766685
0.3909878242705245
0.3907729557511093
0.3905582736203931
0.3903437796750351
0.39012947569734935
0.3899153634552747
0.3897014447023451
0.3894877211776634
0.38927419460587487
0.389060866697144
0.38884773914713194
0.38863481363697633
0.38842209183327103
0.38820957538805045
0.38799726593877293
0.3877851651083059
0.3875732745049147
0.3873615957222502
0.38715013033934
0.3869388799205794
0.3867278460157271
0.3865170301598974
0.38630643387355884
0.38609605866253116
0.38588590601798534
0.3856759774164432
0.38546627431978164
0.3852567981752351
0.3850475504154004
0.38483853245824445
0.3846297457071116
0.3844211915507325
0.3842128713632354
0.38400478650415726
0.38379693831845807
0.38358932813653435
0.3833819572742361
0.3831748270328827
0.3829679386992825
0.38276129354575106
0.38255489283013333
0.38234873779582484
0.3821428296717958
0.3819371696726137
0.38173175899847117
0.3815265988352111
0.38132169035435504
0.3811170347131327
0.3809126330545103
0.38070848650722394
0.38050459618580984
0.38030096319063944
0.38009758860795184
0.37989447350989025
0.3796916189545383
0.379489025985957
0.3792866956342228
0.37908462891546735
0.3788828268319177
0.37868129037193643
0.37848002051006513
0.3782790182070661
0.3780782844099666
0.37787782005210324
0.3776776260531678
0.37747770331925357
0.3772780527429019
0.3770786752031506
0.37687957156558216
0.37668074268237456
0.37648218939234934
0.37628391252102444
0.3760859128806649
0.37588819127033524
0.3756907484759533
0.37549358527034327
0.37529670241328994
0.37510010065159494
0.3749037807191308
0.37470774333689855
0.3745119892130838
0.37431651904311497
0.37412133350972077
0.37392643328298925
0.37373181902042635
0.3735374913670167
0.3733434509552822
0.3731496984053446
0.37295623432498576
0.37276305930970866
0.3725701739428011
0.37237757879539723
0.3721852744265406
0.3719932613832476
0.37180154020057277
0.3716101114016707
0.37141897549786207
0.3712281329886984
0.3710375843620275
0.3708473300940591
0.37065737064943083
0.37046770648127414
0.37027833803128185
0.37008926572977474
0.36990048999576797
0.3697120112370399
0.36952382985019894
0.36933594622075183
0.3691483607231717
0.36896107372096676
0.3687740855667489
0.36858739660230255
0.3684010071586533
0.3682149175561379
0.3680291281044729
0.3678436391028251
0.36765845083987975
0.3674735635939124
0.36728897763285673
0.36710469321437644
0.366920710585934
0.36673702998486174
0.3665536516384321
0.36637057576392745
0.36618780256871153
0.36600533225029913
0.3658231649964271
0.36564130098512504
0.36545974038478535
0.36527848335423474
0.36509753004280426
0.36491688059040017
0.3647365351275748
0.3645564937755967
0.3643767566465218
0.3641973238432634
0.36401819545966363
0.36383937158056306
0.36366085228187134
0.3634826376306377
0.36330472768512156
0.36312712249486223
0.3629498221007491
0.36277282653509213
0.3625961358216911
0.3624197499759061
0.3622436690047271
0.362067892906843
0.3618924216727115
0.361717255284629
0.3615423937167984
0.3613678369353992
0.3611935848986567
0.36101963755690925
0.36084599485267843
0.360672656720736
0.3604996230881733
0.3603268938744689
0.36015446899155573
0.35998234834388954
0.3598105318285164
0.35963901933513887
0.3594678107461852
0.35929690593687297
0.35912630477527874
0.35895600712240244
0.35878601283223466
0.35861632175182173
0.35844693372133163
0.3582778485741199
0.35810906613679416
0.3579405862292798
0.3577724086648836
0.35760453325035874
0.35743695978596957
0.35726968806555437
0.3571027178765894
0.3569360490002528
0.3567696812114868
0.356603614279061
0.35643784796563494
0.35627238202781975
0.35610721621624086
0.3559423502755995
0.35577778394473325
0.3556135169566783
0.355449549038729
0.35528587991249927
0.35512250929398226
0.3549594368936102
0.3547966624163141
0.35463418556158277
0.3544720060235222
0.354310123490913
0.3541485376472702
0.3539872481708998
0.35382625473495755
0.353665557007505
0.3535051546515676
0.35334504732519106
0.353185234681497
0.3530257163687393
0.3528664920303606
0.3527075613050459
0.3525489238267792
0.352390579224897
0.3522325271241432
0.35207476714472274
0.35191729890235524
0.35176012200832873
0.35160323606955146
0.351446640688606
0.3512903354638003
0.35113431998922023
0.35097859385478025
0.3508231566462768
0.3506680079454355
0.35051314732996536
0.3503585743736065
0.3502042886461817
0.35005028971364355
0.3498965771381265
0.349743150477993
0.34959000928788375
0.3494371531187641
0.34928458151797387
0.3491322940292725
0.3489802901928875
0.3488285695455605
0.348677131620594
0.34852597594789697
0.34837510205403
0.34822450946225186
0.3480741976925632
0.34792416626175166
0.34777441468343556
0.3476249424681087
0.34747574912318274
0.34732683415303167
0.3471781970590326
0.3470298373396106
0.34688175449027936
0.34673394800368296
0.3465864173696376
0.34643916207517284
0.3462921816045721
0.34614547543941293
0.34599904305860735
0.34585288393844105
0.3457069975526133
0.3455613833722756
0.34541604086607036
0.34527096950016933
0.34512616873831176
0.34498163804184145
0.34483737686974447
0.34469338467868654
0.34454966092304856
0.34440620505496394
0.34426301652435387
0.34412009477896355
0.34397743926439717
0.3438350494241525
0.34369292469965607
0.3435510645302975
0.343409468353463
0.34326813560456926
0.34312706571709756
0.3429862581226243
0.3428457122508572
0.342705427529665
0.3425654033851098
0.3424256392414804
0.3422861345213217
0.34214688864546694
0.34200790103306816
0.3418691711016265
0.34173069826702274
0.34159248194354636
0.3414545215439259
0.3413168164793574
0.34117936615953415
0.3410421699926739
0.34090522738554907
0.3407685377435127
0.3406321004705273
0.3404959149691919
0.3403599806407694
0.3402242968852128
0.3400888631011917
0.339953678686119
0.3398187430361763
0.33968405554633974
0.3395496156104048
0.339415422621012
0.33928147596967073
0.3391477750467845
0.3390143192416745
0.3388811079426042
0.33874814053680125
0.3386154164104826
0.3384829349488767
0.33835069553624575
0.33821869755590894
0.3380869403902641
0.33795542342080953
0.337824146028166
0.3376931075920978
0.3375623074915339
0.3374317451045881
0.3373014198085811
0.3371713309800588
0.3370414779948133
0.336911860227903
0.3367824770536716
0.33665332784576674
0.33652441197715943
0.3363957288201633
0.336267277746452
0.3361390581270777
0.3360110693324889
0.33588331073254946
0.3357557816965531
0.3356284815932432
0.33550140979082815
0.33537456565699886
0.33524794855894496
0.3351215578633704
0.33499539293650976
0.3348694531441444
0.33474373785161654
0.3346182464238464
0.33449297822534496
0.3343679326202299
0.33424310897224047
0.3341185066447507
0.33399412500078357
0.33386996340302555
0.33374602121383923
0.33362229779527697
0.3334987925090942
0.333375504716762
0.33325243377947933
0.3331295790581865
0.3330069399135763
0.33288451570610633
0.3327623057960111
0.33264030954331225
0.33251852630783185
0.3323969554492015
0.33227559632687476
0.33215444830013613
0.33203351072811327
0.33191278296978555
0.33179226438399567
0.33167195432945756
0.33155185216476796
0.33143195724841423
0.3313122689387836
0.3311927865941736
0.33107350957279946
0.3309544372328026
0.3308355689322593
0.33071690402918913
0.3305984418815623
0.33048018184730815
0.3303621232843219
0.33024426555047204
0.33012660800360816
0.3300091500015669
0.32989189090217963
0.329774830063278
0.3296579668427019
0.3295413005983031
0.32942483068795386
0.3293085564695508
0.32919247730102164
0.3290765925403297
0.3289609015454795
0.3288454036745224
0.3287300982855599
0.3286149847367501
0.32850006238631013
0.3283853305925226
0.32827078871373805
0.32815643610837947
0.3280422721349457
0.32792829615201535
0.3278145075182505
0.327700905592398
0.32758748973329543
0.327474259299871
0.3273612136511481
0.32724835214624703
0.327135674144387
0.32702317900488903
0.3269108660871771
0.3267987347507804
0.3266867843553346
0.32657501426058305
0.3264634238263785
0.3263520124126843
0.3262407793795745
0.3261297240872346
0.32601884589596275
0.32590814416616987
0.32579761825837983
0.32568726753322863
0.32557709135146556
0.32546708907395194
0.3253572600616609
0.325247603675677
0.325138119277195
0.32502880622751823
0.3249196638880592
0.3248106916203361
0.3247018887859731
0.32459325474669765
0.32448478886433857
0.3243764905008249
0.3242683590181819
0.3241603937785314
0.3240525941440868
0.3239449594771511
0.32383748914011484
0.32373018249545205
0.3236230389057178
0.323516057733544
0.32340923834163654
0.3233025800927716
0.32319608234979097
0.3230897444755992
0.32298356583315846
0.3228775457854839
0.3227716836956407
0.3226659789267374
0.32256043084192254
0.3224550388043784
0.322349802177317
0.32224472032397355
0.3221397926076014
0.3220350183914664
0.32193039703884124
0.3218259279129987
0.32172161037720537
0.32161744379471635
0.3215134275287676
0.3214095609425693
0.32130584339929946
0.32120227426209613
0.3210988528940511
0.3209955786582013
0.3208924509175216
0.32078946903491756
0.320686632373217
0.32058394029516146
0.3204813921633989
0.32037898734047376
0.32027672518882033
0.32017460507075146
0.32007262634845157
0.31997078838396614
0.3198690905391934
0.3197675321758734
0.31966611265557937
0.3195648313397078
0.3194636875894673
0.31936268076586904
0.31926181022971634
0.319161075341594
0.31906047546185673
0.31896000995061874
0.31885967816774236
0.3187594794728271
0.31865941322519664
0.3185594787838882
0.3184596755076406
0.3183600027548809
0.31826045988371343
0.3181610462519062
0.3180617612168785
0.3179626041356878
0.31786357436501606
0.3177646712611578
0.3176658941800044
0.3175672424770322
0.317468715507287
0.3173703126253712
0.3172720331854281
0.3171738765411279
0.31707584204565287
0.3169779290516816
0.31688013691137484
0.3167824649763591
0.31668491259771125
0.3165874791259423
0.3164901639109812
0.3163929663021596
0.31629588564819267
0.3161989212971651
0.31610207259651224
0.31600533889300303
0.315908719532723
0.3158122138610556
0.31571582122266545
0.3156195409614783
0.3155233724206644
0.3154273149426179
0.3153313678689391
0.315235530540415
0.3151398022969991
0.31504418247779253
0.3149486704210232
0.31485326546402576
0.31475796694322145
0.31466277419409666
0.3145676865511823
0.3144727033480321
0.314377823917201
0.3142830475902234
0.31418837369759084
0.3140938015687295
0.31399933053197787
0.31390495991456246
0.31381068904257614
0.31371651724095306
0.31362244383344534
0.31352846814259927
0.31343458948972935
0.3133408071948949
0.3132471205768743
0.31315352895313975
0.3130600316398305
0.3129666279517281
0.31287331720222905
0.31278009870331835
0.31268697176554244
0.31259393569798133
0.3125009898082215
0.3124081334023269
0.3123153657848119
0.31222268625861044
0.31213009412504805
0.31203758868381337
0.3119451692329253
0.31185283506870576
0.3117605854857468
0.31166841977688164
0.3115763372331508
0.31148433714377244
0.31139241879610896
0.31130058147563494
0.31120882446590403
0.3111171470485148
0.31102554850307873
0.31093402810718385
0.3108425851363619
0.31075121886405177
0.31065992856156505
0.31056871349804954
0.31047757294045325
0.3103865061534866
0.31029551239958725
0.31020459093887975
0.3101137410291387
0.31002296192574996
0.3099322528816719
0.30984161314739456
0.30975104197090036
0.3096605385976235
0.30957010227040843
0.30947973222946856
0.30938942771234346
0.309299187953857
0.309209012186074
0.3091188996382558
0.3090288495368159
0.30893886110527713
0.30884893356422294
0.3087590661312544
0.308669258020942
0.3085795084447791
0.30848981661113395
0.3084001817252016
0.3083106029889554
0.30822107960109635
0.3081316107570039
0.30804219564868485
0.3079528334647221
0.30786352339022305
0.30777426460676527
0.30768505629234505
0.30759589762132244
0.3075067877643668
0.3074177258884011
0.30732871115654575
0.30723974272806254
0.3071508197582966
0.30706194139861837
0.3069731067963638
0.3068843150947762
0.3067955654329441
0.3067068569457412
0.3066181887637639
0.3065295600132684
0.30644096981610747
0.30635241728966556
0.30626390154679384
0.306175421695744
0.3060869768401018
0.30599856607871856
0.30591018850564317
0.30582184321005224
0.30573352927618036
0.3056452457832476
0.30555699180538826
0.30546876641157744
0.3053805686655573
0.3052923976257615
0.30520425234524
0.3051161318715806
0.3050280352468332
0.30493996150742897
0.30485190968410153
0.3047638788018046
0.3046758678796322
0.3045878759307332
0.30449990196222876
0.30441194497512614
0.3043240039642328
0.3042360779180691
0.30414816581877874
0.3040602666420402
0.303972379356975
0.3038845029260558
0.3037966363050133
0.30370877844274136
0.30362092828120163
0.30353308475532614
0.3034452467929196
0.30335741331455895
0.3032695832334936
0.30318175545554255
0.30309392887899106
0.303006102394486
0.3029182748849294
0.3028304452253708
0.3027426122828987
0.30265477491652987
0.3025669319770973
0.3024790823071364
0.3023912247407719
0.3023033581035995
0.3022154812125697
0.3021275928758668
0.3020396918927892
0.3019517770536264
0.30186384713953485
0.301775900922412
0.30168793716476927
0.3015999546196028
0.30151195203026215
0.30142392813031865
0.30133588164343045
0.3012478112832069
0.30115971575307066
0.3010715937461179
0.30098344394497717
0.3008952650216658
0.30080705563744503
0.30071881444267273
0.30063054007665424
0.300542231167492
0.3004538863319319
0.3003655041752091
0.3002770832908902
0.30018862226071474
0.3001001196544344
0.30001157402964884
0.29992298393164113
0.2998343478932105
0.29974566443450157
0.29965693206283334
0.2995681492725247
0.2994793145447187
0.29939042634720187
0.29930148313422583
0.2992124833463221
0.2991234254101169
0.299034307738143
0.29894512872864903
0.29885588676540653
0.29876658021751346
0.29867720743919807
0.2985877667696163
0.2984982565326494
0.29840867503669805
0.2983190205744735
0.2982292914227871
0.2981394858423353
0.29804960207748443
0.29795963835604966
0.2978695928890748
0.297779463870605
0.29768924947746145
0.2975989478690078
0.29750855718691915
0.29741807555494365
0.2973275010786637
0.29723683184525285
0.2971460659232304
0.29705520136221303
0.29696423619266266
0.2968731684256311
0.29678199605250205
0.2966907170447309
0.29659932935357847
0.2965078309098445
0.29641621962359554
0.29632449338389183
0.29623265005850874
0.29614068749365485
0.29604860351368933
0.2959563959208329
0.2958640624948765
0.29577160099288613
0.295679009148905
0.29558628467365133
0.2954934252542133
0.2954004285537388
0.2953072922111242
0.2952140138406972
0.29512059103189614
0.2950270213489478
0.294933302330539
0.2948394314894855
0.2947454063123978
0.29465122425934104
0.294556882763494
0.2944623792308019
0.2943677110396268
0.2942728755403929
0.2941778700552304
0.2940826918776106
0.2939873382719842
0.2938918064734083
0.2937960936871758
0.2937001970884362
0.29360411382181467
0.2935078410010278
0.29341137570849346
0.2933147149949377
0.29321785587899907
0.29312079534682556
0.2930235303516721
0.2929260578134894
0.2928283746185135
0.29273047761884696
0.29263236363204
0.29253402944066564
0.2924354717918907
0.29233668739704477
0.2922376729311838
0.2921384250326501
0.2920389403026293
0.2919392153047029
0.29183924656439736
0.29173903056872974
0.2916385637657497
0.2915378425640766
0.2914368633324358
0.29133562239918886
0.2912341160518616
0.29113234053666937
0.29103029205803704
0.2909279667781175
0.2908253608163079
0.29072247024875875
0.2906192911078859
0.29051581938187376
0.29041205101418055
0.2903079819030381
0.29020360790094957
0.29009892481418526
0.28999392840227656
0.28988861437750524
0.2897829784043941
0.28967701609919216
0.28957072302936204
0.2894640947130613
0.2893571266186259
0.28924981416405054
0.28914215271646787
0.2890341375916275
0.28892576405337395
0.28881702731312325
0.2887079225293411
0.28859844480701824
0.2884885891971477
0.28837835069620354
0.28826772424561586
0.28815670473125093
0.28804528698289134
0.28793346577371537
0.287821235819781
0.28770859177950897
0.2875955282531712
0.2874820397823793
0.28736812084957586
0.28725376587753143
0.2871389692288424
0.28702372520543457
0.2869080280480696
0.28679187193585715
0.2866752509857729
0.28655815925217926
0.28644059072635547
0.28632253933603147
0.2862039989449296
0.2860849633523141
0.28596542629254723
0.28584538143465504
0.2857248223819008
0.28560374267136757
0.2854821357735528
0.2853599950919695
0.28523731396276275
0.2851140856543344
0.2849903033669818
0.28486596023254857
0.28474104931408867
0.28461556360554496
0.2844894960314431
0.2843628394465979
0.28423558663584064
0.2841077303137589
0.2839792631244554
0.28385017764132625
0.2837204663668556
0.28359012173243386
0.2834591360981917
0.28332750175286
0.2831952109136491
0.2830622557261526
0.28292862826427295
0.2827943205301748
0.28265932445426173
0.2825236318951795
0.28238723463984905
0.28225012440352226
0.28211229282987516
0.28197373149112276
0.2818344318881716
0.2816943854508
0.28155358353787374
0.2814120174375936
0.2812696783677815
0.28112655747619686
0.28098264584089633
0.28083793447062544
0.2806924143052542
0.2805460762162479
0.2803989110071835
0.28025090941430497
0.28010206210712074
0.27995235968904836
0.2798017926981009
0.2796503516076218
0.2794980268270638
0.27934480870281897
0.2791906875190938
0.2790356534988379
0.27887969680472074
0.2787228075401606
0.27856497575040773
0.2784061914236779
0.27824644449234215
0.2780857248341736
0.27792402227364477
0.2777613265832874
0.2775976274851062
0.2774329146520525
0.27726717770955633
0.27710040623711724
0.2769325897699572
0.2767637178007326
0.2765937797813083
0.27642276512459313
0.2762506632064381
0.27607746336759653
0.27590315491574763
0.2757277271275822
0.27555116925095396
0.27537347050709077
0.2751946200928733
0.2750146071831745
0.2748334209332632
0.2746510504812718
0.27446748495072565
0.2742827134531368
0.274096725090659
0.2739095089588036
0.2737210541492203
0.2735313497525337
0.273340384861244
0.27314814857268466
0.2729546299920373
0.27275981823540596
0.272563702432946
0.2723662717320469
0.27216751530056954
0.2719674223301351
0.2717659820394634
0.2715631836777609
0.2713590165281547
0.2711534699111714
0.2709465331882601
0.2707381957653534
0.2705284470964697
0.2703172766873523
0.270104674099137
0.26989062895205773
0.26967513092917617
0.2694581697801387
0.2692397353249563
0.2690198174578037
0.2687984061508371
0.2685754914580232
0.26835106351898025
0.2681251125628267
0.26789762891203167
0.2676686029862677
0.26743802530625893
0.26720588649762134
0.26697217729469574
0.266736888544361
0.2665000112098335
0.26626153637444216
0.26602145524537657
0.26577975915740715
0.2655364395765687
0.2652914881038072
0.26504489647858487
0.2647966565824361
0.264546760442476
0.2642952002348534
0.2640419682881454
0.2637870570866894
0.2635304592738488
0.26327216765520856
0.26301217520169634
0.26275047505262616
0.26248706051865967
0.2622219250846832
0.26195506241259403
0.26168646634399634
0.2614161309028003
0.26114405029772236
0.26087021892468354
0.260594631369103
0.26031728240808283
0.2600381670124835
0.25975728034888573
0.259474617781436
0.2591901748735757
0.25890394738965056
0.2586159312963977
0.2583261227643098
0.258034518168876
0.2577411140916964
0.2574459073214681
0.25714889485484715
0.2568500738971794
0.2565494418631041
0.25624699637702986
0.25594273527347966
0.255636656597311
0.2553287586038051
0.25501903975863194
0.25470749873768805
0.25439413442681
0.25407894592136526
0.25376193252572143
0.2534430937525951
0.2531224293222847
0.2527999391617876
0.2524756234038053
0.25214948238563684
0.2518215166479686
0.25149172693355726
0.2511601141858149
0.25082667954729576
0.2504914243580895
0.2501543501541269
0.24981545866539667
0.24947475181408563
0.24913223171263643
0.24878790066173684
0.2484417611482379
0.2480938158430091
0.24774406759873493
0.24739251944765545
0.24703917459925784
0.24668403643792422
0.24632710852053646
0.24596839457404857
0.24560789849302594
0.24524562433716224
0.2448815763287736
0.24451575885027632
0.24414817644165576
0.2437788337979288
0.24340773576660119
0.2430348873451348
0.24266029367841535
0.24228396005623867
0.24190589191080858
0.2415260948142599
0.24114457447620324
0.24076133674130162
0.24037638758687768
0.23998973312056043
0.23960137957797037
0.23921133332044978
0.23881960083283965
0.2384261887213076
0.23803110371122865
0.2376343526451234
0.23723594248065288
0.23683588028867703
0.23643417325137586
0.23603082866043562
0.23562585391530277
0.2352192565215078
0.23481104408905845
0.23440122433090704
0.23398980506148734
0.23357679419532876
0.23316219974574404
0.23274602982359088
0.2323282926361107
0.23190899648584212
0.2314881497696117
0.2310657609775963
0.23064183869246566
0.23021639158859522
0.22978942843135403
0.22936095807646648
0.22893098946944468
0.2284995316450915
0.2280665937270732
0.2276321849275598
0.2271963145469316
0.22675899197354962
0.22632022668358867
0.22588002824093145
0.22543840629712072
0.2249953705913671
0.22455093095061185
0.22410509728963948
0.22365787961124137
0.2232092880064241
0.22275933265466252
0.22230802382419396
0.22185537187234905
0.22140138724592157
0.2209460804815675
0.22048946220623528
0.22003154313762407
0.2195723340846638
0.21911184594801786
0.21865008972060307
0.21818707648812508
0.21772281742962565
0.217257323818039
0.2167906070207539
0.21632267850018078
0.21585354981431598
0.21538323261730621
0.2149117386600059
0.21443907979052695
0.21396526795477636
0.21349031519698142
0.21301423366019648
0.21253703558679254
0.2120587333189226
0.21157933929896408
0.21109886606993408
0.2106173262758751
0.21013473266220847
0.20965109807605492
0.20916643546651853
0.20868075788493062
0.2081940784850564
0.20770641052325653
0.20721776735860492
0.20672816245296127
0.206237609370995
0.20574612178015864
0.20525371345061294
0.2047603982550958
0.20426619016873904
0.20377110326883027
0.2032751517345171
0.2027783498464532
0.20228071198638709
0.2017822526366903
0.20128298637982428
0.2007829278977474
0.20028209197125818
0.19978049347927684
0.19927814739806315
0.1987750688003716
0.19827127285453952
0.19776677482351482
0.19726159006381683
0.19675573402443275
0.19624922224564967
0.1957420703578225
0.1952342940800768
0.19472590921894728
0.19421693166695342
0.19370737740111033
0.19319726248137672
0.19268660304904184
0.19217541532504745
0.19166371560825157
0.1911515202736291
0.1906388457704148
0.19012570862018527
0.18961212541488445
0.18909811281479114
0.18858368754643084
0.1880688664004329
0.187553666229333
0.18703810394532425
0.18652219651795598
0.18600596097178324
0.1854894143839666
0.18497257388182584
0.18445545664034735
0.1839380798796465
0.18342046086238845
0.18290261689116624
0.1823845653058403
0.18186632348083903
0.18134790882242366
0.18082933876591742
0.18031063077290263
0.17979180232838599
0.17927287093793345
0.17875385412477898
0.17823476942690597
0.1777156343941043
0.17719646658500596
0.176677283564099
0.17615810289872422
0.1756389421560521
0.17511981890004769
0.17460075068842154
0.1740817550695672
0.17356284957949153
0.17304405173873655
0.1725253790492957
0.17200684899152494
0.17148847902105374
0.1709702865656941
0.17045228902235143
0.1699345037539396
0.16941694808629987
0.16889963930512752
0.16838259465290667
0.16786583132585647
0.16734936647088777
0.16683321718257452
0.16631740050014074
0.16580193340446484
0.16528683281510237
0.16477211558732777
0.16425779850920125
0.16374389829865563
0.16323043160061132
0.16271741498411513
0.1622048649395091
0.16169279787562715
0.16118123011702357
0.1606701779012327
0.1601596573760628
0.1596496845969248
0.15914027552419505
0.15863144602061838
0.1581232118487465
0.1576155886684178
0.15710859203427643
0.15660223739333368
0.15609654008257215
0.15559151532659277
0.1550871782353066
0.15458354380167183
0.15408062689947788
0.15357844228117518
0.15307700457575396
0.15257632828667067
0.15207642778982391
0.15157731733158059
0.15107901102685173
0.15058152285721993
0.15008486666911788
0.14958905617205948
0.14909410493692238
0.14860002639428382
0.14810683383281065
0.14761454039770028
0.1471231590891781
0.14663270276104776
0.14614318411929406
0.14565461572074315
0.145167009971775
0.1446803791270907
0.1441947352885352
0.1437100904039733
0.14322645626622138
0.14274384451203304
0.14226226662113844
0.1417817339153394
0.14130225755765716
0.14082384855153499
0.14034651774009332
0.1398702758054398
0.13939513326803046
0.1389211004860856
0.13844818765505684
0.13797640480714646
0.13750576181087884
0.13703626837072236
0.13656793402676257
0.1361007681544252
0.13563477996425002
0.13516997850171192
0.13470637264709284
0.1342439711154004
0.1337827824563347
0.13332281505430144
0.13286407712847223
0.13240657673289036
0.13195032175661994
0.13149531992394217
0.13104157879459294
0.13058910576404414
0.13013790806382758
0.12968799276189963
0.12923936676304687
0.12879203680933218
0.128346009480579
0.12790129119489496
0.12745788820923273
0.12701580661998815
0.12657505236363306
0.12613563121738533
0.1256975487999123
0.12526081057206737
0.12482542183766088
0.1243913877442607
0.12395871328402677
0.12352740329457398
0.1230974624598646
0.12266889531113102
0.12224170622782457
0.1218158994385922
0.12139147902227909
0.12096844890895728
0.12054681288097824
0.12012657457404882
0.11970773747833122
0.119290304939564
0.11887428016020526
0.1184596662005957
0.11804646598014162
0.1176346822785172
0.11722431773688372
0.11681537485912791
0.1164078560131151
0.1160017634319595
0.11559709921530845
0.11519386533064241
0.11479206361458666
0.11439169577423777
0.11399276338850022
0.11359526790943607
0.11319921066362432
0.11280459285353117
0.11241141555888792
0.11201967973807987
0.11162938622954033
0.11124053575315515
0.11085312891167154
0.11046716619211287
0.11008264796720141
0.10969957449678204
0.10931794592925409
0.10893776230300406
0.10855902354784223
0.10818172948644186
0.10780587983578058
0.10743147420858207
0.10705851211476017
0.10668699296286166
0.10631691606151017
0.10594828062084884
0.10558108575398178
0.10521533047841355
0.10485101371748794
0.10448813430182266
0.10412669097074176
0.1037666823737044
0.10340810707173027
0.10305096353882037
0.10269525016337319
0.1023409652495961
0.10198810701891092
0.10163667361135514
0.10128666308697501
0.10093807342721407
0.10059090253629352
0.10024514824258725
0.09990080829998758
0.09955788038926516
0.09921636211941962
0.09887625102902271
0.0985375445875537
0.09820024019672399
0.09786433519179502
0.0975298268428862
0.09719671235627284
0.09686498887567548
0.09653465348353904
0.09620570320230191
0.09587813499565485
0.09555194576978987
0.09522713237463838
0.09490369160509876
0.09458162020225258
0.09426091485457139
0.09394157219911067
0.09362358882269345
0.09330696126308281
0.09299168601014249
0.09267775950698616
0.09236517815111467
0.09205393829554323
0.09174403624991409
0.09143546828159972
0.09112823061679295
0.0908223194415856
0.09051773090303443
0.09021446111021594
0.08991250613526809
0.08961186201442081
0.0893125247490134
0.08901449030650027
0.08871775462144492
0.08842231359650021
0.08812816310337784
0.08783529898380502
0.08754371705046915
0.08725341308794904
0.0869643828536363
0.08667662207864214
0.08639012646869325
0.0861048917050154
0.08582091344520452
0.08553818732408588
0.08525670895456164
0.08497647392844543
0.084697477817286
0.08441971617317766
0.08414318452956063
0.08386787840200786
0.0835937932890007
0.08332092467269328
0.08304926801966482
0.08277881878166009
0.08250957239631862
0.0822415242878931
0.08197466986795532
0.08170900453609135
0.08144452368058513
0.08118122267909203
0.08091909689929963
0.08065814169957906
0.08039835242962431
0.08013972443108132
0.07988225303816632
0.0796259335782735
0.07937076137257171
0.07911673173659119
0.07886383998080002
0.07861208141116942
0.0783614513297303
0.07811194503511841
0.07786355782310984
0.07761628498714744
0.07737012181885629
0.07712506360855015
0.0768811056457282
0.07663824321956214
0.0763964716193742
0.07615578613510554
0.07591618205777534
0.07567765467993144
0.07544019929609158
0.07520381120317522
0.0749684857009279
0.07473421809233553
0.07450100368403097
0.07426883778669219
0.07403771571543075
0.07380763279017431
0.0735785843360389
0.07335056568369379
0.07312357216971921
0.07289759913695475
0.07267264193484116
0.0724486959197542
0.0722257564553305
0.07200381891278647
0.07178287867122975
0.07156293111796341
0.07134397164878259
0.07112599566826472
0.07090899859005245
0.07069297583712959
0.07047792284209076
0.07026383504740386
0.07005070790566627
0.06983853687985427
0.06962731744356691
0.06941704508126242
0.06920771528848924
0.06899932357211075
0.0687918654505241
0.06858533645387267
0.06837973212425356
0.0681750480159184
0.0679712796954692
0.06776842274204867
0.06756647274752428
0.06736542531666781
0.0671652760673296
0.06696602063060689
0.06676765465100759
0.06657017378660902
0.06637357370921122
0.06617785010448655
0.06598299867212287
0.06578901512596314
0.0655958951941403
0.06540363461920733
0.06521222915826291
0.06502167458307273
0.06483196668018638
0.06464310125105041
0.06445507411211665
0.06426788109494684
0.06408151804631314
0.06389598082829469
0.06371126531837012
0.06352736740950674
0.06334428301024583
0.06316200804478343
0.06298053845304921
0.06279987019078002
0.06261999922959136
0.06244092155704481
0.06226263317671196
0.06208513010823585
0.06190840838738851
0.06173246406612521
0.06155729321263671
0.06138289191139709
0.06120925626320979
0.061036382385250096
0.06086426641110476
0.06069290449080973
0.06052229279088337
0.06035242749435915
0.06018330480081408
0.06001492092639551
0.05984727210384452
0.059680354582518136
0.05951416462840817
0.05934869852415754
0.05918395256907538
0.05901992307914874
0.05885660638705276
0.058693998842158535
0.05853209681053861
0.058370896674970946
0.05821039483493995
0.05805058770663722
0.05789147172295814
0.0577330433334981
0.05757529900454689
0.05741823521908043
0.05726184847675139
0.0571061352938779
0.056951092203430725
0.05679671575501817
0.05664300251487086
0.05648994906582282
0.05633755200729332
0.05618580795526515
0.056034713542263165
0.05588426541733034
0.055734460246002766
0.05558529471028341
0.05543676550861443
0.05528886935584812
0.055141602983217144
0.054994963138302794
0.054848946585002584
0.054703550103496604
0.054558770490212516
0.054414604557789875
0.05427104913504324
0.05412810106692373
0.05398575721448057
0.05384401445482114
0.05370286968106953
0.053562319802325245
0.05342236174362037
0.053282992445875976
0.05314420886585772
0.05300600797613075
0.052868386765013445
0.05273134223653095
0.05259487141036751
0.05245897132181826
0.05232363902174035
0.0521888715765033
0.052054666067939
0.05192101959329046
0.051787929265160355
0.05165539221145948
0.05152340557535377
0.051391966515210996
0.05126107220454729
0.05113071983197286
0.051000906601137416
0.050871629730674814
0.05074288645414762
0.05061467401999087
0.0504869896914559
0.05035983074655323
0.05023319447799536
0.050107078193139226
0.0499814792139284
