0.49984190450142546
0.5227178580757171
0.5227457043240047
0.5226510778803075
0.5225822040385907
0.52253193068036
0.522494639811834
0.522466424155536
0.5224445667813181
0.5224271764808017
0.5224129349718664
0.5224009217229825
0.5223904925736285
0.5223811956125117
0.5223727128507267
0.5223648197525692
0.5223573571311254
0.5223502116083902
0.5223433020108823
0.522336569881727
0.5223299728502735
0.5223234799875727
0.5223170685438281
0.5223107216491533
0.5223044266871063
0.5222981741391821
0.5222919567598707
0.5222857689844744
0.5222796065014097
0.5222734659412336
0.5222673446488988
0.5222612405156647
0.5222551518540341
0.5222490773039163
0.5222430157616197
0.522236966325661
0.5222309282550648
0.5222249009370113
0.5222188838615496
0.5222128766016851
0.5222068787976022
0.5222008901440838
0.5221949103804264
0.52218893928232
0.5221829766552777
0.5221770223293041
0.5221710761545519
0.5221651379977763
0.5221592077394317
0.5221532852712913
0.5221473704944917
0.5221414633179227
0.5221355636569032
0.522129671432087
0.522123786568563
0.5221179089951071
0.5221120386435705
0.5221061754483671
0.5221003193460556
0.5220944702749892
0.5220886281750282
0.5220827929873011
0.522076964654006
0.5220711431182488
0.5220653283239046
0.5220595202155074
0.5220537187381561
0.5220479238374363
0.522042135459357
0.5220363535502965
0.5220305780569591
0.5220248089263362
0.5220190461056784
0.5220132895424674
0.5220075391843964
0.5220017949793514
0.5219960568753972
0.5219903248207638
0.5219845987638365
0.5219788786531481
0.5219731644373694
0.521967456065305
0.5219617534858868
0.5219560566481694
0.5219503655013266
0.5219446799946483
0.5219390000775367
0.5219333256995045
0.5219276568101724
0.5219219933592669
0.5219163352966186
0.5219106825721613
0.521905035135929
0.521899392938056
0.5218937559287753
0.5218881240584167
0.5218824972774067
0.5218768755362666
0.5218712587856127
0.5218656469761537
0.521860040058691
0.5218544379841181
0.5218488407034184
0.5218432481676651
0.5218376603280213
0.5218320771357371
0.5218264985421508
0.5218209244986872
0.5218153549568572
0.5218097898682561
0.5218042291845642
0.5217986728575452
0.521793120839046
0.5217875730809953
0.5217820295354032
0.5217764901543609
0.5217709548900389
0.5217654236946879
0.5217598965206367
0.521754373320292
0.5217488540461376
0.5217433386507341
0.5217378270867177
0.5217323193067994
0.5217268152637654
0.5217213149104748
0.5217158181998605
0.5217103250849269
0.521704835518751
0.5216993494544807
0.5216938668453337
0.5216883876445975
0.5216829118056294
0.5216774392818544
0.5216719700267654
0.5216665039939222
0.5216610411369516
0.5216555814095454
0.521650124765461
0.5216446711585205
0.5216392205426095
0.5216337728716768
0.5216283280997336
0.5216228861808535
0.5216174470691712
0.5216120107188822
0.5216065770842419
0.5216011461195651
0.5215957177792259
0.5215902920176558
0.5215848687893446
0.5215794480488388
0.5215740297507413
0.5215686138497106
0.5215632003004608
0.52155778905776
0.5215523800764306
0.5215469733113485
0.5215415687174418
0.5215361662496915
0.5215307658631295
0.5215253675128394
0.5215199711539544
0.5215145767416585
0.5215091842311838
0.5215037935778122
0.5214984047368727
0.5214930176637426
0.5214876323138455
0.5214822486426525
0.5214768666056788
0.5214714861584864
0.5214661072566807
0.5214607298559126
0.5214553539118754
0.5214499793803058
0.521444606216983
0.5214392343777282
0.521433863818404
0.521428494494913
0.5214231263631994
0.521417759379246
0.5214123934990753
0.5214070286787481
0.5214016648743638
0.5213963020420586
0.5213909401380064
0.5213855791184172
0.5213802189395373
0.5213748595576482
0.5213695009290661
0.5213641430101421
0.5213587857572608
0.5213534291268399
0.5213480730753306
0.5213427175592159
0.5213373625350106
0.5213320079592613
0.5213266537885443
0.5213212999794673
0.5213159464886672
0.5213105932728102
0.5213052402885909
0.5212998874927333
0.5212945348419873
0.5212891822931319
0.5212838298029715
0.5212784773283375
0.5212731248260868
0.5212677722531016
0.5212624195662887
0.5212570667225794
0.5212517136789289
0.5212463603923154
0.5212410068197401
0.5212356529182266
0.5212302986448202
0.521224943956588
0.5212195888106176
0.5212142331640168
0.5212088769739144
0.5212035201974579
0.5211981627918134
0.521192804714167
0.5211874459217214
0.5211820863716978
0.5211767260213346
0.5211713648278863
0.521166002748624
0.5211606397408348
0.5211552757618207
0.521149910768899
0.5211445447194011
0.5211391775706725
0.5211338092800724
0.521128439804972
0.521123069102757
0.5211176971308236
0.5211123238465806
0.5211069492074478
0.5211015731708558
0.5210961956942458
0.5210908167350687
0.521085436250785
0.5210800541988643
0.5210746705367848
0.5210692852220332
0.5210638982121036
0.5210585094644977
0.5210531189367237
0.5210477265862965
0.5210423323707374
0.5210369362475729
0.5210315381743349
0.52102613810856
0.5210207360077891
0.5210153318295672
0.5210099255314427
0.521004517070967
0.5209991064056944
0.5209936934931811
0.5209882782909858
0.520982860756668
0.5209774408477884
0.5209720185219082
0.5209665937365893
0.5209611664493926
0.520955736617879
0.5209503041996079
0.5209448691521379
0.5209394314330251
0.5209339909998238
0.5209285478100851
0.5209231018213578
0.520917652991187
0.5209122012771132
0.5209067466366737
0.5209012890274007
0.5208958284068215
0.5208903647324573
0.5208848979618248
0.5208794280524331
0.5208739549617856
0.5208684786473782
0.5208629990666995
0.5208575161772305
0.5208520299364443
0.5208465403018046
0.5208410472307666
0.5208355506807765
0.5208300506092702
0.520824546973674
0.5208190397314036
0.5208135288398634
0.5208080142564474
0.5208024959385372
0.520796973843503
0.5207914479287019
0.5207859181514792
0.5207803844691664
0.5207748468390816
0.5207693052185294
0.5207637595647998
0.5207582098351684
0.5207526559868955
0.5207470979772262
0.5207415357633902
0.520735969302601
0.5207303985520555
0.5207248234689332
0.5207192440103978
0.5207136601335943
0.5207080717956505
0.5207024789536753
0.5206968815647592
0.5206912795859739
0.5206856729743721
0.5206800616869858
0.5206744456808274
0.5206688249128892
0.5206631993401424
0.5206575689195372
0.5206519336080018
0.5206462933624434
0.5206406481397465
0.5206349978967728
0.5206293425903621
0.5206236821773295
0.5206180166144677
0.5206123458585448
0.5206066698663048
0.5206009885944672
0.5205953019997261
0.5205896100387506
0.520583912668184
0.5205782098446436
0.5205725015247205
0.5205667876649781
0.5205610682219541
0.5205553431521582
0.5205496124120722
0.5205438759581497
0.5205381337468163
0.5205323857344687
0.5205266318774743
0.5205208721321712
0.5205151064548678
0.5205093348018418
0.5205035571293415
0.5204977733935834
0.5204919835507533
0.5204861875570059
0.5204803853684632
0.5204745769412158
0.5204687622313218
0.5204629411948061
0.5204571137876607
0.5204512799658443
0.5204454396852816
0.5204395929018631
0.5204337395714452
0.5204278796498493
0.5204220130928618
0.5204161398562337
0.52041025989568
0.52040437316688
0.5203984796254761
0.5203925792270747
0.5203866719272444
0.520380757681517
0.5203748364453862
0.5203689081743079
0.5203629728236996
0.5203570303489403
0.5203510807053701
0.5203451238482891
0.5203391597329585
0.5203331883145997
0.5203272095483931
0.5203212233894788
0.5203152297929566
0.5203092287138846
0.520303220107279
0.5202972039281151
0.5202911801313251
0.5202851486717996
0.5202791095043859
0.5202730625838883
0.5202670078650677
0.5202609453026411
0.5202548748512823
0.5202487964656194
0.5202427101002371
0.5202366157096745
0.5202305132484255
0.5202244026709387
0.5202182839316166
0.5202121569848153
0.520206021784845
0.5201998782859681
0.5201937264424011
0.5201875662083124
0.5201813975378226
0.5201752203850044
0.5201690347038822
0.5201628404484319
0.5201566375725802
0.5201504260302046
0.5201442057751333
0.5201379767611443
0.5201317389419655
0.5201254922712747
0.5201192367026986
0.5201129721898128
0.5201066986861417
0.5201004161451582
0.5200941245202828
0.5200878237648843
0.5200815138322781
0.5200751946757278
0.5200688662484431
0.5200625285035805
0.5200561813942429
0.5200498248734788
0.5200434588942827
0.5200370834095943
0.5200306983722984
0.5200243037352246
0.5200178994511467
0.5200114854727835
0.5200050617527967
0.5199986282437923
0.5199921848983192
0.51998573166887
0.5199792685078789
0.5199727953677233
0.519966312200723
0.5199598189591389
0.519953315595174
0.5199468020609722
0.519940278308619
0.5199337442901398
0.5199271999575014
0.5199206452626095
0.5199140801573106
0.5199075045933905
0.5199009185225739
0.5198943218965253
0.5198877146668469
0.5198810967850801
0.519874468202704
0.5198678288711354
0.5198611787417293
0.5198545177657773
0.5198478458945085
0.5198411630790881
0.5198344692706186
0.5198277644201377
0.5198210484786192
0.5198143213969734
0.5198075831260445
0.5198008336166128
0.5197940728193927
0.5197873006850331
0.5197805171641177
0.5197737222071632
0.5197669157646208
0.5197600977868743
0.519753268224241
0.5197464270269706
0.5197395741452461
0.5197327095291819
0.5197258331288246
0.5197189448941528
0.5197120447750763
0.5197051327214357
0.5196982086830031
0.5196912726094808
0.5196843244505012
0.5196773641556272
0.5196703916743515
0.5196634069560957
0.5196564099502115
0.5196494006059786
0.5196423788726061
0.5196353446992312
0.5196282980349195
0.5196212388286638
0.5196141670293855
0.5196070825859329
0.5195999854470807
0.5195928755615313
0.5195857528779138
0.5195786173447825
0.5195714689106185
0.5195643075238283
0.5195571331327445
0.5195499456856241
0.5195427451306491
0.5195355314159269
0.5195283044894885
0.5195210642992897
0.5195138107932098
0.5195065439190516
0.5194992636245419
0.5194919698573299
0.5194846625649878
0.5194773416950109
0.5194700071948162
0.5194626590117428
0.5194552970930524
0.5194479213859269
0.5194405318374707
0.5194331283947089
0.5194257110045867
0.5194182796139709
0.5194108341696477
0.5194033746183236
0.519395900906625
0.5193884129810976
0.5193809107882067
0.5193733942743357
0.5193658633857878
0.5193583180687844
0.5193507582694643
0.5193431839338857
0.5193355950080232
0.5193279914377696
0.5193203731689351
0.519312740147246
0.5193050923183464
0.5192974296277961
0.5192897520210717
0.5192820594435653
0.5192743518405851
0.5192666291573547
0.5192588913390126
0.519251138330613
0.5192433700771244
0.51923558652343
0.5192277876143272
0.5192199732945274
0.5192121435086559
0.5192042982012514
0.5191964373167662
0.5191885607995655
0.5191806685939272
0.5191727606440423
0.5191648368940133
0.5191568972878559
0.5191489417694967
0.5191409702827747
0.51913298277144
0.5191249791791537
0.5191169594494882
0.5191089235259264
0.519100871351862
0.5190928028705986
0.5190847180253497
0.5190766167592391
0.5190684990153001
0.5190603647364747
0.5190522138656146
0.5190440463454805
0.5190358621187414
0.5190276611279747
0.5190194433156663
0.5190112086242097
0.5190029569959067
0.5189946883729661
0.5189864026975042
0.5189780999115446
0.5189697799570174
0.5189614427757598
0.518953088309515
0.5189447164999326
0.5189363272885684
0.5189279206168835
0.518919496426245
0.5189110546579254
0.5189025952531021
0.5188941181528571
0.518885623298178
0.5188771106299562
0.5188685800889874
0.5188600316159722
0.5188514651515139
0.5188428806361202
0.5188342780102021
0.518825657214074
0.5188170181879532
0.5188083608719597
0.5187996852061166
0.5187909911303491
0.5187822785844847
0.5187735475082529
0.5187647978412853
0.5187560295231146
0.5187472424931759
0.5187384366908048
0.5187296120552382
0.5187207685256134
0.5187119060409693
0.5187030245402449
0.518694123962279
0.5186852042458112
0.5186762653294807
0.5186673071518264
0.5186583296512868
0.5186493327662001
0.518640316434803
0.5186312805952318
0.5186222251855214
0.5186131501436053
0.5186040554073155
0.5185949409143824
0.518585806602434
0.5185766524089972
0.5185674782714956
0.5185582841272514
0.518549069913483
0.5185398355673073
0.5185305810257375
0.5185213062256838
0.5185120111039535
0.5185026955972502
0.5184933596421737
0.5184840031752205
0.518474626132783
0.5184652284511493
0.518455810066504
0.5184463709149265
0.5184369109323916
0.5184274300547705
0.5184179282178286
0.5184084053572263
0.5183988614085193
0.5183892963071579
0.5183797099884867
0.5183701023877452
0.5183604734400663
0.5183508230804781
0.518341151243902
0.5183314578651538
0.518321742878942
0.5183120062198698
0.5183022478224332
0.5182924676210218
0.5182826655499183
0.5182728415432984
0.5182629955352309
0.5182531274596768
0.5182432372504907
0.5182333248414192
0.5182233901661013
0.5182134331580686
0.5182034537507446
0.5181934518774449
0.5181834274713776
0.5181733804656419
0.5181633107932294
0.5181532183870226
0.5181431031797963
0.5181329651042164
0.5181228040928398
0.5181126200781153
0.5181024129923822
0.5180921827678713
0.518081929336704
0.5180716526308927
0.5180613525823405
0.5180510291228414
0.5180406821840794
0.5180303116976295
0.5180199175949569
0.5180094998074174
0.5179990582662565
0.5179885929026107
0.5179781036475055
0.5179675904318575
0.5179570531864722
0.5179464918420462
0.5179359063291649
0.5179252965783038
0.5179146625198282
0.5179040040839932
0.5178933212009429
0.5178826138007114
0.5178718818132221
0.5178611251682881
0.5178503437956115
0.5178395376247833
0.5178287065852853
0.5178178506064868
0.5178069696176474
0.5177960635479157
0.5177851323263291
0.5177741758818144
0.5177631941431874
0.5177521870391529
0.5177411544983048
0.5177300964491258
0.5177190128199882
0.5177079035391526
0.5176967685347686
0.5176856077348753
0.5176744210674
0.51766320846016
0.5176519698408601
0.5176407051370955
0.5176294142763491
0.5176180971859936
0.5176067537932904
0.5175953840253897
0.5175839878093307
0.517572565072042
0.5175611157403406
0.517549639740933
0.5175381370004147
0.51752660744527
0.5175150510018727
0.5175034675964856
0.5174918571552606
0.5174802196042388
0.5174685548693512
0.5174568628764171
0.517445143551146
0.5174333968191365
0.5174216226058767
0.5174098208367442
0.5173979914370066
0.5173861343318205
0.5173742494462328
0.5173623367051796
0.5173503960334878
0.5173384273558733
0.5173264305969432
0.5173144056811932
0.5173023525330105
0.517290271076672
0.5172781612363453
0.5172660229360884
0.5172538560998494
0.5172416606514681
0.5172294365146746
0.5172171836130892
0.5172049018702248
0.5171925912094842
0.517180251554162
0.5171678828274444
0.5171554849524083
0.5171430578520231
0.5171306014491498
0.5171181156665412
0.5171056004268424
0.5170930556525907
0.5170804812662155
0.5170678771900392
0.5170552433462765
0.5170425796570353
0.5170298860443163
0.5170171624300137
0.5170044087359148
0.5169916248837005
0.5169788107949457
0.5169659663911188
0.5169530915935827
0.5169401863235945
0.5169272505023057
0.5169142840507628
0.5169012868899067
0.516888258940574
0.5168752001234964
0.5168621103593014
0.5168489895685116
0.5168358376715465
0.516822654588721
0.5168094402402473
0.516796194546234
0.5167829174266861
0.5167696088015068
0.5167562685904961
0.5167428967133517
0.5167294930896698
0.5167160576389442
0.5167025902805678
0.516689090933832
0.5166755595179271
0.5166619959519433
0.5166484001548697
0.5166347720455959
0.5166211115429116
0.5166074185655068
0.5165936930319728
0.5165799348608014
0.5165661439703864
0.5165523202790233
0.5165384637049092
0.5165245741661444
0.5165106515807314
0.516496695866576
0.5164827069414872
0.5164686847231783
0.5164546291292665
0.5164405400772731
0.5164264174846247
0.5164122612686532
0.5163980713465959
0.5163838476355957
0.5163695900527028
0.5163552985148732
0.5163409729389705
0.5163266132417659
0.5163122193399382
0.5162977911500746
0.5162833285886713
0.5162688315721334
0.5162543000167761
0.5162397338388234
0.516225132954411
0.5162104972795848
0.5161958267303025
0.5161811212224328
0.5161663806717572
0.5161516049939701
0.5161367941046778
0.5161219479194019
0.5161070663535768
0.5160921493225519
0.5160771967415912
0.516062208525875
0.5160471845904993
0.5160321248504758
0.5160170292207341
0.5160018976161214
0.5159867299514023
0.5159715261412602
0.5159562861002979
0.5159410097430371
0.5159256969839203
0.5159103477373103
0.5158949619174911
0.5158795394386687
0.5158640802149712
0.5158485841604499
0.515833051189079
0.5158174812147573
0.5158018741513081
0.5157862299124794
0.5157705484119455
0.5157548295633068
0.5157390732800909
0.5157232794757528
0.5157074480636759
0.5156915789571718
0.5156756720694824
0.5156597273137788
0.5156437446031636
0.51562772385067
0.5156116649692638
0.5155955678718427
0.5155794324712384
0.5155632586802161
0.5155470464114756
0.5155307955776521
0.5155145060913169
0.5154981778649776
0.5154818108110794
0.5154654048420052
0.5154489598700767
0.5154324758075556
0.5154159525666425
0.5153993900594803
0.5153827881981521
0.5153661468946845
0.5153494660610463
0.5153327456091501
0.5153159854508536
0.5152991854979592
0.5152823456622154
0.5152654658553177
0.5152485459889089
0.5152315859745803
0.5152145857238721
0.5151975451482744
0.5151804641592284
0.5151633426681258
0.5151461805863113
0.5151289778250828
0.5151117342956911
0.5150944499093426
0.5150771245771991
0.5150597582103783
0.5150423507199553
0.515024902016963
0.5150074120123936
0.5149898806171984
0.5149723077422896
0.5149546932985409
0.5149370371967879
0.5149193393478293
0.5149015996624282
0.5148838180513123
0.5148659944251752
0.5148481286946769
0.5148302207704454
0.5148122705630769
0.5147942779831366
0.5147762429411605
0.5147581653476555
0.514740045113101
0.5147218821479487
0.5147036763626249
0.5146854276675307
0.5146671359730426
0.5146488011895143
0.5146304232272773
0.5146120019966415
0.5145935374078964
0.5145750293713127
0.5145564777971418
0.5145378825956186
0.5145192436769607
0.5145005609513708
0.5144818343290367
0.5144630637201333
0.5144442490348223
0.5144253901832544
0.5144064870755696
0.5143875396218986
0.5143685477323634
0.5143495113170786
0.5143304302861528
0.5143113045496888
0.514292134017785
0.514272918600537
0.5142536582080376
0.5142343527503782
0.514215002137651
0.5141956062799486
0.5141761650873649
0.5141566784699977
0.5141371463379483
0.5141175686013235
0.5140979451702364
0.5140782759548068
0.5140585608651633
0.5140387998114442
0.5140189927037977
0.5139991394523844
0.5139792399673768
0.5139592941589621
0.5139393019373415
0.5139192632127332
0.5138991778953715
0.5138790458955103
0.5138588671234215
0.5138386414893983
0.5138183689037554
0.5137980492768299
0.5137776825189833
0.5137572685406016
0.5137368072520969
0.5137162985639091
0.513695742386506
0.513675138630385
0.5136544872060742
0.5136337880241336
0.5136130409951561
0.5135922460297687
0.5135714030386335
0.5135505119324488
0.5135295726219518
0.5135085850179161
0.5134875490311572
0.5134664645725306
0.5134453315529346
0.51342414988331
0.5134029194746429
0.5133816402379643
0.513360312084353
0.5133389349249348
0.5133175086708853
0.5132960332334304
0.513274508523847
0.5132529344534652
0.5132313109336686
0.513209637875896
0.5131879151916422
0.5131661427924593
0.5131443205899582
0.5131224484958092
0.5131005264217436
0.5130785542795546
0.5130565319810987
0.5130344594382965
0.5130123365631345
0.5129901632676654
0.5129679394640104
0.5129456650643591
0.5129233399809716
0.5129009641261795
0.5128785374123862
0.5128560597520697
0.5128335310577822
0.512810951242152
0.5127883202178849
0.5127656378977644
0.5127429041946538
0.5127201190214972
0.5126972822913198
0.5126743939172306
0.5126514538124216
0.5126284618901709
0.5126054180638422
0.512582322246887
0.5125591743528458
0.5125359742953477
0.5125127219881136
0.5124894173449559
0.5124660602797801
0.5124426507065862
0.5124191885394693
0.5123956736926205
0.512372106080329
0.5123484856169822
0.5123248122170675
0.5123010857951732
0.5122773062659886
0.512253473544307
0.5122295875450249
0.5122056481831445
0.5121816553737738
0.5121576090321283
0.5121335090735311
0.5121093554134153
0.5120851479673243
0.5120608866509124
0.5120365713799467
0.5120122020703077
0.51198777863799
0.5119633009991041
0.5119387690698769
0.5119141827666522
0.511889542005893
0.511864846704181
0.5118400967782186
0.51181529214483
0.511790432720961
0.5117655184236806
0.5117405491701825
0.5117155248777856
0.511690445463934
0.5116653108461997
0.5116401209422821
0.5116148756700087
0.511589574947338
0.511564218692358
0.5115388068232887
0.5115133392584815
0.5114878159164217
0.511462236715728
0.5114366015751541
0.5114109104135892
0.5113851631500589
0.5113593597037255
0.5113334999938897
0.511307583939991
0.5112816114616077
0.511255582478459
0.5112294969104048
0.5112033546774463
0.5111771556997275
0.5111508998975354
0.5111245871913003
0.5110982175015976
0.5110717907491473
0.5110453068548155
0.5110187657396141
0.5109921673247023
0.5109655115313869
0.5109387982811231
0.510912027495514
0.5108851990963128
0.5108583130054223
0.5108313691448957
0.5108043674369369
0.5107773078039016
0.5107501901682968
0.5107230144527822
0.5106957805801704
0.510668488473427
0.5106411380556715
0.510613729250177
0.5105862619803717
0.5105587361698382
0.5105311517423141
0.5105035086216934
0.5104758067320245
0.5104480459975136
0.5104202263425219
0.5103923476915679
0.5103644099693272
0.5103364131006323
0.5103083570104732
0.510280241623997
0.5102520668665093
0.5102238326634729
0.5101955389405093
0.5101671856233975
0.510138772638075
0.5101102999106377
0.5100817673673395
0.510053174934593
0.5100245225389692
0.5099958101071974
0.5099670375661651
0.5099382048429184
0.5099093118646614
0.5098803585587564
0.5098513448527239
0.5098222706742418
0.5097931359511463
0.5097639406114308
0.509734684583246
0.5097053677948999
0.5096759901748571
0.5096465516517389
0.5096170521543228
0.5095874916115427
0.5095578699524872
0.5095281871064007
0.5094984430026824
0.5094686375708857
0.5094387707407183
0.509408842442041
0.5093788526048678
0.5093488011593652
0.5093186880358513
0.5092885131647961
0.5092582764768198
0.509227977902693
0.5091976173733361
0.5091671948198175
0.5091367101733545
0.5091061633653111
0.5090755543271983
0.5090448829906731
0.5090141492875369
0.5089833531497359
0.508952494509359
0.5089215732986381
0.508890589449946
0.5088595428957969
0.5088284335688438
0.5087972614018781
0.5087660263278294
0.5087347282797632
0.5087033671908806
0.5086719429945171
0.5086404556241405
0.5086089050133514
0.5085772910958807
0.5085456138055885
0.5085138730764633
0.5084820688426203
0.5084502010383005
0.5084182695978687
0.5083862744558129
0.5083542155467415
0.5083220928053838
0.5082899061665871
0.5082576555653153
0.508225340936648
0.5081929622157781
0.5081605193380112
0.5081280122387629
0.5080954408535572
0.5080628051180262
0.5080301049679066
0.5079973403390385
0.5079645111673645
0.5079316173889263
0.5078986589398642
0.5078656357564142
0.5078325477749065
0.5077993949317642
0.5077661771634993
0.507732894406713
0.5076995465980921
0.5076661336744077
0.5076326555725126
0.5075991122293388
0.5075655035818963
0.5075318295672703
0.5074980901226183
0.507464285185169
0.5074304146922192
0.5073964785811315
0.5073624767893319
0.5073284092543074
0.5072942759136039
0.5072600767048229
0.5072258115656191
0.5071914804336987
0.5071570832468157
0.5071226199427699
0.5070880904594034
0.5070534947345992
0.507018832706277
0.5069841043123917
0.5069493094909291
0.5069144481799048
0.5068795203173593
0.5068445258413572
0.506809464689982
0.506774336801335
0.5067391421135308
0.5067038805646954
0.5066685520929622
0.5066331566364694
0.5065976941333561
0.5065621645217598
0.5065265677398131
0.5064909037256393
0.5064551724173509
0.5064193737530446
0.5063835076707985
0.506347574108669
0.5063115730046868
0.5062755042968532
0.5062393679231371
0.5062031638214715
0.5061668919297487
0.5061305521858186
0.5060941445274828
0.5060576688924924
0.5060211252185436
0.5059845134432741
0.5059478335042592
0.5059110853390076
0.505874268884958
0.5058373840794744
0.5058004308598435
0.5057634091632688
0.5057263189268679
0.5056891600876678
0.5056519325826012
0.5056146363485017
0.5055772713220996
0.5055398374400191
0.5055023346387716
0.5054647628547532
0.5054271220242399
0.5053894120833826
0.5053516329682038
0.5053137846145921
0.5052758669582975
0.5052378799349286
0.5051998234799459
0.5051616975286584
0.5051235020162186
0.5050852368776183
0.5050469020476831
0.5050084974610678
0.5049700230522522
0.5049314787555359
0.504892864505033
0.5048541802346681
0.5048154258781707
0.5047766013690704
0.5047377066406917
0.5046987416261499
0.5046597062583446
0.5046206004699553
0.5045814241934368
0.504542177361013
0.5045028599046725
0.5044634717561627
0.5044240128469852
0.5043844831083898
0.5043448824713698
0.5043052108666558
0.5042654682247112
0.5042256544757265
0.5041857695496135
0.5041458133759994
0.5041057858842225
0.5040656870033258
0.504025516662051
0.5039852747888337
0.5039449613117978
0.5039045761587484
0.5038641192571676
0.5038235905342084
0.5037829899166878
0.5037423173310823
0.5037015727035217
0.5036607559597824
0.5036198670252826
0.5035789058250753
0.5035378722838428
0.5034967663258916
0.503455587875144
0.5034143368551344
0.5033730131890018
0.503331616799484
0.5032901476089113
0.5032486055392009
0.5032069905118496
0.5031653024479285
0.5031235412680757
0.5030817068924917
0.5030397992409306
0.5029978182326957
0.502955763786632
0.5029136358211209
0.5028714342540718
0.5028291590029175
0.5027868099846067
0.5027443871155975
0.5027018903118511
0.5026593194888248
0.5026166745614659
0.5025739554442042
0.5025311620509462
0.5024882942950678
0.5024453520894077
0.50240233534626
0.5023592439773694
0.5023160778939215
0.5022728370065382
0.5022295212252699
0.5021861304595879
0.5021426646183796
0.502099123609939
0.5020555073419616
0.502011815721536
0.5019680486551382
0.5019242060486234
0.5018802878072195
0.5018362938355198
0.5017922240374758
0.5017480783163903
0.5017038565749099
0.5016595587150184
0.5016151846380281
0.5015707342445744
0.5015262074346073
0.5014816041073848
0.5014369241614647
0.501392167494698
0.5013473340042216
0.50130242358645
0.501257436137069
0.5012123715510277
0.5011672297225308
0.5011220105450316
0.5010767139112244
0.501031339713037
0.5009858878416226
0.500940358187353
0.5008947506398108
0.5008490650877815
0.5008033014192463
0.5007574595213738
0.5007115392805135
0.5006655405821865
0.5006194633110796
0.5005733073510362
0.5005270725850488
0.500480758895252
0.5004343661629141
0.5003878942684292
0.5003413430913096
0.5002947125101782
0.5002480024027604
0.5002012126458758
0.5001543431154316
0.5001073936864133
0.5000603642328775
0.5000132546279438
0.49996606474378713
0.49991879445162923
0.4998714436217311
0.49982401212338495
0.49977649982490613
0.49972890659362496
0.49968123229587896
0.49963347679700454
0.49958563996132943
0.4995377216521636
0.49948972173179207
0.4994416400614664
0.4993934765013966
0.49934523091074356
0.4992969031476097
0.4992484930690315
0.4992000005309716
0.4991514253883098
0.49910276749483595
0.4990540267032404
0.4990052028651068
0.4989562958309034
0.498907305449975
0.498858231570534
0.49880907403965336
0.49875983270325713
0.49871050740611256
0.49866109799182207
0.49861160430281437
0.4985620261803363
0.49851236346444494
0.4984626159939983
0.4984127836066477
0.4983628661388293
0.4983128634257553
0.4982627753014057
0.4982126015985199
0.4981623421485886
0.4981119967818445
0.4980615653272549
0.498011047612512
0.4979604434640261
0.49790975270691507
0.49785897516499744
0.49780811066078345
0.4977571590154658
0.49770612004891246
0.4976549935796568
0.4976037794248903
0.4975524774004526
0.4975010873208243
0.49744960899911755
0.4973980422470674
0.49734638687502414
0.49729464269194307
0.49724280950537814
0.49719088712147075
0.4971388753449434
0.49708677397908946
0.4970345828257659
0.4969823016853828
0.4969299303568973
0.4968774686378018
0.4968249163241183
0.49677227321038736
0.4967195390896611
0.4966667137534934
0.49661379699193176
0.4965607885935084
0.49650768834523173
0.4964544960325773
0.49640121143947924
0.4963478343483219
0.4962943645399306
0.49624080179356267
0.49618714588689955
0.4961333965960375
0.4960795536954788
0.49602561695812286
0.49597158615525827
0.4959174610565527
0.4958632414300455
0.4958089270421378
0.49575451765758405
0.49570001303948374
0.4956454129492719
0.49559071714671044
0.49553592538987984
0.4954810374351697
0.4954260530372699
0.4953709719491623
0.4953157939221119
0.4952605187056568
0.49520514604760124
0.4951496756940052
0.49509410738917625
0.4950384408756605
0.4949826758942341
0.4949268121838935
0.49487084948184756
0.4948147875235081
0.49475862604248116
0.49470236477055807
0.4946460034377067
0.4945895417720625
0.4945329794999196
0.4944763163457214
0.494419552032053
0.49436268627963087
0.4943057188072947
0.4942486493319981
0.4941914775688001
0.49413420323085616
0.4940768260294087
0.49401934567377886
0.4939617618713573
0.4939040743275951
0.4938462827459953
0.4937883868281032
0.4937303862734982
0.49367228077978453
0.4936140700425822
0.493555753755518
0.4934973316102176
0.4934388032962943
0.4933801685013427
0.49332142691092806
0.49326257820857794
0.49320362207577323
0.4931445581919388
0.4930853862344352
0.4930261058785491
0.4929667167974851
0.4929072186623555
0.4928476111421725
0.4927878939038389
0.4927280666121392
0.49266812892972994
0.4926080805171318
0.4925479210327202
0.4924876501327159
0.4924272674711768
0.4923667726999883
0.49230616546885464
0.4922454454252906
0.49218461221461074
0.4921236654799225
0.49206260486211595
0.4920014299998552
0.4919401405295696
0.4918787360854445
0.4918172162994124
0.4917555808011442
0.4916938292180397
0.4916319611752197
0.4915699762955156
0.49150787419946174
0.491445654505286
0.4913833168289005
0.49132086078389314
0.49125828598151877
0.4911955920306895
0.49113277853796666
0.4910698451075517
0.4910067913412765
0.49094361683859555
0.49088032119657643
0.49081690400989086
0.4907533648708059
0.4906897033691756
0.4906259190924312
0.49056201162557284
0.49049798055116056
0.49043382544930536
0.4903695458976605
0.49030514147141235
0.4902406117432718
0.49017595628346544
0.49011117465972653
0.4900462664372865
0.48998123117886555
0.48991606844466445
0.48985077779235586
0.48978535877707435
0.48971981095140926
0.4896541338653945
0.48958832706650085
0.48952239009962706
0.4894563225070899
0.4893901238286173
0.4893237936013382
0.4892573313597745
0.48919073663583235
0.48912400895879327
0.48905714785530535
0.4889901528493753
0.48892302346235883
0.4888557592129531
0.4887883596171869
0.4887208241884132
0.4886531524373
0.48858534387182156
0.4885173979972506
0.4884493143161492
0.4883810923283601
0.4883127315309989
0.48824423141844514
0.4881755914823339
0.48810681121154753
0.48803789009220694
0.4879688276076634
0.4878996232384901
0.48783027646247423
0.48776078675460793
0.4876911535870804
0.48762137642926956
0.487551454747734
0.487481388006204
0.4874111756655748
0.48734081718389655
0.487270312016368
0.48719965961532646
0.4871288594302418
0.48705791090770634
0.4869868134914286
0.48691556662222385
0.48684416973800726
0.48677262227378504
0.4867009236616473
0.48662907333075933
0.4865570707073549
0.48648491521472714
0.4864126062732216
0.4863401433002288
0.4862675257101751
0.4861947529145165
0.48612182432173084
0.4860487393373092
0.4859754973637491
0.48590209780054733
0.4858285400441913
0.48575482348815313
0.4856809475228811
0.4856069115357928
0.4855327149112675
0.4854583570306393
0.4853838372721901
0.4853091550111414
0.485234309619649
0.4851593004667937
0.4850841269185761
0.48500878833790934
0.4849332840846112
0.48485761351539847
0.4847817759838793
0.4847057708405472
0.48462959743277384
0.48455325510480246
0.48447674319774175
0.48440006104955874
0.4843232079950732
0.48424618336595016
0.4841689864906947
0.4840916166946451
0.4840140732999669
0.4839363556256467
0.48385846298748597
0.4837803946980957
0.48370215006688977
0.4836237284000796
0.4835451290006682
0.48346635116844494
0.4833873941999789
0.48330825738861494
0.48322894002446704
0.4831494413944131
0.4830697607820904
0.4829898974678898
0.48290985072895054
0.48282961983915584
0.48274920406912786
0.48266860268622214
0.48258781495452385
0.48250684013484246
0.48242567748470755
0.48234432625836465
0.4822627857067699
0.4821810550775871
0.4820991336151825
0.4820170205606213
0.48193471515166375
0.4818522166227612
0.4817695242050521
0.4816866371263588
0.4816035546111845
0.4815202758807084
0.481436800152784
0.4813531266419351
0.4812692545593531
0.4811851831128941
0.4811009115070758
0.48101643894307516
0.480931764618726
0.48084688772851625
0.4807618074635859
0.4806765230117249
0.480591033557371
0.48050533828160813
0.48041943636216466
0.4803333269734115
0.4802470092863611
0.4801604824686662
0.480073745684618
0.4799867980951464
0.4798996388578176
0.47981226712683517
0.479724682053038
0.4796368827839011
0.47954886846353467
0.4794606382326846
0.47937219122873215
0.47928352658569456
0.4791946434342254
0.4791055409016157
0.4790162181117939
0.47892667418532753
0.47883690823942426
0.4787469193879334
0.47865670674134725
0.4785662694068028
0.47847560648808424
0.47838471708562436
0.4782936002965076
0.4782022552144719
0.4781106809299121
0.4780188765298828
0.4779268410981009
0.47783457371494975
0.4777420734574822
0.4776493393994252
0.4775563706111827
0.47746316615984075
0.47736972510917175
0.4772760465196393
0.47718212944840244
0.47708797294932226
0.47699357607296566
0.4768989378666122
0.47680405737425957
0.47670893363663003
0.4766135656911758
0.4765179525720875
0.4764220933102993
0.4763259869334973
0.47622963246612593
0.47613302892939713
0.47603617534129683
0.4759390707165939
0.4758417140668488
0.475744104400422
0.4756462407224833
0.4755481220350213
0.4754497473368525
0.47535111562363236
0.47525222588786453
0.47515307711891175
0.47505366830300655
0.47495399842326325
0.4748540664596882
0.47475387138919245
0.4746534121856038
0.4745526878196786
0.4744516972591154
0.4743504394685673
0.47424891340965597
0.474147118040985
0.4740450523181543
0.4739427151937742
0.4738401056174807
0.4737372225359503
0.4736340648929158
0.4735306316291817
0.4734269216826408
0.4733229339882909
0.4732186674782515
0.47311412108178147
0.47300929372529626
0.47290418433238646
0.47279879182383644
0.47269311511764256
0.47258715312903354
0.47248090477048876
0.4723743689517599
0.47226754457988995
0.47216043055923546
0.4720530257914868
0.47194532917569104
0.47183733960827234
0.47172905598305725
0.47162047719129485
0.47151160212168236
0.4714024296603882
0.4712929586910762
0.4711831880949308
0.4710731167506824
0.47096274353463274
0.47085206732068163
0.4707410869803524
0.47062980138282084
0.47051820939494127
0.4704063098812755
0.47029410170412106
0.4701815837235402
0.47006875479738974
0.4699556137813511
0.46984215952896036
0.4697283908916401
0.4696143067187302
0.4694999058575207
0.46938518715328365
0.46927014944930673
0.46915479158692686
0.46903911240556406
0.4689231107427566
0.46880678543419635
0.46869013531376374
0.46857315921356507
0.4684558559639689
0.4683382243936442
0.46822026332959704
0.46810197159721056
0.4679833480202834
0.4678643914210701
0.46774510062032015
0.46762547443732017
0.467505511689935
0.4673852111946497
0.4672645717666122
0.46714359221967633
0.4670222713664467
0.46690060801832156
0.4667786009855398
0.46665624907722525
0.4665335511014334
0.46641050586519833
0.4662871121745811
0.46616336883471593
0.46603927464986183
0.46591482842344994
0.46579002895813437
0.4656648750558433
0.4655393655178296
0.4654134991447241
0.46528727473658676
0.46516069109296193
0.46503374701293093
0.4649064412951672
0.4647787727379923
0.46465074013943125
0.46452234229726946
0.4643935780091105
0.4642644460724337
0.4641349452846537
0.46400507444317907
0.46387483234547355
0.4637442177891157
0.4636132295718616
0.46348186649170664
0.4633501273469487
0.4632180109362511
0.46308551605870885
0.4629526415139117
0.46281938610201134
0.46268574862378725
0.4625517278807145
0.46241732267503155
0.46228253180980905
0.4621473540890192
0.4620117883176057
0.46187583330155524
0.46173948784796903
0.4616027507651347
0.4614656208625999
0.461328096951246
0.4611901778433627
0.4610518623527234
0.4609131492946612
0.46077403748614587
0.4606345257458613
0.46049461289428356
0.4603542977537608
0.46021357914859146
0.46007245590510704
0.4599309268517511
0.4597889908191626
0.45964664664025895
0.45950389315031803
0.45936072918706417
0.4592171535907519
0.4590731652042527
0.4589287628731401
0.45878394544577866
0.4586387117734108
0.4584930607102454
0.45834699111354804
0.4582005018437308
0.4580535917644429
0.4579062597426628
0.45775850464879064
0.45761032535674084
0.45746172074403624
0.4573126896919032
0.45716323108536583
0.4570133438133428
0.45686302676874424
0.4567122788485682
0.4565610989539998
0.4564094859905096
0.45625743886795367
0.45610495650067284
0.45595203780759486
0.45579868171233573
0.4556448871433009
0.4554906530337904
0.45533597832210054
0.4551808619516296
0.4550253028709824
0.45486930003407594
0.4547128524002458
0.4545559589343533
0.454398618606893
0.4542408303941013
0.45408259327806477
0.45392390624683054
0.4537647682945155
0.4536051784214181
0.45344513563412836
0.45328463894564197
0.4531236873754704
0.4529622799497558
0.45280041570138413
0.452638093670099
0.45247531290261755
0.4523120724527449
0.4521483713814902
0.45198420875718337
0.45181958365559194
0.4516544951600384
0.45148894236151826
0.45132292435881827
0.4511564402586357
0.4509894891756971
0.4508220702328788
0.45065418256132667
0.450485825300577
0.45031699759867805
0.4501476986123102
0.44997792750690924
0.4498076834567878
0.4496369656452589
0.449465773264758
0.44929410551696614
0.4491219616129346
0.44894934077320836
0.4487762422279501
0.4486026652170651
0.44842860899032577
0.44825407280749646
0.44807905593845987
0.447903557663341
0.44772757727263385
0.44755111406732717
0.4473741673590301
0.44719673647009867
0.4470188207337624
0.44684041949425013
0.44666153210691734
0.44648215793837176
0.44630229636660135
0.4461219467810995
0.4459411085829941
0.4457597811851716
0.4455779640124057
0.4453956565014833
0.44521285810133215
0.44502956827314566
0.4448457864905116
0.44466151223953665
0.44447674501897416
0.4442914843403494
0.4441057297280858
0.44391948071963105
0.4437327368655822
0.4435454977298116
0.4433577628895913
0.4431695319357179
0.4429808044726381
0.44279158011857167
0.4426018585056356
0.4424116392799683
0.44222092210185143
0.44202970664583363
0.4418379926008522
0.441645779670355
0.44145306757242175
0.44125985603988455
0.4410661448204485
0.4408719336768112
0.44067722238678153
0.4404820107433986
0.4402862985550491
0.4400900856455849
0.43989337185443933
0.4396961570367431
0.4394984410634389
0.43930022382139616
0.43910150521352465
0.43890228515888646
0.43870256359280885
0.43850234046699416
0.43830161574963067
0.4381003894255013
0.4378986614960925
0.4376964319797009
0.4374937009115393
0.4372904683438431
0.4370867343459732
0.4368824990045202
0.43667776242340534
0.43647252472398257
0.43626678604513713
0.43606054654338505
0.43585380639297
0.4356465657859593
0.4354388249323393
0.4352305840601086
0.43502184341537015
0.43481260326242255
0.43460286388384917
0.4343926255806064
0.43418188867211094
0.43397065349632424
0.4337589204098367
0.4335466897879503
0.43333396202475866
0.4331207375332267
0.43290701674526816
0.43269280011182193
0.4324780881029267
0.43226288120779194
0.4320471799348718
0.43183098481193194
0.4316142963861187
0.43139711522402463
0.4311794419117523
0.4309612770549767
0.43074262127900637
0.43052347522884105
0.43030383956922885
0.4300837149847214
0.42986310217972645
0.4296420018785587
0.4294204148254893
0.42919834178479255
0.4289757835407909
0.42875274089789783
0.42852921468065935
0.42830520573379205
0.42808071492222016
0.4278557431311105
0.4276302912659047
0.42740436025234907
0.4271779510365233
0.4269510645848665
0.42672370188420033
0.4264958639417512
0.42626755178516823
0.42603876646254235
0.4258095090424183
0.42557978061380963
0.42534958228620645
0.425118915189585
0.424887780474411
0.42465617931164457
0.4244241128927401
0.4241915824296434
0.42395858915478907
0.42372513432109304
0.423491219201943
0.4232568450911879
0.4230220133031233
0.42278672517247484
0.42255098205437963
0.4223147853243643
0.4220781363783215
0.421841036632483
0.42160348752339116
0.4213654905078665
0.42112704706297494
0.4208881586859897
0.4206488268943536
0.4204090532256358
0.4201688392374889
0.4199281865076009
0.41968709663364706
0.41944557123323617
0.41920361194385763
0.41896122042282335
0.4187183983472083
0.418475147413788
0.418231469338974
0.4179873658587457
0.417742838728581
0.4174978897233835
0.4172525206374067
0.41700673328417687
0.4167605294964126
0.4165139111259415
0.4162668800436152
0.41601943813922065
0.4157715873213899
0.4155233295175078
0.41527466667361435
0.4150256007543083
0.41477613374264566
0.41452626764003664
0.4142760044661398
0.41402534625875437
0.4137742950737081
0.4135228529847461
0.4132710220834135
0.4130188044789393
0.41276620229811317
0.41251321768516536
0.4122598528016398
0.4120061098262669
0.4117519909548334
0.4114974984000503
0.41124263439141756
0.41098740117508803
0.4107318010137272
0.41047583618637207
0.41021950898828763
0.4099628217308197
0.4097057767412484
0.40944837636263604
0.40919062295367553
0.4089325188885349
0.408674066556701
0.4084152683628205
0.4081561267265382
0.4078966440823347
0.40763682287936087
0.40737666558127034
0.4071161746660518
0.4068553526258563
0.4065942019668256
0.4063327252089161
0.4060709248857242
0.40580880354430543
0.4055463637449952
0.40528360806122754
0.40502053907935004
0.40475715939843915
0.4044934716301126
0.4042294783983404
0.40396518233925577
0.40370058610096093
0.4034356923433356
0.40317050373784086
0.4029050229673226
0.4026392527258147
0.4023731957183382
0.4021068546607015
0.401840232279298
0.4015733313109025
0.4013061545024674
0.401038704610916
0.4007709844029359
0.40050299665477007
0.4002347441520093
0.39996622968937984
0.399697456070533
0.39942842610783263
0.39915914262214147
0.3988896084426071
0.3986198264064465
0.39834979935873027
0.3980795301521657
0.39780902164687854
0.3975382767101955
0.3972672982164247
0.39699608904663597
0.39672465208844043
0.39645299023577
0.39618110638865545
0.3959090034530049
0.39563668434038035
0.39536415196777686
0.39509140925739716
0.39481845913642943
0.39454530453682285
0.3942719483950641
0.39399839365195233
0.3937246432523749
0.3934507001450834
0.3931765672824673
0.39290224762033094
0.39262774411766727
0.3923530597364341
0.3920781974413282
0.3918031601995617
0.391527950980637
0.39125257275612213
0.39097702849942706
0.39070132118557954
0.39042545379100185
0.3901494292932862
0.3898732506709736
0.3895969209033295
0.38932044297012325
0.38904381985140496
0.38876705452728544
0.38849014997771514
0.38821310918226337
0.38793593511990065
0.38765863076877793
0.3873811991060101
0.3871036431074575
0.38682596574750944
0.3865481699988689
0.38627025883233745
0.38599223521659975
0.38571410211801277
0.38543586250039064
0.38515751932479525
0.3848790755493245
0.3846005341289041
0.38432189801507793
0.384043170155802
0.38376435349523674
0.3834854509735433
0.383206465526679
0.3829274000861949
0.38264825757903353
0.38236904092732965
0.3820897530482112
0.38181039685360035
0.3815309752500191
0.38125149113839296
0.3809719474138574
0.3806923469655663
0.380412692676501
0.38013298742327994
0.379853234075973
0.379573435497913
0.3792935945455121
0.37901371406807804
0.37873379690763315
0.3784538458987326
0.37817386386828833
0.3778938536353902
0.37761381801113125
0.3773337597984345
0.3770536817918812
0.37677358677753997
0.3764934775327986
0.3762133568261976
0.3759332274172656
0.3756530920563547
0.37537295348448046
0.37509281443316156
0.3748126776242627
0.37453254576983713
0.3742524215719747
0.3739723077226474
0.3736922069035606
0.37341212178600275
0.37313205503070046
0.3728520092876726
0.37257198719608825
0.3722919913841241
0.3720120244688274
0.3717320890559779
0.37145218773995187
0.37117232310359044
0.37089249771806737
0.37061271414275926
0.37033297492511946
0.37005328260055137
0.36977363969228605
0.3694940487112595
0.3692145121559946
0.36893503251248216
0.36865561225406707
0.36837625384133277
0.3680969597219913
0.36781773233077275
0.3675385740893182
0.3672594874060741
0.3669804746761885
0.36670153828140883
0.36642268058998384
0.36614390395656354
0.3658652107221066
0.3655866032137839
0.36530808374488816
0.36502965461474374
0.36475131810861927
0.3644730764976415
0.36419493203871167
0.36391688697442287
0.3636389435329819
0.36336110392812826
0.36308337035906124
0.36280574501036394
0.362528230051931
0.36225082763889926
0.36197353991157866
0.36169636899538554
0.3614193170007787
0.36114238602319587
0.36086557814299386
0.3605888954253884
0.36031233992039763
0.36003591366278653
0.35975961867201384
0.35948345695217976
0.35920743049197645
0.35893154126463994
0.3586557912279039
0.3583801823239547
0.35810471647938935
0.3578293956051738
0.35755422159660427
0.35727919633326904
0.3570043216790134
0.35672959948190486
0.35645503157420066
0.3561806197723174
0.3559063658768019
0.35563227167230327
0.3553583389275468
0.35508456939531086
0.35481096481240276
0.3545375268996389
0.3542642573618241
0.3539911578877343
0.3537182301501004
0.35344547580559166
0.35317289649480443
0.3529004938422487
0.3526282694563383
0.3523562249293807
0.35208436183757114
0.35181268174098485
0.3515411861835733
0.35126987669315957
0.3509987547814381
0.3507278219439717
0.3504570796601938
0.35018652939341005
0.34991617259080066
0.3496460106834263
0.34937604508623277
0.3491062771980574
0.3488367084016397
0.3485673400636278
0.3482981735345911
0.3480292101490308
0.34776045122539384
0.34749189806608605
0.3472235519574878
0.3469554141699697
0.3466874859579114
0.34641976855971757
0.34615226319783954
0.345884971078794
0.3456178933931863
0.3453510313157313
0.34508438600527747
0.3448179586048308
0.344551750241581
0.3442857620269266
0.3440199950565027
0.34375445041020863
0.3434891291522372
0.34322403233110355
0.34295916097967705
0.3426945161152107
0.3424300987393748
0.3421659098382889
0.3419019503825558
0.341638221327296
0.3413747236121819
0.34111145816147437
0.34084842588405956
0.3405856276734843
0.3403230644079952
0.34006073695057715
0.3397986461489909
0.3395367928358143
0.33927517782848066
0.3390138019293211
0.33875266592560443
0.3384917705895799
0.3382311166785184
0.33797070493475606
0.3377105360857372
0.3374506108440577
0.33719092990750954
0.33693149395912436
0.3366723036672198
0.3364133596854435
0.3361546626528197
0.3358962131937947
0.33563801191828335
0.33538005942171545
0.3351223562850842
0.3348649030749904
0.334607700343694
0.3343507486291585
0.3340940484551009
0.3338376003310397
0.33358140475234227
0.3333254622002761
0.33306977314205416
0.33281433803088734
0.3325591573060314
0.3323042313928375
0.33204956070280106
0.33179514563361184
0.33154098656920317
0.33128708387980194
0.3310334379219787
0.3307800490386969
0.3305269175593631
0.33027404379987774
0.3300214280626836
0.32976907063681715
0.32951697179795725
0.3292651318084765
0.32901355091749
0.32876222936090516
0.3285111673614727
0.3282603651288344
0.3280098228595748
0.3277595407372689
0.32750951893253255
0.3272597576030715
0.32701025689373037
0.32676101693654136
0.32651203785077304
0.3262633197429804
0.32601486270705027
0.3257666668242523
0.3255187321632859
0.3252710587803272
0.32502364671907824
0.3247764960108129
0.32452960667442393
0.32428297871647094
0.32403661213122503
0.3237905069007165
0.32354466299477963
0.32329908037109895
0.32305375897525385
0.322808698740764
0.3225638995891333
0.3223193614298944
0.32207508416065245
0.3218310676671282
0.32158731182320144
0.3213438164909534
0.32110058152070875
0.320857606751078
0.3206148920089976
0.32037243710977303
0.3201302418571162
0.31988830604318874
0.3196466294486387
0.31940521184264165
0.31916405298293776
0.31892315261587145
0.3186825104764268
0.31844212628826674
0.31820199976376806
0.3179621306040584
0.31772251849905037
0.31748316312747826
0.31724406415693057
0.3170052212438853
0.31676663403374083
0.3165283021608518
0.31629022524855793
0.3160524029092173
0.31581483474423616
0.31557752034409925
0.3153404592884003
0.31510365114586875
0.31486709547439956
0.31463079182108067
0.31439473972221904
0.3141589387033674
0.3139233882793497
0.31368808795428543
0.3134530372216146
0.31321823556412043
0.31298368245395203
0.3127493773526465
0.3125153197111501
0.31228150896983853
0.3120479445585374
0.3118146258965397
0.3115815523926253
0.31134872344507725
0.3111161384416995
0.3108837967598318
0.31065169776636464
0.31041984081775437
0.3101882252600353
0.3099568504288329
0.30972571564937595
0.3094948202365059
0.30926416349468777
0.3090337447180197
0.3088035631902403
0.308573618184736
0.3083439089645486
0.308114434782379
0.3078851948805934
0.30765618849122583
0.3074274148359824
0.30719887312624117
0.3069705625630547
0.30674248233714974
0.3065146316289246
0.30628700960844923
0.3060596154354615
0.3058324482593622
0.3056055072192121
0.3053787914437237
0.30515230005125554
0.30492603214980407
0.3046999868369941
0.30447416320006926
0.3042485603158798
0.3040231772508712
0.3037980130610705
0.3035730667920718
0.30334833747902124
0.30312382414659833
0.30289952580900126
0.30267544146992575
0.3024515701225453
0.30222791074949035
0.3020044623228255
0.3017812238040267
0.3015581941439557
0.301335372282834
0.30111275715021635
0.3008903476649616
0.3006681427352034
0.30044614125832014
0.30022434212090077
0.30000274419871364
0.2997813463566698
0.29956014744878856
0.29933914631815955
0.29911834179690316
0.298897732706133
0.29867731785591184
0.2984570960452105
0.29823706606186384
0.2980172266825241
0.2977975766726155
0.2975781147862852
0.2973588397663534
0.29713975034426304
0.29692084524002627
0.296702123162171
0.2964835828076855
0.29626522286196
0.29604704199872955
0.29582903888001383
0.2956112121560543
0.29539356046525234
0.29517608243410315
0.2949587766771303
0.29474164179681744
0.2945246763835379
0.29430787901548455
0.294091248258596
0.293874782666482
0.293658480780347
0.2934423411289127
0.2932263622283372
0.29301054258213394
0.2927948806810881
0.2925793750031722
0.29236402401345746
0.29214882616402627
0.29193377989388136
0.29171888362885257
0.2915041357815029
0.29128953475103225
0.2910750789231782
0.29086076667011684
0.29064659635035955
0.2904325663086497
0.2902186748758545
0.2900049203688593
0.2897913010904546
0.2895778153292252
0.2893644613594348
0.2891512374409089
0.28893814181891686
0.28872517272405007
0.28851232837209767
0.28829960696392287
0.2880870066853335
0.28787452570695243
0.28766216218408464
0.28744991425658295
0.28723778004871064
0.28702575766900074
0.2868138452101155
0.2866020407487006
0.28639034234523897
0.2861787480439008
0.28596725587239147
0.2857558638417968
0.28554456994642596
0.2853333721636511
0.2851222684537459
0.28491125675971846
0.2847003350071447
0.2844895011039972
0.2842787529404714
0.2840680883888092
0.2838575053031198
0.28364700151919764
0.2834365748543369
0.28322622310714357
0.2830159440573449
0.2828057354655942
0.2825955950732746
0.2823855206022984
0.28217550975490346
0.28196556021344676
0.28175566964019483
0.2815458356771101
0.2813360559456349
0.28112632804647103
0.28091664955935797
0.2807070180428452
0.28049743103406266
0.280287886048487
0.28007838057970513
0.27986891209917364
0.27965947805597324
0.27945007587656273
0.2792407029645268
0.27903135670032003
0.2788220344410085
0.27861273352000704
0.27840345124681165
0.27819418490672954
0.2779849317606043
0.27777568904453687
0.2775664539696029
0.2773572237215663
0.2771479954605878
0.2769387663209299
0.2767295334106573
0.2765202938113338
0.2763110445777136
0.276101782737429
0.2758925052906738
0.27568320920988193
0.27547389143940143
0.2752645488951637
0.27505517846434957
0.2748457770050479
0.27463634134591375
0.27442686828581564
0.2742173545934844
0.27400779700715333
0.2737981922341944
0.27358853695074886
0.27337882780135475
0.2731690613985668
0.2729592343225738
0.2727493431208076
0.272539384307551
0.272329354363536
0.27211924973554036
0.2719090668359773
0.2716988020424784
0.2714884516974743
0.27127801210776753
0.27106747954409893
0.2708568502407119
0.27064612039490776
0.2704352861665968
0.2702243436778441
0.2700132890124082
0.2698021182152745
0.26959082729218425
0.2693794122091542
0.26916786889199484
0.26895619322581843
0.26874438105454407
0.26853242818039375
0.26832033036338665
0.2681080833208217
0.2678956827267592
0.2676831242114934
0.26747040336101824
0.2672575157164894
0.2670444567736783
0.2668312219824196
0.2666178067460532
0.26640420642085993
0.2661904163154898
0.2659764316903849
0.26576224775719565
0.2655478596781895
0.2653332625656565
0.26511845148130264
0.26490342143564344
0.2646881673873857
0.2644726842428059
0.2642569668551208
0.26404101002385266
0.26382480849418605
0.26360835695632084
0.2633916500448172
0.26317468233793423
0.262957448356963
0.26273994256555255
0.26252215936903067
0.26230409311371705
0.26208573808623187
0.2618670885127964
0.26164813855853003
0.26142888232673883
0.2612093138581994
0.26098942713043766
0.2607692160570005
0.26054867448672264
0.26032779620298774
0.2601065749229836
0.2598850042969539
0.2596630779074418
0.2594407892685323
0.2592181318250847
0.25899509895196715
0.2587716839532792
0.25854788006157514
0.2583236804370817
0.25809907816691197
0.2578740662642741
0.2576486376676776
0.2574227852401381
0.25719650176837516
0.2569697799620102
0.25674261245276103
0.2565149917936338
0.2562869104581139
0.25605836083935407
0.25582933524936236
0.2555998259181874
0.25536982499310673
0.25513932453780935
0.2549083165315841
0.2546767928685053
0.2544447453566202
0.25421216571713817
0.25397904558362205
0.25374537650118234
0.2535111499256728
0.25327635722289193
0.25304098966778615
0.25280503844366076
0.2525684946413926
0.2523313492586522
0.2520935931991303
0.2518552172717727
0.25161621219002334
0.2513765685710748
0.2511362769351311
0.2508953277046782
0.25065371120376756
0.2504114176573109
0.25016843719038834
0.24992475982757076
0.2496803754922573
0.2494352740060268
0.24918944508801041
0.2489428783542769
0.2486955633172423
0.2484474893850967
0.24819864586125293
0.24794902194381924
0.2476986067250952
0.247447389191093
0.24719535822108515
0.24694250258718142
0.24668881095393336
0.2464342718779721
0.24617887380767653
0.24592260508287792
0.24566545393459754
0.24540740848482423
0.24514845674633
0.24488858662252566
0.2446277859073607
0.24436604228526676
0.2441033433311481
0.243839676510421
0.24357502917910082
0.24330938858394613
0.2430427418626535
0.24277507604411108
0.242506378048711
0.24223663468872322
0.2419658326687314
0.24169395858613846
0.2414209989317347
0.24114694009034493
0.24087176834154134
0.24059546986043664
0.24031803071855545
0.24003943688478696
0.2397596742264202
0.23947872851026905
0.23919658540388505
0.2389132304768631
0.23862864920224391
0.23834282695801312
0.23805574902870447
0.2377674006071052
0.237477766796071
0.23718683261045204
0.23689458297912952
0.2366010027471755
0.2363060766781282
0.23600978945639267
0.23571212568976962
0.23541306991211272
0.23511260658612126
0.23481072010626816
0.23450739480186933
0.23420261494029676
0.2338963647303384
0.23358862832570712
0.23327938982870455
0.2329686332940429
0.23265634273282446
0.23234250211668508
0.2320270953821069
0.23171010643489662
0.2313915191548404
0.2310713174005328
0.2307494850143846
0.23042600582781306
0.23010086366661722
0.22977404235653906
0.2294455257290168
0.2291152976271285
0.22878334191173338
0.22844964246780697
0.22811418321097884
0.2277769480942702
0.227437921115034
0.2270970863221019
0.22675442782313526
0.22640992979218585
0.22606357647746278
0.22571535220931177
0.22536524140840172
0.22501322859412207
0.22465929839319437
0.22430343554848742
0.22394562492804818
0.2235858515343387
0.22322410051368097
0.22286035716591085
0.22249460695423234
0.22212683551527818
0.22175702866936922
0.22138517243097147
0.22101125301934443
0.22063525686938545
0.2202571706426535
0.21987698123857957
0.21949467580585166
0.2191102417539711
0.21872366676497462
0.2183349388053151
0.21794404613789384
0.21755097733423923
0.21715572128682026
0.21675826722148914
0.21635860471004464
0.21595672368290358
0.2155526144418737
0.21514626767301573
0.21473767445958414
0.21432682629503452
0.21391371509608761
0.213498333215832
0.2130806734568601
0.21266072908441672
0.21223849383954924
0.2118139619522448
0.2113871281545388
0.21095798769357713
0.2105265363446198
0.21009277042396582
0.20965668680178254
0.2092182829148255
0.20877755677902424
0.20833450700192316
0.20788913279495297
0.20744143398551484
0.2069914110288622
0.20653906501975264
0.20608439770385847
0.2056274114889084
0.20516810945554576
0.20470649536787883
0.20424257368370624
0.20377634956439258
0.20330782888437818
0.2028370182402995
0.2023639249596997
0.20188855710931178
0.2014109235028898
0.20093103370857304
0.20044889805575888
0.19996452764146902
0.19947793433618574
0.1989891307891459
0.19849813043306752
0.19800494748829664
0.1975095969663556
0.19701209467287734
0.1965124572099087
0.1960107019775699
0.1955068471750552
0.19500091180096119
0.1944929156529335
0.19398287932661584
0.19347082421389622
0.19295677250043758
0.19244074716248832
0.19192277196296167
0.19140287144678236
0.19088107093549325
0.19035739652112152
0.18983187505929913
0.1893045341616399
0.18877540218737304
0.18824450823423444
0.18771188212862094
0.1871775544150104
0.18664155634465482
0.18610391986355612
0.18556467759972967
0.18502386284976818
0.1844815095647195
0.18393765233528758
0.18339232637637415
0.18284556751097628
0.18229741215345657
0.1817478972922027
0.1811970604717022
0.18064493977404306
0.18009157379987276
0.179537001648832
0.17898126289948935
0.17842439758880163
0.17786644619112787
0.17730744959682032
0.1767474490904244
0.17618648632851153
0.17562460331717994
0.1750618423892464
0.17449824618116452
0.17393385760970062
0.17336871984839233
0.17280287630382896
0.1722363705917816
0.1716692465132143
0.1711015480302112
0.17053331924184875
0.1699646043600468
0.16939544768543005
0.16882589358323094
0.16825598645926673
0.16768577073601834
0.1671152908288467
0.16654459112237124
0.16597371594704458
0.16540270955594708
0.16483161610183605
0.16426047961447007
0.1636893439782392
0.16311825291012563
0.1625472499380196
0.16197637837941348
0.16140568132049804
0.16083520159568201
0.16026498176755521
0.15969506410731632
0.15912549057568068
0.15855630280429
0.15798754207763452
0.15741924931550816
0.15685146505600517
0.1562842294390755
0.15571758219064555
0.15515156260731935
0.15458620954166497
0.15402156138809442
0.15345765606934741
0.15289453102357908
0.15233222319205847
0.1517707690074817
0.1512102043828985
0.15065056470125857
0.1500918848055692
0.14953419898967252
0.14897754098963195
0.1484219439757289
0.14786744054506631
0.14731406271476938
0.14676184191578298
0.14621080898725547
0.1456609941715026
0.14511242710954314
0.14456513683719707
0.14401915178173785
0.14347449975908638
0.14293120797153788
0.14238930300600933
0.1418488108327958
0.14130975680482355
0.14077216565738787
0.1402360615083601
0.1397014678588551
0.13916840759433963
0.13863690298617337
0.13810697569356456
0.13757864676592774
0.13705193664562956
0.13652686517110546
0.13600345158033733
0.1354817145146724
0.13496167202297224
0.13444334156607637
0.13392674002156482
0.13341188368880746
0.13289878829428253
0.1323874689971538
0.131877940395089
0.1313702165303076
0.1308643108958437
0.13036023644201047
0.1298580055830524
0.12935763020397295
0.12885912166752408
0.12836249082134676
0.12786774800524775
0.12737490305860275
0.12688396532787266
0.12639494367422383
0.12590784648123812
0.1254226816627048
0.12493945667048238
0.12445817850242157
0.12397885371033725
0.1235014884080233
0.12302608827929779
0.1225526585860735
0.12208120417644175
0.12161172949276322
0.12114423857975973
0.12067873509259486
0.12021522230494142
0.11975370311702635
0.11929418006364609
0.11883665532214883
0.1183811307203744
0.11792760774454988
0.11747608754713304
0.11702657095459947
0.11657905847516915
0.11613355030646824
0.11569004634312093
0.11524854618426843
0.11480904914101138
0.11437155424377204
0.11393606024957388
0.11350256564923436
0.11307106867447017
0.11264156730491068
0.1122140592750195
0.1117885420809191
0.11136501298712073
0.11094346903315357
0.11052390704009657
0.11010632361700715
0.10969071516724865
0.1092770778947148
0.10886540780995035
0.108455700736167
0.10804795231515466
0.10764215801308864
0.10723831312622925
0.10683641278651798
0.10643645196706802
0.10603842548754842
0.10564232801946465
0.10524815409133369
0.10485589809375537
0.10446555428438022
0.10407711679277344
0.10369057962517796
0.10330593666917437
0.1029231816982414
0.10254230837621577
0.10216331026165312
0.10178618081209173
0.10141091338821841
0.10103750125793878
0.10066593760035392
0.10029621550964209
0.09992832799884838
0.09956226800358473
0.09919802838563788
0.09883560193649077
0.09847498138075537
0.09811615937951981
0.09775912853361225
0.09740388138677948
0.09705041042878473
0.09669870809842548
0.09634876678647074
0.09600057883852235
0.095654136557798
0.09530943220784102
0.09496645801515546
0.09462520617176975
0.09428566883772843
0.09394783814351622
0.09361170619241217
0.09327726506277816
0.09294450681028214
0.09261342347005684
0.09228400705879569
0.09195624957678818
0.09163014300989487
0.09130567933146287
0.09098285050418523
0.09066164848190292
0.09034206521135275
0.09002409263386071
0.08970772268698421
0.08939294730610117
0.08907975842595096
0.08876814798212494
0.08845810791250992
0.0881496301586851
0.08784270666727312
0.08753732939124712
0.08723349029119383
0.08693118133653527
0.08663039450670837
0.08633112179230544
0.08603335519617408
0.08573708673448034
0.08544230843773339
0.08514901235177502
0.08485719053873315
0.08456683507794084
0.08427793806682221
0.08399049162174568
0.0837044878788449
0.08341991899480951
0.08313677714764502
0.0828550545374041
0.082574743386889
0.08229583594232585
0.0820183244740128
0.08174220127694129
0.08146745867139199
0.08119408900350653
0.08092208464583331
0.08065143799785253
0.0803821414864758
0.08011418756652532
0.07984756872119117
0.07958227746246727
0.07931830633156732
0.07905564789932137
0.07879429476655245
0.07853423956443553
0.07827547495483764
0.0780179936306411
0.07776178831604927
0.07750685176687613
0.07725317677081969
0.07700075614772034
0.07674958274980269
0.07649964946190535
0.07625094920169402
0.07600347491986224
0.07575721960031866
0.07551217626036102
0.07526833795083807
0.0750256977562992
0.07478424879513244
0.07454398421969088
0.07430489721640823
0.07406698100590414
0.07383022884307816
0.07359463401719496
0.073360189851959
0.0731268897055805
0.07289472697083145
0.07266369507509433
0.0724337874804007
0.07220499768346325
0.07197731921569839
0.07175074564324238
0.07152527056695998
0.07130088762244487
0.0710775904800148
0.07085537284469855
0.07063422845621829
0.07041415108896319
0.07019513455195998
0.06997717268883524
0.06976025937777405
0.06954438853147181
0.069329554097082
0.06911575005615792
0.06890297042459109
0.06869120925254321
0.06848046062437521
0.06827071865857155
0.06806197750765991
0.06785423135812738
0.0676474744303332
0.06744170097841704
0.06723690529020451
0.06703308168710853
0.0668302245240284
0.06662832818924494
0.06642738710431348
0.06622739572395284
0.06602834853593292
0.06583024006095863
0.06563306485255223
0.06543681749693217
0.06524149261289078
0.06504708485166912
0.06485358889682992
0.06466099946412854
0.06446931130138231
0.06427851918833732
0.06408861793653461
0.06389960238917383
0.06371146742097573
0.0635242079380433
0.06333781887772134
0.06315229520845456
0.06296763192964537
0.06278382407150909
0.06260086669492941
0.062418754891311906
0.062237483782437084
0.06205704852031268
0.06187744428702438
0.061698666294586715
0.06152070978479253
0.06134357002906202
0.061167242328291446
0.06099172201270108
0.06081700444168214
0.06064308500364439
0.06046995911586219
0.06029762222432106
0.060126069803563345
0.0599552973565338
0.05978530041442513
0.05961607453652325
0.059447615310051605
0.059279918350016975
0.059112979299053875
0.05894679382726923
0.0587813576320871
0.05861666643809353
0.05845271599688155
0.05828950208689562
0.05812702051327678
0.05796526710770802
0.05780423772825884
0.05764392825923167
0.05748433461100669
0.057325452719887995
0.05716727854794991
0.05700980808288307
0.05685303733784158
0.056696962351289265
0.05654157918684795
0.056386883933144775
0.056232872703659974
0.05607954163657605
0.05592688689462598
0.055774904664943156
0.05562359115891073
0.0554729426120121
0.05532295528368154
0.05517362545715523
0.05502494943932314
0.054876923560581325
0.054729544174684175
0.054582807658598374
0.054436710412355926
0.05429124885890921
0.05414641944398542
0.05400221863594248
0.05385864292562452
0.05371568882621945
0.05357335287311532
0.05343163162375878
0.05329052165751332
0.05315001957551892
0.05301012200055094
0.05287082557688132
0.052732126970139084
0.05259402286717274
0.052456509975911725
0.052319585025230084
0.05218324476480988
0.052047485965005844
0.05191230541670973
0.05177769993121699
0.051643666340092265
0.051510201495036906
0.05137730226775679
0.05124496554983038
0.0511131882525785
0.050981967306933204
0.050851299663309514
0.05072118229147573
0.05059161218042561
0.0504625863382511
0.050334101792015834
0.050206155587628754
0.05007874478971936
0.04995186648151265
