0.5700961917537888
0.6203806632904312
0.6004764015381951
0.5829914267583767
0.5683140489350053
0.5564814993162035
0.5472768663712946
0.5403276001296473
0.5352053662880368
0.5314989483674541
0.5288536924327631
0.5269844548941265
0.525672656028036
0.5247561640511704
0.5241174319078781
0.5236725801778378
0.5233624140420179
0.5231454824420505
0.5229929184794513
0.5228846981204683
0.5228069715520975
0.5227501805809177
0.5227077405163764
0.5226751220657996
0.5226492141686081
0.5226278829459832
0.5226096669808089
0.522593567091012
0.5225789014618267
0.5225652059163459
0.5225521653232994
0.5225395664637863
0.5225272656750608
0.522515166662497
0.5225032053031639
0.5224913392530375
0.5224795408517342
0.5224677922886282
0.5224560823179871
0.5224444040337213
0.5224327533677559
0.5224211280816059
0.5224095270932781
0.5223979500314878
0.5223863969434018
0.5223748681055965
0.5223633639040042
0.5223518847596345
0.5223404310843779
0.522329003256331
0.5223176016075735
0.5223062264197017
0.5222948779240209
0.5222835563043856
0.5222722617013955
0.5222609942171392
0.522249753919996
0.5222385408492107
0.5222273550190991
0.5222161964228095
0.5222050650356351
0.5221939608178906
0.5221828837173843
0.52217183367153
0.522160810609136
0.5221498144519185
0.5221388451157731
0.5221279025118405
0.5221169865473989
0.5221060971266093
0.5220952341511347
0.522084397520657
0.5220735871333058
0.5220628028860139
0.5220520446748138
0.5220413123950799
0.5220306059417329
0.5220199252094062
0.5220092700925845
0.5219986404857171
0.5219880362833127
0.5219774573800167
0.5219669036706743
0.5219563750503838
0.5219458714145384
0.5219353926588619
0.5219249386794367
0.5219145093727273
0.5219041046355996
0.5218937243653347
0.521883368459642
0.5218730368166686
0.5218627293350067
0.5218524459136988
0.521842186452243
0.5218319508505959
0.5218217390091742
0.5218115508288571
0.5218013862109865
0.5217912450573672
0.5217811272702669
0.5217710327524157
0.5217609614070046
0.5217509131376856
0.5217408878485692
0.5217308854442229
0.5217209058296706
0.52171094891039
0.5217010145923111
0.5216911027818139
0.5216812133857267
0.5216713463113245
0.5216615014663262
0.5216516787588928
0.5216418780976257
0.521632099391564
0.521622342550182
0.5216126074833891
0.5216028941015246
0.5215932023153584
0.5215835320360869
0.5215738831753316
0.521564255645137
0.5215546493579685
0.5215450642267098
0.5215355001646612
0.5215259570855374
0.5215164349034653
0.521506933532982
0.5214974528890324
0.521487992886967
0.5214785534425408
0.5214691344719099
0.5214597358916304
0.5214503576186559
0.5214409995703353
0.5214316616644108
0.521422343819017
0.5214130459526765
0.5214037679842999
0.5213945098331835
0.5213852714190065
0.5213760526618292
0.5213668534820917
0.521357673800611
0.5213485135385801
0.5213393726175648
0.5213302509595026
0.5213211484867009
0.5213120651218338
0.5213030007879418
0.5212939554084289
0.5212849289070611
0.5212759212079641
0.5212669322356215
0.5212579619148734
0.5212490101709141
0.52124007692929
0.5212311621158987
0.5212222656569858
0.5212133874791444
0.5212045275093119
0.5211956856747698
0.5211868619031403
0.5211780561223858
0.521169268260806
0.5211604982470368
0.5211517460100483
0.5211430114791432
0.5211342945839551
0.5211255952544461
0.5211169134209058
0.5211082490139494
0.5210996019645155
0.5210909722038652
0.5210823596635795
0.5210737642755585
0.521065185972019
0.5210566246854926
0.5210480803488253
0.5210395528951748
0.5210310422580087
0.5210225483711034
0.5210140711685426
0.5210056105847147
0.5209971665543123
0.52098873901233
0.5209803278940627
0.5209719331351045
0.5209635546713465
0.5209551924389755
0.5209468463744727
0.5209385164146116
0.5209302024964572
0.5209219045573628
0.5209136225349709
0.5209053563672098
0.5208971059922924
0.5208888713487153
0.5208806523752568
0.5208724490109754
0.5208642611952085
0.520856088867571
0.520847931967953
0.5208397904365198
0.520831664213709
0.5208235532402297
0.5208154574570611
0.520807376805451
0.5207993112269144
0.5207912606632313
0.520783225056447
0.5207752043488687
0.5207671984830657
0.5207592074018668
0.52075123104836
0.5207432693658899
0.5207353222980573
0.520727389788718
0.5207194717819804
0.5207115682222047
0.5207036790540016
0.5206958042222312
0.5206879436720008
0.520680097348665
0.5206722651978228
0.5206644471653173
0.5206566431972341
0.5206488532399002
0.5206410772398823
0.5206333151439855
0.5206255668992531
0.5206178324529636
0.5206101117526308
0.5206024047460024
0.5205947113810576
0.5205870316060075
0.5205793653692924
0.5205717126195818
0.5205640733057724
0.520556447376987
0.5205488347825734
0.5205412354721032
0.5205336493953706
0.5205260765023916
0.5205185167434014
0.5205109700688556
0.5205034364294265
0.5204959157760036
0.5204884080596921
0.5204809132318113
0.5204734312438941
0.5204659620476848
0.5204585055951398
0.5204510618384244
0.5204436307299133
0.520436212222188
0.5204288062680378
0.5204214128204563
0.5204140318326418
0.520406663257996
0.5203993070501226
0.5203919631628268
0.5203846315501126
0.5203773121661847
0.5203700049654444
0.5203627099024902
0.5203554269321167
0.5203481560093126
0.5203408970892611
0.5203336501273373
0.520326415079109
0.5203191919003334
0.5203119805469583
0.52030478097512
0.5202975931411417
0.5202904170015341
0.5202832525129935
0.5202760996324
0.5202689583168183
0.5202618285234955
0.5202547102098604
0.5202476033335226
0.5202405078522714
0.5202334237240755
0.5202263509070809
0.5202192893596108
0.5202122390401649
0.5202051999074171
0.5201981719202163
0.5201911550375844
0.5201841492187156
0.5201771544229756
0.5201701706099009
0.5201631977391974
0.5201562357707396
0.5201492846645703
0.520142344380899
0.5201354148801014
0.5201284961227182
0.520121588069455
0.5201146906811804
0.520107803918926
0.5201009277438847
0.520094062117411
0.520087207001019
0.5200803623563823
0.5200735281453326
0.5200667043298597
0.5200598908721098
0.520053087734385
0.5200462948791427
0.5200395122689947
0.5200327398667062
0.5200259776351949
0.5200192255375307
0.5200124835369343
0.5200057515967771
0.5199990296805801
0.5199923177520125
0.519985615774892
0.5199789237131831
0.5199722415309972
0.519965569192591
0.5199589066623662
0.519952253904869
0.5199456108847884
0.5199389775669568
0.519932353916348
0.519925739898077
0.5199191354773994
0.5199125406197109
0.5199059552905456
0.5198993794555762
0.5198928130806127
0.5198862561316026
0.5198797085746284
0.5198731703759095
0.5198666415017986
0.5198601219187837
0.5198536115934853
0.5198471104926566
0.5198406185831834
0.5198341358320823
0.5198276622065005
0.519821197673715
0.519814742201133
0.5198082957562891
0.5198018583068464
0.5197954298205956
0.5197890102654532
0.5197825996094625
0.5197761978207915
0.5197698048677333
0.519763420718705
0.5197570453422466
0.5197506787070216
0.5197443207818153
0.5197379715355344
0.5197316309372065
0.5197252989559796
0.5197189755611215
0.5197126607220187
0.5197063544081761
0.5197000565892169
0.5196937672348809
0.5196874863150254
0.5196812137996222
0.51967494965876
0.5196686938626419
0.5196624463815851
0.5196562071860202
0.5196499762464915
0.5196437535336551
0.51963753901828
0.5196313326712454
0.5196251344635423
0.5196189443662712
0.5196127623506426
0.5196065883879762
0.5196004224497001
0.5195942645073502
0.5195881145325701
0.5195819724971107
0.519575838372828
0.519569712131685
0.5195635937457499
0.5195574831871946
0.5195513804282963
0.5195452854414355
0.5195391981990957
0.5195331186738631
0.5195270468384261
0.5195209826655747
0.5195149261281998
0.519508877199293
0.5195028358519456
0.5194968020593489
0.5194907757947929
0.5194847570316664
0.5194787457434558
0.5194727419037454
0.5194667454862163
0.5194607564646464
0.5194547748129091
0.5194488005049741
0.5194428335149054
0.5194368738168621
0.5194309213850974
0.5194249761939579
0.5194190382178832
0.5194131074314059
0.519407183809151
0.5194012673258346
0.5193953579562642
0.5193894556753387
0.5193835604580469
0.5193776722794674
0.5193717911147684
0.5193659169392069
0.5193600497281285
0.5193541894569671
0.5193483361012439
0.5193424896365673
0.5193366500386325
0.519330817283221
0.5193249913462
0.5193191722035225
0.5193133598312261
0.5193075542054326
0.5193017553023488
0.5192959630982645
0.519290177569553
0.5192843986926701
0.5192786264441546
0.5192728608006266
0.5192671017387882
0.5192613492354223
0.5192556032673931
0.5192498638116441
0.5192441308451995
0.5192384043451631
0.5192326842887172
0.5192269706531227
0.5192212634157195
0.5192155625539246
0.5192098680452328
0.5192041798672158
0.5191984979975223
0.5191928224138762
0.519187153094079
0.5191814900160063
0.519175833157609
0.5191701824969129
0.5191645380120182
0.5191588996810987
0.519153267482402
0.5191476413942486
0.5191420213950317
0.5191364074632174
0.519130799577343
0.519125197716018
0.5191196018579229
0.5191140119818092
0.5191084280664986
0.5191028500908833
0.5190972780339254
0.5190917118746554
0.5190861515921736
0.5190805971656494
0.5190750485743191
0.5190695057974881
0.519063968814529
0.5190584376048815
0.5190529121480518
0.5190473924236132
0.5190418784112052
0.5190363700905323
0.5190308674413648
0.5190253704435381
0.5190198790769525
0.5190143933215722
0.5190089131574256
0.5190034385646047
0.5189979695232653
0.518992506013625
0.5189870480159653
0.5189815955106292
0.5189761484780215
0.5189707068986094
0.5189652707529205
0.5189598400215438
0.5189544146851286
0.5189489947243844
0.5189435801200806
0.5189381708530464
0.5189327669041701
0.5189273682543987
0.5189219748847378
0.5189165867762514
0.5189112039100612
0.5189058262673464
0.5189004538293436
0.5188950865773463
0.5188897244927042
0.518884367556824
0.5188790157511673
0.5188736690572523
0.5188683274566516
0.5188629909309931
0.5188576594619594
0.5188523330312875
0.5188470116207681
0.5188416952122454
0.5188363837876173
0.5188310773288345
0.5188257758179008
0.5188204792368716
0.5188151875678548
0.5188099007930105
0.5188046188945492
0.5187993418547332
0.5187940696558756
0.5187888022803397
0.5187835397105394
0.5187782819289375
0.5187730289180474
0.5187677806604312
0.5187625371387001
0.5187572983355138
0.5187520642335801
0.5187468348156552
0.5187416100645427
0.5187363899630937
0.518731174494206
0.5187259636408248
0.5187207573859411
0.5187155557125924
0.5187103586038619
0.5187051660428785
0.5186999780128161
0.5186947944968933
0.5186896154783737
0.518684440940565
0.5186792708668191
0.5186741052405313
0.5186689440451406
0.5186637872641285
0.5186586348810199
0.518653486879382
0.5186483432428239
0.518643203954997
0.5186380689995937
0.5186329383603482
0.5186278120210351
0.5186226899654705
0.5186175721775099
0.5186124586410494
0.5186073493400247
0.5186022442584112
0.5185971433802227
0.5185920466895126
0.5185869541703729
0.5185818658069331
0.5185767815833612
0.518571701483863
0.5185666254926806
0.5185615535940946
0.5185564857724212
0.5185514220120134
0.5185463622972606
0.5185413066125876
0.518536254942455
0.5185312072713588
0.5185261635838291
0.5185211238644315
0.5185160880977657
0.518511056268465
0.5185060283611973
0.5185010043606628
0.5184959842515957
0.5184909680187625
0.5184859556469625
0.5184809471210271
0.5184759424258198
0.5184709415462353
0.5184659444671998
0.5184609511736707
0.5184559616506357
0.5184509758831134
0.5184459938561519
0.5184410155548295
0.5184360409642537
0.5184310700695614
0.5184261028559184
0.5184211393085189
0.518416179412585
0.518411223153368
0.5184062705161451
0.5184013214862225
0.5183963760489322
0.5183914341896334
0.5183864958937119
0.5183815611465792
0.5183766299336732
0.5183717022404564
0.5183667780524172
0.5183618573550687
0.5183569401339485
0.5183520263746184
0.5183471160626645
0.5183422091836956
0.518337305723345
0.5183324056672681
0.5183275090011435
0.5183226157106723
0.5183177257815765
0.5183128391996015
0.5183079559505129
0.5183030760200982
0.518298199394165
0.5182933260585417
0.5182884559990774
0.5182835892016397
0.5182787256521174
0.5182738653364171
0.5182690082404648
0.5182641543502053
0.5182593036516016
0.5182544561306339
0.5182496117733009
0.5182447705656182
0.5182399324936182
0.5182350975433502
0.5182302657008795
0.5182254369522878
0.5182206112836718
0.5182157886811442
0.518210969130832
0.5182061526188775
0.5182013391314365
0.51819652865468
0.5181917211747915
0.5181869166779686
0.5181821151504209
0.518177316578372
0.5181725209480568
0.5181677282457224
0.5181629384576278
0.5181581515700431
0.5181533675692492
0.518148586441538
0.5181438081732116
0.5181390327505815
0.5181342601599696
0.5181294903877062
0.5181247234201314
0.518119959243593
0.5181151978444477
0.5181104392090599
0.5181056833238007
0.5181009301750497
0.518096179749192
0.5180914320326203
0.5180866870117327
0.5180819446729331
0.5180772050026308
0.5180724679872403
0.5180677336131808
0.5180630018668756
0.518058272734752
0.518053546203241
0.5180488222587764
0.5180441008877955
0.5180393820767377
0.5180346658120446
0.5180299520801597
0.5180252408675273
0.5180205321605937
0.5180158259458048
0.5180111222096077
0.5180064209384484
0.5180017221187735
0.5179970257370281
0.517992331779656
0.5179876402330996
0.5179829510837995
0.5179782643181934
0.5179735799227169
0.5179688978838015
0.5179642181878762
0.5179595408213653
0.5179548657706894
0.5179501930222639
0.5179455225624991
0.5179408543778005
0.5179361884545668
0.5179315247791909
0.5179268633380592
0.5179222041175505
0.5179175471040365
0.5179128922838807
0.5179082396434387
0.5179035891690574
0.5178989408470742
0.517894294663817
0.5178896506056043
0.517885008658744
0.5178803688095329
0.5178757310442571
0.517871095349191
0.5178664617105968
0.5178618301147245
0.5178572005478113
0.517852572996081
0.5178479474457438
0.5178433238829955
0.5178387022940176
0.517834082664977
0.5178294649820245
0.5178248492312953
0.5178202353989085
0.5178156234709663
0.5178110134335541
0.517806405272739
0.5178017989745707
0.5177971945250803
0.5177925919102796
0.5177879911161616
0.5177833921286991
0.5177787949338444
0.5177741995175298
0.5177696058656656
0.517765013964141
0.5177604237988229
0.517755835355556
0.517751248620161
0.5177466635784362
0.5177420802161554
0.5177374985190677
0.5177329184728982
0.5177283400633457
0.5177237632760834
0.5177191880967585
0.5177146145109913
0.5177100425043741
0.5177054720624727
0.5177009031708236
0.5176963358149348
0.5176917699802855
0.5176872056523246
0.5176826428164709
0.5176780814581127
0.5176735215626073
0.5176689631152793
0.5176644061014224
0.5176598505062964
0.5176552963151286
0.5176507435131122
0.5176461920854065
0.5176416420171357
0.5176370932933885
0.5176325458992186
0.5176279998196426
0.5176234550396406
0.5176189115441553
0.5176143693180915
0.5176098283463154
0.5176052886136544
0.5176007501048967
0.5175962128047896
0.5175916766980407
0.5175871417693161
0.5175826080032402
0.5175780753843953
0.517573543897321
0.5175690135265133
0.5175644842564247
0.517559956071463
0.5175554289559913
0.5175509028943267
0.5175463778707406
0.5175418538694577
0.5175373308746554
0.5175328088704628
0.5175282878409615
0.5175237677701833
0.5175192486421111
0.5175147304406773
0.5175102131497635
0.5175056967532004
0.5175011812347661
0.517496666578187
0.5174921527671359
0.5174876397852322
0.5174831276160405
0.5174786162430715
0.5174741056497789
0.517469595819562
0.5174650867357617
0.5174605783816633
0.5174560707404924
0.5174515637954169
0.5174470575295457
0.5174425519259275
0.5174380469675504
0.5174335426373414
0.5174290389181665
0.5174245357928282
0.5174200332440667
0.5174155312545585
0.5174110298069153
0.5174065288836843
0.5174020284673471
0.5173975285403185
0.5173930290849468
0.5173885300835126
0.5173840315182283
0.517379533371237
0.5173750356246125
0.5173705382603583
0.5173660412604065
0.5173615446066184
0.517357048280782
0.5173525522646127
0.517348056539752
0.5173435610877676
0.5173390658901509
0.5173345709283185
0.5173300761836099
0.5173255816372877
0.5173210872705358
0.5173165930644605
0.5173120990000881
0.5173076050583645
0.5173031112201553
0.5172986174662441
0.5172941237773322
0.5172896301340382
0.5172851365168967
0.5172806429063572
0.517276149282785
0.5172716556264585
0.5172671619175694
0.5172626681362219
0.5172581742624323
0.5172536802761267
0.5172491861571431
0.5172446918852267
0.5172401974400328
0.5172357028011242
0.5172312079479704
0.5172267128599471
0.5172222175163357
0.5172177218963221
0.5172132259789957
0.5172087297433495
0.5172042331682785
0.5171997362325785
0.5171952389149468
0.5171907411939797
0.5171862430481728
0.5171817444559197
0.517177245395511
0.5171727458451343
0.5171682457828723
0.5171637451867023
0.5171592440344956
0.5171547423040171
0.517150239972923
0.5171457370187611
0.51714123341897
0.5171367291508768
0.5171322241916989
0.5171277185185399
0.517123212108391
0.5171187049381295
0.5171141969845178
0.5171096882242023
0.5171051786337125
0.5171006681894609
0.5170961568677412
0.5170916446447276
0.5170871314964738
0.5170826173989125
0.5170781023278541
0.5170735862589857
0.517069069167871
0.5170645510299474
0.5170600318205274
0.5170555115147959
0.5170509900878103
0.5170464675144988
0.5170419437696602
0.5170374188279618
0.5170328926639399
0.5170283652519974
0.5170238365664034
0.5170193065812926
0.5170147752706638
0.5170102426083788
0.5170057085681619
0.5170011731235982
0.5169966362481332
0.5169920979150716
0.5169875580975762
0.5169830167686665
0.5169784739012186
0.5169739294679632
0.5169693834414845
0.5169648357942203
0.5169602864984599
0.5169557355263433
0.5169511828498602
0.5169466284408484
0.5169420722709939
0.5169375143118285
0.5169329545347296
0.5169283929109185
0.5169238294114598
0.5169192640072596
0.5169146966690654
0.5169101273674643
0.5169055560728812
0.516900982755579
0.5168964073856572
0.5168918299330497
0.5168872503675245
0.5168826686586827
0.5168780847759569
0.5168734986886095
0.5168689103657331
0.5168643197762478
0.5168597268889007
0.5168551316722642
0.5168505340947356
0.5168459341245353
0.5168413317297055
0.5168367268781092
0.5168321195374294
0.5168275096751664
0.5168228972586384
0.5168182822549793
0.5168136646311369
0.5168090443538728
0.5168044213897602
0.5167997957051836
0.516795167266336
0.5167905360392191
0.5167859019896412
0.516781265083216
0.5167766252853615
0.5167719825612981
0.5167673368760484
0.5167626881944345
0.5167580364810777
0.5167533817003961
0.5167487238166047
0.5167440627937129
0.5167393985955229
0.5167347311856295
0.5167300605274179
0.5167253865840621
0.5167207093185239
0.5167160286935517
0.5167113446716786
0.5167066572152208
0.5167019662862772
0.5166972718467268
0.5166925738582272
0.5166878722822148
0.5166831670799011
0.5166784582122728
0.5166737456400895
0.5166690293238827
0.5166643092239538
0.5166595853003728
0.5166548575129775
0.51665012582137
0.5166453901849177
0.51664065056275
0.5166359069137566
0.5166311591965878
0.5166264073696503
0.5166216513911083
0.5166168912188795
0.5166121268106354
0.5166073581237982
0.51660258511554
0.5165978077427815
0.5165930259621894
0.5165882397301751
0.5165834490028934
0.5165786537362407
0.5165738538858528
0.5165690494071037
0.5165642402551041
0.5165594263846991
0.5165546077504665
0.5165497843067162
0.5165449560074866
0.5165401228065447
0.5165352846573827
0.5165304415132177
0.5165255933269884
0.5165207400513551
0.516515881638696
0.516511018041107
0.516506149210399
0.5165012750980958
0.5164963956554334
0.516491510833357
0.5164866205825198
0.5164817248532805
0.5164768235957024
0.5164719167595503
0.5164670042942896
0.5164620861490838
0.5164571622727929
0.5164522326139709
0.5164472971208646
0.5164423557414112
0.5164374084232359
0.5164324551136511
0.5164274957596532
0.5164225303079211
0.5164175587048141
0.5164125808963699
0.5164075968283024
0.5164026064460003
0.5163976096945238
0.5163926065186032
0.5163875968626371
0.5163825806706899
0.5163775578864895
0.5163725284534253
0.5163674923145467
0.5163624494125595
0.5163573996898254
0.5163523430883579
0.516347279549822
0.5163422090155312
0.5163371314264446
0.5163320467231652
0.5163269548459385
0.5163218557346483
0.5163167493288161
0.5163116355675982
0.5163065143897831
0.5163013857337895
0.5162962495376637
0.516291105739078
0.5162859542753269
0.5162807950833261
0.5162756280996093
0.5162704532603256
0.516265270501238
0.5162600797577207
0.5162548809647551
0.5162496740569296
0.5162444589684354
0.516239235633065
0.5162340039842088
0.5162287639548538
0.5162235154775796
0.5162182584845563
0.5162129929075423
0.5162077186778821
0.5162024357265017
0.5161971439839085
0.5161918433801868
0.5161865338449957
0.5161812153075662
0.5161758876966995
0.5161705509407627
0.5161652049676871
0.5161598497049652
0.5161544850796476
0.5161491110183406
0.5161437274472033
0.5161383342919443
0.5161329314778201
0.5161275189296304
0.5161220965717163
0.5161166643279578
0.5161112221217694
0.516105769876099
0.5161003075134233
0.5160948349557457
0.5160893521245934
0.5160838589410132
0.5160783553255697
0.5160728411983422
0.5160673164789206
0.5160617810864034
0.5160562349393938
0.5160506779559969
0.5160451100538164
0.5160395311499512
0.5160339411609931
0.5160283400030224
0.5160227275916054
0.5160171038417904
0.5160114686681058
0.5160058219845548
0.5160001637046139
0.5159944937412281
0.515988812006809
0.5159831184132294
0.5159774128718222
0.5159716952933749
0.5159659655881275
0.5159602236657681
0.5159544694354299
0.5159487028056875
0.5159429236845535
0.5159371319794744
0.5159313275973277
0.5159255104444176
0.5159196804264714
0.5159138374486367
0.5159079814154764
0.5159021122309657
0.5158962297984881
0.515890334020832
0.5158844248001861
0.5158785020381367
0.5158725656356622
0.5158666154931308
0.5158606515102961
0.5158546735862927
0.5158486816196322
0.5158426755082001
0.5158366551492505
0.5158306204394034
0.5158245712746397
0.515818507550297
0.5158124291610661
0.5158063360009865
0.5158002279634419
0.5157941049411569
0.5157879668261913
0.5157818135099373
0.5157756448831143
0.5157694608357648
0.5157632612572498
0.5157570460362452
0.5157508150607357
0.5157445682180126
0.5157383053946677
0.5157320264765887
0.5157257313489557
0.5157194198962358
0.5157130920021789
0.5157067475498126
0.515700386421438
0.515694008498625
0.5156876136622064
0.5156812017922754
0.5156747727681783
0.5156683264685111
0.5156618627711147
0.5156553815530691
0.5156488826906894
0.5156423660595195
0.5156358315343289
0.515629278989106
0.5156227082970543
0.5156161193305859
0.5156095119613175
0.515602886060065
0.5155962414968379
0.515589578140834
0.5155828958604343
0.5155761945231983
0.5155694739958566
0.5155627341443084
0.5155559748336138
0.5155491959279885
0.5155423972907996
0.5155355787845588
0.515528740270917
0.5155218816106593
0.5155150026636981
0.5155081032890689
0.5155011833449232
0.5154942426885234
0.5154872811762369
0.5154802986635296
0.5154732950049608
0.5154662700541767
0.5154592236639046
0.5154521556859466
0.515445065971174
0.5154379543695203
0.5154308207299759
0.5154236649005811
0.5154164867284204
0.5154092860596161
0.5154020627393217
0.5153948166117148
0.5153875475199928
0.5153802553063638
0.5153729398120417
0.5153656008772389
0.5153582383411603
0.5153508520419956
0.5153434418169137
0.5153360075020547
0.5153285489325241
0.5153210659423855
0.5153135583646534
0.5153060260312866
0.515298468773181
0.5152908864201624
0.5152832788009798
0.5152756457432974
0.5152679870736883
0.5152603026176263
0.5152525921994793
0.5152448556425014
0.5152370927688256
0.5152293033994564
0.5152214873542623
0.5152136444519677
0.5152057745101458
0.5151978773452103
0.515189952772408
0.515182000605811
0.515174020658309
0.5151660127416002
0.5151579766661848
0.515149912241356
0.5151418192751922
0.5151336975745484
0.5151255469450488
0.5151173671910771
0.5151091581157702
0.5151009195210073
0.5150926512074036
0.5150843529743001
0.5150760246197563
0.5150676659405404
0.5150592767321217
0.5150508567886602
0.5150424059029998
0.5150339238666573
0.515025410469815
0.5150168655013108
0.5150082887486293
0.5149996799978924
0.5149910390338505
0.5149823656398727
0.5149736595979375
0.5149649206886235
0.5149561486910998
0.5149473433831165
0.5149385045409948
0.5149296319396172
0.5149207253524177
0.5149117845513727
0.5149028093069896
0.514893799388298
0.514884754562839
0.514875674596655
0.5148665592542798
0.5148574082987282
0.5148482214914849
0.5148389985924954
0.5148297393601536
0.5148204435512929
0.5148111109211746
0.5148017412234769
0.5147923342102849
0.5147828896320791
0.5147734072377238
0.5147638867744574
0.5147543279878795
0.5147447306219411
0.514735094418933
0.514725419119473
0.514715704462496
0.514705950185242
0.5146961560232435
0.514686321710315
0.5146764469785401
0.5146665315582601
0.5146565751780622
0.5146465775647662
0.5146365384434137
0.5146264575372549
0.5146163345677365
0.5146061692544892
0.514595961315315
0.5145857104661749
0.5145754164211752
0.5145650788925559
0.5145546975906767
0.5145442722240047
0.5145338024991006
0.5145232881206061
0.5145127287912299
0.5145021242117347
0.5144914740809235
0.5144807780956262
0.5144700359506857
0.514459247338944
0.5144484119512279
0.5144375294763359
0.5144265996010232
0.5144156220099878
0.5144045963858564
0.5143935224091695
0.5143823997583667
0.5143712281097726
0.514360007137582
0.5143487365138443
0.5143374159084492
0.5143260449891114
0.5143146234213553
0.5143031508684996
0.5142916269916424
0.5142800514496451
0.5142684238991162
0.5142567439943972
0.5142450113875454
0.5142332257283176
0.5142213866641554
0.5142094938401678
0.514197546899115
0.5141855454813924
0.5141734892250134
0.5141613777655932
0.5141492107363317
0.5141369877679961
0.5141247084889051
0.5141123725249102
0.514099979499379
0.5140875290331782
0.5140750207446553
0.5140624542496206
0.5140498291613309
0.51403714509047
0.5140244016451307
0.5140115984307976
0.5139987350503279
0.5139858111039326
0.5139728261891588
0.5139597799008706
0.5139466718312296
0.5139335015696764
0.5139202687029117
0.5139069728148761
0.5138936134867313
0.5138801902968406
0.5138667028207484
0.5138531506311611
0.5138395332979269
0.5138258503880149
0.5138121014654959
0.5137982860915217
0.5137844038243032
0.5137704542190917
0.513756436828156
0.5137423512007632
0.5137281968831555
0.5137139734185312
0.5136996803470207
0.5136853172056668
0.5136708835284018
0.5136563788460258
0.5136418026861846
0.5136271545733478
0.5136124340287854
0.5135976405705462
0.5135827737134344
0.5135678329689868
0.5135528178454496
0.5135377278477561
0.5135225624775017
0.5135073212329213
0.5134920036088655
0.5134766090967764
0.5134611371846639
0.5134455873570809
0.5134299590950991
0.5134142518762852
0.5133984651746747
0.5133825984607474
0.5133666512014035
0.5133506228599369
0.5133345128960096
0.5133183207656278
0.5133020459211136
0.5132856878110817
0.5132692458804109
0.5132527195702188
0.5132361083178348
0.5132194115567748
0.5132026287167119
0.5131857592234512
0.5131688024989018
0.5131517579610493
0.5131346250239281
0.5131174030975942
0.513100091588096
0.513082689897447
0.5130651974235969
0.5130476135604035
0.5130299376976031
0.5130121692207821
0.5129943075113476
0.512976351946498
0.5129583018991934
0.5129401567381259
0.5129219158276892
0.5129035785279489
0.5128851441946114
0.5128666121789947
0.5128479818279957
0.5128292524840606
0.5128104234851534
0.5127914941647234
0.5127724638516751
0.5127533318703358
0.5127340975404227
0.5127147601770117
0.5126953190905048
0.5126757735865966
0.5126561229662424
0.5126363665256242
0.5126165035561179
0.5125965333442597
0.512576455171712
0.5125562683152298
0.5125359720466264
0.5125155656327383
0.5124950483353918
0.512474419411367
0.5124536781123632
0.5124328236849639
0.5124118553706003
0.5123907724055163
0.5123695740207322
0.5123482594420091
0.5123268278898113
0.5123052785792704
0.5122836107201484
0.5122618235168002
0.5122399161681362
0.5122178878675857
0.5121957378030576
0.5121734651569032
0.5121510691058778
0.5121285488211019
0.5121059034680231
0.5120831322063762
0.5120602341901445
0.5120372085675201
0.5120140544808649
0.5119907710666693
0.5119673574555135
0.5119438127720258
0.511920136134843
0.5118963266565686
0.5118723834437324
0.5118483055967487
0.5118240922098748
0.5117997423711691
0.5117752551624488
0.5117506296592484
0.5117258649307762
0.5117009600398715
0.5116759140429621
0.5116507259900209
0.5116253949245215
0.511599919883396
0.5115742998969893
0.5115485339890158
0.5115226211765146
0.5114965604698046
0.5114703508724401
0.5114439913811648
0.5114174809858663
0.5113908186695315
0.5113640034081988
0.5113370341709134
0.5113099099196804
0.5112826296094177
0.5112551921879092
0.5112275965957583
0.5111998417663393
0.5111719266257507
0.5111438500927667
0.5111156110787893
0.5110872084878
0.511058641216311
0.5110299081533157
0.5110010081802412
0.5109719401708979
0.5109427029914289
0.5109132955002622
0.5108837165480598
0.5108539649776667
0.5108240396240618
0.5107939393143054
0.5107636628674896
0.510733209094687
0.5107025767988983
0.5106717647750012
0.5106407718096992
0.510609596681468
0.5105782381605042
0.5105466950086723
0.5105149659794526
0.5104830498178867
0.5104509452605261
0.5104186510353773
0.5103861658618488
0.5103534884506968
0.5103206175039722
0.5102875517149648
0.5102542897681497
0.5102208303391323
0.5101871720945937
0.510153313692235
0.510119253780723
0.5100849909996328
0.5100505239793947
0.5100158513412361
0.5099809716971262
0.5099458836497205
0.5099105857923024
0.5098750767087291
0.5098393549733724
0.5098034191510634
0.5097672677970344
0.5097308994568618
0.5096943126664091
0.5096575059517683
0.5096204778292032
0.5095832268050899
0.5095457513758612
0.5095080500279446
0.5094701212377081
0.509431963471398
0.5093935751850829
0.509354954824593
0.5093161008254624
0.5092770116128693
0.5092376856015772
0.5091981211958753
0.5091583167895191
0.5091182707656712
0.5090779814968416
0.5090374473448277
0.5089966666606546
0.5089556377845151
0.5089143590457101
0.5088728287625888
0.5088310452424871
0.5087890067816694
0.5087467116652667
0.5087041581672171
0.5086613445502057
0.5086182690656038
0.5085749299534084
0.5085313254421823
0.5084874537489927
0.5084433130793518
0.5083989016271554
0.5083542175746236
0.5083092590922391
0.5082640243386871
0.5082185114607956
0.5081727185934731
0.5081266438596512
0.5080802853702215
0.5080336412239769
0.5079867095075505
0.5079394882953563
0.5078919756495285
0.5078441696198617
0.5077960682437507
0.5077476695461317
0.5076989715394218
0.5076499722234591
0.5076006695854443
0.5075510615998804
0.5075011462285149
0.5074509214202789
0.50740038511123
0.5073495352244931
0.5072983696702015
0.5072468863454392
0.5071950831341825
0.5071429579072428
0.5070905085222083
0.5070377328233866
0.5069846286417488
0.5069311937948706
0.5068774260868781
0.5068233233083896
0.5067688832364607
0.5067141036345284
0.5066589822523553
0.5066035168259753
0.5065477050776385
0.506491544715757
0.5064350334348514
0.5063781689154959
0.5063209488242673
0.50626337081369
0.5062054325221856
0.5061471315740195
0.5060884655792507
0.5060294321336801
0.5059700288188003
0.5059102532017457
0.5058501028352423
0.5057895752575606
0.5057286679924646
0.5056673785491663
0.505605704422277
0.5055436430917613
0.5054811920228903
0.5054183486661968
0.5053551104574303
0.5052914748175129
0.5052274391524948
0.5051630008535127
0.5050981572967471
0.5050329058433807
0.5049672438395576
0.5049011686163439
0.5048346774896879
0.5047677677603813
0.504700436714023
0.5046326816209808
0.5045644997363556
0.504495888299947
0.5044268445362182
0.5043573656542631
0.5042874488477738
0.5042170912950078
0.5041462901587596
0.5040750425863288
0.5040033457094925
0.5039311966444774
0.5038585924919333
0.5037855303369063
0.5037120072488158
0.5036380202814297
0.5035635664728418
0.5034886428454519
0.5034132464059439
0.5033373741452668
0.5032610230386183
0.5031841900454261
0.5031068721093337
0.5030290661581849
0.5029507691040122
0.5028719778430231
0.5027926892555912
0.5027129002062457
0.5026326075436641
0.5025518081006658
0.5024704986942057
0.502388676125372
0.5023063371793819
0.5022234786255818
0.5021400972174476
0.5020561896925859
0.5019717527727376
0.501886783163783
0.5018012775557477
0.5017152326228099
0.501628645023312
0.5015415113997683
0.5014538283788808
0.501365592571551
0.5012768005728967
0.5011874489622696
0.5010975343032739
0.5010070531437871
0.5009160020159835
0.5008243774363572
0.5007321759057483
0.5006393939093712
0.5005460279168437
0.5004520743822184
0.5003575297440158
0.500262390425259
0.5001666528335107
0.5000703133609123
0.499973368384223
0.49987581426486427
0.49977764734896174
0.4996788639673941
0.499579460435839
0.49947943305482456
0.4993787781097809
0.4992774918710945
0.499175570594164
0.49907301051945896
0.4989698078725788
0.4988659588643165
0.4987614596907217
0.4986563065331676
0.49855049555841857
0.4984440229187016
0.49833688475177823
0.4982290771810195
0.4981205963154822
0.4980114382499888
0.4979015990652072
0.49779107482773505
0.4976798615901848
0.4975679553912703
0.4974553522558982
0.4973420481952583
0.49722803920691805
0.497113321274919
0.4969978903698751
0.49688174244907296
0.49676487345657555
0.49664727932332575
0.496528955967255
0.49640989929339174
0.49629010519397365
0.4961695695485607
0.49604828822415203
0.4959262570753038
0.49580347194424934
0.49567992866102184
0.4955556230435798
0.4954305508979331
0.49530470801827303
0.49517809018710285
0.495050693175372
0.49492251274261123
0.4947935446370709
0.4946637845958609
0.49453322834509233
0.49440187160002247
0.49426971006520093
0.49413673943461756
0.4940029553918536
0.4938683536102342
0.49373292975298333
0.4935966794733797
0.4934595984149166
0.4933216822114621
0.49318292648742135
0.49304332685790264
0.4929028789288825
0.4927615782973755
0.49261942055160407
0.4924764012711714
0.4923325160272347
0.4921877603826828
0.49204212989231244
0.491895620103009
0.4917482265539276
0.49159994477667535
0.49145077029549783
0.49130069862746384
0.49114972528265455
0.49099784576435274
0.49084505556923363
0.4906913501875585
0.49053672510336793
0.4903811757946782
0.49022469773367794
0.4900672863869261
0.4899089372155531
0.48974964567545987
0.48958940721752164
0.4894282172877907
0.4892660713277013
0.48910296477427506
0.48893889306032756
0.48877385161467723
0.48860783586235196
0.48844084122480114
0.48827286312010487
0.48810389696318457
0.48793393816601704
0.4877629821378453
0.48759102428539336
0.4874180600130796
0.48724408472323155
0.4870690938163004
0.4868930826910779
0.48671604674491065
0.486537981373917
0.4863588819732037
0.4861787439370819
0.4859975626592843
0.4858153335331821
0.4856320519520014
0.48544771330904046
0.4852623129978856
0.4850758464126285
0.48488830894808194
0.48469969599999585
0.4845100029652728
0.484319225242183
0.48412735823057873
0.483934397332109
0.48374033795043153
0.48354517549142667
0.4833489053634087
0.48315152297733666
0.4829530237470244
0.48275340308934955
0.482552656424462
0.4823507791759896
0.48214776677124527
0.48194361464143004
0.48173831822183644
0.4815318729520501
0.4813242742761501
0.4811155176429069
0.4809055985059795
0.4806945123241106
0.4804822545613197
0.48026882068709503
0.48005420617658323
0.47983840651077614
0.47962141717669743
0.4794032336675848
0.47918385148307313
0.4789632661293708
0.4787414731194389
0.47851846797316394
0.47829424621753
0.47806880338678776
0.47784213502262135
0.4776142366743127
0.47738510389890165
0.4771547322613453
0.4769231173346731
0.4766902547001397
0.47645613994737435
0.476220768674528
0.47598413648841587
0.4757462390046583
0.47550707184781826
0.4752666306515342
0.4750249110586512
0.4747819087213475
0.4745376193012587
0.47429203846959744
0.47404516190727053
0.4737969853049906
0.47354750436338705
0.47329671479311086
0.47304461231493633
0.4727911926598596
0.47253645156919255
0.47228038479465395
0.4720229880984548
0.471764257253382
0.4715041880428764
0.47124277626110794
0.47098001771304543
0.4707159082145238
0.4704504435923057
0.47018361968414113
0.46991543233881994
0.4696458774162231
0.46937495078736813
0.4691026483344503
0.46882896595088086
0.4685538995413195
0.46827744502170326
0.4679995983192723
0.4677203553725885
0.467439712131554
0.4671576645574205
0.4668742086227994
0.46658934031166355
0.4663030556193474
0.4660153505525414
0.4657262211292833
0.46543566337894393
0.4651436733422105
0.4648502470710639
0.46455538062875357
0.46425907008976647
0.46396131153979414
0.46366210107569295
0.463361434805443
0.46305930884810204
0.46275571933375337
0.46245066240345434
0.46214413420917605
0.4618361309137428
0.4615266486907665
0.4612156837245764
0.4609032322101468
0.46058929035302043
0.46027385436922785
0.4599569204852044
0.4596384849377026
0.4593185439737023
0.458997093850316
0.4586741308346931
0.4583496512039193
0.45802365124491373
0.4576961272543226
0.4573670755384107
0.4570364924129502
0.4567043742031049
0.45637071724331435
0.45603551787717483
0.4556987724573164
0.4553604773452796
0.4550206289113889
0.45467922353462425
0.454336257602491
0.45399172751088795
0.45364562966397254
0.4532979604740265
0.4529487163613184
0.45259789375396464
0.4522454890877915
0.45189149880619267
0.45153591935998916
0.4511787472072857
0.450819978813328
0.45045961065035944
0.4500976391974764
0.4497340609404839
0.44936887237175094
0.4490020699900672
0.4486336503004972
0.4482636098142366
0.4478919450484702
0.44751865252622647
0.44714372877623865
0.4467671703328008
0.4463889737356297
0.44600913552972576
0.44562765226523526
0.4452445204973156
0.44485973678600127
0.4444732976960723
0.4440851997969236
0.4436954396624395
0.44330401387086743
0.4429109190046961
0.4425161516505369
0.4421197083990071
0.441721585844617
0.4413217805856604
0.4409202892241082
0.44051710836550684
0.4401122346188795
0.43970566459663163
0.43929739491446207
0.43888742219127735
0.4384757430491104
0.4380623541130455
0.4376472520111479
0.43723043337439754
0.4368118948366301
0.4363916330344819
0.4359696446073423
0.43554592619731075
0.4351204744491605
0.4346932860103099
0.4342643575307978
0.43383368566326824
0.43340126706296084
0.4329670983877085
0.4325311762979428
0.43209349745670633
0.43165405852967365
0.4312128561851798
0.43076988709425634
0.4303251479306766
0.42987863537100846
0.4294303460946779
0.42898027678403783
0.4285284241244494
0.428074784804371
0.42761935551545716
0.4271621329526654
0.4267031138143761
0.42624229480251913
0.42577967262271244
0.42531524398441056
0.4248490056010631
0.42438095419028476
0.42391108647403514
0.4234393991788111
0.4229658890358482
0.4224905527813359
0.4220133871566415
0.4215343889085486
0.4210535547895055
0.4205708815578862
0.42008636597826354
0.41960000482169446
0.4191117948660188
0.41862173289616883
0.41812981570449337
0.4176360400910941
0.4171404028641743
0.4166429008404027
0.41614353084528866
0.4156422897135723
0.4151391742896273
0.41463418142787906
0.41412730799323494
0.41361855086152977
0.41310790691998583
0.41259537306768584
0.41208094621606256
0.4115646232894006
0.4110464012253558
0.4105262769754866
0.41000424750580294
0.40948030979732875
0.40895446084668063
0.4084266976666612
0.40789701728686917
0.4073654167543238
0.4068318931341054
0.40629644351001326
0.40575906498523706
0.40521975468304666
0.4046785097474974
0.4041353273441506
0.40359020466081313
0.4030431389082908
0.4024941273211607
0.4019431671585594
0.4013902557049871
0.4008353902711311
0.4002785681947051
0.39971978684130516
0.39915904360528454
0.3985963359106451
0.3980316612119457
0.39746501699523074
0.3968964007789728
0.39632581011503737
0.3957532425896616
0.3951786958244539
0.39460216747741106
0.3940236552439528
0.39344315685797593
0.39286067009292674
0.39227619276289105
0.39168972272370467
0.3911012578740809
0.3905107961567586
0.38991833555966815
0.38932387411711605
0.38872740991099125
0.3881289410719876
0.3875284657808475
0.38692598226962527
0.38632148882296863
0.3857149837794215
0.38510646553274575
0.38449593253326225
0.3838833832892129
0.3832688163681423
0.3826522303982992
0.3820336240700582
0.3814129961373628
0.3807903454191866
0.38016567080101665
0.3795389712363575
0.3789102457482537
0.3782794934308352
0.37764671345088185
0.3770119050494101
0.3763750675432779
0.37573620032681343
0.37509530287346277
0.3744523747374589
0.3738074155555111
0.37316042504851676
0.37251140302329155
0.3718603493743237
0.37120726408554605
0.37055214723213176
0.36989499898230815
0.36923581959919366
0.36857460944265524
0.3679113689711845
0.3672460987437975
0.3665787994219537
0.36590947177149363
0.3652381166646012
0.3645647350817823
0.36388932811386565
0.3632118969640236
0.3625324429498115
0.36185096750522855
0.36116747218279677
0.36048195865566
0.35979442871970185
0.3591048842956816
0.3584133274313898
0.35771976030382197
0.35702418522136925
0.3563266046260271
0.3556270210956228
0.35492543734605586
0.35422185623355973
0.3535162807569753
0.35280871406004327
0.352099159433708
0.3513876203184398
0.35067410030656676
0.3499586031446253
0.3492411327357175
0.3485216931418849
0.34780028858649287
0.3470769234566229
0.34635160230547973
0.3456243298548025
0.34489511099728826
0.3441639507990205
0.34343085450190514
0.3426958275261127
0.34195887547252435
0.3412200041251809
0.3404792194537377
0.3397365276159157
0.33899193495995944
0.33824544802708817
0.33749707355394837
0.3367468184750627
0.33599468992527426
0.33524069524218403
0.334484841968582
0.33372713785487007
0.33296759086147304
0.3322062091612399
0.3314430011418308
0.33067797540808924
0.3299111407843984
0.32914250631701814
0.3283720812764048
0.32759987515950495
0.3268258976920305
0.3260501588307052
0.3252726687654855
0.3244934379217518
0.32371247696246863
0.32292979679031275
0.32214540854976426
0.3213593236291622
0.3205715536627206
0.3197821105325023
0.3189910063703502
0.31819825355977244
0.3174038647377786
0.31660785279666825
0.3158102308857634
0.315011012413089
0.31421021104699515
0.31340784071772093
0.3126039156188935
0.31179845020896657
0.31099145921259097
0.3101829576219147
0.30937296069781417
0.30856148397104965
0.3077485432433464
0.30693415458839574
0.3061183343527756
0.30530109915678827
0.30448246589521183
0.3036624517379647
0.3028410741306774
0.3020183507951742
0.3011942997298588
0.3003689392100021
0.2995422877879312
0.2987143642931165
0.29788518783215473
0.2970547777886465
0.2962231538229646
0.295390335871914
0.29455634414827736
0.2937211991402496
0.2928849216107521
0.29204753259663485
0.2912090534077537
0.29036950562593045
0.2895289111037871
0.28868729196345966
0.2878446705951818
0.2870010696557451
0.2861565120668292
0.28531102101320227
0.2844646199407927
0.2836173325546274
0.2827691828166378
0.28192019494333437
0.2810703934033446
0.2802198029148192
0.2793684484427015
0.2785163551958618
0.27766354862409753
0.2768100544149959
0.27595589849066254
0.27510110700431417
0.2742457063367354
0.27338972309260157
0.2725331840966669
0.27167611638981914
0.27081854722500126
0.26996050406300065
0.26910201456810795
0.26824310660364664
0.2673838082273721
0.2665241476867461
0.26566415341408295
0.26480385402157514
0.26394327829619413
0.263082455194472
0.2622214138371656
0.26136018350380447
0.260498793627126
0.2596372737873971
0.25877565370663225
0.2579139632427006
0.25705223238333424
0.25619049124003385
0.25532877004187954
0.2544670991292468
0.2536055089474325
0.25274403004019363
0.2518826930432034
0.25102152867742633
0.25016056774241746
0.24929984110954964
0.248439379715172
0.2475792145537033
0.24671937667066524
0.24585989715565915
0.24500080713529082
0.24414213776604615
0.24328392022712403
0.24242618571322916
0.2415689654273311
0.24071229057339044
0.23985619234906191
0.2390007019383727
0.23814585050438702
0.23729166918185537
0.23643818906985814
0.23558544122444555
0.23473345665127748
0.23388226629827177
0.23303190104826163
0.23218239171166843
0.23133376901919558
0.23048606361454468
0.2296393060471637
0.22879352676502532
0.22794875610744653
0.2271050242979485
0.22626236143716433
0.2254207974957977
0.224580362307638
0.22374108556263309
0.22290299680002962
0.2220661254015772
0.22123050058480792
0.22039615139639168
0.21956310670556917
0.21873139519767026
0.21790104536772217
0.21707208551414311
0.21624454373253527
0.2154184479095749
0.2145938257170016
0.21377070460571485
0.2129491117999765
0.21212907429172342
0.21131061883499636
0.21049377194048147
0.2096785598701726
0.20886500863215524
0.20805314397551383
0.20724299138536417
0.2064345760780153
0.20562792299626123
0.2048230568048045
0.20402000188581332
0.2032187823346154
0.2024194219555276
0.20162194425782426
0.2008263724518455
0.20003272944524647
0.19924103783938785
0.19845131992586856
0.1976635976832032
0.19687789277364315
0.19609422654014083
0.1953126200034613
0.19453309385943574
0.19375566847636425
0.1929803638925599
0.19220719981404133
0.19143619561236763
0.19066737032261977
0.18990074264152548
0.18913633092572768
0.18837415319019635
0.1876142271067821
0.18685657000291103
0.18610119886042098
0.18534813031453623
0.18459738065298067
0.18384896581522753
0.18310290139188562
0.18235920262421912
0.18161788440379953
0.18087896127229147
0.18014244742136404
0.17940835669273192
0.1786767025783242
0.17794749822057393
0.1772207564128323
0.1764964895999025
0.17577470987869048
0.17505542899897442
0.17433865836428553
0.17362440903290258
0.17291269171895401
0.17220351679363022
0.17149689428649753
0.17079283388691696
0.17009134494556255
0.16939243647603777
0.16869611715658706
0.1680023953319004
0.16731127901500825
0.16662277588926533
0.16593689331041814
0.165253638308758
0.16457301759135207
0.16389503754435342
0.16321970423538676
0.1625470234160069
0.1618770005242272
0.16120964068711527
0.1605449487234558
0.1598829291464746
0.1592235861666225
0.15856692369441938
0.15791294534335049
0.15726165443281798
0.15661305399114156
0.15596714675860704
0.1553239351905617
0.15468342146055075
0.15404560746349688
0.15341049481891664
0.15277808487417313
0.1521483787077645
0.15152137713264024
0.150897080699552
0.15027548970042684
0.14965660417176885
0.1490404238980823
0.14842694841531623
0.1478161770143276
0.14720810874436197
0.14660274241654808
0.14600007660740644
0.14540010966236822
0.14480283969930424
0.14420826461206077
0.14361638207400024
0.14302718954154847
0.1424406842577416
0.14185686325577404
0.14127572336254665
0.1406972612022116
0.14012147319971296
0.1395483555843216
0.13897790439316424
0.13841011547474255
0.13784498449244298
0.13728250692803687
0.13672267808516603
0.13616549309281573
0.13561094690877407
0.13505903432307248
0.1345097499614127
0.133963088288573
0.13341904361179596
0.13287761008415716
0.13233878170791086
0.1318025523378154
0.1312689156844347
0.1307378653174162
0.13020939466874454
0.12968349703596924
0.12916016558540735
0.12863939335531882
0.1281211732590527
0.12760549808816976
0.12709236051553105
0.12658175309836134
0.12607366828128058
0.1255680983993061
0.1250650356808238
0.12456447225052755
0.12406640013232861
0.1235708112522313
0.12307769744117694
0.12258705043785609
0.12209886189148644
0.12161312336455846
0.12112982633554673
0.12064896220158865
0.12017052228112843
0.11969449781652701
0.11922087997663834
0.11874965985935085
0.11828082849409469
0.1178143768443141
0.11735029580990568
0.11688857622962137
0.11642920888343783
0.11597218449488941
0.11551749373336814
0.11506512721638815
0.11461507551181566
0.11416732914006486
0.11372187857625796
0.11327871425235253
0.11283782655923426
0.11239920584877382
0.11196284243585207
0.11152872660034997
0.11109684858910496
0.11066719861783449
0.11023976687302492
0.10981454351378798
0.10939151867368493
0.10897068246251673
0.10855202496808161
0.10813553625790237
0.10772120638091788
0.10730902536914722
0.10689898323931835
0.10649106999446772
0.10608527562550835
0.10568159011276629
0.10528000342748799
0.10488050553331596
0.1044830863877361
0.10408773594349406
0.10369444414998259
0.10330320095460038
0.1029139963040818
0.1025268201457987
0.1021416624290328
0.10175851310622212
0.10137736213417861
0.10099819947527908
0.1006210150986302
0.10024579898120513
0.09987254110895587
0.09950123147789872
0.09913186009517472
0.09876441698008481
0.09839889216510014
0.09803527569684814
0.09767355763707408
0.09731372806357888
0.09695577707113436
0.09659969477237337
0.09624547129865946
0.09589309680093222
0.09554256145053178
0.09519385544000003
0.09484696898386288
0.09450189231938745
0.09415861570732334
0.09381712943261877
0.09347742380511967
0.0931394891602473
0.09280331585965765
0.09246889429187992
0.0921362148729376
0.09180526804695094
0.09147604428671938
0.09114853409428841
0.0908227280014973
0.09049861657050985
0.09017619039432828
0.0898554400972899
0.08953635633554836
0.08921892979753701
0.08890315120441844
0.08858901131051711
0.08827650090373701
0.08796561080596439
0.08765633187345595
0.0873486549972122
0.08704257110333691
0.08673807115338318
0.08643514614468431
0.08613378711067332
0.08583398512118773
0.08553573128276287
0.08523901673891089
0.08494383267038955
0.08465017029545724
0.08435802087011675
0.08406737568834813
0.08377822608232828
0.08349056342264216
0.08320437911848051
0.0829196646178286
0.08263641140764405
0.08235461101402394
0.082074255002363
0.08179533497750102
0.08151784258386138
0.08124176950558012
0.08096710746662497
0.08069384823090751
0.08042198360238421
0.08015150542515068
0.07988240558352681
0.07961467600213391
0.07934830864596447
0.07908329552044244
0.07881962867147838
0.07855730018551497
0.07829630218956721
0.07803662685125383
0.07777826637882304
0.0775212130211709
0.07726545906785402
0.07701099684909438
0.07675781873577968
0.07650591713945615
0.0762552845123165
0.07600591334718128
0.07575779617747558
0.07551092557719952
0.07526529416089314
0.07502089458359762
0.07477771954080953
0.07453576176843182
0.07429501404271885
0.07405546918021766
0.07381712003770377
0.07357995951211439
0.07334398054047452
0.07310917609982204
0.0728755392071263
0.0726430629192048
0.07241174033263384
0.07218156458365815
0.07195252884809461
0.07172462634123404
0.07149785031773867
0.07127219407153726
0.07104765093571644
0.07082421428240906
0.07060187752267952
0.07038063410640757
0.07016047752216673
0.06994140129710251
0.06972339899680718
0.06950646422519165
0.06929059062435507
0.06907577187445313
0.06886200169356255
0.06864927383754485
0.06843758209990718
0.068226920311661
0.0680172823411799
0.0678086620940549
0.06760105351294719
0.06739445057744092
0.06718884730389305
0.06698423774528192
0.06678061599105445
0.06657797616697224
0.06637631243495536
0.06617561899292591
0.06597589007464956
0.0657771199495763
0.06557930292267995
0.06538243333429644
0.06518650555996153
0.06499151401024705
0.06479745313059655
0.06460431740115981
0.06441210133662699
0.06422079948606166
0.0640304064327329
0.06384091679394763
0.06365232522088132
0.06346462639840846
0.06327781504493296
0.0630918859122175
0.0629068337852124
0.0627226534818846
0.0625393398530458
0.06235688778218041
0.062175292185273276
0.06199454801063717
0.06181465023873957
0.06163559388203044
0.061457373984768304
0.06127998562284716
0.06110342390362351
0.060927683965742614
0.060752760978964634
0.06057865014399198
0.0604053466922953
0.060232845885940314
0.06006114301741439
0.059890233409453396
0.05972011241486867
0.059550775416374185
0.059382217826413425
0.059214435086987365
0.05904742266948188
0.058881176074495986
0.058715690831669456
0.05855096249951197
0.05838698666523173
0.05822375894456447
0.058061274981602934
0.057899530448626974
0.05773852104593391
0.05757824250166846
0.05741869057165471
0.05725986103922714
0.05710174971506253
0.05694435243701249
0.05678766506993663
0.05663168350553539
0.05647640366218441
0.05632182148476872
0.056167932944517794
0.05601473403884091
0.055862220791163514
0.05571038925076321
0.05555923549260783
0.055408755617192565
0.05525894575037839
0.05510980204323149
0.054961320671862476
0.054813497837266814
0.054666329765165535
0.05451981270584705
0.05437394293400889
0.054228716748601136
0.0540841304726693
0.0539401804531989
0.053796863060960404
0.05365417469035408
0.053512111759257255
0.05337067070887053
0.05322984800356559
0.053089640130733584
0.052950043600634183
0.05281105494624551
0.05267267072311449
0.052534887509208095
0.052397701904765275
0.052261110532149754
0.052125110035703484
0.05198969708160079
0.0518548683577033
0.051720620573415546
0.051586950459541606
0.05145385476814217
0.05132133027239223
0.05118937376644021
0.051057982065267106
0.05092715200454695
0.05079688044050756
0.05066716424979229
0.05053800032932273
0.0504093855961618
0.05028131698737775
0.05015379145990924
0.05002680599043042
0.049900357575217866
