0.4994935047161867
0.5565028798979846
0.5473730687754336
0.540003348459969
0.5343400574264505
0.5300673921567982
0.5268897022334246
0.5245519664521462
0.5228459103328087
0.5216078979402098
0.5207128841864737
0.5200672053753197
0.5196017087943382
0.5192658675956026
0.5190230406240586
0.5188468000238127
0.5187181585082363
0.5186235124280985
0.5185531344286813
0.5185000783466956
0.5184593884728369
0.5184275310880628
0.5184019870793884
0.5183809606523107
0.518363171392097
0.5183477059951237
0.5183339126316193
0.5183213257218171
0.518309612386302
0.5182985343310214
0.5182879207180442
0.5182776488529568
0.5182676304330083
0.5182578017509551
0.5182481167130151
0.5182385418591235
0.5182290528082655
0.5182196317184495
0.5182102654694576
0.5182009443607859
0.5181916611770983
0.5181824105160928
0.5181731883039464
0.5181639914450287
0.5181548175678764
0.5181456648403103
0.5181365318343215
0.5181274174268791
0.5181183207267314
0.51810924102009
0.5181001777300753
0.5180911303862372
0.5180820986014927
0.518073082054542
0.5180640804763651
0.518055093639773
0.518046121351257
0.5180371634445899
0.5180282197757579
0.5180192902189255
0.5180103746631979
0.5180014730100106
0.5179925851710077
0.517983711066315
0.5179748506231248
0.5179660037745304
0.5179571704585657
0.5179483506174087
0.5179395441967215
0.517930751145099
0.5179219714136114
0.5179132049554207
0.5179044517254594
0.517895711680163
0.5178869847772435
0.5178782709755013
0.517869570234666
0.5178608825152619
0.5178522077784973
0.5178435459861682
0.51783489710058
0.5178262610844792
0.5178176379009979
0.5178090275136059
0.5178004298860694
0.517791844982419
0.5177832727669192
0.5177747132040453
0.5177661662584631
0.517757631895011
0.5177491100786855
0.51774060077463
0.5177321039481226
0.5177236195645687
0.5177151475894929
0.5177066879885325
0.5176982407274329
0.5176898057720419
0.5176813830883067
0.51767297264227
0.5176645744000676
0.5176561883279259
0.5176478143921593
0.517639452559169
0.5176311027954408
0.5176227650675445
0.5176144393421321
0.5176061255859372
0.5175978237657737
0.5175895338485351
0.5175812558011943
0.5175729895908019
0.5175647351844864
0.5175564925494536
0.5175482616529857
0.5175400424624417
0.5175318349452557
0.5175236390689373
0.5175154548010716
0.5175072821093181
0.5174991209614104
0.5174909713251564
0.5174828331684377
0.5174747064592089
0.5174665911654981
0.5174584872554061
0.5174503946971062
0.5174423134588435
0.5174342435089359
0.5174261848157726
0.5174181373478138
0.5174101010735913
0.517402075961708
0.5173940619808366
0.517386059099721
0.5173780672871748
0.5173700865120817
0.5173621167433945
0.5173541579501358
0.5173462101013973
0.5173382731663388
0.5173303471141899
0.5173224319142475
0.5173145275358771
0.5173066339485115
0.5172987511216518
0.5172908790248655
0.5172830176277879
0.5172751669001209
0.5172673268116326
0.5172594973321581
0.5172516784315978
0.5172438700799187
0.5172360722471522
0.5172282849033965
0.5172205080188135
0.5172127415636306
0.51720498550814
0.5171972398226974
0.5171895044777234
0.5171817794437016
0.5171740646911801
0.5171663601907694
0.5171586659131437
0.51715098182904
0.5171433079092573
0.5171356441246577
0.517127990446165
0.5171203468447645
0.5171127132915041
0.5171050897574919
0.5170974762138981
0.5170898726319529
0.5170822789829479
0.5170746952382347
0.5170671213692248
0.5170595573473901
0.5170520031442619
0.5170444587314308
0.5170369240805469
0.5170293991633188
0.5170218839515142
0.5170143784169587
0.517006882531537
0.5169993962671909
0.5169919195959205
0.5169844524897829
0.5169769949208927
0.5169695468614212
0.5169621082835975
0.5169546791597058
0.516947259462088
0.5169398491631407
0.5169324482353174
0.5169250566511265
0.5169176743831322
0.5169103014039534
0.5169029376862643
0.5168955832027937
0.5168882379263242
0.5168809018296935
0.5168735748857926
0.5168662570675663
0.516858948348013
0.5168516487001847
0.5168443580971855
0.5168370765121734
0.5168298039183575
0.5168225402890014
0.5168152855974182
0.5168080398169749
0.5168008029210893
0.5167935748832306
0.5167863556769192
0.516779145275727
0.5167719436532755
0.5167647507832379
0.5167575666393371
0.5167503911953457
0.516743224425087
0.5167360663024331
0.5167289168013058
0.5167217758956765
0.5167146435595643
0.5167075197670385
0.5167004044922158
0.5166932977092618
0.5166861993923896
0.5166791095158604
0.5166720280539834
0.5166649549811146
0.5166578902716573
0.5166508339000617
0.5166437858408252
0.5166367460684912
0.5166297145576495
0.5166226912829361
0.5166156762190331
0.5166086693406676
0.5166016706226126
0.5165946800396866
0.5165876975667523
0.516580723178718
0.5165737568505361
0.5165667985572034
0.5165598482737618
0.5165529059752954
0.5165459716369334
0.5165390452338484
0.5165321267412559
0.5165252161344149
0.516518313388627
0.5165114184792368
0.5165045313816312
0.5164976520712395
0.5164907805235334
0.5164839167140259
0.5164770606182723
0.5164702122118685
0.516463371470453
0.5164565383697042
0.5164497128853422
0.5164428949931275
0.5164360846688607
0.5164292818883833
0.5164224866275767
0.5164156988623624
0.5164089185687009
0.516402145722593
0.5163953803000785
0.5163886222772361
0.5163818716301841
0.5163751283350786
0.516368392368115
0.516361663705527
0.516354942323586
0.5163482281986016
0.5163415213069213
0.5163348216249304
0.5163281291290509
0.5163214437957427
0.5163147656015022
0.5163080945228635
0.5163014305363963
0.5162947736187076
0.5162881237464402
0.5162814808962732
0.5162748450449218
0.5162682161691368
0.5162615942457043
0.5162549792514464
0.5162483711632198
0.5162417699579168
0.516235175612464
0.5162285881038232
0.5162220074089903
0.5162154335049958
0.5162088663689042
0.516202305977814
0.5161957523088576
0.516189205339201
0.5161826650460437
0.5161761314066184
0.5161696043981912
0.5161630839980604
0.5161565701835584
0.5161500629320491
0.516143562220929
0.5161370680276276
0.5161305803296057
0.5161240991043564
0.516117624329405
0.5161111559823076
0.5161046940406524
0.5160982384820588
0.5160917892841774
0.5160853464246894
0.5160789098813072
0.5160724796317742
0.5160660556538633
0.516059637925379
0.516053226424155
0.5160468211280556
0.5160404220149748
0.5160340290628366
0.5160276422495943
0.5160212615532307
0.516014886951758
0.5160085184232176
0.5160021559456797
0.5159957994972433
0.5159894490560366
0.5159831046002159
0.5159767661079657
0.5159704335574995
0.5159641069270583
0.5159577861949112
0.5159514713393554
0.5159451623387157
0.515938859171344
0.5159325618156202
0.5159262702499513
0.5159199844527714
0.5159137044025416
0.5159074300777499
0.5159011614569106
0.5158948985185653
0.5158886412412819
0.5158823896036543
0.5158761435843024
0.5158699031618732
0.5158636683150386
0.5158574390224966
0.5158512152629711
0.515844997015211
0.5158387842579916
0.5158325769701124
0.5158263751303988
0.5158201787177008
0.5158139877108938
0.5158078020888774
0.5158016218305765
0.5157954469149397
0.5157892773209413
0.5157831130275785
0.5157769540138739
0.5157708002588732
0.5157646517416469
0.5157585084412885
0.515752370336916
0.5157462374076704
0.5157401096327169
0.5157339869912432
0.515727869462461
0.5157217570256046
0.515715649659932
0.5157095473447236
0.5157034500592829
0.5156973577829357
0.515691270495031
0.5156851881749404
0.5156791108020571
0.5156730383557971
0.5156669708155988
0.515660908160922
0.5156548503712495
0.515648797426085
0.5156427493049551
0.5156367059874066
0.5156306674530091
0.5156246336813534
0.5156186046520514
0.5156125803447367
0.5156065607390637
0.5156005458147083
0.5155945355513673
0.5155885299287579
0.5155825289266192
0.5155765325247101
0.5155705407028106
0.515564553440721
0.5155585707182625
0.5155525925152762
0.5155466188116238
0.5155406495871868
0.5155346848218678
0.5155287244955881
0.5155227685882898
0.5155168170799351
0.5155108699505052
0.5155049271800017
0.5154989887484452
0.5154930546358765
0.5154871248223553
0.5154811992879609
0.5154752780127922
0.5154693609769673
0.5154634481606226
0.5154575395439148
0.515451635107019
0.515445734830129
0.5154398386934581
0.5154339466772377
0.5154280587617188
0.5154221749271699
0.5154162951538791
0.5154104194221525
0.515404547712315
0.5153986800047096
0.5153928162796974
0.5153869565176581
0.5153811006989897
0.5153752488041079
0.5153694008134468
0.5153635567074583
0.5153577164666123
0.5153518800713964
0.5153460475023165
0.5153402187398957
0.5153343937646749
0.5153285725572131
0.5153227550980862
0.5153169413678882
0.5153111313472298
0.5153053250167402
0.5152995223570649
0.5152937233488674
0.5152879279728282
0.5152821362096447
0.5152763480400321
0.5152705634447222
0.5152647824044639
0.5152590049000232
0.5152532309121832
0.5152474604217434
0.5152416934095206
0.5152359298563484
0.5152301697430768
0.5152244130505728
0.5152186597597199
0.5152129098514187
0.5152071633065856
0.5152014201061539
0.515195680231074
0.5151899436623116
0.5151842103808497
0.5151784803676873
0.51517275360384
0.5151670300703396
0.5151613097482339
0.5151555926185871
0.5151498786624797
0.5151441678610085
0.515138460195286
0.5151327556464411
0.5151270541956183
0.5151213558239791
0.5151156605126999
0.5151099682429734
0.5151042789960087
0.5150985927530306
0.5150929094952792
0.515087229204011
0.5150815518604982
0.5150758774460287
0.5150702059419063
0.5150645373294503
0.5150588715899961
0.5150532087048942
0.5150475486555115
0.5150418914232298
0.5150362369894466
0.5150305853355757
0.5150249364430457
0.5150192902933012
0.5150136468678019
0.5150080061480236
0.5150023681154566
0.514996732751608
0.5149911000379992
0.5149854699561678
0.5149798424876657
0.5149742176140619
0.5149685953169392
0.5149629755778967
0.5149573583785485
0.514951743700524
0.5149461315254681
0.5149405218350408
0.5149349146109174
0.5149293098347889
0.5149237074883608
0.5149181075533544
0.5149125100115066
0.5149069148445685
0.5149013220343072
0.5148957315625049
0.5148901434109587
0.5148845575614813
0.5148789739959003
0.5148733926960589
0.5148678136438148
0.5148622368210415
0.5148566622096271
0.5148510897914755
0.5148455195485052
0.5148399514626504
0.5148343855158598
0.5148288216900978
0.5148232599673436
0.5148177003295917
0.5148121427588519
0.5148065872371488
0.5148010337465221
0.5147954822690273
0.5147899327867339
0.5147843852817278
0.5147788397361088
0.5147732961319935
0.5147677544515117
0.5147622146768097
0.5147566767900482
0.5147511407734038
0.5147456066090674
0.514740074279246
0.5147345437661607
0.5147290150520485
0.5147234881191614
0.5147179629497667
0.5147124395261463
0.5147069178305984
0.5147013978454352
0.514695879552985
0.5146903629355907
0.5146848479756108
0.5146793346554188
0.5146738229574037
0.5146683128639695
0.5146628043575354
0.5146572974205365
0.514651792035422
0.5146462881846574
0.5146407858507233
0.5146352850161153
0.5146297856633446
0.5146242877749377
0.5146187913334361
0.5146132963213972
0.5146078027213934
0.5146023105160125
0.5145968196878579
0.5145913302195481
0.5145858420937177
0.5145803552930157
0.5145748698001074
0.5145693855976732
0.514563902668409
0.5145584209950264
0.5145529405602522
0.5145474613468293
0.5145419833375152
0.5145365065150838
0.5145310308623243
0.5145255563620416
0.5145200829970559
0.5145146107502033
0.5145091396043356
0.5145036695423203
0.5144982005470401
0.5144927326013939
0.5144872656882967
0.5144817997906779
0.5144763348914839
0.5144708709736766
0.5144654080202338
0.5144599460141482
0.5144544849384297
0.5144490247761033
0.51444356551021
0.5144381071238067
0.5144326495999664
0.5144271929217775
0.5144217370723454
0.5144162820347904
0.5144108277922496
0.5144053743278755
0.5143999216248374
0.5143944696663201
0.5143890184355249
0.5143835679156685
0.5143781180899847
0.514372668941723
0.5143672204541488
0.5143617726105446
0.5143563253942085
0.5143508787884548
0.5143454327766143
0.514339987342034
0.5143345424680775
0.5143290981381248
0.5143236543355717
0.514318211043831
0.5143127682463319
0.5143073259265196
0.5143018840678563
0.5142964426538205
0.5142910016679073
0.5142855610936282
0.5142801209145115
0.5142746811141023
0.5142692416759617
0.5142638025836679
0.5142583638208156
0.5142529253710169
0.5142474872178997
0.5142420493451091
0.5142366117363071
0.5142311743751724
0.5142257372454003
0.5142203003307033
0.514214863614811
0.5142094270814694
0.5142039907144418
0.5141985544975084
0.5141931184144662
0.5141876824491298
0.5141822465853301
0.5141768108069159
0.5141713750977521
0.514165939441722
0.5141605038227249
0.514155068224678
0.5141496326315156
0.514144197027189
0.514138761395667
0.5141333257209355
0.5141278899869981
0.5141224541778756
0.5141170182776057
0.5141115822702442
0.5141061461398639
0.5141007098705553
0.5140952734464265
0.5140898368516024
0.5140844000702264
0.5140789630864587
0.5140735258844777
0.5140680884484791
0.5140626507626762
0.5140572128112997
0.5140517745785989
0.5140463360488401
0.5140408972063076
0.5140354580353033
0.5140300185201471
0.5140245786451767
0.5140191383947473
0.5140136977532328
0.5140082567050241
0.5140028152345307
0.5139973733261798
0.5139919309644163
0.5139864881337038
0.5139810448185234
0.5139756010033745
0.5139701566727741
0.5139647118112582
0.5139592664033805
0.5139538204337127
0.5139483738868444
0.5139429267473845
0.5139374789999592
0.5139320306292133
0.5139265816198098
0.51392113195643
0.5139156816237737
0.5139102306065589
0.5139047788895221
0.5138993264574183
0.5138938732950207
0.5138884193871208
0.5138829647185292
0.5138775092740746
0.5138720530386043
0.5138665959969839
0.5138611381340983
0.5138556794348501
0.5138502198841611
0.5138447594669717
0.5138392981682405
0.5138338359729457
0.5138283728660835
0.5138229088326687
0.5138174438577354
0.5138119779263364
0.513806511023543
0.5138010431344455
0.5137955742441532
0.5137901043377937
0.5137846334005142
0.5137791614174804
0.5137736883738769
0.5137682142549075
0.5137627390457948
0.5137572627317806
0.5137517852981253
0.5137463067301087
0.5137408270130293
0.5137353461322052
0.513729864072973
0.5137243808206889
0.5137188963607278
0.513713410678484
0.513707923759371
0.5137024355888214
0.5136969461522869
0.5136914554352384
0.5136859634231665
0.51368047010158
0.5136749754560083
0.5136694794719991
0.5136639821351201
0.5136584834309574
0.5136529833451173
0.5136474818632255
0.513641978970926
0.5136364746538832
0.5136309688977805
0.5136254616883211
0.5136199530112269
0.5136144428522398
0.5136089311971209
0.5136034180316511
0.5135979033416304
0.5135923871128784
0.5135868693312347
0.513581349982557
0.5135758290527246
0.5135703065276346
0.5135647823932048
0.5135592566353714
0.5135537292400914
0.5135482001933409
0.5135426694811152
0.5135371370894297
0.5135316030043195
0.5135260672118391
0.5135205296980627
0.5135149904490841
0.5135094494510168
0.5135039066899941
0.5134983621521689
0.5134928158237135
0.5134872676908205
0.513481717739702
0.5134761659565893
0.5134706123277343
0.5134650568394077
0.5134594994779007
0.5134539402295242
0.513448379080608
0.5134428160175029
0.5134372510265783
0.5134316840942246
0.5134261152068506
0.5134205443508861
0.5134149715127798
0.5134093966790008
0.5134038198360378
0.5133982409703992
0.513392660068613
0.5133870771172275
0.5133814921028108
0.5133759050119502
0.5133703158312534
0.5133647245473478
0.5133591311468805
0.5133535356165183
0.5133479379429482
0.5133423381128764
0.51333673611303
0.5133311319301548
0.513325525551017
0.5133199169624025
0.513314306151117
0.5133086931039859
0.5133030778078547
0.5132974602495888
0.5132918404160729
0.5132862182942118
0.5132805938709302
0.5132749671331724
0.5132693380679031
0.5132637066621057
0.5132580729027842
0.5132524367769626
0.5132467982716837
0.5132411573740111
0.5132355140710276
0.5132298683498362
0.5132242201975589
0.5132185696013383
0.513212916548336
0.5132072610257344
0.5132016030207346
0.5131959425205579
0.5131902795124451
0.5131846139836567
0.5131789459214736
0.5131732753131956
0.5131676021461422
0.513161926407653
0.5131562480850871
0.5131505671658233
0.5131448836372597
0.5131391974868147
0.5131335087019255
0.51312781727005
0.5131221231786642
0.5131164264152651
0.5131107269673685
0.5131050248225102
0.513099319968245
0.5130936123921479
0.5130879020818128
0.5130821890248531
0.5130764732089026
0.5130707546216139
0.5130650332506583
0.5130593090837281
0.513053582108534
0.5130478523128061
0.5130421196842948
0.5130363842107688
0.5130306458800166
0.5130249046798461
0.5130191605980843
0.5130134136225779
0.5130076637411927
0.5130019109418134
0.5129961552123443
0.512990396540709
0.5129846349148501
0.5129788703227295
0.5129731027523281
0.5129673321916464
0.5129615586287031
0.5129557820515368
0.5129500024482052
0.5129442198067846
0.5129384341153703
0.512932645362077
0.5129268535350382
0.5129210586224063
0.5129152606123526
0.5129094594930674
0.5129036552527598
0.512897847879658
0.5128920373620087
0.5128862236880773
0.5128804068461486
0.5128745868245252
0.5128687636115293
0.5128629371955015
0.5128571075648007
0.5128512747078049
0.5128454386129105
0.5128395992685325
0.5128337566631044
0.5128279107850782
0.5128220616229244
0.5128162091651323
0.5128103534002088
0.5128044943166798
0.5127986319030897
0.5127927661480007
0.5127868970399938
0.5127810245676675
0.5127751487196395
0.5127692694845448
0.5127633868510374
0.5127575008077886
0.5127516113434882
0.5127457184468442
0.5127398221065825
0.5127339223114464
0.5127280190501982
0.5127221123116171
0.5127162020845009
0.5127102883576646
0.5127043711199416
0.5126984503601828
0.5126925260672566
0.5126865982300493
0.5126806668374648
0.5126747318784248
0.512668793341868
0.5126628512167513
0.5126569054920482
0.5126509561567508
0.5126450031998675
0.5126390466104249
0.5126330863774662
0.5126271224900522
0.512621154937261
0.5126151837081878
0.5126092087919448
0.5126032301776614
0.5125972478544844
0.5125912618115767
0.5125852720381189
0.5125792785233085
0.5125732812563596
0.5125672802265031
0.5125612754229867
0.5125552668350752
0.5125492544520494
0.5125432382632075
0.5125372182578636
0.5125311944253483
0.5125251667550097
0.5125191352362115
0.5125130998583335
0.5125070606107727
0.5125010174829416
0.5124949704642695
0.5124889195442016
0.5124828647121994
0.5124768059577403
0.5124707432703177
0.5124646766394413
0.5124586060546364
0.5124525315054445
0.5124464529814224
0.512440370472143
0.5124342839671953
0.5124281934561831
0.5124220989287264
0.5124160003744607
0.5124098977830369
0.512403791144121
0.5123976804473952
0.5123915656825561
0.5123854468393163
0.5123793239074032
0.5123731968765595
0.512367065736543
0.5123609304771263
0.5123547910880972
0.5123486475592587
0.5123424998804281
0.5123363480414379
0.512330192032135
0.5123240318423812
0.5123178674620532
0.5123116988810416
0.512305526089252
0.5122993490766043
0.5122931678330326
0.5122869823484858
0.5122807926129265
0.5122745986163317
0.5122684003486926
0.5122621978000145
0.5122559909603164
0.5122497798196315
0.5122435643680067
0.5122373445955029
0.5122311204921944
0.5122248920481699
0.5122186592535306
0.5122124220983924
0.5122061805728834
0.5121999346671465
0.5121936843713368
0.5121874296756235
0.5121811705701882
0.5121749070452262
0.512168639090946
0.5121623666975683
0.5121560898553277
0.5121498085544709
0.5121435227852578
0.5121372325379608
0.5121309378028651
0.5121246385702682
0.5121183348304807
0.5121120265738252
0.5121057137906364
0.5120993964712618
0.5120930746060607
0.5120867481854048
0.5120804171996779
0.5120740816392759
0.5120677414946062
0.5120613967560881
0.5120550474141532
0.5120486934592441
0.5120423348818156
0.5120359716723337
0.5120296038212759
0.5120232313191315
0.5120168541564003
0.5120104723235943
0.5120040858112358
0.5119976946098588
0.5119912987100078
0.5119848981022389
0.5119784927771185
0.5119720827252237
0.5119656679371429
0.5119592484034744
0.5119528241148276
0.511946395061822
0.5119399612350877
0.5119335226252649
0.5119270792230042
0.5119206310189661
0.5119141780038214
0.5119077201682507
0.5119012575029447
0.5118947899986034
0.5118883176459369
0.5118818404356653
0.5118753583585176
0.5118688714052323
0.5118623795665579
0.5118558828332515
0.5118493811960798
0.5118428746458185
0.5118363631732525
0.5118298467691755
0.51182332542439
0.5118167991297079
0.5118102678759487
0.5118037316539414
0.5117971904545233
0.5117906442685402
0.5117840930868459
0.5117775369003028
0.5117709756997814
0.5117644094761602
0.511757838220326
0.5117512619231732
0.5117446805756037
0.5117380941685282
0.5117315026928639
0.5117249061395361
0.5117183044994776
0.5117116977636285
0.5117050859229358
0.5116984689683541
0.5116918468908455
0.5116852196813778
0.5116785873309271
0.5116719498304751
0.5116653071710117
0.5116586593435317
0.5116520063390377
0.5116453481485383
0.5116386847630485
0.5116320161735894
0.5116253423711887
0.5116186633468794
0.5116119790917013
0.5116052895966993
0.5115985948529247
0.511591894851434
0.5115851895832897
0.5115784790395596
0.5115717632113167
0.5115650420896397
0.511558315665612
0.5115515839303224
0.5115448468748646
0.5115381044903373
0.5115313567678439
0.5115246036984925
0.5115178452733957
0.5115110814836709
0.5115043123204396
0.5114975377748276
0.5114907578379652
0.5114839725009864
0.5114771817550293
0.5114703855912361
0.5114635840007529
0.5114567769747289
0.5114499645043172
0.5114431465806744
0.5114363231949607
0.5114294943383392
0.5114226600019763
0.5114158201770417
0.5114089748547075
0.5114021240261492
0.5113952676825448
0.511388405815075
0.5113815384149234
0.5113746654732751
0.5113677869813188
0.5113609029302439
0.5113540133112434
0.5113471181155116
0.5113402173342445
0.5113333109586404
0.511326398979899
0.5113194813892215
0.511312558177811
0.5113056293368714
0.5112986948576083
0.5112917547312281
0.5112848089489388
0.5112778575019483
0.5112709003814666
0.5112639375787035
0.5112569690848696
0.5112499948911762
0.5112430149888345
0.5112360293690565
0.5112290380230544
0.5112220409420398
0.5112150381172247
0.5112080295398208
0.5112010152010396
0.5111939950920921
0.5111869692041886
0.5111799375285391
0.5111729000563526
0.5111658567788375
0.5111588076872009
0.5111517527726489
0.5111446920263866
0.5111376254396175
0.5111305530035436
0.5111234747093659
0.5111163905482831
0.5111093005114924
0.5111022045901887
0.5110951027755659
0.5110879950588144
0.5110808814311233
0.5110737618836793
0.5110666364076658
0.5110595049942643
0.5110523676346538
0.5110452243200093
0.5110380750415042
0.511030919790308
0.5110237585575872
0.5110165913345045
0.5110094181122202
0.51100223888189
0.5109950536346665
0.5109878623616982
0.5109806650541298
0.5109734617031019
0.5109662522997511
0.5109590368352093
0.5109518153006041
0.510944587687059
0.5109373539856922
0.5109301141876174
0.5109228682839433
0.5109156162657739
0.5109083581242075
0.5109010938503376
0.5108938234352516
0.5108865468700321
0.5108792641457556
0.5108719752534929
0.5108646801843093
0.510857378929263
0.5108500714794071
0.5108427578257878
0.5108354379594451
0.5108281118714126
0.5108207795527165
0.5108134409943771
0.5108060961874069
0.5107987451228124
0.5107913877915917
0.5107840241847365
0.5107766542932304
0.5107692781080497
0.5107618956201632
0.5107545068205315
0.5107471117001072
0.5107397102498349
0.5107323024606512
0.5107248883234838
0.5107174678292525
0.5107100409688677
0.5107026077332317
0.5106951681132378
0.5106877220997696
0.5106802696837026
0.5106728108559023
0.5106653456072244
0.5106578739285159
0.5106503958106137
0.5106429112443448
0.510635420220526
0.5106279227299644
0.5106204187634567
0.5106129083117891
0.5106053913657373
0.5105978679160663
0.5105903379535306
0.5105828014688734
0.5105752584528268
0.510567708896112
0.5105601527894386
0.5105525901235045
0.5105450208889967
0.5105374450765898
0.5105298626769463
0.5105222736807172
0.5105146780785411
0.5105070758610444
0.5104994670188403
0.5104918515425305
0.510484229422703
0.5104766006499335
0.5104689652147842
0.5104613231078043
0.5104536743195301
0.5104460188404834
0.5104383566611734
0.510430687772095
0.5104230121637291
0.5104153298265429
0.5104076407509892
0.5103999449275067
0.5103922423465193
0.5103845329984361
0.5103768168736518
0.5103690939625461
0.5103613642554836
0.5103536277428135
0.5103458844148698
0.5103381342619708
0.5103303772744195
0.5103226134425026
0.5103148427564914
0.5103070652066402
0.5102992807831878
0.5102914894763564
0.5102836912763516
0.510275886173362
0.5102680741575598
0.5102602552190998
0.5102524293481197
0.5102445965347401
0.5102367567690635
0.5102289100411759
0.5102210563411443
0.5102131956590185
0.5102053279848295
0.5101974533085909
0.5101895716202973
0.5101816829099252
0.5101737871674316
0.5101658843827556
0.5101579745458164
0.5101500576465146
0.5101421336747309
0.5101342026203273
0.5101262644731452
0.510118319223007
0.5101103668597147
0.51010240737305
0.5100944407527745
0.5100864669886294
0.5100784860703352
0.5100704979875919
0.5100625027300777
0.5100545002874506
0.5100464906493469
0.5100384738053818
0.5100304497451486
0.5100224184582186
0.5100143799341419
0.5100063341624458
0.5099982811326359
0.5099902208341949
0.5099821532565831
0.5099740783892385
0.5099659962215753
0.5099579067429856
0.5099498099428373
0.5099417058104758
0.5099335943352222
0.5099254755063742
0.5099173493132054
0.5099092157449655
0.5099010747908799
0.5098929264401494
0.5098847706819505
0.5098766075054345
0.5098684368997284
0.5098602588539334
0.5098520733571257
0.5098438803983564
0.5098356799666501
0.5098274720510068
0.5098192566403994
0.5098110337237752
0.5098028032900551
0.5097945653281334
0.5097863198268779
0.5097780667751295
0.509769806161702
0.5097615379753818
0.5097532622049283
0.5097449788390732
0.5097366878665204
0.5097283892759457
0.5097200830559971
0.5097117691952944
0.5097034476824286
0.5096951185059622
0.5096867816544288
0.5096784371163333
0.5096700848801512
0.5096617249343285
0.5096533572672817
0.5096449818673976
0.5096365987230335
0.5096282078225157
0.5096198091541411
0.5096114027061757
0.5096029884668545
0.5095945664243826
0.5095861365669329
0.5095776988826479
0.5095692533596384
0.5095607999859839
0.5095523387497314
0.5095438696388966
0.509535392641463
0.5095269077453809
0.5095184149385692
0.5095099142089132
0.5095014055442657
0.5094928889324463
0.5094843643612408
0.5094758318184023
0.5094672912916496
0.5094587427686679
0.5094501862371077
0.5094416216845861
0.5094330490986848
0.5094244684669516
0.5094158797768987
0.5094072830160038
0.5093986781717088
0.5093900652314204
0.5093814441825093
0.5093728150123109
0.5093641777081239
0.509355532257211
0.5093468786467983
0.509338216864075
0.5093295468961936
0.5093208687302697
0.5093121823533812
0.5093034877525686
0.5092947849148348
0.5092860738271443
0.5092773544764241
0.5092686268495622
0.5092598909334086
0.5092511467147743
0.5092423941804307
0.5092336333171114
0.5092248641115089
0.5092160865502777
0.5092073006200312
0.5091985063073433
0.5091897035987478
0.5091808924807374
0.5091720729397649
0.5091632449622417
0.5091544085345379
0.5091455636429826
0.5091367102738634
0.5091278484134258
0.5091189780478735
0.5091100991633681
0.5091012117460283
0.5090923157819306
0.5090834112571084
0.5090744981575519
0.5090655764692085
0.5090566461779811
0.5090477072697295
0.5090387597302695
0.5090298035453724
0.5090208387007652
0.5090118651821302
0.5090028829751044
0.5089938920652803
0.5089848924382047
0.5089758840793784
0.5089668669742573
0.5089578411082502
0.5089488064667202
0.5089397630349838
0.5089307107983105
0.5089216497419233
0.5089125798509971
0.50890350111066
0.5088944135059922
0.5088853170220258
0.508876211643745
0.5088670973560849
0.5088579741439331
0.5088488419921271
0.5088397008854556
0.5088305508086584
0.5088213917464247
0.508812223683395
0.5088030466041583
0.5087938604932543
0.5087846653351714
0.5087754611143477
0.5087662478151695
0.5087570254219724
0.5087477939190397
0.5087385532906031
0.5087293035208424
0.5087200445938846
0.5087107764938044
0.5087014992046234
0.5086922127103098
0.508682916994779
0.5086736120418922
0.5086642978354567
0.5086549743592264
0.5086456415968992
0.5086362995321196
0.5086269481484769
0.5086175874295046
0.5086082173586812
0.5085988379194293
0.5085894490951155
0.50858005086905
0.5085706432244864
0.5085612261446216
0.5085517996125953
0.5085423636114899
0.5085329181243301
0.5085234631340826
0.5085139986236556
0.5085045245759
0.5084950409736066
0.5084855477995076
0.5084760450362765
0.5084665326665266
0.508457010672811
0.5084474790376236
0.5084379377433973
0.5084283867725041
0.508418826107256
0.5084092557299024
0.5083996756226318
0.5083900857675712
0.5083804861467847
0.5083708767422745
0.50836125753598
0.5083516285097776
0.5083419896454799
0.5083323409248369
0.5083226823295338
0.5083130138411923
0.508303335441369
0.5082936471115558
0.5082839488331803
0.508274240587604
0.5082645223561226
0.5082547941199662
0.5082450558602989
0.5082353075582174
0.5082255491947523
0.5082157807508664
0.5082060022074553
0.5081962135453467
0.5081864147453004
0.5081766057880074
0.5081667866540901
0.5081569573241018
0.5081471177785266
0.5081372679977788
0.5081274079622026
0.5081175376520717
0.5081076570475898
0.5080977661288889
0.50808786487603
0.5080779532690026
0.508068031287724
0.5080580989120397
0.5080481561217219
0.5080382028964704
0.5080282392159116
0.5080182650595981
0.5080082804070091
0.5079982852375489
0.5079882795305476
0.5079782632652603
0.507968236420867
0.5079581989764718
0.5079481509111028
0.5079380922037122
0.5079280228331753
0.5079179427782905
0.5079078520177788
0.5078977505302834
0.50788763829437
0.5078775152885255
0.5078673814911581
0.5078572368805969
0.5078470814350918
0.5078369151328127
0.5078267379518494
0.5078165498702115
0.5078063508658274
0.5077961409165439
0.5077859200001269
0.5077756880942604
0.5077654451765454
0.5077551912245009
0.5077449262155621
0.5077346501270816
0.5077243629363278
0.5077140646204849
0.5077037551566523
0.507693434521845
0.5076831026929927
0.5076727596469385
0.5076624053604406
0.5076520398101703
0.5076416629727117
0.5076312748245623
0.5076208753421314
0.5076104645017407
0.5076000422796235
0.5075896086519239
0.5075791635946976
0.5075687070839099
0.5075582390954365
0.5075477596050629
0.5075372685884834
0.5075267660213013
0.5075162518790287
0.5075057261370851
0.507495188770798
0.5074846397554019
0.5074740790660384
0.5074635066777547
0.507452922565505
0.5074423267041482
0.5074317190684487
0.5074210996330757
0.5074104683726024
0.5073998252615057
0.5073891702741662
0.5073785033848678
0.5073678245677964
0.5073571337970402
0.5073464310465893
0.5073357162903346
0.5073249895020686
0.5073142506554834
0.5073034997241715
0.507292736681625
0.5072819615012346
0.5072711741562895
0.5072603746199781
0.5072495628653855
0.5072387388654943
0.5072279025931842
0.5072170540212307
0.507206193122306
0.5071953198689769
0.5071844342337057
0.5071735361888489
0.5071626257066574
0.507151702759275
0.5071407673187394
0.5071298193569802
0.5071188588458199
0.5071078857569717
0.5070969000620411
0.5070859017325232
0.5070748907398044
0.50706386705516
0.5070528306497546
0.5070417814946424
0.5070307195607648
0.5070196448189515
0.5070085572399197
0.5069974567942728
0.5069863434525006
0.5069752171849792
0.5069640779619693
0.506952925753617
0.506941760529952
0.5069305822608879
0.506919390916222
0.5069081864656335
0.5068969688786846
0.5068857381248184
0.50687449417336
0.506863236993514
0.506851966554366
0.5068406828248808
0.5068293857739021
0.5068180753701523
0.5068067515822314
0.5067954143786173
0.5067840637276645
0.5067726995976032
0.5067613219565406
0.5067499307724577
0.5067385260132113
0.5067271076465318
0.5067156756400228
0.5067042299611616
0.5066927705772973
0.506681297455651
0.5066698105633154
0.5066583098672534
0.5066467953342979
0.5066352669311521
0.5066237246243874
0.5066121683804439
0.5066005981656295
0.5065890139461193
0.5065774156879548
0.5065658033570436
0.5065541769191589
0.5065425363399385
0.5065308815848846
0.5065192126193626
0.5065075294086012
0.5064958319176919
0.506484120111587
0.5064723939551009
0.5064606534129077
0.506448898449542
0.5064371290293974
0.5064253451167263
0.5064135466756392
0.5064017336701037
0.5063899060639441
0.5063780638208413
0.5063662069043311
0.5063543352778045
0.5063424489045066
0.5063305477475357
0.5063186317698433
0.506306700934233
0.5062947552033599
0.5062827945397298
0.5062708189056991
0.5062588282634733
0.506246822575107
0.5062348018025029
0.506222765907411
0.5062107148514284
0.5061986485959982
0.5061865671024087
0.5061744703317934
0.5061623582451291
0.5061502308032366
0.5061380879667792
0.5061259296962615
0.50611375595203
0.5061015666942715
0.5060893618830122
0.5060771414781179
0.506064905439292
0.5060526537260761
0.5060403862978483
0.5060281031138232
0.5060158041330498
0.5060034893144129
0.5059911586166304
0.5059788119982536
0.5059664494176661
0.505954070833083
0.5059416762025505
0.5059292654839445
0.5059168386349704
0.5059043956131621
0.5058919363758814
0.5058794608803164
0.5058669690834825
0.5058544609422194
0.505841936413192
0.5058293954528889
0.5058168380176212
0.505804264063523
0.5057916735465492
0.5057790664224754
0.5057664426468969
0.5057538021752279
0.505741144962701
0.5057284709643655
0.5057157801350876
0.5057030724295486
0.5056903478022454
0.5056776062074877
0.505664847599399
0.5056520719319146
0.5056392791587814
0.5056264692335567
0.5056136421096072
0.5056007977401085
0.505587936078044
0.5055750570762039
0.5055621606871847
0.5055492468633881
0.5055363155570197
0.5055233667200889
0.5055104003044075
0.5054974162615886
0.5054844145430462
0.5054713950999943
0.5054583578834446
0.5054453028442083
0.5054322299328923
0.5054191390999
0.50540603029543
0.5053929034694743
0.5053797585718192
0.5053665955520422
0.5053534143595126
0.50534021494339
0.5053269972526228
0.5053137612359485
0.5053005068418912
0.505287234018762
0.5052739427146569
0.5052606328774565
0.5052473044548249
0.5052339573942083
0.5052205916428343
0.505207207147711
0.5051938038556256
0.505180381713144
0.5051669406666088
0.5051534806621394
0.5051400016456296
0.5051265035627484
0.5051129863589365
0.5050994499794079
0.5050858943691469
0.5050723194729075
0.505058725235213
0.505045111600354
0.5050314785123882
0.5050178259151381
0.5050041537521911
0.5049904619668981
0.5049767505023716
0.5049630193014857
0.5049492683068744
0.50493549746093
0.5049217067058036
0.5049078959834018
0.504894065235387
0.504880214403176
0.5048663434279385
0.5048524522505963
0.5048385408118218
0.504824609052037
0.5048106569114126
0.504796684329866
0.5047826912470612
0.5047686776024067
0.5047546433350543
0.5047405883838989
0.5047265126875758
0.504712416184461
0.5046982988126687
0.5046841605100507
0.504670001214195
0.5046558208624248
0.5046416193917964
0.5046273967390992
0.5046131528408534
0.5045988876333091
0.5045846010524454
0.5045702930339682
0.5045559635133092
0.5045416124256253
0.5045272397057969
0.5045128452884259
0.5044984291078353
0.5044839910980671
0.5044695311928818
0.5044550493257562
0.5044405454298829
0.5044260194381678
0.5044114712832299
0.5043969008973991
0.5043823082127152
0.5043676931609269
0.5043530556734892
0.5043383956815629
0.5043237131160132
0.5043090079074081
0.5042942799860164
0.5042795292818075
0.5042647557244488
0.5042499592433048
0.5042351397674354
0.5042202972255948
0.5042054315462295
0.5041905426574772
0.5041756304871653
0.5041606949628089
0.50414573601161
0.5041307535604554
0.5041157475359159
0.5041007178642436
0.5040856644713714
0.5040705872829112
0.5040554862241516
0.5040403612200577
0.504025212195268
0.5040100390740945
0.5039948417805193
0.5039796202381941
0.5039643743704386
0.5039491041002384
0.5039338093502438
0.5039184900427676
0.503903146099784
0.5038877774429266
0.5038723839934873
0.5038569656724137
0.5038415224003081
0.5038260540974255
0.5038105606836721
0.5037950420786036
0.5037794982014234
0.5037639289709801
0.5037483343057675
0.5037327141239211
0.5037170683432175
0.503701396881072
0.5036856996545367
0.5036699765802998
0.5036542275746824
0.5036384525536373
0.5036226514327475
0.503606824127224
0.5035909705519036
0.503575090621248
0.503559184249341
0.503543251349887
0.5035272918362096
0.5035113056212487
0.5034952926175594
0.5034792527373098
0.5034631858922791
0.5034470919938555
0.5034309709530347
0.5034148226804172
0.5033986470862073
0.5033824440802102
0.5033662135718306
0.5033499554700704
0.5033336696835271
0.5033173561203912
0.503301014688444
0.5032846452950567
0.5032682478471877
0.5032518222513798
0.5032353684137589
0.5032188862400324
0.5032023756354858
0.5031858365049817
0.5031692687529568
0.5031526722834203
0.5031360469999522
0.5031193928056997
0.5031027096033766
0.5030859972952599
0.5030692557831884
0.5030524849685603
0.5030356847523302
0.5030188550350083
0.503001995716657
0.5029851066968889
0.5029681878748651
0.5029512391492916
0.5029342604184188
0.5029172515800376
0.5029002125314777
0.5028831431696056
0.5028660433908216
0.5028489130910576
0.5028317521657755
0.5028145605099632
0.502797338018134
0.5027800845843227
0.5027628001020839
0.5027454844644897
0.5027281375641268
0.5027107592930943
0.5026933495430007
0.5026759082049621
0.5026584351695993
0.5026409303270355
0.5026233935668931
0.5026058247782923
0.5025882238498472
0.5025705906696644
0.5025529251253391
0.502535227103954
0.5025174964920753
0.5024997331757511
0.5024819370405078
0.5024641079713483
0.5024462458527483
0.5024283505686549
0.5024104220024825
0.502392460037111
0.5023744645548828
0.5023564354375996
0.5023383725665204
0.5023202758223578
0.5023021450852758
0.5022839802348873
0.5022657811502499
0.5022475477098642
0.502229279791671
0.5022109772730471
0.502192640030804
0.5021742679411837
0.5021558608798568
0.5021374187219184
0.502118941341886
0.5021004286136963
0.5020818804107016
0.5020632966056676
0.5020446770707699
0.5020260216775909
0.5020073302971171
0.5019886027997348
0.5019698390552291
0.5019510389327785
0.501932202300953
0.5019133290277111
0.5018944189803958
0.5018754720257314
0.5018564880298209
0.5018374668581429
0.501818408375547
0.5017993124462519
0.5017801789338416
0.5017610077012619
0.5017417986108169
0.501722551524166
0.5017032663023211
0.5016839428056413
0.5016645808938318
0.5016451804259385
0.5016257412603459
0.5016062632547726
0.5015867462662688
0.5015671901512115
0.5015475947653023
0.5015279599635631
0.5015082856003324
0.501488571529262
0.5014688176033133
0.5014490236747537
0.5014291895951525
0.501409315215378
0.5013894003855932
0.5013694449552519
0.5013494487730954
0.5013294116871492
0.5013093335447174
0.5012892141923809
0.5012690534759923
0.5012488512406725
0.5012286073308069
0.5012083215900413
0.5011879938612773
0.5011676239866703
0.5011472118076229
0.501126757164783
0.5011062598980391
0.5010857198465158
0.5010651368485701
0.5010445107417876
0.5010238413629777
0.5010031285481701
0.5009823721326102
0.5009615719507552
0.5009407278362696
0.5009198396220216
0.5008989071400773
0.5008779302216986
0.5008569086973371
0.5008358423966303
0.5008147311483984
0.5007935747806374
0.5007723731205168
0.5007511259943749
0.5007298332277134
0.5007084946451935
0.5006871100706318
0.5006656793269947
0.500644202236395
0.500622678620086
0.5006011082984585
0.5005794910910344
0.5005578268164635
0.5005361152925184
0.5005143563360885
0.5004925497631776
0.5004706953888969
0.5004487930274619
0.5004268424921859
0.5004048435954769
0.5003827961488312
0.5003606999628295
0.5003385548471315
0.500316360610471
0.5002941170606509
0.5002718240045378
0.5002494812480579
0.5002270885961911
0.5002046458529661
0.5001821528214552
0.5001596093037689
0.5001370151010517
0.5001143700134754
0.5000916738402348
0.5000689263795424
0.5000461274286225
0.5000232767837067
0.5000003742400275
0.49997741959181347
0.4999544126322838
0.4999313531536431
0.49990824094707487
0.4998850758027369
0.49986185750975587
0.4998385858562206
0.4998152606291774
0.4997918816146244
0.49976844859750513
0.49974496136170354
0.4997214196900376
0.4996978233642543
0.49967417216502313
0.4996504658719302
0.4996267042634729
0.49960288711705375
0.49957901420897405
0.49955508531442827
0.49953110020749836
0.49950705866114653
0.49948296044721063
0.49945880533639686
0.4994345930982741
0.4994103235012682
0.4993859963126541
0.4993616112985517
0.49933716822391816
0.4993126668525419
0.49928810694703635
0.49926348826883327
0.4992388105781768
0.49921407363411663
0.4991892771945013
0.499164421015972
0.49913950485395603
0.49911452846266013
0.49908949159506305
0.49906439400291025
0.4990392354367065
0.49901401564570846
0.49898873437791846
0.4989633913800785
0.4989379863976618
0.4989125191748668
0.49888698945461035
0.4988613969785197
0.498835741486927
0.49881002271886077
0.49878424041203967
0.4987583943028653
0.49873248412641413
0.4987065096164319
0.4986804705053248
0.49865436652415296
0.498628197402623
0.49860196286908054
0.4985756626505027
0.498549296472491
0.49852286405926355
0.4984963651336476
0.4984697994170719
0.49844316662955923
0.4984164664897185
0.4983896987147374
0.4983628630203741
0.4983359591209502
0.49830898672934243
0.4982819455569748
0.49825483531381054
0.49822765570834476
0.49820040644759583
0.498173087237098
0.4981456977808921
0.49811823778151937
0.4980907069400109
0.49806310495588174
0.4980354315271211
0.49800768635018494
0.4979798691199867
0.49795197952989007
0.49792401727169977
0.4978959820356534
0.4978678735104126
0.49783969138305506
0.497811435339066
0.49778310506232815
0.49775470023511503
0.49772622053808097
0.4976976656502525
0.49766903524901995
0.49764032901012845
0.4976115466076686
0.49758268771406805
0.49755375200008234
0.49752473913478584
0.4974956487855626
0.4974664806180975
0.4974372342963663
0.49740790948262814
0.4973785058374139
0.49734902301951905
0.4973194606859931
0.49728981849213005
0.4972600960914603
0.4972302931357394
0.4972004092749399
0.49717044415724126
0.49714039742901966
0.4971102687348393
0.49708005771744235
0.4970497640177388
0.4970193872747971
0.49698892712583415
0.496958383206205
0.49692775514939386
0.49689704258700335
0.49686624514874406
0.49683536246242566
0.49680439415394606
0.4967733398472809
0.49674219916447404
0.4967109717256267
0.4966796571488876
0.4966482550504421
0.496616765044502
0.4965851867432954
0.4965535197570557
0.49652176369401113
0.4964899181603744
0.4964579827603314
0.49642595709603166
0.4963938407675763
0.49636163337300804
0.49632933450830036
0.4962969437673457
0.4962644607419458
0.4962318850218
0.49619921619449403
0.4961664538454892
0.49613359755811137
0.49610064691354017
0.4960676014907964
0.49603446086673175
0.49600122461601753
0.49596789231113353
0.49593446352235543
0.49590093781774464
0.49586731476313567
0.4958335939221257
0.495799774856062
0.4957658571240313
0.49573184028284667
0.49569772388703703
0.4956635074888349
0.4956291906381647
0.4955947728826304
0.49556025376750434
0.4955256328357146
0.49549090962783315
0.49545608368206406
0.49542115453423147
0.4953861217177667
0.4953509847636963
0.49531574320063093
0.4952803965547513
0.49524494434979693
0.4952093861070537
0.49517372134534104
0.4951379495809997
0.4951020703278793
0.49506608309732586
0.4950299873981682
0.4949937827367071
0.49495746861670104
0.4949210445393541
0.49488451000330347
0.49484786450460605
0.49481110753672547
0.49477423859052055
0.49473725715423034
0.49470016271346273
0.49466295475118105
0.4946256327476901
0.4945881961806245
0.4945506445249346
0.4945129772528735
0.49447519383398375
0.4944372937350843
0.49439927642025727
0.494361141350834
0.4943228879853827
0.4942845157796942
0.49424602418676844
0.4942074126568018
0.49416868063717306
0.4941298275724296
0.4940908529042742
0.49405175607155133
0.4940125365102338
0.4939731936534081
0.49393372693126175
0.4938941357710693
0.4938544195971777
0.4938145778309938
0.4937746098909697
0.4937345151925886
0.49369429314835184
0.4936539431677639
0.4936134646573197
0.49357285702048914
0.49353211965770394
0.49349125196634397
0.4934502533407221
0.4934091231720713
0.4933678608485286
0.4933264657551239
0.4932849372737631
0.4932432747832151
0.49320147765909755
0.49315954527386235
0.493117476996782
0.4930752721939342
0.4930329302281888
0.49299045045919254
0.49294783224335553
0.492905074933836
0.4928621778805271
0.49281914043004094
0.49277596192569617
0.492732641707502
0.49268917911214427
0.4926455734729717
0.4926018241199802
0.4925579303797999
0.49251389157567904
0.49246970702747145
0.4924253760516202
0.4923808979611447
0.4923362720656253
0.49229149767118935
0.49224657408049616
0.4922015005927236
0.492156276503552
0.4921109011051511
0.49206537368616576
0.4920196935317002
0.49197385992330445
0.49192787213896016
0.4918817294530652
0.4918354311364203
0.49178897645621444
0.4917423646760095
0.49169559505572763
0.49164866685163516
0.4916015793163293
0.4915543316987239
0.49150692324403455
0.4914593531937646
0.4914116207856912
0.4913637252538504
0.49131566582852426
0.4912674417362247
0.49121905219968165
0.4911704964378269
0.4911217736657817
0.4910728830948413
0.4910238239324623
0.49097459538224764
0.4909251966439335
0.4908756269133747
0.4908258853825316
0.49077597123945566
0.49072588366827624
0.4906756218491868
0.4906251849584308
0.49057457216828926
0.49052378264706586
0.49047281555907457
0.49042167006462567
0.4903703453200127
0.49031884047749924
0.49026715468530524
0.4902152870875946
0.49016323682446195
0.49011100303191873
0.49005858484188203
0.4900059813821599
0.4899531917764402
0.48990021514427684
0.4898470506010777
0.48979369725809196
0.48974015422239825
0.4896864205968914
0.4896324954802708
0.4895783779670286
0.4895240671474369
0.48946956210753684
0.48941486192912526
0.4893599656897451
0.4893048724626722
0.4892495813169041
0.4891940913171499
0.4891384015238173
0.48908251099300243
0.48902641877647907
0.48897012392168726
0.48891362547172285
0.488856922465327
0.4888000139368759
0.48874289891636946
0.48868557642942273
0.48862804549725497
0.48857030513667965
0.4885123543600951
0.48845419217547525
0.48839581758635947
0.4883372295918442
0.4882784271865732
0.4882194093607294
0.4881601751000254
0.4881007233856955
0.48804105319448743
0.4879811634986537
0.48792105326594426
0.487860721459598
0.48780016703833606
0.4877393889563536
0.4876783861633135
0.4876171576043385
0.4875557022200052
0.4874940189463372
0.48743210671479836
0.48736996445228814
0.48730759108113425
0.48724498551908746
0.48718214667931664
0.4871190734704035
0.487055764796337
0.48699221955650995
0.48692843664571317
0.48686441495413274
0.486800153367345
0.48673565076631425
0.48667090602738755
0.4866059180222934
0.48654068561813857
0.4864752076774048
0.4864094830579475
0.4863435106129935
0.4862772891911396
0.48621081763635077
0.48614409478795984
0.486077119480667
0.48600989054453825
0.48594240680500667
0.48587466708287197
0.48580667019430146
0.4857384149508309
0.4856699001593662
0.4856011246221843
0.4855320871369361
0.485462786496648
0.48539322148972575
0.4853233908999563
0.48525329350651236
0.4851829280839557
0.48511229340224193
0.48504138822672427
0.48497021131816015
0.484898761432715
0.4848270373219694
0.48475503773292467
0.4846827614080098
0.48461020708508873
0.48453737349746817
0.48446425937390536
0.48439086343861576
0.48431718441128363
0.48424322100707023
0.4841689719366239
0.48409443590609075
0.48401961161712503
0.4839444977669005
0.4838690930481224
0.48379339614903993
0.4837174057534579
0.4836411205407516
0.48356453918587927
0.48348766035939733
0.4834104827274745
0.4833330049519076
0.48325522569013735
0.48317714359526476
0.4830987573160684
0.4830200654970217
0.48294106677831083
0.48286175979585433
0.48278214318132107
0.48270221556215137
0.48262197556157704
0.48254142179864196
0.48246055288822404
0.48237936744105814
0.4822978640637581
0.4822160413588404
0.4821338979247486
0.48205143235587833
0.4819686432426026
0.48188552917129684
0.4818020887243676
0.48171832048027846
0.48163422301357883
0.4815497948949323
0.48146503469114693
0.4813799409652043
0.48129451227629116
0.48120874717983075
0.48112264422751577
0.4810362019673398
0.48094941894363286
0.48086229369709466
0.4807748247648308
0.4806870106803878
0.48059884997379065
0.4805103411715801
0.48042148279685065
0.48033227336928974
0.48024271140521796
0.4801527954176302
0.4800625239162348
0.47997189540749907
0.47988090839468966
0.4797895613779183
0.4796978528541851
0.4796057813174257
0.479513345258556
0.47942054316552085
0.47932737352334165
0.47923383481416487
0.47913992551731266
0.4790456441093336
0.47895098906405376
0.47885595885262905
0.4787605519436
0.4786647668029449
0.4785686018941351
0.478472055678192
0.47837512661374265
0.47827781315708
0.4781801137622194
0.47808202688096063
0.47798355096294703
0.4778846844557287
0.4777854258048242
0.47768577345378516
0.47758572584426057
0.4774852814160622
0.4773844386072322
0.4772831958541097
0.4771815515914005
0.4770795042522461
0.4769770522682947
0.47687419406977255
0.4767709280855572
0.4766672527432514
0.4765631664692571
0.476458667688852
0.47635375482626613
0.47624842630475994
0.47614268054670317
0.4760365159736551
0.47592993100644565
0.4758229240652568
0.47571549356970716
0.4756076379389356
0.4754993555916862
0.47539064494639566
0.47528150442128037
0.47517193243442496
0.47506192740387265
0.474951487747716
0.47484061188418764
0.47472929823175514
0.4746175452092143
0.47450535123578474
0.47439271473120564
0.4742796341158343
0.4741661078107441
0.4740521342378244
0.4739377118198817
0.47382283898074096
0.4737075141453502
0.473591735739883
0.47347550219184503
0.47335881193018065
0.47324166338538
0.4731240549895879
0.47300598517671455
0.4728874523825454
0.4727684550448547
0.4726489916035177
0.4725290605006255
0.47240866018060146
0.47228778909031677
0.4721664456792089
0.4720446283994005
0.47192233570581965
0.47179956605632106
0.4716763179118087
0.47155258973635883
0.47142837999734494
0.4713036871655638
0.47117850971536135
0.47105284612476195
0.47092669487559646
0.47080005445363315
0.47067292334870836
0.47054530005485923
0.47041718307045743
0.4702885708983429
0.47015946204596065
0.47002985502549643
0.4698997483540148
0.46976914055359853
0.46963803015148775
0.4695064156802212
0.4693742956777785
0.469241668687723
0.4691085332593448
0.4689748879478081
0.46884073131429493
0.4687060619261536
0.4685708783570463
0.46843517918709854
0.4682989630030484
0.46816222839839816
0.468024973973566
0.4678871983360391
0.46774890010052694
0.46761007788911657
0.46747073033142766
0.4673308560647697
0.4671904537342988
0.4670495219931757
0.46690805950272607
0.46676606493259903
0.46662353696092895
0.4664804742744967
0.4663368755688914
0.46619273954867446
0.46604806492754325
0.4659028504284953
0.46575709478399385
0.4656107967361345
0.4654639550368112
0.46531656844788416
0.4651686357413477
0.46502015569949917
0.4648711271151082
0.4647215487915871
0.4645714195431603
0.4644207381950366
0.4642695035835803
0.4641177145564835
0.46396536997293836
0.46381246870381054
0.46365900963181267
0.46350499165167874
0.46335041367033736
0.463195274607088
0.46303957339377483
0.4628833089749629
0.4627264803081137
0.46256908636376093
0.46241112612568747
0.46225259859110074
0.4620935027708108
0.46193383768940594
0.46177360238543036
0.4616127959115612
0.4614514173347856
0.46128946573657836
0.46112694021307854
0.4609638398752676
0.4608001638491457
0.46063591127591
0.4604710813121306
0.46030567312992854
0.46013968591715193
0.45997311887755254
0.4598059712309633
0.4596382422134728
0.4594699310776021
0.4593010370924808
0.4591315595440204
0.4589614977350915
0.45879085098569566
0.45861961863314143
0.45844780003221663
0.45827539455536165
0.45810240159284066
0.4579288205529152
0.4577546508620134
0.4575798919649021
0.4574045433248547
0.4572286044238214
0.45705207476259624
0.45687495386098587
0.45669724125797406
0.4565189365118888
0.45634003920056565
0.45616054892151203
0.45598046529207
0.4557997879495761
0.45561851655152374
0.45543665077572126
0.4552541903204494
0.4550711349046198
0.45488748426792874
0.454703238171012
0.454518396395598
0.4543329587446589
0.4541469250425601
0.4539602951352095
0.4537730688902045
0.4535852461969764
0.4533968269669349
0.45320781113361075
0.45301819865279497
0.4528279895026787
0.45263718368398914
0.4524457812201254
0.45225378215729123
0.45206118656462657
0.45186799453433696
0.4516742061818208
0.4514798216457946
0.45128484108841654
0.4510892646954072
0.4508930926761684
0.45069632526390085
0.45049896271571754
0.4503010053127565
0.4501024533602904
0.44990330718783467
0.44970356714925086
0.4495032336228518
0.4493023070114993
0.44910078774270284
0.44889867626871416
0.4486959730666196
0.4484926786384301
0.4482887935111675
0.4480843182369486
0.44787925339306695
0.4476735995820714
0.44746735743184163
0.4472605275956601
0.44705311075228293
0.4468451076060059
0.4466365188867284
0.4464273453500142
0.4462175877771486
0.4460072469751933
0.4457963237770367
0.445584819041443
0.44537273365309626
0.44516006852264195
0.44494682458672435
0.44473300280802286
0.4445186041752813
0.4443036297033376
0.44408808043314696
0.4438719574318033
0.44365526179255643
0.44343799463482597
0.44322015710421175
0.44300175037249967
0.4427827756376658
0.4425632341238743
0.44234312708147416
0.44212245578699017
0.44190122154311123
0.44167942567867446
0.4414570695486463
0.4412341545340979
0.4410106820421788
0.44078665350608515
0.4405620703850251
0.4403369341641792
0.44011124635465804
0.4398850084934547
0.43965822214339423
0.43943088889307863
0.4392030103568273
0.4389745881746145
0.4387456240120022
0.4385161195600688
0.43828607653533375
0.43805549667967825
0.43782438176026117
0.4375927335694328
0.43736055392464146
0.43712784466833876
0.4368946076678785
0.43666084481541295
0.4364265580277844
0.4361917492464128
0.43595642043717775
0.4357205735902995
0.4354842107202118
0.43524733386543324
0.4350099450884345
0.43477204647549905
0.4345336401365829
0.4342947282051668
0.4340553128381069
0.4338153962154805
0.43357498054042604
0.43333406803898183
0.4330926609599183
0.43285076157456615
0.4326083721766425
0.43236549508207034
0.43212213262879573
0.4318782871765993
0.4316339611069055
0.4313891568225858
0.43114387674775945
0.4308981233275894
0.4306518990280743
0.4304052063358366
0.4301580477579062
0.42991042582150146
0.42966234307380446
0.42941380208173363
0.42916480543171187
0.4289153557294316
0.42866545559961433
0.42841510768576874
0.4281643146499426
0.4279130791724728
0.42766140395173036
0.4274092917038627
0.4271567451625321
0.42690376707864885
0.42665036022010405
0.42639652737149564
0.4261422713338535
0.4258875949243586
0.4256325009760611
0.4253769923375926
0.42512107187287773
0.42486474246084055
0.4246080069951075
0.4243508683837087
0.4240933295487743
0.423835393426229
0.42357706296548286
0.4233183411291189
0.4230592308925777
0.42279973524384057
0.4225398571831067
0.4222795997224704
0.4220189658855943
0.42175795870737853
0.4214965812336305
0.4212348365207288
0.4209727276352858
0.42071025765380765
0.4204474296623516
0.42018424675618155
0.4199207120394198
0.419656828624698
0.41939259963280473
0.41912802819233136
0.4188631174393155
0.4185978705168832
0.41833229057488674
0.41806638076954417
0.41780014426307277
0.4175335842233244
0.41726670382341624
0.41699950624136095
0.4167319946596958
0.41646417226510835
0.41619604224806245
0.41592760780242144
0.4156588721250706
0.415389838415538
0.4151205098756138
0.4148508897089695
0.4145809811207726
0.41431078731730575
0.41404031150557924
0.41376955689294626
0.4134985266867147
0.4132272240937602
0.412955652320137
0.4126838145706884
0.41241171404865684
0.41213935395529294
0.41186673748946384
0.4115938678472622
0.41132074822161335
0.41104738180188233
0.4107737717734823
0.4104999213174793
0.41022583361020104
0.409951511822842
0.4096769591210709
0.4094021786646359
0.409127173606973
0.40885194709481104
0.40857650226777975
0.4083008422580165
0.40802497018977385
0.40774888917902774
0.407472602333085
0.4071961127501932
0.40691942351914956
0.40664253771891057
0.4063654584182044
0.4060881886751395
0.4058107315368194
0.40553309003895466
0.40525526720547744
0.4049772660481553
0.4046990895662087
0.4044207407459276
0.40414222256028887
0.40386353796857666
0.40358468991600294
0.40330568133332895
0.40302651513648907
0.4027471942262148
0.40246772148766174
0.4021880997900368
0.4019083319862272
0.4016284209124321
0.4013483693877936
0.40106818021403234
0.4007878561750827
0.40050740003673047
0.4002268145462524
0.3999461024320575
0.39966526640333117
0.39938430914967876
0.3991032333407745
0.39882204162601015
0.3985407366341463
0.39825932097296596
0.3979777972289306
0.3976961679668379
0.39741443572948176
0.397132603037315
0.3968506723881139
0.3965686462566453
0.3962865270943362
0.3960043173289463
0.395722019364241
0.3954396355796694
0.3951571683300432
0.394874619945219
0.39459199272978185
0.3943092889627337
0.39402651089718216
0.39374366076003275
0.3934607407516847
0.39317775304572833
0.39289469978864516
0.3926115830995116
0.392328405069705
0.3920451677626121
0.39176187321334055
0.39147852342843403
0.3911951203855888
0.39091166603337446
0.3906281622909562
0.39034461104782175
0.3900610141635093
0.38977737346733976
0.38949369075815193
0.38920996780403927
0.388926206342091
0.3886424080781361
0.38835857468648904
0.38807470780970094
0.3877908090583102
0.38750688001060024
0.38722292221235605
0.38693893717662853
0.38665492638349624
0.3863708912798356
0.3860868332790909
0.3858027537610478
0.3855186540716108
0.38523453552258297
0.3849503993914494
0.38466624692116275
0.38438207931993285
0.38409789776101866
0.38381370338252363
0.38352949728719443
0.3832452805422216
0.3829610541790444
0.3826768191931584
0.38239257654392583
0.3821083271543892
0.38182407191108764
0.3815398116638767
0.38125554722575156
0.38097127937267133
0.3806870088433889
0.38040273633928207
0.38011846252418835
0.37983418802424196
0.3795499134277157
0.379265639284863
0.37898136610776584
0.37869709437018256
0.37841282450740227
0.3781285569160977
0.37784429195418556
0.37756002994068666
0.3772757711555898
0.37699151583971857
0.3767072641946022
0.376423016382346
0.3761387725255087
0.37585453270697977
0.37557029696986044
0.37528606531734815
0.3750018377126219
0.3747176140787333
0.374433394298497
0.37414917821438687
0.3738649656284331
0.3735807563021219
0.37329654995629974
0.3730123462710784
0.3727281448857428
0.37244394539866277
0.37215974736720725
0.3718755503076585
0.37159135369513335
0.37130715696350325
0.3710229595053187
0.37073876067173644
0.37045455977244846
0.3701703560756126
0.36988614880778825
0.36960193715387357
0.3693177202570426
0.36903349721868967
0.36874926709837197
0.3684650289137571
0.3681807816405721
0.3678965242125547
0.36761225552140875
0.3673279744167591
0.36704367970611185
0.36675937015481513
0.36647504448602264
0.3661907013806608
0.3659063394773958
0.36562195737260594
0.3653375536203538
0.3650531267323625
0.36476867517799294
0.3644841973842253
0.36419969173564015
0.36391515657440476
0.36363059020025923
0.36334599087050695
0.36306135680000573
0.36277668616116254
0.36249197708393016
0.3622072276558053
0.3619224359218302
0.3616375998845962
0.36135271750424885
0.3610677866984964
0.36078280534262025
0.360497771269487
0.36021268226956427
0.359927536090937
0.3596423304393275
0.35935706297811765
0.35907173132837245
0.3587863330688675
0.3585008657361163
0.35821532682440343
0.35792971378581745
0.35764402403028567
0.35735825492561457
0.35707240379752925
0.3567864679297171
0.35650044456387264
0.3562143308997468
0.3559281240951961
0.355641821266237
0.3553554194870999
0.35506891579028765
0.3547823071666363
0.3544955905653784
0.3542087628942068
0.35392182101934516
0.3536347617656169
0.3533475819165194
0.3530602782142999
0.3527728473600341
0.35248528601370854
0.3521975907943026
0.3519097582798779
0.3516217850076666
0.35133366747416517
0.35104540213522784
0.35075698540616745
0.35046841366185505
0.35017968323682486
0.34989079042538146
0.3496017314817102
0.3493125026199903
0.3490231000145124
0.348733519799797
0.34844375807071815
0.34815381088263003
0.3478636742514955
0.34757334415401975
0.3472828165277872
0.34699208727139896
0.3467011522446188
0.34641000726851806
0.34611864812562754
0.34582707056009
0.3455352702778189
0.34524324294665987
0.34495098419655595
0.344658489619717
0.34436575477079256
0.3440727751670497
0.34377954628855345
0.3434860635783531
0.34319232244267095
0.342898318251097
0.3426040463367867
0.3423095019966635
0.3420146804916262
0.3417195770467599
0.3414241868515533
0.34112850506011816
0.3408325267914159
0.3405362471294883
0.3402396611236915
0.3399427637889374
0.3396455501059388
0.3393480150214595
0.33905015344857037
0.33875196026691
0.3384534303229517
0.33815455843027387
0.337855339369839
0.33755576789027564
0.3372558387081669
0.33695554650834514
0.3366548859441929
0.3363538516379471
0.3360524381810142
0.33575064013428635
0.33544845202846674
0.3351458683644008
0.3348428836134131
0.33453949221765183
0.3342356885904386
0.3339314671166257
0.33362682215296
0.3333217480284542
0.3330162390447637
0.3327102894765722
0.3324038935719828
0.3320970455529176
0.33178973961552427
0.3314819699305898
0.3311737306439623
0.33086501587697936
0.3305558197269055
0.3302461362673764
0.32993595954885213
0.329625283599077
0.3293141024235483
0.3290024100059934
0.3286902003088551
0.32837746727378503
0.32806420482214504
0.32775040685551915
0.32743606725623214
0.3271211798878775
0.32680573859585493
0.3264897372079155
0.32617316953471825
0.3258560293703925
0.3255383104931124
0.3252200066656794
0.3249011116361144
0.32458161913825906
0.3242615228923884
0.32394081660582963
0.3236194939735949
0.3232975486790212
0.3229749743944201
0.3226517647817397
0.322327913493234
0.32200341417214473
0.321678260453392
0.3213524459642759
0.3210259643251878
0.3206988091503332
0.32037097404846476
0.3200424526236249
0.3197132384759013
0.31938332520218976
0.3190527063969721
0.31872137565310144
0.3183893265625991
0.3180565527174645
0.3177230477104938
0.31738880513611023
0.31705381859120557
0.31671808167599347
0.3163815879948726
0.3160443311573029
0.31570630477869044
0.3153675024812864
0.315027917895095
0.31468754465879434
0.314346376420668
0.31400440683954767
0.3136616295857674
0.31331803834212907
0.31297362680488067
0.3126283886847023
0.3122823177077082
0.311935407616456
0.31158765217097023
0.31123904514977513
0.3108895803509398
0.31053925159313395
0.3101880527166957
0.30983597758470943
0.3094830200840953
0.3091291741267102
0.3087744336504586
0.30841879262041516
0.3080622450299575
0.30770478490191094
0.30734640628970283
0.30698710327852685
0.30662686998651917
0.3062657005659455
0.3059035892043952
0.3055405301259895
0.30517651759259706
0.30481154590505993
0.3044456094044308
0.3040787024732169
0.3037108195366368
0.30334195506388306
0.3029721035693971
0.30260125961415085
0.3022294178069377
0.301856572805673
0.30148271931870113
0.3011078521061124
0.30073196598106744
0.3003550558111281
0.2999771165195976
0.29959814308686716
0.29921813055176927
0.29883707401293835
0.29845496863017695
0.2980718096258306
0.29768759228616415
0.2973023119627487
0.29691596407385074
0.29652854410582663
0.29614004761452345
0.29575047022668244
0.29535980764134656
0.2949680556312744
0.29457521004435333
0.2941812668050189
0.29378622191567594
0.2933900714581208
0.2929928115949673
0.2925944385710737
0.29219494871496854
0.29179433844028074
0.2913926042471681
0.2909897427237444
0.29058575054750807
0.2901806244867695
0.2897743614020752
0.2893669582476309
0.288958412072724
0.2885487200231394
0.28813787934257573
0.2877258873740548
0.2873127415613275
0.2868984394502765
0.2864829786903106
0.2860663570357551
0.2856485723472352
0.2852296225930524
0.2848095058505533
0.28438822030748945
0.28396576426337006
0.28354213613080453
0.28311733443683507
0.2826913578242593
0.28226420505294164
0.2818358750011131
0.28140636666665886
0.2809756791683939
0.2805438117473237
0.28011076376789223
0.2796765347192148
0.27924112421629615
0.2788045320012323
0.27836675794439575
0.2779278020456039
0.27748766443527084
0.2770463453755384
0.2766038452613906
0.2761601646217468
0.2757153041205364
0.2752692645577501
0.27482204687047307
0.2743736521338923
0.2739240815622845
0.2734733365099784
0.273021418472294
0.27256832908645656
0.2721140701324867
0.2716586435340618
0.27120205135935493
0.2707442958218423
0.2702853792810863
0.26982530424348855
0.2693640733630142
0.2689016894418867
0.2684381554312528
0.2679734744318166
0.26750764969444113
0.2670406846207206
0.2665725827635179
0.26610334782746914
0.26563298366945653
0.265161494299045
0.2646888838788858
0.2642151567250839
0.2637403173075299
0.2632643702501961
0.2627873203313961
0.2623091724840073
0.2618299317956537
0.26134960350885506
0.2608681930211333
0.2603857058850821
0.25990214780839777
0.25941752465386825
0.25893184243932515
0.2584451073375519
0.2579573256761549
0.2574685039373902
0.25697864875795123
0.2564877669287139
0.25599586539443986
0.2555029512534379
0.2550090317571828
0.2545141143098915
0.2540182064680565
0.2535213159399369
0.25302345058500525
0.25252461841335283
0.2520248275850488
0.2515240864094599
0.2510224033445232
0.2505197869959763
0.25001624611654566
0.24951178960508943
0.24900642650569643
0.24850016600674454
0.24799301743991267
0.24748499027915086
0.24697609413960725
0.24646633877651097
0.24595573408401455
0.24544429009399016
0.24493201697478711
0.24441892502994422
0.2439050246968624
0.24339032654543352
0.24287484127662967
0.24235857972105163
0.24184155283743414
0.24132377171111372
0.24080524755245586
0.2402859916952415
0.2397660155950167
0.23924533082740201
0.23872394908636457
0.23820188218245322
0.2376791420409956
0.2371557407002604
0.23663169030958228
0.23610700312745292
0.23558169151957647
0.23505576795689284
0.23452924501356584
0.23400213536494022
0.23347445178546639
0.2329462071465949
0.23241741441463903
0.2318880866486103
0.23135823699802294
0.23082787870067184
0.23029702508038402
0.22976568954474197
0.22923388558278318
0.22870162676267553
0.22816892672936745
0.22763579920221727
0.22710225797259964
0.22656831690149137
0.22603398991703832
0.22549929101210195
0.2249642342417893
0.22442883372096484
0.2238931036217477
0.22335705817099283
0.22282071164775832
0.2222840783807605
0.2217471727458169
0.22121000916327782
0.22067260209544837
0.22013496604400162
0.21959711554738423
0.21905906517821544
0.2185208295406793
0.21798242326791403
0.2174438610193957
0.21690515747832184
0.21636632734899083
0.21582738535418305
0.21528834623254145
0.21474922473595393
0.21421003562693908
0.21367079367603412
0.2131315136591894
0.21259221035516737
0.2120528985429484
0.2115135929991451
0.21097430849542415
0.21043505979593974
0.20989586165477622
0.20935672881340228
0.20881767599813972
0.20827871791764302
0.20773986926039606
0.20720114469222292
0.2066625588538152
0.20612412635827684
0.20558586178868735
0.2050477796956831
0.20450989459505983
0.20397222096539483
0.2034347732456912
0.20289756583304414
0.20236061308033051
0.20182392929392248
0.2012875287314254
0.20075142559944117
0.20021563405135892
0.19968016818516932
0.19914504204131034
0.19861026960053782
0.19807586478182693
0.1975418414403024
0.1970082133651971
0.196474994277844
0.1959421978296975
0.1954098376003857
0.19487792709579654
0.19434647974619554
0.19381550890437596
0.19328502784384466
0.19275504975703908
0.19222558775358023
0.19169665485856074
0.19116826401086595
0.19064042806153308
0.19011315977214333
0.18958647181325264
0.1890603767628559
0.18853488710489041
0.1880100152277736
0.18748577342298017
0.1869621738836528
0.18643922870325413
0.18591694987425328
0.18539534928685084
0.18487443872774206
0.1843542298789152
0.1838347343164916
0.18331596350959997
0.1827979288192899
0.1822806414974829
0.18176411268596163
0.18124835341539583
0.18073337460440664
0.1802191870586686
0.17970580147004778
0.179193228415779
0.17868147835767867
0.17817056164139553
0.17766048849569835
0.17715126903179962
0.17664291324271555
0.17613543100266338
0.1756288320664945
0.17512312606916167
0.17461832252522425
0.174114430828386
0.17361146025107055
0.17310941994402942
0.1726083189359849
0.17210816613330718
0.17160897031972536
0.171110740156071
0.17061348418005476
0.17011721080607653
0.16962192832506612
0.16912764490435722
0.16863436858759207
0.16814210729465665
0.16765086882164768
0.1671606608408681
0.16667149090085373
0.16618336642642836
0.16569629471878772
0.16521028295561185
0.16472533819120533
0.16424146735666556
0.1637586772600762
0.1632769745867294
0.16279636589937174
0.16231685763847806
0.16183845612254813
0.16136116754842877
0.16088499799166012
0.16040995340684544
0.15993603962804367
0.15946326236918423
0.15899162722450466
0.15852113966900955
0.15805180505895
0.15758362863232336
0.1571166155093945
0.1566507706932356
0.15618609907028427
0.1557226054109213
0.155260294370066
0.15479917048778946
0.15433923818994327
0.15388050178880755
0.15342296548375234
0.1529666333619155
0.15251150939889643
0.15205759745946318
0.15160490129827423
0.15115342456061392
0.15070317078314038
0.15025414339464754
0.14980634571683732
0.14935978096510522
0.1489144522493368
0.1484703625747143
0.14802751484253415
0.14758591185103495
0.14714555629623344
0.14670645077277095
0.1462685977747681
0.14583199969668706
0.14539665883420252
0.14496257738507923
0.14452975745005722
0.1440982010337432
0.14366791004550739
0.1432388863003881
0.14281113151999947
0.14238464733344547
0.1419594352782389
0.14153549680122335
0.1411128332594999
0.14069144592135768
0.14027133596720692
0.1398525044905155
0.13943495249874724
0.1390186809143036
0.13860369057546618
0.13818998223734133
0.13777755657280605
0.13736641417345466
0.13695655555054606
0.13654798113595215
0.13614069128310513
0.1357346862679457
0.13532996628987043
0.13492653147267775
0.13452438186551485
0.13412351744382092
0.13372393811027128
0.13332564369571775
0.13292863396012874
0.13253290859352654
0.1321384672169217
0.13174530938324613
0.13135343457828186
0.1309628422215884
0.1305735316674257
0.1301855022056743
0.12979875306275163
0.1294132834025249
0.1290290923272199
0.128646178878326
0.1282645420374963
0.12788418072744373
0.1275050938128332
0.1271272801011678
0.12675073834367134
0.12637546723616547
0.12600146541994145
0.12562873148262707
0.12525726395904824
0.12488706133208499
0.12451812203352161
0.1241504444448921
0.12378402689831816
0.12341886767734381
0.12305496501776118
0.1226923171084327
0.12233092209210539
0.12197077806622003
0.12161188308371401
0.12125423515381689
0.12089783224284066
0.12054267227496296
0.1201887531330034
0.11983607265919459
0.11948462865594481
0.11913441888659515
0.11878544107616956
0.11843769291211838
0.11809117204505454
0.117745876089483
0.11740180262452407
0.11705894919462839
0.11671731331028673
0.11637689244873128
0.11603768405463058
0.11569968554077778
0.11536289428877164
0.1150273076496896
0.11469292294475567
0.11435973746599978
0.11402774847691033
0.11369695321308018
0.1133673488828458
0.11303893266791774
0.11271170172400664
0.11238565318143975
0.11206078414577222
0.11173709169838984
0.11141457289710682
0.11109322477675426
0.11077304434976334
0.1104540286067411
0.11013617451703893
0.10981947902931448
0.10950393907208711
0.10918955155428571
0.10887631336578961
0.10856422137796438
0.10825327244418799
0.10794346340037365
0.10763479106548247
0.10732725224203263
0.10702084371659927
0.1067155622603099
0.10641140462933149
0.10610836756535233
0.10580644779605726
0.10550564203559533
0.10520594698504258
0.10490735933285719
0.10460987575532912
0.10431349291702365
0.10401820747121772
0.10372401606033042
0.1034309153163483
0.1031389018612433
0.10284797230738517
0.10255812325794818
0.10226935130731123
0.10198165304145287
0.1016950250383393
0.10140946386830799
0.10112496609444421
0.10084152827295263
0.10055914695352325
0.10027781867969138
0.09999753998919222
0.09971830741430993
0.09944011748222097
0.09916296671533291
0.09888685163161673
0.09861176874493421
0.09833771456536114
0.09806468559950324
0.09779267835080893
0.09752168931987545
0.09725171500475119
0.09698275190123251
0.09671479650315493
0.09644784530268055
0.09618189479058015
0.09591694145651042
0.0956529817892864
0.09539001227714963
0.095128029408031
0.09486702966980973
0.09460700955056779
0.09434796553883859
0.0940898941238532
0.09383279179578054
0.0935766550459644
0.09332148036715499
0.09306726425373778
0.09281400320195667
0.09256169371013419
0.09231033227888616
0.09205991541133499
0.09181043961331523
0.0915619013935788
0.09131429726399422
0.09106762373974246
0.09082187733950942
0.09057705458567383
0.0903331520044926
0.09009016612628146
0.08984809348559275
0.08960693062138897
0.08936667407721365
0.08912732040135818
0.08888886614702485
0.08865130787248782
0.08841464214124978
0.08817886552219466
0.08794397458973935
0.08770996592397991
0.08747683611083554
0.08724458174219007
0.08701319941602925
0.08678268573657559
0.0865530373144204
0.0863242507666527
0.08609632271698467
0.08586924979587549
0.08564302864065089
0.08541765589562142
0.08519312821219673
0.0849694422489976
0.08474659467196592
0.08452458215447088
0.08430340137741328
0.08408304902932767
0.08386352180648127
0.08364481641297009
0.08342692956081414
0.0832098579700489
0.08299359836881443
0.08277814749344295
0.08256350208854378
0.08234965890708584
0.08213661471047795
0.08192436626864714
0.08171291036011469
0.08150224377207022
0.08129236330044315
0.08108326574997293
0.08087494793427638
0.08066740667591396
0.08046063880645302
0.08025464116652997
0.08004941060591042
0.07984494398354704
0.07964123816763574
0.0794382900356705
0.0792360964744954
0.07903465438035641
0.07883396065895017
0.07863401222547095
0.07843480600465738
0.07823633893083623
0.07803860794796516
0.07784161000967299
0.07764534207930046
0.0774498011299369
0.07725498414445744
0.07706088811555717
0.07686751004578558
0.07667484694757751
0.07648289584328466
0.07629165376520405
0.07610111775560656
0.07591128486676318
0.07572215216097009
0.07553371671057271
0.07534597559798839
0.07515892591572787
0.07497256476641546
0.07478688926280763
0.07460189652781163
0.07441758369450124
0.074233947906133
0.07405098631616026
0.07386869608824656
0.07368707439627765
0.07350611842437312
0.07332582536689597
0.07314619242846193
0.07296721682394802
0.07278889577849894
0.07261122652753357
0.0724342063167502
0.07225783240213086
0.07208210204994472
0.07190701253675023
0.07173256114939719
0.07155874518502733
0.07138556195107407
0.07121300876526193
0.07104108295560449
0.07086978186040195
0.07069910282823808
0.07052904321797616
0.07035960039875355
0.07019077174997686
0.0700225546613156
0.06985494653269506
0.06968794477428873
0.0695215468065098
0.06935575006000277
0.06919055197563306
0.06902595000447753
0.06886194160781284
0.06869852425710471
0.06853569543399543
0.06837345263029126
0.0682117933479494
0.06805071509906398
0.067890215405852
0.06773029180063825
0.06757094182584006
0.06741216303395164
0.06725395298752714
0.06709630925916463
0.0669392294314879
0.06678271109712906
0.06662675185871073
0.06647134932882671
0.06631650113002305
0.06616220489477863
0.06600845826548504
0.06585525889442646
0.06570260444375876
0.06555049258548858
0.06539892100145124
0.06524788738328971
0.0650973894324314
0.06494742486006697
0.0647979913871261
0.0646490867442548
0.06450070867179217
0.06435285491974571
0.06420552324776825
0.06405871142513243
0.06391241723070673
0.0637666384529301
0.06362137288978664
0.06347661834878016
0.06333237264690825
0.06318863361063641
0.06304539907587148
0.06290266688793536
0.06276043490153799
0.06261870098075059
0.06247746299897831
0.06233671883893274
0.062196466392604566
0.06205670356123545
0.06191742825529036
0.061778638394429104
0.061640331907478065
0.06150250673240165
0.06136516081627377
0.06122829211524875
0.06109189859453244
0.06095597822835334
0.06082052899993226
0.0606855489014546
0.06055103593403918
0.06041698810770947
0.06028340344136353
0.06015027996274398
0.06001761570840815
0.05988540872369777
0.059753657062708854
0.059622358788261484
0.05949151197186868
0.05936111469370696
0.05923116504258494
0.05910166111591274
0.05897260101967162
0.058843982868382744
0.058715804785076486
0.05858806490126135
0.058460761356893015
0.05833389230034315
0.0582074558883686
0.058081450286079916
0.05795587366691001
0.05783072421258331
0.0577060001130842
0.057581699566625635
0.057457820779618085
0.05733436196663757
0.05721132135039496
0.057088697161704095
0.056966487639450225
0.056844691030559086
0.05672330558996469
0.056602329580578606
0.05648176127325782
0.0563615989467735
0.056241840887779816
0.05612248539078178
0.056003530758104325
0.05588497529986039
0.0557668173339199
0.05564905518587793
0.055531687189023494
0.05541471168430796
0.055298127020313795
0.05518193155322302
0.055066123646785786
0.05495070167228961
0.05483566400852724
0.054721009041765904
0.05460673516571598
0.054492840781499685
0.054379324297620046
0.05426618412992962
0.054153418701599496
0.05404102644308829
0.05392900579211091
0.05381735519360796
0.05370607309971441
0.053595157969729086
0.053484608270083805
0.053374422474312316
0.05326459906301972
0.053155136523852356
0.05304603335146622
0.05293728804749736
0.052828899120530674
0.052720865086070164
0.05261318446650792
0.052505855791094326
0.05239887759590758
0.05229224842382368
0.0521859668244862
0.05208003135427644
0.05197444057628309
0.051869193060273065
0.051764287382660874
0.05165972212647942
0.05155549588135025
0.05145160724345368
0.05134805481549979
0.05124483720669848
0.05114195303273043
0.051039400915717736
0.05093717948419475
0.05083528737307877
0.050733723223641294
0.050632485683479014
0.05053157340648458
0.05043098505281834
0.050330719288879236
0.05023077478727658
0.050131150226800994
0.050031844292396446
0.04993285567513165
