0.6641340312813768
0.6813697637309848
0.5705265813414467
0.5284361207581525
0.5625002760136675
0.5678051045029422
0.5376488863893767
0.5168110235288609
0.5215084011631151
0.5251770914200355
0.5204936947149539
0.5189499512970096
0.5214582560551992
0.5213859927701362
0.5185098637803827
0.5167188128190393
0.5167787924089583
0.5170738741424801
0.5171832642189248
0.5174655101097952
0.5176699116617727
0.5174460278867767
0.5170028949259932
0.5167113974063844
0.5166428539990033
0.5166853280750536
0.5167587502928858
0.51680982068506
0.5167861189642495
0.5166852003527808
0.5165618562738783
0.5164696008323318
0.5164222659682559
0.5164045336989921
0.516393375252193
0.5163695828911494
0.5163250530706557
0.5162654971800098
0.5162040153896541
0.516150886370294
0.5161084719707942
0.5160727613189298
0.5160376137193539
0.515998502006505
0.5159544180971739
0.5159074687189638
0.5158608117530118
0.5158165645133882
0.5157749561551153
0.5157347966193289
0.5156945494025265
0.5156532537850379
0.5156108700860573
0.5155680270848263
0.5155254748445106
0.5154836332817461
0.5154424597701013
0.5154016094243864
0.5153607097877404
0.5153195673633617
0.5152782153926783
0.5152368237951889
0.5151955611242531
0.515154498600144
0.5151135961731256
0.5150727533502109
0.5150318774775151
0.5149909270810155
0.5149499141369187
0.5149088762903447
0.5148678431857745
0.514826817094729
0.5147857741378461
0.5147446792281096
0.5147035024305351
0.5146622273562288
0.5146208493713852
0.5145793676370345
0.5145377771741917
0.5144960652813323
0.5144542129473112
0.5144121989694775
0.5143700036882961
0.5143276103836582
0.5142850042447645
0.5142421701829316
0.5141990910116103
0.5141557468588344
0.5141121157392076
0.5140681745946905
0.5140239000600639
0.5139792685808592
0.5139342559772517
0.5138888368225326
0.5138429839944935
0.5137966685530839
0.513749859869055
0.5137025258091876
0.5136546328072542
0.5136061457605188
0.5135570278023269
0.5135072400508587
0.513456741413258
0.5134054884655652
0.5133534353759497
0.5133005338192509
0.5132467328455904
0.5131919786964508
0.5131362145863763
0.5130793804753139
0.5130214128470549
0.5129622444933901
0.5129018042921253
0.5128400169650168
0.5127768028073405
0.5127120773886958
0.5126457512296579
0.512577729459035
0.512507911453064
0.5124361904537867
0.5123624531615101
0.512286579296371
0.5122084411257357
0.5121279029559475
0.5120448205876815
0.5119590407336707
0.5118704003963692
0.5117787262019922
0.5116838336868075
0.5115855265315858
0.5114835957404231
0.5113778187603312
0.5112679585378714
0.5111537625086611
0.5110349615150424
0.5109112686467373
0.510782377998998
0.5106479633426059
0.5105076766999418
0.5103611468211791
0.5102079775544212
0.5100477461033263
0.5098800011655273
0.5097042609449965
0.5095200110314633
0.5093267021400554
0.5091237477045133
0.5089105213176032
0.5086863540127884
0.5084505313818267
0.5082022905238263
0.5079408168224419
0.5076652405494138
0.5073746332945643
0.507068004224765
0.5067442961773128
0.5064023815967253
0.5060410583282309
0.5056590452863227
0.5052549780227203
0.5048274042250338
0.5043747791854044
0.5038954612874497
0.5033877075699419
0.5028496694367776
0.5022793885947746
0.50167479331349
0.5010336951141767
0.50035378600776
0.49963263641360395
0.49886769390104424
0.4980562829031306
0.4971956055555374
0.49628274381176085
0.4953146629770489
0.49428821678644913
0.49320015412548757
0.49204712745408236
0.49082570294457406
0.4895323722830157
0.4881635660097809
0.48671566819273787
0.48518503213648984
0.4835679967385075
0.48186090301249507
0.48006011021723494
0.4781620109623046
0.47616304461764447
0.47405970833897915
0.4718485650418267
0.46952624771826
0.46708945959599
0.464534969789913
0.46185960429093365
0.459060232372294
0.45613374876432217
0.45307705224699846
0.44988702162692734
0.4465604903905673
0.4430942216468874
0.4394848852765237
0.4357290394757524
0.43182311910498394
0.42776343340331335
0.4235461756906791
0.4191674476225957
0.4146233003627143
0.40990979466892574
0.40502308132532544
0.3999595025776712
0.3947157142387213
0.38928882693517
0.3836765636082248
0.37787742892453996
0.37189088480671517
0.3657175249887257
0.35935924050111967
0.35281936746055836
0.34610280862778214
0.339216121009854
0.33216756334158737
0.32496709951192265
0.3176263567188837
0.3101585400595341
0.30257830804439884
0.29490161581529645
0.2871455343414093
0.2793280543829534
0.27146788351027684
0.26358424307878076
0.2556966700612058
0.2478248263973603
0.23998831643173038
0.23220651141868354
0.22449837922125668
0.21688231730402086
0.20937598786015832
0.20199615522249886
0.19475852730578402
0.18767760440021783
0.18076653989720298
0.17403701826008997
0.1674991556367691
0.16116142793417387
0.15503063002094822
0.14911186815089356
0.14340858590607655
0.13792262215391893
0.13265429788629945
0.12760252750706846
0.12276494924813562
0.11813806895550814
0.11371741147451228
0.10949767421621308
0.10547287811749695
0.10163651201783921
0.09798166737206432
0.09450116111865979
0.09118764536405612
0.08803370328150184
0.0850319312346864
0.08217500761320126
0.07945574921372761
0.07686715623029854
0.07440244704658869
0.07205508407229703
0.06981879185331279
0.06768756862882058
0.06565569242269233
0.06371772265352302
0.0618684981369561
0.06010313224245606
0.05841700585931174
0.05680575872656229
0.0552652795905559
0.053791695572819084
0.052381361059961475
0.05103084636609325
0.04973692636604463
