2.561281402947733
2.1517433736425566
2.2024431503471105
2.0549757015970034
2.20280219071396
1.9988551512780122
1.9616597975892964
1.9754911694442252
2.2986371211059566
2.4468281451954823
2.1057673146059566
2.465327751715453
2.118184624599726
2.525205512204537
2.4104437068428326
1.9505078791659436
2.221169314356932
1.921377787874653
2.2151035495851965
2.194359158012498
1.7231849023056944
2.013760642658304
1.7364143451251381
2.184010492587914
1.7813121583780394
1.5560952735720255
1.6559008926287437
1.3902713800505833
1.5127267423442043
1.1536419638163127
1.2214425912759426
1.2211845262506054
1.0570933579565618
0.9970939539592062
0.9358778209473636
1.0368569343452902
0.9460132322648394
0.8872838664159007
0.7788371596630436
0.7461486134723248
0.5776720739050761
0.47081637971967627
0.2995330041162301
0.20761039874555576
0.14144416843552507
0.0907817216264018
0.0653599941979957
0.05154060917268394
0.042263477353615
