0.4890328520817948
0.5161358452767162
0.5165169120693403
0.5164948449580959
0.517085332562522
0.5170851406093134
0.5162492372371122
0.5156028759221837
0.5155237271923907
0.5156498026385496
0.5157874111555102
0.5159022917592542
0.5158766864742894
0.5156867050449983
0.5154765041199123
0.5153626323787803
0.5153390324211
0.5153520568315555
0.5153559785716321
0.5153192185714714
0.5152385738567219
0.5151420255929061
0.5150608763646849
0.515005478303453
0.5149668472223136
0.5149296773673124
0.5148822979388082
0.5148219254376265
0.5147543561381572
0.5146880946820893
0.5146280390246905
0.5145735817985936
0.5145208073740893
0.514465801530519
0.5144068992460147
0.5143450264588847
0.5142823979775005
0.5142207749905061
0.5141605229808288
0.5141008157085178
0.5140404822000764
0.5139787924685915
0.5139157498675178
0.5138518630762614
0.5137876813780907
0.5137234435528786
0.5136590193122057
0.5135940883045846
0.5135283769980776
0.5134617963264321
0.513394428818362
0.5133264175099271
0.5132578519484859
0.5131887201228694
0.5131189349744649
0.513048397129028
0.5129770458101104
0.5129048714531665
0.5128318940724831
0.512758130437438
0.5126835728244017
0.5126081884049956
0.5125319333927737
0.5124547691455469
0.5123766701439509
0.512297621589322
0.5122176111506429
0.5121366214685363
0.5120546275865435
0.511971599323239
0.5118875056914082
0.5118023181429782
0.5117160110796656
0.5116285601428346
0.5115399399423826
0.5114501227120394
0.5113590783867774
0.5112667756158101
0.5111731828240786
0.5110782686743284
0.5109820018273576
0.5108843503384639
0.5107852811381621
0.5106847598605628
0.510582751000286
0.5104792181928015
0.5103741244028024
0.5102674319234958
0.5101591022287482
0.5100490957926811
0.5099373719753724
0.5098238890048409
0.5097086040201646
0.509591473115397
0.5094724513413905
0.5093514926596971
0.5092285498719641
0.5091035745550766
0.5089765170195342
0.5088473262894896
0.5087159500904779
0.5085823348302771
0.5084464255663429
0.5083081659626151
0.508167498243401
0.5080243631509722
0.5078786999089099
0.507730446188809
0.5075795380761922
0.507425910032612
0.5072694948533919
0.507110223622445
0.5069480256660909
0.5067828285069551
0.506614557817723
0.5064431373736479
0.5062684890026194
0.5060905325321006
0.5059091857328563
0.5057243642597204
0.5055359815895691
0.5053439489563343
0.5051481752825591
0.5049485671068391
0.5047450285065272
0.5045374610152129
0.5043257635345971
0.5041098322403926
0.5038895604817916
0.5036648386739238
0.5034355541826391
0.5032015912009014
0.5029628306160945
0.50271914986755
0.5024704227936121
0.502216519467532
0.501957306021444
0.5016926444576417
0.501422392446355
0.5011464031092268
0.5008645247877027
0.5005766007955689
0.5002824691548818
0.49998196231456915
0.49967490685098925
0.49936112314977965
0.4990404250683684
0.4987126195785771
0.49837750638881406
0.498034877545425
0.49768451701285593
0.49732620023236207
0.4969596936591047
0.4965847542775719
0.4962011290953851
0.49580855461567747
0.4954067562883624
0.49499544794076455
0.4945743311882377
0.494143094825566
0.49370141420013486
0.4932489505680504
0.4927853504346199
0.49231024488084335
0.4918232488778391
0.4913239605914316
0.49081196067946536
0.49028681158479237
0.4897480568273043
0.48919522029887286
0.48862780556560026
0.48804529518240325
0.4874471500256452
0.48683280865030854
0.4862016866790722
0.4855531762316202
0.4848866454035825
0.4842014378056769
0.48349687217490633
0.4827722420710453
0.4820268156731339
0.4812598356922648
0.4804705194185973
0.47965805892222335
0.47882162142924284
0.4779603498961115
0.47707336380699655
0.47615976022043865
0.47521861509301655
0.4742489849088789
0.4732499086448681
0.4722204101013946
0.47115950062917383
0.47006618228125235
0.46893945141833543
0.4677783027931579
0.46658173413637627
0.4653487512620903
0.4640783737054957
0.4627696408982335
0.46142161887862865
0.46003340752416266
0.45860414828215235
0.45713303236176234
0.455619309336204
0.4540622960884521
0.4524613860172262
0.45081605840267425
0.44912588781352053
0.44739055341991196
0.44560984805935755
0.4437836868876708
0.4419121154333989
0.4399953168635849
0.43803361826166853
0.4360274957155578
0.43397757801612497
0.4318846487741043
0.42974964677702315
0.42757366442753963
0.42535794413035216
0.42310387252634224
0.4208129725091765
0.41848689300032493
0.4161273965021235
0.4137363444937097
0.4113156807797678
0.40886741294531115
0.40639359210949966
0.40389629120605597
0.4013775820457661
0.39883951143659463
0.3962840766482775
0.393713200510381
0.39112870642574904
0.388532293565383
0.38592551248699924
0.3833097413889874
0.3806861631758724
0.37805574347246096
0.3754192096836836
0.3727770311578451
0.3701294004747502
0.36747621584911727
0.3648170646159018
0.36215120774959475
0.3594775653660564
0.35679470316469786
0.3541008197923205
0.3513937351490499
0.34867087971263755
0.34592928503080567
0.3431655756227193
0.3403759626399569
0.3375562397636602
0.3347017819559468
0.3318075478368653
0.3288680866181439
0.3258775506845581
0.32282971506333347
0.3197180051493833
0.31653553414449254
0.3132751517046704
0.3099295052531491
0.30649111528799716
0.30295246577564505
0.29930611036109767
0.29554479463472266
0.29166159407523906
0.28765006655021175
0.28350441742161214
0.27921967440821954
0.27479186844126047
0.2702182158630736
0.26549729651142195
0.2606292215540082
0.2556157844352434
0.25046058801338467
0.24516914094162504
0.23974891662236034
0.23420936868117756
0.22856189790605655
0.22281976700900352
0.2169979614020756
0.21111299641131442
0.20518267390306963
0.19922579402954918
0.19326183051674425
0.18731058037601592
0.18139180086201234
0.17552484768706805
0.16972832876057192
0.16401978697169198
0.1584154238117318
0.15292987309032474
0.1475760308850959
0.14236494448348708
0.13730575974788306
0.13240572334978673
0.12767023389796117
0.12310293426422522
0.11870583643200107
0.11447946991755853
0.11042304514057624
0.10653462390962902
0.10281129028633419
0.09924931635238735
0.09584431870048256
0.09259140270536609
0.08948529273773148
0.08652044742245335
0.08369115979868795
0.08099164281556281
0.07841610100867244
0.07595878947160345
0.07361406138845385
0.07137640545299545
0.06924047449106029
0.06720110654517339
0.06525333959119616
0.06339242094913891
0.06161381233445751
0.05991319137946635
0.058286450342041454
0.05672969261382998
0.05523922754458894
0.05381156401389729
0.05244340310644198
0.0511316301820043
0.04987330657549803
