0.4937297918000443
0.5329600190450551
0.5237194878293262
0.5303195014430365
0.5308095092500594
0.5231018201818405
0.5198087099006832
0.5210823111221442
0.5210196954881127
0.5206673973103416
0.5213761881084696
0.5212956263501136
0.5200692743023947
0.51916475191349
0.5189880748109759
0.5190034207309584
0.5190466991251154
0.5190829069974132
0.5189084233685494
0.5185240875173782
0.5181590111890017
0.5179367413797868
0.5178157194635948
0.5177266911731307
0.5176129547051507
0.5174350888369061
0.5172048494135587
0.5169725119201676
0.5167735353153181
0.5166076657998332
0.5164549665867262
0.516294036219214
0.5161135719371941
0.515917572695244
0.5157192983099689
0.5155292282724514
0.5153487739105991
0.5151724611528349
0.5149934867930195
0.514808244980815
0.5146177562906682
0.5144257365141547
0.5142353268180375
0.5140471727965072
0.5138597547174569
0.513670992595007
0.5134797180763193
0.5132861492382886
0.5130913340495139
0.5128962033576216
0.5127009766500273
0.5125052101671514
0.5123082599312131
0.5121097371894905
0.5119096666579142
0.5117083297634348
0.5115059846050745
0.5113026822370638
0.5110982718081436
0.5108925355277449
0.510685327423539
0.5104766244231893
0.5102664816443632
0.510054948722738
0.5098420133647508
0.509627601282323
0.5094116161075467
0.5091939814282611
0.5089746566770916
0.5087536239203385
0.5085308625872682
0.5083063322331083
0.5080799723341272
0.5078517142647958
0.5076214939589341
0.5073892566161003
0.5071549525575023
0.506918529452042
0.5066799270388771
0.5064390770528048
0.5061959068205175
0.5059503429904594
0.5057023127805591
0.5054517425272654
0.5051985551773929
0.504942668596245
0.5046839954789889
0.5044224443488137
0.5041579205391451
0.5038903263769172
0.5036195605378699
0.5033455171036747
0.5030680848939517
0.5027871472908242
0.5025025823719136
0.50221426300385
0.5019220566658653
0.5016258250129434
0.5013254233532443
0.5010207002140579
0.5007114970513441
0.5003976480344692
0.5000789797953302
0.499755311075834
0.49942645228460575
0.4990922050212454
0.4987523616201622
0.4984067047254048
0.49805500687045934
0.4976970300276363
0.4973325251090439
0.4969612314258298
0.49658287612533125
0.4961971736213485
0.4958038250189321
0.49540251752415954
0.4949929238282634
0.49457470146234506
0.49414749212689824
0.4937109210037553
0.4932645960559363
0.49280810731648605
0.492341026164694
0.491862904588818
0.49137327443745704
0.49087164666464717
0.49035751057494026
0.48983033307430307
0.48928955793187806
0.488734605057751
0.4881648698031812
0.4875797222917125
0.4869785067913893
0.4863605411395408
0.4857251162324474
0.48507149559315477
0.48439891503208926
0.48370658241696224
0.48299367757047956
0.48225935231628475
0.48150273069533595
0.48072290937655426
0.4799189582872919
0.47908992149096113
0.4782348183409612
0.4773526449416909
0.47644237594879446
0.4755029667417741
0.47453335600269353
0.4735324687348279
0.4724992197547033
0.471432517689844
0.47033126951256354
0.46919438563712323
0.4680207856034211
0.46680940436494694
0.46555919919192956
0.46426915719229006
0.46293830344311226
0.461565709713763
0.46015050374855176
0.45869187906195824
0.4571891051830962
0.45564153826844916
0.45404863198326556
0.4524099485327382
0.45072516970472154
0.44899410776682536
0.4472167160429793
0.44539309897878454
0.44352352149194124
0.4416084173946849
0.43964839667029704
0.43764425138620755
0.43559696003266324
0.4335076900889647
0.43137779863918024
0.4292088308861326
0.4270025164460634
0.4247607633461883
0.4224856496924395
0.420179413023873
0.41784443742196203
0.41548323849558044
0.4130984464140127
0.4106927872088312
0.40826906260906054
0.40583012871092067
0.40337887381208104
0.4009181957596028
0.3984509791697979
0.395980072876802
0.39350826795487437
0.3910382766379128
0.38857271242943975
0.386114071658718
0.383664716695329
0.3812268609872772
0.37880255603831203
0.3763936803904862
0.37400193062969267
0.37162881438650686
0.36927564526335044
0.366943539582727
0.3646334148207022
0.3623459895652727
0.3600817848208527
0.3578411264676608
0.3556241486779237
0.35343079808905864
0.35126083853667595
0.3491138561567405
0.34698926467579005
0.34488631072011117
0.34280407898853166
0.3407414971485051
0.3386973403309048
0.33667023511511296
0.33465866291226903
0.33266096267080325
0.3306753328445938
0.3286998325802918
0.32673238209673416
0.32477076224618384
0.32281261326473204
0.32085543273801165
0.31889657282891803
0.31693323683686747
0.3149624751838624
0.3129811809519173
0.31098608512986076
0.3089737517657761
0.306940573264887
0.304882766121949
0.30279636743231103
0.30067723258670453
0.29852103462096624
0.2963232657623305
0.2940792417869974
0.2917841098770175
0.2894328607348619
0.28702034577702207
0.2845413002781909
0.28199037336824023
0.2793621657872957
0.276651276270264
0.27385235735039204
0.2709601812298255
0.26796971615076515
0.26487621340044054
0.26167530468421907
0.2583631090936964
0.25493634827551986
0.251392467675756
0.24772976091092827
0.24394749343635913
0.24004602080463122
0.23602689601787605
0.23189295988813724
0.2276484080579989
0.22329882852706476
0.21885120428252958
0.2143138769945515
0.20969646967906824
0.20500976862447398
0.20026556750140848
0.19547647913546348
0.19065572260895022
0.18581689489701378
0.1809737369568269
0.1761399040273262
0.1713287489459237
0.16655312573991113
0.1618252188545317
0.15715640139153791
0.15255712386427212
0.14803683337263068
0.14360392183499393
0.13926570099401098
0.1350284013072124
0.13089719148974205
0.12687621533909432
0.12296864249051274
0.11917672988604514
0.1155018909585289
0.11194476980924109
0.1085053179741932
0.10518287171155169
0.10197622808595849
0.09888371846126728
0.09590327833034072
0.09303251270075188
0.09026875651282146
0.08760912978840932
0.08505058739454324
0.08258996345638946
0.08022401057170364
0.07794943406704957
0.07576292159848587
0.07366116844000695
0.07164089882556787
0.06969888371858687
0.06783195537955636
0.06603701909064016
0.06431106237823449
0.06265116205243343
0.06105448935778328
0.05951831350390811
0.05804000381857226
0.056617030740223395
0.0552469658426209
0.05392748106112777
0.05265634726889567
0.0514314323316063
0.05025069875169796
0.04911220099707955
