0.4870012346195528
0.5408707219536619
0.5342502633833004
0.5291209148931895
0.5253986406597183
0.5227338694313393
0.5208438828793339
0.519511532086329
0.5185754605775605
0.5179184936101668
0.5174568886495521
0.5171314554784983
0.516900676143308
0.5167355804086047
0.5166160245676951
0.5165280343905059
0.5164619292596614
0.5164110079637279
0.5163706327942138
0.5163375935046629
0.5163096666803388
0.5162853109676515
0.5162634564842827
0.5162433593876824
0.5162245014634042
0.5162065207927206
0.5161891638652221
0.5161722524855183
0.516155660885991
0.516139299881936
0.5161231058880582
0.5161070332927291
0.5160910491533087
0.5160751294975272
0.5160592567375767
0.5160434178562997
0.51602760313012
0.5160118052259385
0.5159960185592716
0.5159802388354582
0.5159644627196258
0.5159486875975974
0.5159329114013478
0.5159171324805276
0.5159013495070708
0.5158855614037267
0.5158697672900214
0.5158539664410238
0.5158381582555986
0.5158223422317487
0.5158065179473099
0.5157906850447165
0.5157748432188991
0.5157589922076067
0.515743131783625
0.5157272617484885
0.5157113819273754
0.5156954921649519
0.5156795923219719
0.5156636822724934
0.5156477619015897
0.5156318311034678
0.5156158897799145
0.5155999378390159
0.5155839751940983
0.5155680017628509
0.5155520174666013
0.5155360222297136
0.5155200159790908
0.5155039986437615
0.5154879701545361
0.5154719304437242
0.5154558794448962
0.5154398170926892
0.5154237433226424
0.5154076580710638
0.5153915612749154
0.515375452871722
0.5153593327994929
0.5153432009966566
0.5153270574020083
0.5153109019546651
0.5152947345940279
0.5152785552597521
0.515262363891721
0.5152461604300245
0.5152299448149414
0.5152137169869246
0.5151974768865888
0.5151812244547
0.515164959632167
0.5151486823600339
0.5151323925794743
0.5151160902317865
0.5150997752583888
0.5150834476008156
0.5150671072007154
0.5150507539998473
0.5150343879400792
0.5150180089633858
0.5150016170118472
0.5149852120276472
0.5149687939530725
0.5149523627305108
0.5149359183024518
0.5149194606114837
0.5149029896002947
0.5148865052116713
0.5148700073884979
0.5148534960737564
0.5148369712105253
0.5148204327419799
0.5148038806113913
0.514787314762126
0.5147707351376462
0.514754141681508
0.5147375343373634
0.514720913048957
0.5147042777601281
0.514687628414809
0.5146709649570257
0.5146542873308961
0.5146375954806317
0.5146208893505353
0.5146041688850018
0.5145874340285184
0.5145706847256626
0.5145539209211039
0.5145371425596014
0.5145203495860059
0.5145035419452573
0.5144867195823862
0.5144698824425125
0.5144530304708452
0.5144361636126825
0.5144192818134115
0.5144023850185078
0.5143854731735348
0.5143685462241446
0.5143516041160763
0.5143346467951566
0.5143176742072991
0.514300686298505
0.5142836830148613
0.5142666643025416
0.5142496301078054
0.514232580376998
0.5142155150565506
0.5141984340929793
0.514181337432885
0.5141642250229532
0.5141470968099545
0.5141299527407429
0.5141127927622573
0.5140956168215186
0.5140784248656327
0.5140612168417877
0.5140439926972546
0.5140267523793876
0.514009495835622
0.5139922230134765
0.5139749338605504
0.5139576283245252
0.5139403063531633
0.5139229678943085
0.5139056128958848
0.5138882413058967
0.5138708530724293
0.5138534481436474
0.513836026467795
0.5138185879931965
0.5138011326682543
0.5137836604414505
0.5137661712613452
0.5137486650765768
0.5137311418358629
0.5137136014879973
0.5136960439818524
0.5136784692663774
0.5136608772905987
0.5136432680036195
0.513625641354619
0.513607997292853
0.5135903357676534
0.5135726567284273
0.5135549601246576
0.513537245905902
0.5135195140217931
0.5135017644220384
0.5134839970564196
0.5134662118747921
0.5134484088270855
0.5134305878633028
0.5134127489335198
0.5133948919878861
0.5133770169766233
0.5133591238500258
0.5133412125584599
0.5133232830523637
0.5133053352822476
0.5132873691986921
0.5132693847523498
0.5132513818939436
0.5132333605742668
0.5132153207441833
0.5131972623546264
0.5131791853565995
0.5131610897011751
0.5131429753394947
0.5131248422227689
0.5131066903022765
0.5130885195293647
0.5130703298554488
0.513052121232011
0.5130338936106019
0.5130156469428383
0.5129973811804043
0.5129790962750501
0.5129607921785925
0.5129424688429136
0.512924126219962
0.5129057642617506
0.512887382920358
0.5128689821479271
0.5128505618966656
0.5128321221188448
0.5128136627668001
0.5127951837929303
0.5127766851496975
0.5127581667896267
0.5127396286653052
0.5127210707293828
0.5127024929345709
0.5126838952336432
0.512665277579434
0.5126466399248388
0.5126279822228141
0.5126093044263765
0.5125906064886024
0.5125718883626287
0.5125531500016505
0.5125343913589231
0.5125156123877599
0.5124968130415326
0.5124779932736716
0.5124591530376648
0.5124402922870567
0.5124214109754501
0.512402509056504
0.5123835864839333
0.5123646432115097
0.5123456791930602
0.512326694382467
0.5123076887336682
0.512288662200655
0.5122696147374747
0.5122505462982269
0.5122314568370657
0.5122123463081985
0.5121932146658851
0.5121740618644379
0.512154887858222
0.5121356926016533
0.5121164760491999
0.5120972381553806
0.5120779788747647
0.5120586981619724
0.512039395971673
0.5120200722585861
0.5120007269774796
0.5119813600831707
0.511961971530525
0.5119425612744559
0.5119231292699243
0.5119036754719384
0.511884199835553
0.5118647023158697
0.5118451828680357
0.5118256414472437
0.511806078008732
0.5117864925077834
0.511766884899725
0.5117472551399277
0.5117276031838063
0.5117079289868184
0.5116882325044642
0.5116685136922862
0.5116487725058692
0.5116290089008383
0.5116092228328607
0.5115894142576434
0.5115695831309335
0.5115497294085177
0.5115298530462224
0.5115099539999121
0.5114900322254897
0.5114700876788958
0.511450120316109
0.5114301300931442
0.5114101169660525
0.5113900808909215
0.5113700218238744
0.5113499397210686
0.5113298345386967
0.5113097062329853
0.5112895547601942
0.511269380076617
0.5112491821385791
0.5112289609024384
0.5112087163245843
0.5111884483614375
0.511168156969449
0.5111478421051001
0.5111275037249019
0.5111071417853938
0.5110867562431451
0.5110663470547518
0.5110459141768379
0.5110254575660547
0.5110049771790798
0.5109844729726164
0.5109639449033937
0.5109433929281652
0.5109228170037089
0.5109022170868266
0.5108815931343437
0.5108609451031074
0.5108402729499879
0.5108195766318766
0.5107988561056853
0.5107781113283474
0.5107573422568149
0.5107365488480601
0.5107157310590733
0.5106948888468634
0.5106740221684563
0.5106531309808954
0.5106322152412399
0.5106112749065651
0.510590309933961
0.5105693202805328
0.5105483059033993
0.5105272667596923
0.5105062028065566
0.5104851140011493
0.5104640003006382
0.5104428616622029
0.5104216980430321
0.5104005094003252
0.5103792956912895
0.5103580568731412
0.5103367929031037
0.5103155037384078
0.5102941893362901
0.5102728496539932
0.5102514846487647
0.5102300942778565
0.5102086784985237
0.5101872372680248
0.5101657705436207
0.5101442782825735
0.5101227604421462
0.5101012169796024
0.5100796478522053
0.5100580530172161
0.5100364324318951
0.5100147860534991
0.5099931138392826
0.509971415746495
0.5099496917323816
0.5099279417541821
0.5099061657691298
0.5098843637344517
0.509862535607366
0.5098406813450835
0.5098188009048056
0.5097968942437231
0.5097749613190168
0.5097530020878559
0.5097310165073974
0.5097090045347852
0.5096869661271495
0.5096649012416061
0.5096428098352552
0.5096206918651813
0.5095985472884517
0.5095763760621159
0.5095541781432054
0.5095319534887319
0.5095097020556874
0.5094874238010425
0.5094651186817468
0.5094427866547265
0.509420427676885
0.5093980417051015
0.5093756286962297
0.5093531886070979
0.5093307213945073
0.5093082270152318
0.5092857054260169
0.5092631565835782
0.5092405804446022
0.5092179769657433
0.5091953461036247
0.509172687814837
0.5091500020559363
0.5091272887834448
0.5091045479538492
0.5090817795236
0.5090589834491103
0.509036159686755
0.50901330819287
0.5089904289237518
0.5089675218356553
0.5089445868847943
0.5089216240273393
0.5088986332194175
0.5088756144171118
0.5088525675764589
0.5088294926534499
0.5088063896040279
0.5087832583840881
0.5087600989494759
0.5087369112559871
0.5087136952593657
0.5086904509153038
0.5086671781794403
0.50864387700736
0.5086205473545925
0.5085971891766115
0.5085738024288332
0.508550387066616
0.5085269430452591
0.508503470320002
0.5084799688460223
0.508456438578436
0.508432879472296
0.5084092914825908
0.5083856745642437
0.508362028672112
0.5083383537609857
0.508314649785586
0.5082909167005656
0.5082671544605062
0.5082433630199179
0.5082195423332388
0.5081956923548333
0.508171813038991
0.5081479043399255
0.5081239662117744
0.508099998608597
0.5080760014843732
0.5080519747930036
0.508027918488307
0.5080038325240208
0.5079797168537983
0.5079555714312087
0.5079313962097355
0.5079071911427755
0.5078829561836381
0.5078586912855434
0.5078343964016214
0.5078100714849114
0.50778571648836
0.5077613313648204
0.5077369160670514
0.5077124705477158
0.5076879947593799
0.5076634886545115
0.5076389521854794
0.5076143853045523
0.5075897879638969
0.5075651601155775
0.5075405017115545
0.507515812703683
0.5074910930437124
0.5074663426832838
0.5074415615739305
0.5074167496670754
0.5073919069140307
0.5073670332659965
0.507342128674059
0.5073171930891902
0.5072922264622458
0.5072672287439648
0.5072421998849679
0.5072171398357559
0.5071920485467093
0.507166925968086
0.5071417720500212
0.5071165867425256
0.507091369995484
0.507066121758654
0.5070408419816654
0.5070155306140187
0.5069901876050829
0.5069648129040955
0.5069394064601606
0.5069139682222478
0.5068884981391912
0.5068629961596872
0.5068374622322942
0.506811896305431
0.5067862983273751
0.5067606682462621
0.5067350060100843
0.5067093115666883
0.5066835848637755
0.5066578258488993
0.5066320344694647
0.5066062106727265
0.5065803544057882
0.5065544656156004
0.50652854424896
0.5065025902525084
0.5064766035727304
0.5064505841559531
0.5064245319483439
0.5063984468959094
0.5063723289444951
0.5063461780397822
0.5063199941272877
0.5062937771523627
0.5062675270601907
0.5062412437957867
0.5062149273039953
0.5061885775294901
0.5061621944167718
0.5061357779101668
0.506109327953826
0.5060828444917238
0.5060563274676557
0.5060297768252384
0.5060031925079068
0.505976574458914
0.5059499226213292
0.5059232369380366
0.5058965173517336
0.5058697638049297
0.5058429762399455
0.5058161545989105
0.5057892988237623
0.5057624088562453
0.5057354846379087
0.5057085261101055
0.505681533213991
0.5056545058905216
0.505627444080453
0.5056003477243393
0.505573216762531
0.5055460511351743
0.5055188507822089
0.5054916156433671
0.5054643456581724
0.5054370407659378
0.5054097009057644
0.5053823260165407
0.5053549160369393
0.5053274709054182
0.5052999905602175
0.5052724749393576
0.5052449239806396
0.5052173376216419
0.505189715799721
0.5051620584520076
0.5051343655154064
0.5051066369265956
0.5050788726220233
0.5050510725379084
0.5050232366102365
0.5049953647747615
0.5049674569670017
0.5049395131222395
0.5049115331755198
0.5048835170616484
0.5048554647151906
0.5048273760704701
0.504799251061567
0.5047710896223164
0.5047428916863077
0.5047146571868822
0.5046863860571325
0.5046580782298998
0.5046297336377741
0.5046013522130917
0.5045729338879339
0.5045444785941254
0.5045159862632334
0.5044874568265657
0.5044588902151697
0.50443028635983
0.5044016451910677
0.5043729666391391
0.5043442506340342
0.5043154971054746
0.504286705982912
0.5042578771955283
0.504229010672232
0.5042001063416591
0.5041711641321691
0.5041421839718453
0.5041131657884925
0.5040841095096371
0.504055015062523
0.5040258823741125
0.5039967113710834
0.5039675019798289
0.5039382541264543
0.5039089677367777
0.5038796427363268
0.5038502790503383
0.5038208766037564
0.5037914353212308
0.5037619551271164
0.5037324359454708
0.503702877700053
0.5036732803143223
0.5036436437114374
0.5036139678142533
0.5035842525453211
0.5035544978268869
0.5035247035808895
0.503494869728959
0.5034649961924154
0.5034350828922685
0.5034051297492141
0.5033751366836349
0.5033451036155971
0.5033150304648506
0.5032849171508265
0.503254763592636
0.5032245697090693
0.5031943354185937
0.5031640606393524
0.5031337452891633
0.5031033892855168
0.5030729925455758
0.5030425549861727
0.503012076523809
0.5029815570746535
0.5029509965545415
0.5029203948789723
0.502889751963109
0.5028590677217759
0.5028283420694581
0.5027975749203002
0.5027667661881031
0.5027359157863256
0.5027050236280803
0.5026740896261335
0.5026431136929038
0.5026120957404604
0.502581035680522
0.5025499334244549
0.5025187888832726
0.5024876019676334
0.5024563725878396
0.502425100653836
0.5023937860752088
0.5023624287611838
0.502331028620625
0.5022995855620339
0.5022680994935476
0.5022365703229376
0.5022049979576082
0.5021733823045963
0.5021417232705678
0.5021100207618193
0.5020782746842734
0.5020464849434804
0.5020146514446151
0.5019827740924762
0.5019508527914847
0.5019188874456829
0.5018868779587328
0.5018548242339151
0.5018227261741274
0.5017905836818831
0.5017583966593108
0.5017261650081518
0.5016938886297598
0.5016615674250992
0.5016292012947433
0.5015967901388747
0.5015643338572816
0.5015318323493588
0.5014992855141052
0.5014666932501225
0.5014340554556143
0.5014013720283853
0.5013686428658389
0.5013358678649771
0.5013030469223982
0.5012701799342968
0.5012372667964607
0.501204307404272
0.5011713016527047
0.5011382494363221
0.5011051506492786
0.5010720051853159
0.5010388129377631
0.5010055737995347
0.5009722876631304
0.5009389544206327
0.5009055739637069
0.5008721461835991
0.5008386709711351
0.5008051482167196
0.5007715778103343
0.5007379596415383
0.5007042935994643
0.5006705795728206
0.500636817449887
0.5006030071185157
0.5005691484661293
0.5005352413797195
0.5005012857458466
0.5004672814506376
0.5004332283797859
0.5003991264185492
0.5003649754517495
0.5003307753637709
0.5002965260385592
0.5002622273596207
0.5002278792100205
0.5001934814723823
0.5001590340288866
0.5001245367612699
0.5000899895508238
0.5000553922783936
0.5000207448243769
0.49998604706872357
0.49995129889093415
0.49991650017005773
0.4998816507846928
0.4998467506129851
0.49981179953262633
0.499776797420854
0.4997417441544499
0.49970663960973816
0.4996714836625866
0.4996362761884029
0.49960101706213567
0.4995657061582725
0.4995303433508391
0.4994949285133984
0.4994594615190494
0.4994239422404262
0.49938837054969704
0.49935274631856374
0.4993170694182597
0.49928133971955013
0.49924555709273
0.49920972140762393
0.4991738325335845
0.4991378903394922
0.4991018946937532
0.4990658454643001
0.4990297425185889
0.49899358572360003
0.4989573749458364
0.4989211100513225
0.49888479090560367
0.4988484173737453
0.49881198932033144
0.49877550660946446
0.4987389691047642
0.4987023766693659
0.49866572916592106
0.49862902645659546
0.498592268403068
0.4985554548665309
0.4985185857076878
0.4984816607867538
0.4984446799634538
0.4984076430970217
0.49837055004620046
0.49833340066924015
0.49829619482389753
0.49825893236743535
0.4982216131566217
0.4981842370477283
0.49814680389653054
0.49810931355830623
0.4980717658878352
0.4980341607393979
0.49799649796677464
0.4979587774232459
0.4979209989615897
0.4978831624340824
0.4978452676924971
0.4978073145881029
0.4977693029716643
0.49773123269344044
0.49769310360318425
0.4976549155501414
0.4976166683830501
0.49757836195014005
0.4975399960991319
0.4975015706772354
0.4974630855311506
0.49742454050706514
0.49738593545065535
0.4973472702070836
0.497308544620999
0.4972697585365363
0.49723091179731527
0.49719200424643867
0.49715303572649405
0.49711400607955075
0.49707491514716035
0.49703576277035577
0.49699654878965005
0.4969572730450367
0.4969179353759878
0.4968785356214541
0.4968390736198646
0.4967995492091245
0.4967599622266161
0.4967203125091972
0.4966805998932006
0.4966408242144336
0.49660098530817715
0.4965610830091849
0.49652111715168373
0.4964810875693717
0.49644099409541786
0.4964008365624618
0.4963606148026131
0.4963203286474501
0.49627997792802026
0.4962395624748379
0.49619908211788527
0.49615853668661114
0.4961179260099299
0.49607724991622154
0.4960365082333306
0.4959957007885661
0.49595482740869956
0.49591388791996605
0.49587288214806263
0.495831809918148
0.4957906710548419
0.49574946538222425
0.49570819272383465
0.4956668529026721
0.49562544574119394
0.49558397106131574
0.49554242868441006
0.4955008184313062
0.49545914012228975
0.4954173935771018
0.49537557861493875
0.49533369505445046
0.4952917427137415
0.4952497214103688
0.49520763096134257
0.49516547118312476
0.4951232418916284
0.49508094290221777
0.49503857402970725
0.4949961350883609
0.49495362589189185
0.49491104625346155
0.49486839598567955
0.49482567490060275
0.4947828828097347
0.49474001952402513
0.4946970848538696
0.4946540786091082
0.49461100059902585
0.4945678506323514
0.49452462851725654
0.494481334061356
0.4944379670717067
0.4943945273548068
0.4943510147165956
0.4943074289624532
0.4942637698971989
0.49422003732509134
0.49417623104982805
0.49413235087454466
0.4940883966018139
0.4940443680336461
0.49400026497148747
0.4939560872162198
0.49391183456816046
0.4938675068270613
0.49382310379210803
0.49377862526191996
0.4937340710345492
0.4936894409074799
0.4936447346776281
0.49359995214134067
0.49355509309439527
0.4935101573319991
0.4934651446487889
0.4934200548388297
0.49337488769561505
0.4933296430120655
0.4932843205805289
0.49323892019277915
0.49319344164001566
0.4931478847128632
0.4931022492013703
0.49305653489501033
0.4930107415826787
0.4929648690526942
0.4929189170927973
0.49287288549014924
0.49282677403133285
0.4927805825023502
0.49273431068862317
0.49268795837499224
0.492641525345716
0.49259501138447037
0.49254841627434826
0.4925017397978586
0.4924549817369261
0.4924081418728895
0.4923612199865026
0.4923142158579319
0.4922671292667574
0.49221995999197055
0.49217270781197475
0.4921253725045837
0.49207795384702147
0.4920304516159213
0.4919828655873252
0.49193519553668286
0.49188744123885136
0.49183960246809444
0.49179167899808107
0.49174367060188595
0.4916955770519875
0.49164739812026836
0.4915991335780131
0.49155078319590895
0.4915023467440445
0.49145382399190857
0.4914052147083898
0.4913565186617761
0.4913077356197535
0.49125886534940505
0.4912099076172111
0.4911608621890475
0.49111172883018517
0.491062507305289
0.49101319737841786
0.49096379881302254
0.49091431137194597
0.490864734817422
0.49081506891107446
0.49076531341391616
0.49071546808634847
0.49066553268816027
0.49061550697852685
0.4905653907160093
0.4905151836585535
0.49046488556348944
0.4904144961875297
0.4903640152867692
0.4903134426166841
0.4902627779321308
0.4902120209873448
0.49016117153594013
0.4901102293309079
0.49005919412461624
0.4900080656688081
0.4899568437146013
0.489905528012487
0.4898541183123288
0.4898026143633621
0.48975101591419234
0.48969932271279437
0.48964753450651205
0.4895956510420557
0.4895436720655028
0.48949159732229547
0.48943942655724026
0.48938715951450673
0.4893347959376264
0.48928233556949163
0.489229778152355
0.48917712342782704
0.48912437113687646
0.48907152101982765
0.489018572816361
0.4889655262655104
0.4889123811056629
0.48885913707455725
0.4888057939092827
0.48875235134627776
0.488698809121329
0.48864516696957017
0.48859142462548044
0.4885375818228833
0.4884836382949457
0.48842959377417605
0.48837544799242383
0.4883212006808775
0.4882668515700637
0.48821240038984565
0.4881578468694218
0.4881031907373254
0.4880484317214212
0.4879935695489066
0.4879386039463078
0.48788353463948064
0.4878283613536073
0.487773083813196
0.4877177017420799
0.48766221486341454
0.487606622899677
0.4875509255726648
0.4874951226034934
0.48743921371259663
0.48738319861972246
0.48732707704393413
0.48727084870360743
0.4872145133164283
0.48715807059939364
0.4871015202688074
0.4870448620402805
0.4869880956287286
0.48693122074837114
0.48687423711272826
0.4868171444346212
0.4867599424261696
0.4867026307987895
0.48664520926319266
0.4865876775293843
0.48653003530666145
0.48647228230361145
0.4864144182281102
0.48635644278732026
0.48629835568768975
0.4862401566349499
0.4861818453341134
0.48612342148947285
0.4860648848045997
0.48600623498234063
0.4859474717248177
0.4858885947334255
0.4858296037088293
0.48577049835096375
0.48571127835903044
0.4856519434314967
0.48559249326609333
0.4855329275598125
0.4854732460089063
0.48541344830888483
0.48535353415451377
0.485293503239813
0.4852333552580548
0.4851730899017607
0.48511270686270136
0.4850522058318927
0.4849915864995953
0.48493084855531177
0.4848699916877848
0.48480901558499534
0.48474791993416044
0.4846867044217312
0.48462536873339024
0.4845639125540504
0.4845023355678526
0.4844406374581629
0.4843788179075713
0.48431687659788913
0.4842548132101471
0.484192627424593
0.48413031892069003
0.48406788737711365
0.4840053324717502
0.48394265388169505
0.48387985128324906
0.4838169243519177
0.4837538727624081
0.4836906961886269
0.48362739430367857
0.483563966779862
0.48350041328866955
0.483436733500784
0.4833729270860761
0.4833089937136031
0.4832449330516054
0.48318074476750505
0.4831164285279037
0.4830519839985786
0.48298741084448227
0.48292270872973864
0.482857877317642
0.4827929162706532
0.48272782525039837
0.4826626039176662
0.4825972519324051
0.4825317689537218
0.48246615463987763
0.48240040864828776
0.4823345306355166
0.48226852025727746
0.48220237716842906
0.48213610102297283
0.4820696914740513
0.48200314817394496
0.48193647077407
0.48186965892497596
0.48180271227634314
0.48173563047698
0.4816684131748207
0.4816010600169229
0.4815335706494648
0.48146594471774284
0.48139818186616945
0.48133028173826986
0.4812622439766802
0.4811940682231447
0.48112575411851327
0.4810573013027387
0.48098870941487465
0.4809199780930723
0.48085110697457867
0.4807820956957333
0.4807129438919664
0.4806436511977959
0.48057421724682486
0.48050464167173895
0.4804349241043039
0.4803650641753634
0.4802950615148356
0.4802249157517118
0.480154626514052
0.480084193428985
0.48001361612270327
0.479942894220462
0.4798720273465755
0.479801015124416
0.47972985717640987
0.47965855312403527
0.4795871025878201
0.4795155051873392
0.479443760541212
0.4793718682670993
0.4792998279817017
0.4792276393007562
0.4791553018390347
0.47908281521034035
0.47901017902750614
0.4789373929023914
0.4788644564458798
0.478791369267877
0.4787181309773084
0.4786447411821155
0.4785711994892553
0.47849750550469583
0.4784236588334152
0.4783496590793986
0.478275505845636
0.47820119873411954
0.4781267373458419
0.47805212128079255
0.4779773501379567
0.4779024235153124
0.4778273410098282
0.47775210221746056
0.4776767067331526
0.47760115415083043
0.4775254440634017
0.4774495760627535
0.47737354973974944
0.4772973646842278
0.47722102048499937
0.47714451672984587
0.4770678530055159
0.47699102889772527
0.4769140439911528
0.4768368978694398
0.47675959011518676
0.4766821203099519
0.47660448803424954
0.476526692867547
0.47644873438826396
0.4763706121737693
0.4762923258003795
0.47621387484335775
0.4761352588769106
0.47605647747418706
0.47597753020727657
0.4758984166472069
0.4758191363639432
0.47573968892638496
0.47566007390236603
0.4755802908586516
0.47550033936093716
0.47542021897384656
0.4753399292609312
0.4752594697846676
0.4751788401064567
0.47509803978662196
0.475017068384408
0.47493592545797947
0.4748546105644197
0.47477312325972887
0.474691463098824
0.47460962963553655
0.47452762242261115
0.4744454410117064
0.47436308495339136
0.4742805537971461
0.4741978470913606
0.4741149643833329
0.47403190521926936
0.4739486691442829
0.4738652557023936
0.4737816644365259
0.4736978948885103
0.4736139465990805
0.4735298191078747
0.47344551195343443
0.47336102467320335
0.47327635680352803
0.473191507879657
0.47310647743574097
0.4730212650048318
0.4729358701188832
0.4728502923087503
0.4727645311041895
0.472678586033859
0.47259245662531824
0.47250614240502875
0.47241964289835403
0.47233295762955996
0.4722460861218152
0.47215902789719194
0.47207178247666565
0.4719843493801165
0.47189672812632993
0.4718089182329969
0.47172091921671566
0.47163273059299127
0.47154435187623805
0.47145578257977977
0.4713670222158518
0.4712780702956003
0.47118892632908627
0.47109958982528477
0.4710100602920875
0.47092033723630433
0.4708304201636646
0.47074030857881904
0.470650001985342
0.4705594998857327
0.47046880178141826
0.4703779071727547
0.47028681555903035
0.4701955264384669
0.4701040393082231
0.4700123536643968
0.46992046900202705
0.46982838481509803
0.46973610059654064
0.4696436158382362
0.46955093003101966
0.4694580426646825
0.4693649532279752
0.4692716612086125
0.46917816609327534
0.4690844673676149
0.46899056451625676
0.4688964570228039
0.46880214436984213
0.46870762603894234
0.4686129015106661
0.4685179702645696
0.468422831779208
0.46832748553213965
0.4682319309999321
0.46813616765816507
0.4680401949814374
0.4679440124433705
0.4678476195166146
0.46775101567285365
0.46765420038281114
0.4675571731162553
0.4674599333420054
0.4673624805279377
0.46726481414099036
0.4671669336471715
0.467068838511564
0.4669705281983326
0.466872002170731
0.46677325989110746
0.4666743008209131
0.466575124420708
0.46647573015016874
0.466376117468096
0.46627628583242214
0.4661762347002183
0.466075963527703
0.4659754717702502
0.4658747588823964
0.4657738243178504
0.46567266752950137
0.4655712879694266
0.46546968508890185
0.4653678583384092
0.4652658071676474
0.46516353102553976
0.4650610293602452
0.46495830161916674
0.46485534724896216
0.4647521656955538
0.46464875640413894
0.4645451188192004
0.46444125238451645
0.46433715654317237
0.4642328307375709
0.4641282744094443
0.46402348699986457
0.4639184679492555
0.46381321669740494
0.46370773268347576
0.46360201534601897
0.46349606412298505
0.4633898784517376
0.4632834577690651
0.463176801511194
0.4630699091138027
0.46296278001203367
0.46285541364050814
0.46274780943333893
0.46263996682414443
0.4625318852460638
0.4624235641317701
0.46231500291348576
0.4622062010229966
0.4620971578916676
0.4619878729504577
0.461878345629935
0.46176857536029325
0.46165856157136664
0.46154830369264715
0.46143780115329947
0.4613270533821786
0.4612160598078463
0.461104819858588
0.46099333296243
0.46088159854715693
0.46076961604032973
0.46065738486930286
0.4605449044612434
0.4604321742431482
0.4603191936418639
0.46020596208410447
0.46009247899647093
0.4599787438054709
0.4598647559375373
0.45975051481904905
0.4596360198763502
0.45952127053577096
0.4594062662236478
0.45929100636634435
0.4591754903902721
0.45905971772191206
0.4589436877878359
0.458827400014728
0.45871085382940624
0.45859404865884673
0.4584769839302033
0.45835965907083237
0.4582420735083148
0.4581242266704795
0.45800611798542673
0.4578877468815522
0.4577691127875701
0.4576502151325387
0.45753105334588307
0.45741162685742154
0.45729193509738947
0.45717197749646504
0.45705175348579435
0.4569312624970174
0.45681050396229395
0.4566894773143301
0.45656818198640403
0.4564466174123935
0.4563247830268025
0.4562026782647884
0.4560803025621899
0.4559576553555539
0.4558347360821652
0.4557115441800724
0.45558807908811894
0.4554643402459696
0.45534032709414124
0.4552160390740314
0.4550914756279477
0.45496663619913835
0.45484152023182073
0.4547161271712139
0.4545904564635671
0.45446450755619144
0.45433827989749165
0.4542117729369959
0.45408498612538833
0.45395791891454096
0.4538305707575455
0.4537029411087452
0.45357502942376837
0.45344683515956064
0.4533183577744175
0.453189596728019
0.4530605514814619
0.45293122149729437
0.4528016062395494
0.45267170517377964
0.45254151776709145
0.4524110434881796
0.452280281807363
0.4521492321966191
0.4520178941296198
0.45188626708176644
0.45175435053022733
0.4516221439539718
0.45148964683380816
0.45135685865241976
0.4512237788944016
0.4510904070462976
0.4509567425966378
0.45082278503597645
0.4506885338569282
0.45055398855420814
0.4504191486246678
0.45028401356733483
0.4501485828834514
0.4500128560765122
0.4498768326523044
0.44974051211894633
0.4496038939869267
0.449466977769144
0.44932976298094707
0.4491922491401741
0.4490544357671934
0.448916322384943
0.4487779085189725
0.44863919369748156
0.44850017745136306
0.4483608593142423
0.44822123882251935
0.4480813155154102
0.447941088934987
0.44780055862622214
0.4476597241370275
0.4475185850182981
0.4473771408239542
0.4472353911109822
0.4470933354394786
0.4469509733726918
0.44680830447706477
0.4466653283222779
0.4465220444812925
0.4463784525303928
0.44623455204923
0.44609034262086517
0.4459458238318128
0.4458009952720843
0.44565585653523154
0.44551040721839036
0.445364646922325
0.44521857525147096
0.44507219181398006
0.44492549622176364
0.4447784880905372
0.44463116703986444
0.44448353269320096
0.44433558467794
0.4441873226254546
0.444038746171144
0.4438898549544774
0.44374064861903806
0.4435911268125682
0.4434412891870134
0.44329113539856735
0.443140665107716
0.4429898779792827
0.4428387736824727
0.4426873518909173
0.44253561228271837
0.44238355454049383
0.44223117835142167
0.4420784834072835
0.44192546940451133
0.4417721360442295
0.4416184830323009
0.4414645100793705
0.44131021690090966
0.44115560321726127
0.44100066875368216
0.4408454132403893
0.44068983641260207
0.4405339380105876
0.44037771777970325
0.44022117547044165
0.4400643108384732
0.4399071236446907
0.43974961365525134
0.4395917806416218
0.4394336243806197
0.4392751446544575
0.4391163412507849
0.43895721396273213
0.43879776258895203
0.4386379869336622
0.43847788680668737
0.438317462023502
0.4381567124052713
0.43799563777889294
0.43783423797703863
0.4376725128381954
0.43751046220670653
0.4373480859328118
0.4371853838726887
0.4370223558884925
0.4368590018483954
0.4366953216266278
0.4365313151035163
0.4363669821655242
0.4362023227052891
0.4360373366216626
0.4358720238197483
0.43570638421093955
0.43554041771295726
0.4353741242498879
0.4352075037522195
0.43504055615687964
0.4348732814072704
0.4347056794533057
0.4345377502514463
0.4343694937647351
0.43420090996283234
0.4340319988220499
0.4338627603253858
0.43369319446255733
0.4335233012300351
0.4333530806310758
0.4331825326757541
0.4330116573809957
0.43284045477060806
0.4326689248753124
0.43249706773277385
0.4323248833876318
0.43215237189153016
0.4319795333031463
0.43180636768821956
0.43163287511958054
0.4314590556771781
0.43128490944810693
0.43111043652663467
0.43093563701422766
0.43076051101957735
0.430585058658625
0.43040928005458623
0.4302331753379759
0.4300567446466308
0.4298799881257332
0.429702905927833
0.42952549821286934
0.42934776514819234
0.42916970690858336
0.42899132367627496
0.4288126156409703
0.42863358299986254
0.4284542259576516
0.42827454472656273
0.42809453952636345
0.42791421058437895
0.42773355813550823
0.4275525824222386
0.42737128369466043
0.4271896622104796
0.42700771823503136
0.4268254520412921
0.4266428639098903
0.4264599541291184
0.4262767229949412
0.4260931708110066
0.425909297888653
0.42572510454691803
0.4255405911125448
0.4253557579199887
0.42517060531142337
0.4249851336367437
0.4247993432535725
0.42461323452726196
0.4244268078308957
0.42424006354529237
0.424053002059005
0.4238656237683218
0.4236779290772645
0.42348991839758887
0.42330159214878005
0.4231129507580506
0.4229239946603367
0.42273472429829284
0.4225451401222865
0.42235524259039137
0.4221650321683805
0.4219745093297178
0.42178367455554877
0.42159252833469146
0.4214010711636245
0.4212093035464768
0.42101722599501434
0.4208248390286269
0.42063214317431363
0.42043913896666824
0.42024582694786317
0.4200522076676322
0.41985828168325234
0.41966404955952696
0.41946951186876313
0.4192746691907542
0.4190795221127564
0.41888407122946714
0.4186883171430019
0.4184922604628695
0.418295901805948
0.4180992417964573
0.4179022810659333
0.41770502025319983
0.4175074600043392
0.41730960097266295
0.41711144381868176
0.41691298921007225
0.4167142378216459
0.41651519033531464
0.4163158474400569
0.41611620983188147
0.4159162782137925
0.4157160532957506
0.41551553579463574
0.41531472643420697
0.41511362594506374
0.4149122350646032
0.4147105545369792
0.4145085851130585
0.41430632755037755
0.41410378261309655
0.41390095107195446
0.4136978337042217
0.41349443129365215
0.41329074463043464
0.41308677451114273
0.41288252173868495
0.4126779871222519
0.41247317147726437
0.4122680756253196
0.41206270039413645
0.4118570466175
0.4116511151352058
0.41144490679300066
0.4112384224425262
0.41103166294125776
0.4108246291524461
0.41061732194505357
0.41040974219369414
0.4102018907785693
0.4099937685854036
0.40978537650538
0.4095767154350735
0.4093677862763852
0.4091585899364725
0.4089491273276823
0.4087393993674793
0.4085294069783763
0.4083191510878627
0.4081086326283311
0.40789785253700395
0.40768681175585986
0.4074755112315563
0.4072639519153557
0.40705213476304564
0.4068400607348624
0.4066277307954116
0.4064151459135868
0.4062023070624904
0.40598921521934994
0.4057758713654368
0.4055622764859815
0.4053484315700895
0.4051343376106549
0.40491999560427555
0.40470540655116394
0.4044905714550603
0.40427549132314194
0.4040601671659352
0.40384459999722266
0.4036287908339524
0.40341274069614497
0.4031964506067995
0.40297992159179985
0.4027631546798184
0.40254615090222073
0.4023289112929677
0.40211143688851786
0.4018937287277292
0.40167578785175717
0.4014576153039574
0.4012392121297811
0.4010205793766754
0.40080171809397797
0.40058262933281474
0.400363314145993
0.40014377358789843
0.3999240087143859
0.3997040205826731
0.39948381025123325
0.3992633787796839
0.3990427272286785
0.39882185665979536
0.3986007681354255
0.3983794627186603
0.3981579414731792
0.3979362054631338
0.39771425575303415
0.3974920934076327
0.39726971949180734
0.3970471350704441
0.3968243412083188
0.3966013389699784
0.3963781294196199
0.396154713620971
0.3959310926371669
0.39570726753062974
0.39548323936294355
0.3952590091947308
0.3950345780855282
0.3948099470936597
0.39458511727611056
0.3943600896884003
0.39413486538445375
0.39390944541647244
0.393683830834804
0.39345802268781277
0.3932320220217467
0.3930058298806055
0.3927794473060084
0.3925528753370579
0.39232611501020753
0.39209916735912304
0.39187203341454846
0.39164471420416647
0.39141721075246194
0.39118952408058116
0.3909616552061923
0.39073360514334465
0.390505374902327
0.39027696548952384
0.39004837790727304
0.3898196131537205
0.38959067222267496
0.3893615561034622
0.38913226578077714
0.38890280223453577
0.3886731664397273
0.38844335936626234
0.38821338197882327
0.38798323523671224
0.3877529200936979
0.38752243749786236
0.3872917883914456
0.38706097371069087
0.3868299943856866
0.38659885134021
0.3863675454915678
0.38613607775043657
0.3859044490207022
0.3856726601992972
0.3854407121760394
0.3852086058334673
0.3849763420466741
0.38474392168314375
0.38451134560258193
0.3842786146567486
0.38404572968928863
0.38381269153556097
0.3835795010224666
0.3833461589682766
0.38311266618245726
0.38287902346549546
0.38264523160872077
0.38241129139412944
0.3821772035942042
0.38194296897173424
0.38170858827963416
0.38147406226075947
0.38123939164772463
0.3810045771627152
0.3807696195173023
0.38053451941225336
0.38029927753734283
0.38006389457116085
0.37982837118091994
0.379592708022261
0.3793569057390584
0.3791209649632212
0.3788848863144956
0.3786486704002636
0.37841231781534146
0.3781758291417746
0.377939204948635
0.37770244579181084
0.37746555221380007
0.377228524743498
0.37699136389598653
0.37675407017231866
0.3765166440593025
0.3762790860292837
0.37604139653992585
0.37580357603398723
0.3755656249390982
0.3753275436675349
0.37508933261599064
0.37485099216534695
0.3746125226804404
0.37437392450982826
0.37413519798555256
0.37389634342290057
0.37365736112016357
0.3734182513583931
0.3731790144011562
0.3729396504942853
0.37270015986562904
0.37246054272479734
0.3722207992629072
0.37198092965232216
0.37174093404639275
0.37150081257919226
0.37126056536524876
0.37102019249927753
0.37077969405590727
0.37053907008940545
0.3702983206334003
0.3700574457005989
0.3698164452825031
0.3695753193491226
0.3693340678486836
0.3690926907073353
0.3688511878288523
0.3686095590943347
0.3683678043619031
0.3681259234663926
0.36788391621904015
0.36764178240717105
0.36739952179387986
0.3671571341177088
0.3669146190923217
0.3666719764061744
0.36642920572217996
0.3661863066773729
0.3659432788825654
0.365700121922002
0.3654568353530097
0.3652134187056426
0.3649698714823235
0.36472619315747973
0.3644823831771767
0.3642384409587428
0.3639943658903938
0.3637501573308507
0.3635058146089514
0.36326133702326013
0.3630167238416694
0.3627719743009976
0.36252708760658325
0.3622820629318698
0.36203689941798967
0.3617915961733392
0.3615461522731499
0.36130056675905337
0.3610548386386412
0.36080896688501685
0.36056295043634545
0.36031678819539276
0.36007047902906175
0.35982402176792105
0.3595774152057275
0.3593306580989428
0.3590837491662413
0.3588366870880148
0.3585894705058671
0.35834209802210354
0.3580945681992129
0.3578468795593423
0.35759903058376485
0.35735101971233973
0.35710284534296516
0.3568545058310235
0.3566059994888193
0.3563573245850074
0.3561084793440169
0.3558594619454628
0.3556102705235528
0.35536090316648383
0.35511135791583054
0.3548616327659265
0.35461172566323496
0.35436163450571134
0.35411135714215797
0.3538608913715681
0.3536102349424617
0.3533593855522118
0.3531083408463609
0.35285709841792867
0.35260565580671
0.3523540104985617
0.3521021599246813
0.3518501014608737
0.35159783242681036
0.35134535008527484
0.35109265164140097
0.35083973424189757
0.3505865949742656
0.35033323086600154
0.350079638883791
0.3498258159326925
0.3495717588553072
0.3493174644309402
0.3490629293747479
0.3488081503368761
0.3485531239015842
0.3482978465863591
0.3480423148410163
0.34778652504678925
0.34753047351540695
0.3472741564881583
0.3470175701349445
0.3467607105533197
0.346503573767517
0.346246155727465
0.3459884523077874
0.34573045930679325
0.3454721724454533
0.3452135873663612
0.34495469963268466
0.3446955047271008
0.34443599805071984
0.3441761749219949
0.3439160305756182
0.3436555601614037
0.34339475874315667
0.3431336212975288
0.3428721427128614
0.3426103177880128
0.34234814123117396
0.3420856076586689
0.3418227115937432
0.3415594474653365
0.3412958096068444
0.34103179225486324
0.3407673895479249
0.3405025955252151
0.34023740412527986
0.3399718091847188
0.3397058044368638
0.33943938351044556
0.33917253992824775
0.3389052671057455
0.3386375583497343
0.3383694068569447
0.3381008057126454
0.33783174788923165
0.33756222624480614
0.3372922335217436
0.33702176234524683
0.33675080522189094
0.33647935453815514
0.3362074025589462
0.33593494142611047
0.33566196315693575
0.3353884596426453
0.3351144226468812
0.3348398438041792
0.33456471461843773
0.33428902646137665
0.33401277057098994
0.33373593804999374
0.3334585198642659
0.33318050684128275
0.3329018896685498
0.33262265889202963
0.33234280491456697
0.33206231799431174
0.3317811882431405
0.3314994056250773
0.33121695995471645
0.3309338408956457
0.33065003795887243
0.33036554050125433
0.3300803377239336
0.32979441867077874
0.32950777222683236
0.3292203871167696
0.3289322519033634
0.3286433549859645
0.3283536845989932
0.3280632288104446
0.32777197552041154
0.32747991245962366
0.32718702718800863
0.3268933070932711
0.3265987393894984
0.3263033111157893
0.32600700913491043
0.3257098201319828
0.32541173061319884
0.3251127269045743
0.3248127951507359
0.3245119213137467
0.32421009117197414
0.3239072903190013
0.3236035041625836
0.32329871792365733
0.3229929166353963
0.3226860851423274
0.3223782080995023
0.3220692699717311
0.3217592550328796
0.32144814736523625
0.321135930858949
0.3208225892115365
0.32050810592748
0.32019246431789533
0.3198756475002924
0.3195576383984239
0.3192384197422282
0.31891797406787076
0.3185962837178879
0.31827333084143605
0.3179490973946552
0.31762356514114465
0.31729671565256046
0.3169685303093383
0.31663899030154624
0.31630807662987004
0.3159757701067418
0.315642051357609
0.31530690082235685
0.314970298756884
0.3146322252348385
0.3142926601495196
0.31395158321595096
0.3136089739731297
0.3132648117864577
0.31291907585036
0.3125717451910974
0.31222279866977654
0.31187221498556433
0.3115199726791141
0.31116605013620546
0.31081042559160527
0.31045307713315856
0.31009398270610883
0.3097331201176569
0.30937046704176596
0.3090060010242132
0.3086396994878966
0.3082715397384025
0.30790149896983765
0.30752955427093187
0.30715568263141474
0.3067798609486748
0.3064020660347011
0.30602227462331427
0.30564046337769346
0.30525660889819795
0.3048706877304918
0.3044826763739729
0.3040925512905127
0.3037002889135024
0.30330586565721984
0.3029092579265064
0.302510442126769
0.3021093946742966
0.3017060920069019
0.30130051059488505
0.3008926269523179
0.300482417648654
0.3000698593206595
0.29965492868466415
0.29923760254913406
0.2988178578275603
0.29839567155166313
0.2979710208849066
0.29754388313632246
0.29711423577463475
0.2966820564426846
0.29624732297214407
0.29581001339851815
0.29537010597642266
0.29492757919513213
0.2944824117943906
0.29403458278047223
0.2935840714424833
0.2931308573688961
0.2926749204642995
0.2922162409663555
0.29175479946295046
0.29129057690951965
0.2908235546465399
0.2903537144171661
0.2898810383849994
0.2894055091519684
0.2889271097763052
0.28844582379059747
0.2879616352198957
0.2874745285998573
0.28698448899490464
0.2864915020163756
0.2859955538406438
0.2854966312271862
0.2849947215365725
0.2844898127483548
0.28398189347882835
0.28347095299864333
0.28295698125023616
0.28243996886505846
0.2819199071805749
0.28139678825700276
0.2808706048937673
0.280341350645645
0.2798090198385658
0.2792736075850494
0.2787351097992465
0.2781935232115555
0.2776488453827928
0.27710107471788226
0.2765502104790439
0.27599625279844986
0.2754392026903254
0.2748790620624653
0.27431583372714585
0.2737495214114027
0.2731801297666538
0.2726076643776454
0.27203213177069485
0.2714535394212152
0.2708718957604944
0.27028721018171886
0.2696994930452126
0.2691087556828871
0.26851501040187675
0.26791827048735156
0.26731855020449174
0.26671586479961523
0.266110230500446
0.26550166451551643
0.2648901850326966
0.2642758112168452
0.2636585632065794
0.26303846211016246
0.2624155300005053
0.26178978990928925
0.2611612658202075
0.2605299826613359
0.2598959662966338
0.2592592435165892
0.2586198420280123
0.2579777904429951
0.257333118267045
0.2566858558864108
0.2560360345546151
0.25538368637821407
0.2547288443018001
0.2540715420922708
0.25341181432238663
0.2527496963536387
0.25208522431845304
0.25141843510175715
0.25074936632193334
0.25007805631119334
0.24940454409539212
0.2487288693733234
0.2480510724955171
0.24737119444257655
0.24668927680308256
0.2460053617511011
0.24531949202332448
0.24463171089587943
0.24394206216083697
0.24325059010245656
0.24255733947319816
0.24186235546953624
0.24116568370760902
0.2404673701987366
0.23976746132484117
0.23906600381380158
0.23836304471477504
0.23765863137351795
0.2369528114077375
0.23624563268250376
0.2355371432857526
0.23482739150391074
0.23411642579766784
0.23340429477792674
0.23269104718195632
0.23197673184977427
0.23126139770078236
0.2305450937106826
0.22982786888869103
0.22910977225507556
0.22839085281903657
0.22767115955695008
0.22695074139099064
0.2262296471681541
0.2255079256396922
0.2247856254409787
0.22406279507181484
0.22333948287719427
0.22261573702853013
0.22189160550536258
0.22116713607755087
0.2204423762879606
0.21971737343565145
0.2189921745595719
0.21826682642276796
0.21754137549710567
0.2168158679485148
0.21609034962275137
0.2153648660316835
0.21463946234009976
0.21391418335303783
0.21318907350363425
0.21246417684149163
0.21173953702156015
0.21101519729353072
0.2102912004917343
0.20956758902554304
0.2088444048702677
0.20812168955854388
0.2073994841722026
0.20667782933461645
0.20595676520351303
0.20523633146425072
0.20451656732354492
0.20379751150363778
0.20307920223690284
0.2023616772608738
0.20164497381368893
0.20092912862994192
0.2002141779369267
0.1995001574512707
0.19878710237594072
0.1980750473976161
0.19736402668441638
0.19665407388397313
0.195945222121836
0.19523750400020287
0.19453095159696449
0.19382559646504904
0.1931214696320636
0.19241860160021462
0.1917170223465038
0.19101676132318404
0.19031784745847077
0.18962030915749367
0.18892417430348252
0.1882294702591784
0.18753622386845725
0.18684446145816047
0.18615420884012124
0.18546549131337986
0.18477833366657584
0.18409276018051415
0.18340879463089146
0.18272646029117864
0.1820457799356497
0.18136677584255034
0.1806894697973978
0.18001388309640767
0.17934003655003583
0.1786679504866343
0.17799764475621005
0.17732913873428297
0.17666245132583597
0.17599760096935257
0.17533460564093237
0.17467348285848483
0.17401424968599133
0.17335692273783132
0.17270151818317037
0.17204805175040033
0.17139653873163307
0.17074699398723703
0.17009943195041827
0.1694538666318367
0.1688103116242586
0.16816878010723685
0.16752928485181925
0.1668918382252783
0.16625645219586238
0.16562313833756198
0.16499190783488946
0.16436277148766998
0.16373573971584052
0.16311082256425274
0.16248802970747953
0.16186737045462168
0.16124885375411155
0.16063248819851383
0.1600182820293189
0.15940624314172816
0.15879637908942906
0.15818869708935837
0.15758320402645146
0.15697990645837573
0.15637881062024822
0.15577992242933358
0.15518324748972323
0.1545887910969926
0.15399655824283767
0.15340655361968503
0.1528187816252799
0.15223324636724808
0.15164995166762946
0.151068901067386
0.15049009783087997
0.14991354495032302
0.1493392451501953
0.14876720089163312
0.1481974143767859
0.14762988755314
0.14706462211781052
0.1465016195217979
0.14594088097421348
0.14538240744646772
0.14482619967642452
0.14427225817252112
0.14372058321784992
0.1431711748742074
0.14262403298610304
0.1420791571847336
0.14153654689192005
0.1409962013240061
0.14045811949572054
0.13992230022400054
0.13938874213177765
0.13885744365172512
0.13832840302996735
0.1378016183297505
0.1372770874350745
0.13675480805428675
0.13623477772363693
0.13571699381079194
0.135201453518314
0.13468815388709818
0.1341770917997711
0.1336682639840519
0.13316166701607327
0.13265729732366355
0.13215515118959065
0.1316552247547665
0.13115751402141335
0.13066201485619103
0.13016872299328527
0.12967763403745902
0.12918874346706308
0.12870204663701046
0.12821753878171196
0.12773521501797314
0.12725507034785374
0.1267770996614908
0.12630129773988116
0.12582765925762962
0.1253561787856582
0.1248868507938785
0.12441966965382749
0.1239546296412668
0.12349172493874505
0.12303094963812418
0.1225722977430698
0.12211576317150495
0.12166133975802983
0.12120902125630444
0.12075880134139685
0.12031067361209646
0.1198646315931929
0.11942066873771967
0.1189787784291644
0.11853895398364461
0.1181011886520503
0.11766547562215236
0.11723180802067888
0.11680017891535756
0.11637058131692607
0.11594300818110992
0.11551745241056874
0.11509390685680922
0.1146723643220687
0.11425281756116622
0.11383525928332233
0.11341968215394961
0.1130060787964116
0.11259444179375258
0.1121847636903959
0.11177703699381569
0.11137125417617683
0.11096740767594691
0.11056548989948001
0.11016549322257162
0.10976740999198584
0.10937123252695524
0.10897695312065203
0.10858456404163438
0.10819405753526339
0.10780542582509578
0.10741866111424894
0.10703375558674104
0.10665070140880491
0.10626949073017697
0.1058901156853614
0.10551256839486918
0.10513684096643287
0.10476292549619798
0.10439081406988931
0.10402049876395539
0.10365197164668828
0.10328522477932152
0.10292025021710473
0.1025570400103572
0.10219558620549779
0.10183588084605427
0.10147791597365108
0.10112168362897625
0.1007671758527262
0.100414384686532
0.10006330217386357
0.09971392036091517
0.09936623129747042
0.09902022703774864
0.09867589964123107
0.09833324117346931
0.09799224370687461
0.09765289932148877
0.09731520010573787
0.0969791381571665
0.0966447055831566
0.09631189450162796
0.0959806970417211
0.09565110534446522
0.0953231115634283
0.09499670786535135
0.09467188643076721
0.09434863945460287
0.09402695914676708
0.0937068377327225
0.09338826745404294
0.09307124056895602
0.09275574935287062
0.09244178609889192
0.0921293431183201
0.09181841274113756
0.09150898731648086
0.09120105921310061
0.09089462081980744
0.09058966454590589
0.09028618282161505
0.08998416809847704
0.08968361284975389
0.0893845095708111
0.08908685077949115
0.0887906290164741
0.08849583684562731
0.08820246685434464
0.08791051165387373
0.0876199638796331
0.08733081619151871
0.08704306127420021
0.08675669183740678
0.08647170061620314
0.0861880803712562
0.08590582388909145
0.08562492398234017
0.08534537348997817
0.08506716527755406
0.08479029223740994
0.08451474728889279
0.08424052337855725
0.08396761348036064
0.08369601059584901
0.08342570775433569
0.08315669801307177
0.08288897445740918
0.08262253020095534
0.08235735838572188
0.08209345218226446
0.08183080478981701
0.08156940943641765
0.08130925937902889
0.08105034790365082
0.08079266832542722
0.0805362139887461
0.08028097826733392
0.08002695456434275
0.07977413631243284
0.079522516973848
0.0792720900404866
0.07902284903396561
0.07877478750568023
0.07852789903685758
0.07828217723860557
0.0780376157519562
0.07779420824790405
0.07755194842744034
0.07731083002158148
0.07707084679139327
0.07683199252801082
0.07659426105265364
0.07635764621663667
0.07612214190137662
0.07588774201839506
0.07565444050931638
0.0754222313458626
0.07519110852984419
0.07496106609314684
0.07473209809771489
0.07450419863553112
0.07427736182859308
0.07405158182888588
0.07382685281835198
0.07360316900885726
0.073380524642155
0.0731589139898452
0.07293833135333255
0.07271877106378043
0.07250022748206297
0.07228269499871305
0.07206616803386946
0.07185064103721955
0.07163610848794144
0.07142256489464123
0.07121000479529072
0.07099842275716033
0.07078781337675129
0.07057817127972513
0.07036949112083105
0.07016176758383143
0.069954995381425
0.06974916925516864
0.06954428397539682
0.06934033434113926
0.06913731518003734
0.06893522134825832
0.0687340477304077
0.06853378923944092
0.06833444081657286
0.0681359974311854
0.06793845408073475
0.06774180579065646
0.06754604761426936
0.0673511746326785
0.06715718195467621
0.06696406471664249
0.06677181808244409
0.06658043724333251
0.06638991741784125
0.06620025385168081
0.06601144181763441
0.06582347661545151
0.06563635357174127
0.06545006803986408
0.06526461539982377
0.0650799910581572
0.06489619044782488
0.06471320902809972
0.06453104228445536
0.06434968572845418
0.0641691348976338
0.06398938535539442
0.06381043269088439
0.06363227251888534
0.06345490047969778
0.06327831223902522
0.06310250348785795
0.06292746994235718
0.06275320734373802
0.06257971145815205
0.06240697807657071
0.06223500301466644
0.06206378211269553
0.061893311235379264
0.0617235862717858
0.06155460313521098
0.06138635776305968
0.06121884611672671
0.061052064181477114
0.06088600796632754
0.06072067350392603
0.060556056850432916
0.06039215408540083
0.06022896131165521
0.06006647465517486
0.05990469026497122
0.05974360431297008
0.05958321299389048
0.05942351252512623
0.05926449914662521
0.05910616912077079
0.05894851873226156
0.05879154428799277
0.058635242116936416
0.05847960857002253
0.05832464002001999
0.058170332861417984
0.05801668351030702
0.057863688404260746
0.05771134400221771
0.057559646784363
0.057408593252010656
0.05725817992748615
0.057108403354008797
0.05695926009557471
0.056810746736840015
0.05666285988300394
0.056515596159693204
0.05636895221284529
0.05622292470859308
0.05607751033314941
0.05593270579269185
0.05578850781324816
0.05564491314058152
0.055501918540076876
0.05535952079662679
0.0552177167145181
0.05507650311731922
0.054935876847766935
0.05479583476765476
0.054656373757720325
0.05451749071753437
0.054379182565389414
0.054241446238189064
0.05410427869133754
0.05396767689862997
0.05383163785214273
0.05369615856212452
0.053561236056887424
0.05342686738269897
0.05329304960367394
0.05315977980166755
0.053027055076168034
0.05289487254419027
0.052763229340170026
0.05263212261585794
0.05250154954021452
0.05237150729930569
0.05224199309619844
0.05211300415085697
0.0519845377000393
0.05185659099719485
0.051729161312361695
0.051602245932064875
0.05147584215921503
0.051349947313007224
0.051224558728820674
0.051099673758118976
0.05097528976835007
0.05085140414284775
0.050728014280732904
0.050605117596815484
0.050482711521496984
0.0503607935006735
0.05023936099563884
0.05011841148298873
0.04999794245452526
