0.5629363504277317
0.6220402297494954
0.6017000463891442
0.5835710420965387
0.568190464286462
0.5556675917708012
0.5458406019802987
0.5383671116510104
0.5328261101049805
0.528798366279618
0.525913783204092
0.5238700779346253
0.5224330090222756
0.5214275247599695
0.5207260569647578
0.5202372528121054
0.5198964844399887
0.5196584154162113
0.519491428268727
0.51937356252967
0.5192896079261549
0.5192290497697394
0.5191846288345554
0.51915133772136
0.5191257241701251
0.5191054087622877
0.5190887516683159
0.5190746226805545
0.5190622426616611
0.5190510742964674
0.5190407468451281
0.5190310043272905
0.5190216698449064
0.5190126210171568
0.5190037730649303
0.5189950671606675
0.5189864624023929
0.5189779302824256
0.5189694508734876
0.5189610101973484
0.5189525984079317
0.5189442085355955
0.5189358356182362
0.518927476099201
0.5189191274093587
0.5189107876764018
0.5189024555221411
0.5188941299207461
0.5188858100992593
0.5188774954674953
0.5188691855684109
0.5188608800427793
0.5188525786038904
0.5188442810193041
0.5188359870975935
0.5188276966786309
0.5188194096264065
0.5188111258236711
0.5188028451678998
0.5187945675682218
0.5187862929430613
0.518778021218311
0.5187697523258993
0.5187614862026648
0.5187532227894579
0.5187449620304226
0.5187367038724191
0.5187284482645544
0.518720195157801
0.5187119445046855
0.5187036962590331
0.5186954503757562
0.5186872068106816
0.5186789655204067
0.5186707264621816
0.5186624895938089
0.518654254873563
0.5186460222601218
0.5186377917125102
0.5186295631900522
0.5186213366523325
0.5186131120591636
0.5186048893705582
0.518596668546706
0.5185884495479558
0.5185802323347987
0.5185720168678548
0.5185638031078623
0.5185555910156691
0.5185473805522224
0.5185391716785658
0.5185309643558306
0.5185227585452334
0.5185145542080706
0.5185063513057165
0.5184981497996202
0.5184899496513025
0.5184817508223549
0.5184735532744373
0.5184653569692774
0.5184571618686687
0.5184489679344694
0.5184407751286024
0.5184325834130536
0.5184243927498722
0.5184162031011685
0.5184080144291153
0.5183998266959464
0.5183916398639559
0.518383453895499
0.5183752687529899
0.5183670843989037
0.5183589007957744
0.518350717906195
0.518342535692818
0.5183343541183543
0.518326173145573
0.5183179927373023
0.5183098128564276
0.5183016334658931
0.5182934545287
0.5182852760079073
0.5182770978666318
0.5182689200680465
0.5182607425753825
0.518252565351927
0.5182443883610244
0.5182362115660752
0.5182280349305368
0.5182198584179223
0.5182116819918012
0.5182035056157989
0.5181953292535963
0.5181871528689301
0.5181789764255929
0.5181707998874315
0.5181626232183492
0.518154446382303
0.5181462693433061
0.5181380920654253
0.5181299145127827
0.5181217366495545
0.5181135584399713
0.5181053798483182
0.5180972008389334
0.5180890213762102
0.5180808414245945
0.5180726609485865
0.5180644799127399
0.5180562982816612
0.5180481160200108
0.5180399330925014
0.5180317494638993
0.5180235650990233
0.5180153799627447
0.5180071940199876
0.5179990072357284
0.517990819574996
0.517982631002871
0.5179744414844862
0.5179662509850266
0.5179580594697286
0.51794986690388
0.5179416732528209
0.5179334784819422
0.5179252825566861
0.5179170854425459
0.5179088871050661
0.5179006875098421
0.51789248662252
0.5178842844087963
0.5178760808344185
0.5178678758651845
0.5178596694669417
0.5178514616055886
0.5178432522470732
0.5178350413573938
0.5178268289025985
0.5178186148487847
0.5178103991620995
0.5178021818087403
0.5177939627549526
0.5177857419670322
0.5177775194113232
0.5177692950542196
0.5177610688621636
0.5177528408016465
0.5177446108392086
0.5177363789414383
0.5177281450749727
0.5177199092064975
0.5177116713027459
0.5177034313305002
0.5176951892565907
0.5176869450478951
0.5176786986713392
0.5176704500938965
0.5176621992825885
0.5176539462044837
0.5176456908266986
0.5176374331163971
0.5176291730407894
0.5176209105671338
0.5176126456627357
0.5176043782949465
0.5175961084311659
0.517587836038839
0.5175795610854583
0.5175712835385626
0.5175630033657376
0.5175547205346149
0.5175464350128725
0.517538146768235
0.5175298557684725
0.5175215619814015
0.5175132653748844
0.5175049659168293
0.5174966635751901
0.5174883583179665
0.5174800501132037
0.517471738928992
0.5174634247334681
0.5174551074948126
0.5174467871812528
0.5174384637610598
0.5174301372025506
0.5174218074740871
0.5174134745440757
0.517405138380968
0.5173967989532601
0.5173884562294926
0.517380110178251
0.5173717607681654
0.5173634079679096
0.5173550517462022
0.5173466920718061
0.5173383289135283
0.5173299622402197
0.5173215920207753
0.5173132182241342
0.517304840819279
0.5172964597752365
0.5172880750610769
0.5172796866459142
0.5172712944989057
0.5172628985892523
0.5172544988861988
0.5172460953590323
0.5172376879770841
0.5172292767097284
0.5172208615263822
0.5172124423965061
0.5172040192896031
0.5171955921752198
0.5171871610229448
0.5171787258024104
0.5171702864832907
0.5171618430353032
0.5171533954282075
0.5171449436318059
0.517136487615943
0.517128027350506
0.5171195628054244
0.5171110939506698
0.5171026207562558
0.5170941431922385
0.5170856612287159
0.517077174835828
0.5170686839837568
0.5170601886427262
0.5170516887830016
0.5170431843748906
0.5170346753887421
0.5170261617949471
0.5170176435639378
0.5170091206661879
0.5170005930722128
0.516992060752569
0.5169835236778546
0.5169749818187093
0.516966435145813
0.5169578836298879
0.5169493272416967
0.5169407659520437
0.5169321997317733
0.5169236285517718
0.5169150523829659
0.5169064711963229
0.516897884962852
0.5168892936536019
0.516880697239663
0.5168720956921653
0.5168634889822805
0.5168548770812201
0.5168462599602364
0.516837637590622
0.5168290099437101
0.5168203769908744
0.5168117387035279
0.5168030950531254
0.5167944460111608
0.5167857915491681
0.5167771316387224
0.5167684662514382
0.5167597953589699
0.5167511189330121
0.5167424369452993
0.5167337493676059
0.5167250561717461
0.5167163573295743
0.5167076528129839
0.5166989425939087
0.5166902266443218
0.516681504936236
0.5166727774417039
0.5166640441328174
0.516655304981708
0.5166465599605463
0.5166378090415433
0.5166290521969485
0.516620289399051
0.5166115206201791
0.5166027458327009
0.5165939650090228
0.5165851781215915
0.516576385142892
0.5165675860454486
0.5165587808018248
0.5165499693846235
0.5165411517664857
0.5165323279200923
0.5165234978181625
0.5165146614334549
0.5165058187387664
0.5164969697069334
0.5164881143108302
0.5164792525233711
0.5164703843175079
0.5164615096662317
0.5164526285425722
0.5164437409195979
0.5164348467704155
0.5164259460681703
0.5164170387860465
0.5164081248972666
0.5163992043750916
0.5163902771928206
0.5163813433237917
0.516372402741381
0.5163634554190027
0.51635450133011
0.5163455404481939
0.5163365727467836
0.5163275981994467
0.5163186167797893
0.5163096284614548
0.5163006332181256
0.5162916310235218
0.5162826218514017
0.5162736056755616
0.5162645824698356
0.5162555522080965
0.5162465148642543
0.516237470412257
0.5162284188260913
0.5162193600797809
0.5162102941473874
0.5162012210030112
0.5161921406207894
0.5161830529748976
0.5161739580395487
0.5161648557889937
0.5161557461975209
0.5161466292394568
0.516137504889165
0.5161283731210472
0.5161192339095424
0.5161100872291277
0.5161009330543167
0.5160917713596616
0.5160826021197519
0.5160734253092141
0.5160642409027127
0.5160550488749494
0.5160458492006632
0.5160366418546307
0.516027426811666
0.5160182040466202
0.5160089735343821
0.5159997352498774
0.5159904891680696
0.515981235263959
0.5159719735125832
0.5159627038890175
0.5159534263683737
0.5159441409258014
0.5159348475364871
0.5159255461756542
0.5159162368185637
0.5159069194405133
0.515897594016838
0.5158882605229096
0.5158789189341372
0.5158695692259669
0.5158602113738817
0.5158508453534016
0.5158414711400834
0.5158320887095211
0.5158226980373455
0.5158132990992242
0.5158038918708621
0.5157944763280001
0.5157850524464167
0.5157756202019268
0.5157661795703825
0.5157567305276722
0.5157472730497215
0.5157378071124923
0.5157283326919835
0.5157188497642308
0.5157093583053061
0.5156998582913185
0.5156903496984134
0.5156808325027732
0.515671306680616
0.5156617722081979
0.5156522290618102
0.5156426772177816
0.5156331166524767
0.5156235473422973
0.5156139692636815
0.515604382393103
0.5155947867070734
0.5155851821821397
0.5155755687948852
0.5155659465219307
0.5155563153399321
0.5155466752255823
0.5155370261556107
0.5155273681067823
0.5155177010558994
0.5155080249797996
0.5154983398553574
0.515488645659483
0.5154789423691236
0.5154692299612619
0.5154595084129168
0.515449777701144
0.5154400378030344
0.5154302886957159
0.5154205303563518
0.5154107627621423
0.5154009858903227
0.5153911997181648
0.5153814042229767
0.5153715993821021
0.5153617851729207
0.5153519615728485
0.5153421285593369
0.5153322861098734
0.5153224342019819
0.5153125728132215
0.5153027019211878
0.515292821503511
0.515282931537859
0.5152730320019338
0.5152631228734739
0.5152532041302538
0.5152432757500831
0.5152333377108075
0.5152233899903083
0.5152134325665023
0.5152034654173422
0.5151934885208161
0.515183501854948
0.5151735053977968
0.515163499127458
0.5151534830220615
0.5151434570597734
0.5151334212187951
0.5151233754773632
0.5151133198137501
0.5151032542062636
0.5150931786332467
0.5150830930730776
0.5150729975041701
0.515062891904973
0.515052776253971
0.5150426505296833
0.5150325147106647
0.5150223687755056
0.5150122127028303
0.5150020464712995
0.514991870059609
0.5149816834464886
0.5149714866107041
0.5149612795310563
0.5149510621863804
0.5149408345555475
0.5149305966174625
0.5149203483510664
0.5149100897353341
0.5148998207492761
0.5148895413719373
0.5148792515823974
0.5148689513597715
0.5148586406832086
0.5148483195318927
0.5148379878850428
0.5148276457219123
0.5148172930217891
0.5148069297639959
0.51479655592789
0.5147861714928628
0.5147757764383406
0.5147653707437841
0.5147549543886886
0.514744527352583
0.5147340896150316
0.5147236411556324
0.5147131819540177
0.5147027119898542
0.5146922312428428
0.5146817396927187
0.5146712373192508
0.5146607241022425
0.5146502000215312
0.5146396650569884
0.5146291191885191
0.514618562396063
0.5146079946595932
0.5145974159591165
0.5145868262746742
0.514576225586341
0.5145656138742252
0.514554991118469
0.5145443572992484
0.5145337123967726
0.5145230563912849
0.5145123892630619
0.5145017109924135
0.5144910215596832
0.514480320945248
0.5144696091295184
0.5144588860929378
0.5144481518159832
0.5144374062791647
0.5144266494630254
0.5144158813481419
0.5144051019151239
0.5143943111446134
0.5143835090172866
0.5143726955138512
0.5143618706150491
0.5143510343016545
0.514340186554474
0.5143293273543477
0.5143184566821475
0.5143075745187788
0.514296680845179
0.5142857756423184
0.5142748588911993
0.5142639305728568
0.5142529906683584
0.5142420391588035
0.5142310760253244
0.5142201012490846
0.5142091148112807
0.5141981166931409
0.5141871068759253
0.5141760853409268
0.5141650520694687
0.5141540070429077
0.5141429502426309
0.5141318816500583
0.514120801246641
0.5141097090138612
0.5140986049332337
0.5140874889863039
0.5140763611546488
0.5140652214198771
0.5140540697636282
0.5140429061675732
0.5140317306134139
0.5140205430828834
0.5140093435577459
0.513998132019796
0.5139869084508598
0.5139756728327937
0.5139644251474852
0.5139531653768522
0.5139418935028431
0.513930609507437
0.5139193133726432
0.5139080050805014
0.5138966846130817
0.5138853519524844
0.5138740070808396
0.5138626499803077
0.513851280633079
0.5138398990213738
0.5138285051274418
0.5138170989335629
0.5138056804220464
0.5137942495752311
0.5137828063754852
0.5137713508052068
0.5137598828468222
0.5137484024827885
0.5137369096955904
0.5137254044677426
0.5137138867817883
0.5137023566202997
0.5136908139658779
0.5136792588011524
0.5136676911087817
0.5136561108714524
0.5136445180718796
0.5136329126928069
0.5136212947170059
0.5136096641272766
0.5135980209064468
0.5135863650373721
0.5135746965029365
0.5135630152860511
0.5135513213696549
0.5135396147367146
0.5135278953702241
0.5135161632532048
0.5135044183687051
0.513492660699801
0.5134808902295949
0.5134691069412166
0.5134573108178224
0.5134455018425959
0.5134336799987461
0.5134218452695098
0.5134099976381497
0.5133981370879541
0.5133862636022386
0.5133743771643443
0.5133624777576381
0.5133505653655126
0.5133386399713868
0.5133267015587046
0.5133147501109356
0.5133027856115749
0.5132908080441426
0.513278817392184
0.5132668136392694
0.5132547967689939
0.5132427667649776
0.513230723610865
0.5132186672903252
0.5132065977870514
0.5131945150847613
0.5131824191671966
0.5131703100181233
0.5131581876213311
0.5131460519606332
0.5131339030198664
0.5131217407828911
0.5131095652335913
0.5130973763558739
0.5130851741336686
0.5130729585509287
0.5130607295916297
0.51304848723977
0.5130362314793703
0.5130239622944741
0.5130116796691466
0.5129993835874755
0.5129870740335702
0.512974750991562
0.5129624144456036
0.5129500643798697
0.5129377007785557
0.5129253236258787
0.5129129329060766
0.5129005286034085
0.5128881107021538
0.5128756791866129
0.5128632340411063
0.5128507752499747
0.5128383027975797
0.5128258166683022
0.5128133168465425
0.5128008033167216
0.5127882760632793
0.5127757350706746
0.5127631803233862
0.5127506118059114
0.5127380295027665
0.5127254333984864
0.5127128234776243
0.5127001997247519
0.5126875621244593
0.512674910661354
0.5126622453200619
0.512649566085226
0.5126368729415072
0.5126241658735832
0.5126114448661494
0.5125987099039174
0.5125859609716162
0.5125731980539913
0.5125604211358037
0.5125476302018319
0.5125348252368694
0.5125220062257259
0.5125091731532271
0.512496326004213
0.5124834647635403
0.5124705894160798
0.5124576999467175
0.512444796340354
0.5124318785819043
0.512418946656298
0.5124060005484782
0.5123930402434025
0.5123800657260423
0.5123670769813817
0.5123540739944187
0.5123410567501642
0.512328025233642
0.5123149794298885
0.5123019193239527
0.512288844900896
0.5122757561457915
0.5122626530437243
0.512249535579791
0.5122364037390998
0.5122232575067701
0.5122100968679323
0.5121969218077274
0.5121837323113068
0.5121705283638325
0.5121573099504766
0.5121440770564212
0.5121308296668579
0.512117567766987
0.5121042913420197
0.5120910003771745
0.5120776948576796
0.5120643747687713
0.5120510400956947
0.512037690823702
0.5120243269380541
0.5120109484240194
0.5119975552668729
0.5119841474518977
0.5119707249643829
0.511957287789625
0.5119438359129261
0.5119303693195949
0.5119168879949461
0.5119033919242998
0.5118898810929815
0.5118763554863216
0.5118628150896564
0.5118492598883252
0.5118356898676732
0.5118221050130491
0.5118085053098054
0.5117948907432982
0.5117812612988876
0.5117676169619354
0.5117539577178081
0.5117402835518732
0.5117265944495012
0.5117128903960646
0.5116991713769377
0.511685437377496
0.5116716883831165
0.5116579243791772
0.5116441453510566
0.5116303512841339
0.511616542163788
0.5116027179753981
0.5115888787043427
0.5115750243359994
0.5115611548557456
0.5115472702489565
0.5115333705010063
0.5115194555972676
0.5115055255231098
0.5114915802639011
0.5114776198050063
0.5114636441317875
0.5114496532296031
0.5114356470838087
0.5114216256797551
0.5114075890027894
0.5113935370382542
0.5113794697714874
0.5113653871878214
0.5113512892725836
0.5113371760110957
0.5113230473886732
0.5113089033906255
0.511294744002255
0.5112805692088576
0.5112663789957219
0.5112521733481283
0.5112379522513508
0.5112237156906532
0.5112094636512923
0.5111951961185157
0.5111809130775617
0.5111666145136591
0.511152300412027
0.5111379707578743
0.5111236255363995
0.5111092647327904
0.5110948883322233
0.5110804963198639
0.5110660886808646
0.5110516654003673
0.5110372264635008
0.5110227718553808
0.5110083015611103
0.5109938155657784
0.510979313854461
0.510964796412219
0.5109502632240999
0.5109357142751351
0.5109211495503415
0.5109065690347205
0.5108919727132574
0.510877360570921
0.510862732592664
0.5108480887634217
0.5108334290681122
0.5108187534916359
0.5108040620188752
0.510789354634694
0.5107746313239373
0.5107598920714314
0.510745136861982
0.5107303656803767
0.5107155785113809
0.510700775339741
0.510685956150181
0.5106711209274044
0.5106562696560928
0.5106414023209055
0.5106265189064793
0.5106116193974279
0.5105967037783424
0.5105817720337893
0.5105668241483116
0.5105518601064278
0.5105368798926317
0.5105218834913912
0.5105068708871493
0.5104918420643227
0.5104767970073019
0.5104617357004498
0.5104466581281034
0.5104315642745708
0.5104164541241327
0.5104013276610416
0.5103861848695207
0.5103710257337641
0.5103558502379364
0.5103406583661718
0.5103254501025747
0.5103102254312176
0.5102949843361427
0.5102797268013598
0.5102644528108471
0.5102491623485499
0.5102338553983804
0.510218531944218
0.5102031919699073
0.5101878354592596
0.510172462396051
0.5101570727640227
0.5101416665468801
0.5101262437282928
0.5101108042918945
0.5100953482212808
0.510079875500011
0.5100643861116065
0.5100488800395506
0.5100333572672875
0.5100178177782227
0.5100022615557225
0.5099866885831125
0.5099710988436786
0.5099554923206655
0.5099398689972767
0.5099242288566738
0.5099085718819762
0.5098928980562613
0.509877207362562
0.5098614997838686
0.5098457753031275
0.5098300339032397
0.5098142755670623
0.5097985002774058
0.5097827080170357
0.5097668987686707
0.5097510725149825
0.5097352292385959
0.5097193689220876
0.5097034915479857
0.5096875970987699
0.5096716855568714
0.5096557569046699
0.5096398111244964
0.5096238481986303
0.5096078681093004
0.5095918708386835
0.5095758563689045
0.509559824682035
0.5095437757600941
0.5095277095850471
0.5095116261388051
0.5094955254032244
0.5094794073601062
0.5094632719911965
0.5094471192781842
0.5094309492027026
0.5094147617463269
0.5093985568905757
0.5093823346169082
0.5093660949067258
0.5093498377413701
0.5093335631021234
0.5093172709702076
0.5093009613267838
0.5092846341529519
0.5092682894297499
0.5092519271381533
0.5092355472590755
0.5092191497733654
0.5092027346618089
0.509186301905127
0.5091698514839759
0.5091533833789462
0.5091368975705628
0.5091203940392834
0.5091038727654991
0.5090873337295331
0.5090707769116404
0.5090542022920074
0.5090376098507512
0.5090209995679189
0.5090043714234878
0.508987725397363
0.5089710614693794
0.5089543796192995
0.5089376798268128
0.5089209620715361
0.5089042263330124
0.5088874725907102
0.5088707008240236
0.5088539110122707
0.5088371031346943
0.5088202771704603
0.5088034330986575
0.5087865708982974
0.5087696905483127
0.5087527920275576
0.5087358753148074
0.5087189403887564
0.5087019872280187
0.5086850158111285
0.5086680261165364
0.5086510181226119
0.5086339918076416
0.5086169471498281
0.5085998841272903
0.5085828027180627
0.5085657029000938
0.5085485846512473
0.5085314479492999
0.5085142927719413
0.5084971190967735
0.5084799269013105
0.5084627161629778
0.5084454868591111
0.508428238966956
0.5084109724636674
0.5083936873263093
0.508376383531854
0.5083590610571809
0.5083417198790764
0.5083243599742338
0.5083069813192509
0.5082895838906321
0.508272167664785
0.5082547326180218
0.5082372787265576
0.5082198059665098
0.5082023143138986
0.5081848037446448
0.5081672742345703
0.5081497257593969
0.5081321582947458
0.5081145718161373
0.5080969662989895
0.5080793417186181
0.508061698050236
0.5080440352689521
0.5080263533497709
0.508008652267592
0.5079909319972088
0.5079731925133094
0.5079554337904741
0.5079376558031756
0.5079198585257787
0.5079020419325392
0.5078842059976028
0.5078663506950056
0.5078484759986719
0.5078305818824156
0.5078126683199375
0.5077947352848259
0.5077767827505552
0.5077588106904857
0.5077408190778627
0.5077228078858163
0.5077047770873598
0.50768672665539
0.5076686565626858
0.5076505667819079
0.5076324572855982
0.5076143280461785
0.5075961790359507
0.5075780102270955
0.5075598215916718
0.5075416131016164
0.5075233847287428
0.5075051364447404
0.5074868682211751
0.5074685800294861
0.5074502718409883
0.5074319436268693
0.5074135953581892
0.5073952270058806
0.5073768385407471
0.5073584299334633
0.5073400011545729
0.5073215521744902
0.5073030829634966
0.5072845934917417
0.5072660837292429
0.5072475536458827
0.5072290032114103
0.5072104323954392
0.5071918411674476
0.5071732294967765
0.5071545973526304
0.5071359447040749
0.507117271520038
0.5070985777693071
0.5070798634205307
0.507061128442215
0.5070423728027258
0.5070235964702857
0.5070047994129747
0.5069859815987287
0.5069671429953391
0.5069482835704516
0.5069294032915665
0.5069105021260369
0.5068915800410686
0.5068726370037182
0.5068536729808943
0.5068346879393553
0.5068156818457087
0.506796654666411
0.5067776063677665
0.5067585369159266
0.5067394462768895
0.5067203344164984
0.5067012013004417
0.5066820468942519
0.5066628711633043
0.506643674072818
0.5066244555878522
0.5066052156733085
0.5065859542939283
0.5065666714142919
0.5065473669988189
0.5065280410117667
0.5065086934172298
0.5064893241791388
0.50646993326126
0.5064505206271948
0.5064310862403776
0.5064116300640773
0.5063921520613939
0.50637265219526
0.5063531304284381
0.5063335867235216
0.5063140210429324
0.5062944333489212
0.5062748236035661
0.5062551917687721
0.5062355378062698
0.5062158616776157
0.5061961633441899
0.5061764427671968
0.5061566999076628
0.5061369347264368
0.5061171471841887
0.506097337241408
0.5060775048584047
0.506057649995307
0.5060377726120607
0.5060178726684292
0.5059979501239914
0.5059780049381419
0.5059580370700898
0.5059380464788579
0.5059180331232815
0.5058979969620088
0.505877937953498
0.5058578560560185
0.505837751227649
0.5058176234262765
0.5057974726095965
0.5057772987351107
0.5057571017601274
0.5057368816417602
0.5057166383369267
0.5056963718023486
0.5056760819945499
0.5056557688698565
0.5056354323843955
0.5056150724940941
0.5055946891546786
0.5055742823216739
0.5055538519504024
0.505533397995983
0.5055129204133304
0.5054924191571548
0.5054718941819598
0.5054513454420426
0.5054307728914926
0.5054101764841905
0.5053895561738077
0.5053689119138052
0.5053482436574329
0.5053275513577289
0.5053068349675177
0.5052860944394103
0.5052653297258032
0.5052445407788763
0.5052237275505943
0.5052028899927036
0.5051820280567326
0.5051611416939902
0.5051402308555654
0.5051192954923263
0.5050983355549186
0.5050773509937658
0.5050563417590673
0.5050353078007979
0.5050142490687066
0.5049931655123164
0.5049720570809226
0.5049509237235925
0.5049297653891637
0.5049085820262441
0.5048873735832103
0.504866140008207
0.5048448812491461
0.5048235972537054
0.5048022879693284
0.5047809533432221
0.5047595933223582
0.5047382078534693
0.5047167968830508
0.5046953603573578
0.5046738982224056
0.5046524104239677
0.504630896907576
0.5046093576185183
0.5045877925018395
0.5045662015023382
0.5045445845645676
0.5045229416328337
0.504501272651195
0.5044795775634606
0.5044578563131898
0.5044361088436913
0.5044143350980222
0.5043925350189862
0.5043707085491341
0.5043488556307615
0.5043269762059087
0.5043050702163593
0.5042831376036391
0.504261178309016
0.5042391922734974
0.5042171794378314
0.5041951397425037
0.5041730731277382
0.504150979533495
0.5041288588994696
0.5041067111650926
0.5040845362695283
0.5040623341516731
0.5040401047501555
0.5040178480033345
0.5039955638492986
0.5039732522258652
0.5039509130705795
0.5039285463207133
0.5039061519132636
0.5038837297849525
0.5038612798722262
0.5038388021112528
0.5038162964379225
0.5037937627878457
0.5037712010963532
0.5037486112984939
0.5037259933290341
0.5037033471224576
0.5036806726129629
0.5036579697344634
0.5036352384205861
0.5036124786046703
0.5035896902197674
0.5035668731986384
0.5035440274737544
0.5035211529772945
0.5034982496411458
0.503475317396901
0.5034523561758586
0.5034293659090213
0.503406346527095
0.5033832979604881
0.5033602201393093
0.5033371129933685
0.5033139764521739
0.5032908104449324
0.5032676149005474
0.5032443897476182
0.5032211349144393
0.5031978503289989
0.5031745359189781
0.5031511916117495
0.5031278173343763
0.5031044130136119
0.5030809785758975
0.5030575139473623
0.5030340190538218
0.5030104938207769
0.5029869381734122
0.5029633520365966
0.5029397353348802
0.5029160879924948
0.5028924099333519
0.502868701081042
0.5028449613588335
0.5028211906896715
0.5027973889961768
0.5027735562006448
0.5027496922250446
0.5027257969910174
0.5027018704198764
0.5026779124326042
0.5026539229498534
0.502629901891944
0.5026058491788636
0.5025817647302654
0.5025576484654675
0.5025335003034516
0.502509320162862
0.5024851079620046
0.5024608636188461
0.5024365870510117
0.5024122781757855
0.5023879369101082
0.502363563170577
0.5023391568734437
0.5023147179346137
0.5022902462696455
0.5022657417937487
0.5022412044217839
0.5022166340682603
0.5021920306473361
0.5021673940728161
0.5021427242581509
0.5021180211164363
0.5020932845604118
0.5020685145024593
0.5020437108546024
0.5020188735285052
0.50199400243547
0.5019690974864386
0.5019441585919892
0.5019191856623351
0.5018941786073255
0.5018691373364423
0.5018440617588005
0.5018189517831456
0.5017938073178538
0.5017686282709302
0.5017434145500077
0.5017181660623459
0.5016928827148301
0.5016675644139702
0.5016422110658989
0.5016168225763713
0.5015913988507639
0.5015659397940723
0.5015404453109116
0.5015149153055137
0.5014893496817273
0.5014637483430164
0.5014381111924591
0.5014124381327459
0.5013867290661802
0.5013609838946746
0.5013352025197524
0.5013093848425445
0.501283530763789
0.5012576401838306
0.501231713002618
0.5012057491197041
0.5011797484342441
0.5011537108449942
0.5011276362503118
0.501101524548152
0.5010753756360689
0.5010491894112123
0.5010229657703282
0.5009967046097566
0.5009704058254307
0.5009440693128757
0.5009176949672075
0.500891282683132
0.5008648323549431
0.5008383438765223
0.500811817141337
0.5007852520424401
0.5007586484724675
0.5007320063236381
0.5007053254877523
0.5006786058561905
0.5006518473199123
0.5006250497694551
0.5005982130949334
0.5005713371860363
0.5005444219320283
0.5005174672217463
0.5004904729435997
0.5004634389855683
0.500436365235202
0.5004092515796185
0.5003820979055034
0.5003549040991079
0.5003276700462482
0.5003003956323046
0.5002730807422193
0.5002457252604966
0.5002183290712
0.5001908920579528
0.5001634141039358
0.5001358950918864
0.5001083349040977
0.5000807334224162
0.5000530905282426
0.5000254061025289
0.4999976800257777
0.4999699121780414
0.49994210243892034
0.49991425068756246
0.4998863568026615
0.499858420662456
0.499830442144728
0.4998024211268019
0.4997743574855437
0.4997462510973588
0.4997181018381926
0.4996899095835269
0.49966167420838076
0.4996333955873088
0.4996050735943988
0.49957670810327254
0.49954829898708325
0.49951984611851463
0.4994913493697801
0.4994628086126211
0.49943422371830637
0.4994055945576303
0.49937692100091247
0.49934820291799575
0.49931944017824537
0.49929063265054796
0.49926178020331013
0.4992328827044573
0.4992039400214331
0.49917495202119694
0.4991459185702242
0.4991168395345046
0.4990877147795401
0.4990585441703456
0.49902932757144636
0.4990000648468768
0.49897075586018014
0.4989414004744072
0.4989119985521144
0.49888254995536313
0.49885305454571915
0.49882351218425014
0.49879392273152573
0.498764286047616
0.49873460199208985
0.4987048704240146
0.4986750912019544
0.49864526418396915
0.49861538922761334
0.4985854661899352
0.4985554949274752
0.4985254752962648
0.4984954071518261
0.4984652903491698
0.4984351247427946
0.498404910186686
0.4983746465343146
0.4983443336386364
0.49831397135209016
0.498283559526597
0.4982530980135591
0.498222586663859
0.4981920253278576
0.49816141385539453
0.4981307520957853
0.49810003989782126
0.49806927710976845
0.4980384635793662
0.4980075991538264
0.4979766836798319
0.49794571700353585
0.49791469897056034
0.4978836294259959
0.4978525082143994
0.497821335179794
0.4977901101656673
0.49775883301497115
0.49772750357011963
0.49769612167298793
0.4976646871649131
0.49763319988669036
0.4976016596785742
0.4975700663802762
0.49753841983096425
0.49750671986926165
0.49747496633324584
0.4974431590604478
0.4974112978878504
0.4973793826518876
0.49734741318844417
0.49731538933285346
0.4972833109198971
0.497251177783804
0.4972189897582492
0.49718674667635276
0.49715444837067896
0.49712209467323526
0.49708968541547127
0.49705722042827793
0.49702469954198636
0.4969921225863667
0.4969594893906276
0.4969267997834155
0.49689405359281213
0.4968612506463356
0.49682839077093816
0.4967954737930057
0.49676249953835644
0.49672946783224065
0.49669637849933934
0.49666323136376317
0.4966300262490517
0.4965967629781729
0.49656344137352115
0.4965300612569178
0.4964966224496094
0.4964631247722663
0.4964295680449833
0.49639595208727744
0.4963622767180876
0.4963285417557736
0.4962947470181158
0.4962608923223132
0.4962269774849838
0.49619300232216257
0.4961589666493023
0.49612487028127056
0.49609071303235064
0.49605649471624025
0.4960222151460502
0.4959878741343045
0.4959534714929388
0.49591900703329994
0.4958844805661453
0.49584989190164175
0.495815240849365
0.49578052721829885
0.4957457508168347
0.4957109114527704
0.49567600893330954
0.4956410430650613
0.4956060136540387
0.4955709205056592
0.495535763424743
0.4955005422155125
0.4954652566815918
0.4954299066260064
0.49539449185118173
0.4953590121589432
0.4953234673505148
0.4952878572265194
0.49525218158697726
0.4952164402313063
0.49518063295831993
0.4951447595662286
0.4951088198526372
0.49507281361454586
0.4950367406483487
0.4950006007498332
0.4949643937141797
0.4949281193359618
0.49489177740914403
0.4948553677270826
0.49481889008252505
0.49478234426760825
0.4947457300738595
0.49470904729219534
0.49467229571292104
0.49463547512573014
0.49459858531970413
0.4945616260833117
0.49452459720440883
0.49448749847023765
0.4944503296674265
0.4944130905819894
0.4943757809993255
0.4943384007042188
0.4943009494808377
0.494263427112735
0.4942258333828467
0.4941881680734924
0.4941504309663747
0.4941126218425784
0.4940747404825715
0.49403678666620315
0.49399876017270455
0.4939606607806882
0.49392248826814794
0.4938842424124582
0.4938459229903736
0.4938075297780302
0.4937690625509428
0.49373052108400717
0.49369190515149786
0.4936532145270693
0.49361444898375495
0.4935756082939676
0.4935366922294983
0.49349770056151754
0.4934586330605736
0.49341948949659387
0.4933802696388836
0.49334097325612614
0.49330160011638347
0.4932621499870946
0.4932226226350771
0.4931830178265264
0.4931433353270154
0.4931035749014947
0.49306373631429284
0.4930238193291157
0.4929838237090472
0.49294374921654827
0.4929035956134583
0.4928633626609937
0.49282305011974914
0.4927826577496966
0.4927421853101863
0.4927016325599461
0.4926609992570821
0.49262028515907835
0.4925794900227971
0.4925386136044789
0.492497655659743
0.4924566159435875
0.4924154942103883
0.49237429021390156
0.4923330037072614
0.49229163444298224
0.4922501821729578
0.4922086466484611
0.49216702762014564
0.4921253248380453
0.4920835380515742
0.4920416670095271
0.4919997114600807
0.4919576711507918
0.4919155458286002
0.4918733352398269
0.4918310391301754
0.491788657244732
0.4917461893279661
0.4917036351237307
0.4916609943752621
0.4916182668251814
0.4915754522154938
0.49153255028758985
0.49148956078224576
0.49144648343962327
0.49140331799927056
0.4913600642001231
0.4913167217805031
0.4912732904781208
0.4912297700300752
0.49118616017285344
0.4911424606423326
0.4910986711737795
0.49105479150185094
0.4910108213605958
0.49096676048345367
0.49092260860325665
0.49087836545222985
0.4908340307619913
0.49078960426355345
0.4907450856873232
0.4907004747631028
0.4906557712200908
0.4906109747868816
0.49056608519146744
0.4905211021612388
0.4904760254229839
0.4904308547028915
0.4903855897265495
0.4903402302189469
0.49029477590447496
0.49024922650692615
0.4902035817494968
0.4901578413547866
0.4901120050448001
0.4900660725409476
0.4900200435640448
0.4899739178343151
0.4899276950713893
0.4898813749943071
0.48983495732151766
0.48978844177088027
0.4897418280596655
0.489695115904556
0.489648305021647
0.48960139512644824
0.4895543859338831
0.48950727715829134
0.4894600685134287
0.4894127597124682
0.4893653504680014
0.48931784049203897
0.48927022949601146
0.4892225171907705
0.48917470328658963
0.48912678749316535
0.4890787695196183
0.4890306490744931
0.488982425865761
0.48893409960081935
0.4888856699864936
0.48883713672903717
0.4887884995341339
0.48873975810689785
0.48869091215187477
0.4886419613730429
0.4885929054738138
0.48854374415703405
0.4884944771249856
0.48844510407938696
0.48839562472139375
0.48834603875160104
0.48829634587004256
0.4882465457761933
0.488196638168969
0.48814662274672915
0.4880964992072754
0.4880462672478552
0.48799592656516083
0.4879454768553312
0.4878949178139532
0.48784424913606206
0.4877934705161424
0.4877425816481301
0.48769158222541154
0.48764047194082677
0.48758925048666846
0.48753791755468423
0.4874864728360776
0.4874349160215076
0.4873832468010916
0.48733146486440493
0.4872795699004823
0.48722756159781916
0.48717543964437154
0.4871232037275584
0.48707085353426094
0.48701838875082537
0.4869658090630623
0.4869131141562483
0.48686030371512656
0.4868073774239083
0.48675433496627296
0.4867011760253696
0.486647900283817
0.4865945074237057
0.48654099712659754
0.48648736907352774
0.4864336229450044
0.48637975842101006
0.48632577518100284
0.48627167290391593
0.48621745126815985
0.48616310995162193
0.48610864863166764
0.48605406698514136
0.48599936468836646
0.4859445414171471
0.48588959684676714
0.48583453065199284
0.48577934250707133
0.48572403208573295
0.485668599061191
0.4856130431061423
0.4855573638927675
0.4855015610927322
0.4854456343771872
0.4853895834167687
0.4853334078815986
0.4852771074412856
0.4852206817649248
0.4851641305210982
0.485107453377876
0.4850506500028151
0.48499372006296093
0.4849366632248469
0.48487947915449536
0.48482216751741614
0.48476472797860876
0.4847071602025612
0.48464946385325014
0.48459163859414167
0.4845336840881905
0.48447559999784057
0.48441738598502443
0.4843590417111635
0.48430056683716816
0.4842419610234372
0.48418322392985735
0.4841243552158039
0.48406535454014016
0.4840062215612163
0.4839469559368699
0.4838875573244257
0.4838280253806941
0.4837683597619717
0.48370856012404073
0.4836486261221676
0.483588557411103
0.48352835364508123
0.4834680144778196
0.4834075395625171
0.48334692855185424
0.4832861810979916
0.48322529685256976
0.48316427546670737
0.48310311659100114
0.4830418198755241
0.4829803849698244
0.4829188115229253
0.48285709918332265
0.48279524759898407
0.4827332564173481
0.4826711252853222
0.48260885384928176
0.48254644175506867
0.4824838886479891
0.48242119417281293
0.48235835797377125
0.48229537969455516
0.4822322589783139
0.4821689954676527
0.4821055888046317
0.4820420386307628
0.48197834458700883
0.4819145063137803
0.481850523450935
0.4817863956377736
0.48172212251303914
0.4816577037149137
0.48159313888101674
0.48152842764840154
0.48146356965355414
0.4813985645323897
0.48133341192024964
0.4812681114518996
0.4812026627615264
0.4811370654827351
0.4810713192485456
0.4810054236913906
0.4809393784431117
0.480873183134956
0.4808068373975737
0.4807403408610146
0.4806736931547236
0.48060689390753847
0.4805399427476863
0.4804728393027784
0.4804055831998083
0.4803381740651471
0.48027061152453954
0.4802028952031004
0.4801350247253102
0.48006699971501104
0.4799988197954027
0.4799304845890383
0.47986199371781924
0.4797933468029918
0.479724543465142
0.479655583324191
0.4795864659993906
0.4795171911093183
0.47944775827187236
0.4793781671042673
0.47930841722302786
0.47923850824398523
0.47916843978227064
0.4790982114523108
0.479027822867822
0.47895727364180474
0.478886563386539
0.47881569171357685
0.47874465823373835
0.47867346255710497
0.47860210429301364
0.478530583050051
0.478458898436047
0.4783870500580686
0.47831503752241455
0.4782428604346074
0.478170518399388
0.47809801102070876
0.4780253379017272
0.4779524986447988
0.4778794928514701
0.47780632012247304
0.4777329800577155
0.4776594722562768
0.4775857963163986
0.4775119518354787
0.477437938410063
0.47736375563583877
0.477289403107626
0.47721488041937105
0.47714018716413753
0.4770653229340996
0.4769902873205333
0.47691507991380894
0.4768397003033828
0.4767641480777891
0.4766884228246312
0.47661252413057376
0.47653645158133423
0.4764602047616744
0.4763837832553906
0.47630718664530675
0.476230414513264
0.4761534664401127
0.4760763420057032
0.4759990407888764
0.4759215623674552
0.4758439063182345
0.4757660722169724
0.47568805963838084
0.47560986815611533
0.475531497342766
0.475452946769848
0.4753742160077911
0.4752953046259304
0.4752162121924962
0.4751369382746038
0.47505748243824397
0.4749778442482718
0.4748980232683975
0.4748180190611753
0.4747378311879935
0.4746574592090637
0.4745769026834107
0.47449616116886073
0.4744152342220324
0.4743341213983244
0.4742528222519059
0.4741713363357044
0.4740896632013959
0.4740078023993931
0.4739257534788343
0.4738435159875729
0.4737610894721651
0.47367847347785963
0.47359566754858573
0.47351267122694174
0.47342948405418384
0.47334610557021417
0.4732625353135701
0.4731787728214113
0.47309481762950895
0.47301066927223345
0.47292632728254314
0.47284179119197184
0.4727570605306171
0.47267213482712905
0.4725870136086969
0.47250169640103834
0.47241618272838604
0.47233047211347734
0.47224456407754034
0.47215845814028257
0.47207215381987894
0.4719856506329585
0.47189894809459365
0.47181204571828644
0.4717249430159569
0.47163763949793064
0.4715501346729262
0.47146242804804317
0.4713745191287493
0.47128640741886807
0.4711980924205666
0.47110957363434236
0.47102085055901216
0.47093192269169837
0.47084278952781666
0.47075345056106416
0.4706639052834064
0.470574153185065
0.47048419375450473
0.4703940264784226
0.4703036508417331
0.4702130663275577
0.4701222724172115
0.4700312685901909
0.46994005432416136
0.46984862909494485
0.46975699237650814
0.4696651436409495
0.46957308235848666
0.4694808079974455
0.46938832002424685
0.4692956179033944
0.469202701097463
0.46910956906708595
0.46901622127094394
0.4689226571657519
0.46882887620624786
0.468734877845181
0.4686406615332993
0.46854622671933827
0.468451572850009
0.46835669936998686
0.4682616057218994
0.4681662913463157
0.4680707556817338
0.46797499816457033
0.467879018229149
0.4677828153076891
0.4676863888302951
0.46758973822494493
0.4674928629174798
0.46739576233159275
0.46729843588881814
0.4672008830085218
0.4671031031078899
0.4670050956019181
0.4669068599034027
0.46680839542292885
0.46670970156886243
0.4666107777473383
0.46651162336225194
0.4664122378152493
0.4663126205057174
0.46621277083077484
0.46611268818526297
0.4660123719617362
0.4659118215504542
0.46581103633937215
0.46571001571413234
0.46560875905805643
0.46550726575213613
0.4654055351750266
0.4653035667030366
0.46520135971012244
0.4650989135678793
0.46499622764553505
0.4648933013099418
0.46479013392556956
0.464686724854499
0.464583073456416
0.4644791790886035
0.46437504110593686
0.4642706588608769
0.46416603170346454
0.46406115898131495
0.4639560400396128
0.4638506742211065
0.46374506086610323
0.4636391993124652
0.4635330888956041
0.46342672894847786
0.4633201188015859
0.4632132577829662
0.46310614521819105
0.46299878043036446
0.4628911627401192
0.4627832914656135
0.46267516592252966
0.4625667854240709
0.46245814928096024
0.4623492568014384
0.46224010729126264
0.46213070005370627
0.4620210343895567
0.46191110959711634
0.4618009249722017
0.46169047980814343
0.4615797733957874
0.4614688050234945
0.46135757397714305
0.46124607954012875
0.4611343209933676
0.46102229761529695
0.46091000868187837
0.4607974534666007
0.46068463124048215
0.46057154127207406
0.460458182827465
0.460344555170284
0.460230657561706
0.4601164892604558
0.46000204952281243
0.459887337602617
0.45977235275127604
0.45965709421776874
0.45954156124865386
0.45942575308807587
0.45930966897777264
0.45919330815708326
0.4590766698629556
0.4589597533299556
0.45884255779027516
0.45872508247374233
0.45860732660783005
0.45848928941766687
0.4583709701260471
0.45825236795344176
0.45813348211801
0.4580143118356099
0.4578948563198126
0.457775114781912
0.45765508643094055
0.4575347704736809
0.4574141661146797
0.4572932725562632
0.45717208899855005
0.4570506146394685
0.4569288486747704
0.4568067902980479
0.4566844387007499
0.4565617930721987
0.4564388525996079
0.45631561646810004
0.45619208386072463
0.4560682539584775
0.45594412594031947
0.45581969898319663
0.45569497226206046
0.45556994494988834
0.45544461621770416
0.45531898523460185
0.4551930511677652
0.45506681318249254
0.45494027044221813
0.45481342210853754
0.45468626734122997
0.4545588052982843
0.454431035135924
0.45430295600863213
0.45417456706917797
0.45404586746864395
0.45391685635645196
0.45378753288039214
0.4536578961866503
0.45352794541983754
0.4533976797230179
0.4532670982377401
0.4531362001040667
0.45300498446060544
0.45287345044453986
0.45274159719166274
0.4526094238364066
0.4524769295118787
0.4523441133498929
0.4522109744810049
0.45207751203454655
0.4519437251386607
0.4518096129203373
0.4516751745054495
0.45154040901879094
0.4514053155841121
0.4512698933241598
0.45113414136071395
0.45099805881462823
0.45086164480586843
0.45072489845355346
0.450587818875996
0.45045040519074364
0.45031265651461977
0.45017457196376864
0.4500361506536958
0.44989739169931253
0.44975829421498065
0.44961885731455653
0.44947908011143617
0.44933896171860244
0.4491985012486692
0.449057697813931
0.44891655052640855
0.44877505849789767
0.44863322084001855
0.44849103666426415
0.4483485050820507
0.4482056252047679
0.44806239614383025
0.44791881701072833
0.44777488691708117
0.44763060497468926
0.4474859702955874
0.44734098199209915
0.44719563917689076
0.4470499409630277
0.4469038864640278
0.44675747479392003
0.4466107050673001
0.44646357639938794
0.44631608790608557
0.4461682387040359
0.44602002791068224
0.4458714546443271
0.4457225180241934
0.4455732171704842
0.4454235512044453
0.44527351924842656
0.4451231204259444
0.44497235386174494
0.4448212186818682
0.44466971401371214
0.444517838986096
0.4443655927293283
0.44421297437527096
0.444059983057406
0.44390661791090286
0.44375287807268565
0.4435987626815022
0.4434442708779912
0.44328940180475296
0.443134154606418
0.44297852842971797
0.4428225224235566
0.4426661357390805
0.44250936752975173
0.4423522169514195
0.44219468316239374
0.4420367653235188
0.44187846259824615
0.4417197741527109
0.44156069915580476
0.4414012367792529
0.4412413861976899
0.44108114658873576
0.4409205171330735
0.44075949701452605
0.4405980854201348
0.44043628154023845
0.4402740845685509
0.4401114937022417
0.4399485081420157
0.4397851270921932
0.43962134976079104
0.4394571753596044
0.4392926031042875
0.439127632214437
0.43896226191367393
0.43879649142972643
0.43863031999451496
0.43846374684423395
0.4382967712194386
0.43812939236512755
0.43796160953082924
0.4377934219706877
0.4376248289435474
0.43745582971304087
0.4372864235476749
0.43711660972091776
0.43694638751128667
0.4367757562024354
0.4366047150832438
0.436433263447904
0.43626140059601193
0.43608912583265474
0.43591643846850114
0.43574333781989094
0.435569823208926
0.4353958939635597
0.43522154941768854
0.43504678891124265
0.4348716117902776
0.4346960174070658
0.43452000512018846
0.43434357429462744
0.43416672430185815
0.4339894545199418
0.43381176433361845
0.43363365313439967
0.433455120320662
0.4332761652977408
0.4330967874780233
0.4329169862810423
0.4327367611335712
0.43255611146971695
0.4323750367310145
0.43219353636652236
0.43201160983291514
0.43182925659458005
0.4316464761237106
0.4314632679004019
0.43127963141274506
0.43109556615692285
0.43091107163730424
0.43072614736654014
0.43054079286565705
0.430355007664154
0.4301687913000969
0.42998214332021323
0.429795063279988
0.4296075507437587
0.42941960528480955
0.4292312264854679
0.4290424139371981
0.428853167240697
0.4286634860059884
0.4284733698525178
0.4282828184092473
0.4280918313147498
0.42790040821730313
0.4277085487749845
0.42751625265576465
0.42732351953760134
0.42713034910853315
0.42693674106677243
0.42674269512079965
0.4265482109894545
0.42635328840203063
0.4261579270983667
0.4259621268289389
0.4257658873549528
0.42556920844843515
0.425372089892325
0.42517453148056383
0.4249765330181874
0.42477809432141495
0.42457921521773917
0.4243798955460161
0.4241801351565531
0.4239799339111979
0.42377929168342765
0.42357820835843474
0.4233766838332148
0.42317471801665396
0.4229723108296143
0.42276946220501943
0.4225661720879397
0.42236244043567717
0.42215826721784916
0.4219536524164715
0.42174859602604203
0.42154309805362167
0.42133715851891684
0.42113077745436034
0.42092395490519074
0.4207166909295329
0.4205089855984764
0.42030083899615334
0.4200922512198164
0.41988322237991516
0.41967375260017126
0.41946384201765574
0.4192534907828601
0.41904269905977326
0.4188314670259514
0.41861979487259104
0.4184076828046006
0.4181951310406694
0.4179821398133373
0.41776870936906374
0.417554839968293
0.41734053188552367
0.4171257854093715
0.41691060084263554
0.4166949785023609
0.4164789187199016
0.4162624218409819
0.41604548822575754
0.4158281182488732
0.4156103122995236
0.41539207078150875
0.4151733941132906
0.41495428272804913
0.4147347370737349
0.41451475761312256
0.4142943448238626
0.41407349919853187
0.4138522212446826
0.4136305114848904
0.41340837045680184
0.41318579871317923
0.41296279682194614
0.4127393653662297
0.41251550494440253
0.4122912161701234
0.41206649967237724
0.41184135609551276
0.41161578609927846
0.4113897903588587
0.4111633695649078
0.4109365244235816
0.4107092556565708
0.410481564001128
0.41025345021009874
0.41002491505194716
0.4097959593107814
0.409566583786379
0.4093367892942087
0.4091065766654517
0.4088759467470216
0.4086449004015834
0.40841343850756867
0.4081815619591928
0.4079492716664674
0.40771656855521315
0.4074834535670704
0.4072499276595082
0.4070159918058322
0.4067816469951909
0.4065468942325794
0.40631173453884295
0.4060761689506782
0.40584019852063274
0.4056038243171035
0.40536704742433266
0.4051298689424033
0.40489228998723237
0.4046543116905622
0.4044159351999503
0.404177161678758
0.4039379923061376
0.40369842827701663
0.4034584708020813
0.40321812110775845
0.4029773804361959
0.4027362500452401
0.40249473120841345
0.4022528252148885
0.40201053336946213
0.4017678569925264
0.4015247974200395
0.40128135600349246
0.4010375341098768
0.40079333312164933
0.40054875443669474
0.4003037994682873
0.40005846964505015
0.39981276641091423
0.39956669122507393
0.3993202455619412
0.3990734309110997
0.3988262487772551
0.3985787006801841
0.3983307881546839
0.3980825127505168
0.3978338760323549
0.39758487957972266
0.3973355249869392
0.39708581386305564
0.39683574783179365
0.39658532853148193
0.3963345576149899
0.39608343674966007
0.3958319676172395
0.3955801519138087
0.3953279913497094
0.39507548764947076
0.3948226425517331
0.39456945780917124
0.3943159351884145
0.39406207646996816
0.3938078834481286
0.3935533579309019
0.393298501739917
0.3930433167103392
0.39278780469078145
0.39253196754321473
0.3922758071428759
0.3920193253781739
0.39176252415059626
0.391505405374612
0.39124797097757347
0.39099022289961793
0.39073216309356595
0.39047379352481953
0.3902151161712576
0.38995613302313203
0.3896968460829597
0.3894372573654147
0.3891773688972194
0.38891718271703196
0.3886567008753363
0.3883959254343261
0.388134858467791
0.3878735020609996
0.3876118583105815
0.38734992932440937
0.38708771722147695
0.3868252241317782
0.3865624521961846
0.3862994035663202
0.38603608040443643
0.38577248488328597
0.3855086191859936
0.3852444855059288
0.38498008604657413
0.38471542302139444
0.38445049865370406
0.3841853151765334
0.3839198748324951
0.38365417987364564
0.38338823256135157
0.3831220351661495
0.38285558996760777
0.3825888992541875
0.38232196532309976
0.3820547904801652
0.3817873770396715
0.3815197273242282
0.38125184366462306
0.3809837283996766
0.3807153838760957
0.38044681244832607
0.38017801647840493
0.37990899833581104
0.3796397603973171
0.37937030504683694
0.37910063467527716
0.3788307516803826
0.3785606584665871
0.3782903574448571
0.3780198510325406
0.3777491416532112
0.3774782317365142
0.37720712371800963
0.3769358200390186
0.3766643231464639
0.3763926354927148
0.3761207595354291
0.37584869773739454
0.3755764525663712
0.3753040264949312
0.37503142200030115
0.37475864156420113
0.37448568767268536
0.3742125628159818
0.37393926948833045
0.37366581018782463
0.3733921874162478
0.37311840367891286
0.3728444614845002
0.372570363344897
0.3722961117750336
0.3720217092927226
0.3717471584184964
0.3714724616754441
0.37119762158904945
0.3709226406870295
0.3706475214991702
0.370372266557165
0.37009687839445204
0.36982135954605183
0.36954571254840474
0.3692699399392083
0.368994044257256
0.368718028042273
0.3684418938347571
0.36816564417581443
0.36788928160699874
0.36761280867015056
0.367336227907235
0.3670595418601812
0.36678275307072117
0.36650586408023084
0.36622887742956844
0.36595179565891484
0.36567462130761513
0.36539735691401914
0.36512000501532194
0.36484256814740723
0.36456504884468793
0.36428744963994947
0.3640097730641938
0.3637320216464812
0.3634541979137759
0.3631763043907898
0.3628983435998281
0.36262031806063455
0.3623422302902387
0.3620640828028019
0.3617858781094648
0.3615076187181964
0.36122930713364165
0.3609509458569722
0.36067253738573507
0.3603940842137052
0.3601155888307353
0.3598370537226093
0.35955848137089536
0.3592798742527983
0.35900123484101665
0.3587225656035952
0.35844386900378367
0.3581651474998919
0.3578864035451486
0.3576076395875596
0.3573288580697681
0.3570500614289136
0.3567712520964958
0.35649243249823354
0.3562136050539308
0.3559347721773386
0.35565593627602177
0.35537709975122356
0.3550982649977334
0.35481943440375435
0.3545406103507721
0.354261795213425
0.3539829913593744
0.3537042011491771
0.3534254269361587
0.35314667106628606
0.3528679358780438
0.35258922370231005
0.3523105368622327
0.3520318776731086
0.35175324844226274
0.3514746514689283
0.3511960890441279
0.3509175634505573
0.3506390769624679
0.3503606318455517
0.3500822303568289
0.349803874744532
0.3495255672479973
0.3492473100975519
0.3489691055144053
0.3486909557105405
0.34841286288860784
0.3481348292418181
0.3478568569538381
0.3475789481986868
0.3473011051406333
0.34702332993409546
0.34674562472353915
0.3464679916433807
0.3461904328178879
0.3459129503610846
0.3456355463766545
0.34535822295784785
0.3450809821873882
0.3448038261373809
0.3445267568692221
0.3442497764335105
0.34397288686995886
0.3436960902073069
0.3434193884632361
0.3431427836442849
0.3428662777457665
0.34258987275168534
0.34231357063465817
0.34203737335583273
0.34176128286481133
0.341485301099572
0.3412094299863937
0.340933671439781
0.34065802736239165
0.3403824996449626
0.34010709016624113
0.33983180079291275
0.3395566333795347
0.3392815897684661
0.3390066717898045
0.3387318812613181
0.33845721998838396
0.33818268976392385
0.33790829236834374
0.33763402956947325
0.33735990312250586
0.33708591476994165
0.3368120662415299
0.3365383592542139
0.336264795512077
0.3359913767062872
0.33571810451504724
0.3354449806035423
0.33517200662389013
0.3348991842150928
0.3346265150029887
0.3343540006002055
0.3340816426061154
0.3338094426067907
0.3335374021749606
0.333265522869968
0.33299380623773067
0.3327222538106984
0.33245086710781696
0.33217964763448815
0.3319085968825342
0.3316377163301615
0.33136700744192593
0.3310964716687
0.33082611044763877
0.33055592520215005
0.33028591734186213
0.33001608826259543
0.32974643934633346
0.32947697196119563
0.3292076874614096
0.32893858718728725
0.32866967246519885
0.32840094460755
0.3281324049127581
0.327864054665232
0.32759589513534937
0.32732792757943846
0.3270601532397575
0.3267925733444783
0.3265251891076673
0.3262580017292705
0.32599101239509753
0.32572422227680725
0.3254576325318933
0.3251912443036725
0.3249250587212722
0.32465907689961837
0.3243932999394266
0.3241277289271919
0.3238623649351791
0.32359720902141664
0.3233322622296881
0.3230675255895261
0.322803000116207
0.3225386868107457
0.3222745866598912
0.32201070063612447
0.3217470296976537
0.3214835747884148
0.32122033683806833
0.32095731676199935
0.32069451546131805
0.32043193382286045
0.32016957271918955
0.31990743300859714
0.3196455155351079
0.3193838211284816
0.31912235060421723
0.3188611047635593
0.3186000843935
0.3183392902667881
0.318078723141934
0.31781838376321697
0.3175582728606923
0.31729839115020064
0.3170387393333757
0.3167793180976534
0.3165201281162828
0.3162611700483352
0.3160024445387157
0.31574395221817364
0.3154856937033154
0.31522766959661613
0.3149698804864325
0.3147123269470161
0.3144550095385267
0.314197928807047
0.31394108528459663
0.3136844794891468
0.3134281119246366
0.313171983080988
0.312916093434122
0.31266044344597577
0.3124050335645191
0.31214986422377117
0.3118949358438193
0.31164024883083624
0.3113858035770987
0.311131600461005
0.3108776398470959
0.31062392208607226
0.31037044751481524
0.3101172164564064
0.3098642292201466
0.3096114861015786
0.3093589873825052
0.30910673333101213
0.30885472420148835
0.30860296023464745
0.30835144165754935
0.30810016868362256
0.307849141512686
0.3075983603309706
0.3073478253111428
0.3070975366123273
0.3068474943801287
0.30659769874665554
0.3063481498305431
0.3060988477369772
0.30584979255771644
0.305600984371118
0.305352423242159
0.30510410922246245
0.30485604235031905
0.30460822265071397
0.304360650135349
0.30411332480266734
0.30386624663787865
0.30361941561298306
0.3033728316867954
0.3031264948049708
0.3028804049000283
0.30263456189137644
0.3023889656853374
0.30214361617517244
0.3018985132411063
0.30165365675035244
0.3014090465571377
0.3011646825027271
0.3009205644154497
0.3006766921107219
0.30043306539107467
0.30018968404617585
0.2999465478528571
0.2997036565751382
0.29946100996425146
0.299218607758667
0.298976449684118
0.2987345354536245
0.2984928647675185
0.29825143731346954
0.29801025276650733
0.2977693107890486
0.2975286110309198
0.29728815312938245
0.2970479367091575
0.2968079613824484
0.2965682267489673
0.2963287323959577
0.29608947789821843
0.2958504628181283
0.29561168670566956
0.29537314909845136
0.29513484952173347
0.29489678748845005
0.294658962499233
0.2944213740424346
0.2941840215941512
0.2939469046182461
0.29371002256637246
0.2934733748779962
0.29323696098041807
0.2930007802887966
0.2927648322061705
0.2925291161234798
0.2922936314195909
0.29205837746131413
0.291823353603429
0.2915885591887043
0.29135399354792024
0.29111965599988915
0.2908855458514771
0.2906516623976246
0.29041800492136827
0.2901845726938602
0.2899513649743899
0.2897183810104037
0.28948562003752576
0.2892530812795774
0.28902076394859777
0.2887886672448633
0.2885567903569074
0.28832513246153935
0.2880936927238652
0.28786247029730444
0.2876314643236118
0.28740067393289404
0.28717009824362927
0.2869397363626862
0.2867095873853412
0.28647965039529755
0.28624992446470343
0.28602040865416933
0.2857911020127868
0.2855620035781449
0.28533311237634923
0.2851044274220375
0.2848759477183987
0.2846476722571885
0.2844196000187481
0.2841917299720192
0.2839640610745621
0.2837365922725724
0.28350932250089617
0.283282250683048
0.2830553757312262
0.28282869654632964
0.28260221201797403
0.2823759210245071
0.28214982243302567
0.2819239150993905
0.2816981978682429
0.28147266957301964
0.2812473290359703
0.28102217506816984
0.2807972064695383
0.28057242202885274
0.2803478205237643
0.2801234007208133
0.2798991613754455
0.2796751012320268
0.279451219023858
0.2792275134731917
0.27900398329124687
0.2787806271782248
0.2785574438233233
0.2783344319047547
0.27811159008975805
0.27788891703461854
0.2776664113846796
0.2774440717743618
0.27722189682717574
0.2769998851557405
0.276778035361798
0.2765563460362306
0.27633481575907604
0.2761134430995444
0.275892226616035
0.27567116485615323
0.27545025635672615
0.27522949964382143
0.27500889323276384
0.27478843562815225
0.27456812532387836
0.2743479608031444
0.2741279405384805
0.2739080629917652
0.2736883266142421
0.27346872984654036
0.2732492711186936
0.27302994885016
0.2728107614498421
0.27259170731610755
0.2723727848368096
0.27215399238930876
0.2719353283404944
0.2717167910468064
0.2714983788542589
0.27128009009846143
0.27106192310464444
0.2708438761876821
0.2706259476521168
0.27040813579218476
0.27019043889184186
0.2699728552247889
0.26975538305449964
0.26953802063424737
0.26932076620713274
0.2691036180061143
0.26888657425403567
0.26866963316365744
0.2684527929376869
0.26823605176881093
0.26801940783972683
0.2678028593231772
0.267586404381983
0.26737004116907837
0.2671537678275475
0.26693758249065946
0.26672148328190753
0.2665054683150475
0.26628953569413577
0.2660736835135715
0.26585790985813734
0.2656422128030421
0.26542659041396477
0.26521104074709867
0.2649955618491977
0.2647801517576231
0.26456480850039255
0.26434953009622836
0.2641343145546091
0.2639191598758215
0.2637040640510126
0.2634890250622458
0.2632740408825558
0.2630591094760071
0.26284422879775066
0.2626293967940858
0.2624146114025222
0.26219987055184063
0.26198517216216066
0.26177051414500485
0.261555894403367
0.2613413108317819
0.26112676131639734
0.26091224373504524
0.26069775595731687
0.2604832958446393
0.2602688612503539
0.2600544500197954
0.2598400599903741
0.259625688991659
0.2594113348454645
0.2591969953659362
0.258982668359642
0.25876835162566186
0.25855404295568285
0.25833974013409405
0.2581254409380837
0.2579111431377395
0.2576968444961509
0.25748254276951216
0.25726823570723
0.257053921052031
0.2568395965400732
0.2566252599010594
0.256410908858352
0.25619654112909146
0.25598215442431677
0.25576774644908795
0.25555331490261113
0.2553388574783661
0.25512437186423803
0.25490985574264796
0.2546953067906894
0.25448072268026717
0.2542661010782359
0.25405143964654514
0.2538367360423842
0.2536219879183314
0.2534071929225046
0.2531923486987166
0.25297745288663065
0.25276250312192133
0.2525474970364362
0.252332432258361
0.2521173064123891
0.2519021171198911
0.25168686199908974
0.25147153866523664
0.25125614473079116
0.2510406778056048
0.25082513549710544
0.25060951541048687
0.2503938151489005
0.2501780323136485
0.24996216450438435
0.24974620931931021
0.2495301643553828
0.24931402720852022
0.2490977954738094
0.2488814667457216
0.24866503861832664
0.2484485086855116
0.2482318745412037
0.248015133779595
0.24779828399536874
0.24758132278393283
0.24736424774165106
0.2471470564660827
0.2469297465562203
0.24671231561273352
0.24649476123821545
0.2462770810374309
0.24605927261756724
0.24584133358849095
0.24562326156300385
0.24540505415710398
0.24518670899024855
0.2449682236856209
0.24474959587039805
0.24453082317602293
0.24431190323847932
0.24409283369856796
0.24387361220218626
0.2436542364006108
0.24343470395078298
0.24321501251559438
0.24299515976417876
0.24277514337220224
0.2425549610221602
0.2423346104036711
0.24211408921377883
0.2418933951572525
0.2416725259468896
0.24145147930382294
0.24123025295782646
0.24100884464762695
0.2407872521212135
0.24056547313615187
0.24034350545989977
0.24012134687012174
0.2398989951550095
0.23967644811360073
0.23945370355610002
0.239230759304201
0.23900761319141156
0.2387842630633765
0.2385607067782058
0.23833694220679894
0.23811296723317577
0.23788877975480113
0.2376643776829176
0.2374397589428726
0.23721492147445103
0.23698986323220317
0.23676458218577706
0.23653907632024937
0.23631334363645545
0.2360873821513212
0.2358611898981931
0.23563476492716778
0.235408105305424
0.23518120911754886
0.23495407446586955
0.23472669947077798
0.23449908227106034
0.2342712210242207
0.2340431139068069
0.23381475911473276
0.23358615486360007
0.23335729938901917
0.23312819094692747
0.23289882781390386
0.23266920828748644
0.2324393306864826
0.2322091933512799
0.23197879464415372
0.2317481329495729
0.23151720667450118
0.23128601424869832
0.2310545541250158
0.2308228247796904
0.23059082471263564
0.23035855244772843
0.23012600653309173
0.2298931855413763
0.2296600880700357
0.2294267127415983
0.22919305820393687
0.22895912313053216
0.22872490622073213
0.22849040620000793
0.22825562182020487
0.2280205518597879
0.22778519512408466
0.22754955044551986
0.22731361668384806
0.22707739272637908
0.22684087748820006
0.22660406991239
0.22636696897023012
0.22612957366140804
0.22589188301421712
0.225653896085749
0.22541561196207988
0.22517702975845166
0.22493814861944736
0.22469896771915854
0.2244594862613477
0.22421970347960446
0.2239796186374942
0.2237392310287
0.22349853997716002
0.22325754483719598
0.22301624499363482
0.22277463986192486
0.22253272888824466
0.22229051154960344
0.222047987353936
0.22180515584019034
0.22156201657840752
0.22131856916979392
0.22107481324678835
0.22083074847311943
0.22058637454385693
0.22034169118545413
0.22009669815578717
0.2198513952441812
0.21960578227143346
0.2193598590898265
0.21911362558313607
0.21886708166662874
0.21862022728705577
0.21837306242263615
0.21812558708303434
0.21787780130933018
0.21762970517398067
0.2173812987807756
0.21713258226478502
0.21688355579230034
0.2166342195607668
0.21638457379871026
0.2161346187656561
0.21588435475204099
0.21563378207911793
0.2153829010988546
0.21513171219382393
0.2148802157770892
0.21462841229207993
0.2143763022124652
0.2141238860420163
0.21387116431446493
0.21361813759335457
0.21336480647188583
0.21311117157275528
0.21285723354798847
0.21260299307876587
0.21234845087524487
0.2120936076763738
0.21183846424970243
0.21158302139118434
0.2113272799249766
0.21107124070323216
0.21081490460588806
0.2105582725404476
0.21030134544175855
0.2100441242717863
0.209786610019382
0.20952880370004565
0.20927070635568656
0.20901231905437798
0.2087536428901074
0.20849467898252402
0.2082354284766825
0.20797589254278087
0.2077160723758973
0.2074559691957224
0.20719558424628834
0.20693491879569406
0.20667397413583027
0.20641275158209724
0.20615125247312371
0.20588947817048284
0.2056274300584021
0.20536510954347623
0.2051025180543746
0.20483965704154766
0.20457652797693138
0.2043131323536511
0.20404947168572213
0.20378554750774983
0.2035213613746304
0.20325691486124586
0.2029922095621644
0.20272724709133394
0.20246202908177943
0.20219655718529736
0.20193083307215076
0.2016648584307642
0.20139863496741778
0.20113216440594164
0.20086544848741206
0.20059848896984536
0.2003312876278932
0.20006384625254028
0.1997961666507998
0.1995282506454122
0.19926010007454228
0.1989917167914805
0.19872310266434282
0.19845425957577295
0.19818518942264593
0.19791589411577262
0.19764637557960718
0.19737663575195402
0.19710667658367861
0.1968365000384189
0.19656610809230005
0.1962955027336485
0.19602468596271194
0.19575365979137802
0.1954824262428974
0.19521098735160944
0.19493934516266803
0.19466750173177258
0.19439545912489986
0.19412321941803978
0.19385078469693212
0.1935781570568084
0.1933053386021343
0.19303233144635615
0.19275913771165093
0.19248575952867716
0.19221219903633097
0.19193845838150425
0.19166453971884626
0.1913904452105275
0.1911161770260075
0.19084173734180687
0.1905671283412793
0.19029235221439128
0.19001741115750045
0.18974230737314113
0.18946704306981102
0.18919162046176125
0.18891604176879156
0.18864030921604485
0.1883644250338113
0.18808839145732953
0.1878122107265942
0.18753588508616795
0.1872594167849939
0.18698280807621387
0.18670606121698774
0.1864291784683185
0.18615216209487936
0.18587501436484336
0.18559773754971837
0.18532033392418262
0.18504280576592674
0.18476515535549604
0.18448738497613698
0.18420949691364844
0.18393149345623322
0.18365337689435499
0.18337514952059766
0.18309681362952662
0.18281837151755517
0.1825398254828128
0.18226117782501472
0.1819824308453387
0.18170358684629956
0.181424648131631
0.1811456170061674
0.1808664957757292
0.1805872867470111
0.18030799222747387
0.18002861452523622
0.1797491559489725
0.17946961880781026
0.17919000541123237
0.17891031806897942
0.17863055909095676
0.1783507307871431
0.1780708354675002
0.17779087544188651
0.17751085301997252
0.17723077051115788
0.1769506302244914
0.176670434468592
0.1763901855515725
0.17610988578096623
0.17582953746365304
0.17554914290579038
0.1752687044127431
0.17498822428901778
0.1747077048381964
0.17442714836287368
0.17414655716459557
0.17386593354379734
0.17358527979974667
0.1733045982304855
0.17302389113277375
0.1727431608020369
0.1724624095323101
0.17218163961618918
0.17190085334477817
0.17162005300764094
0.1713392408927533
0.17105841928645482
0.17077759047340493
0.17049675673653522
0.17021592035700853
0.16993508361417364
0.16965424878552446
0.169373418146658
0.16909259397123522
0.1688117785309392
0.16853097409543882
0.16825018293234875
0.1679694073071919
0.1676886494833637
0.16740791172209452
0.167127196282414
0.1668465054211163
0.16656584139272465
0.1662852064494567
0.16600460284119112
0.16572403281543338
0.16544349861728247
0.16516300248939794
0.16488254667196647
0.16460213340267008
0.16432176491665285
0.16404144344649016
0.16376117122215456
0.16348095047098504
0.16320078341765537
0.16292067228414103
0.1626406192896886
0.162360626650784
0.16208069658111876
0.1618008312915611
0.16152103299012124
0.16124130388192204
0.16096164616916442
0.1606820620510969
0.16040255372398207
0.16012312338106494
0.15984377321253992
0.15956450540551792
0.15928532214399307
0.15900622560880928
0.15872721797762712
0.15844830142488994
0.15816947812178905
0.15789075023622992
0.15761211993279728
0.15733358937272032
0.15705516071383674
0.1567768361105578
0.15649861771383147
0.1562205076711073
0.15594250812629815
0.15566462121974387
0.15538684908817454
0.15510919386467067
0.15483165767862725
0.1545542426557127
0.15427695091783264
0.1539997845830872
0.15372274576573386
0.1534458365761459
0.15316905912077167
0.1528924155020944
0.1526159078185892
0.1523395381646828
0.15206330863070958
0.15178722130287042
0.15151127826318836
0.15123548158946493
0.15095983335523713
0.15068433562973163
0.1504089904778218
0.15013379995998097
0.149858766132236
0.14958389104612382
0.14930917674864336
0.14903462528220804
0.14876023868460014
0.14848601898892194
0.14821196822354846
0.14793808841207878
0.14766438157328735
0.14739084972107463
0.14711749486441816
0.1468443190073225
0.146571324148769
0.14629851228266527
0.14602588539779482
0.1457534454777656
0.14548119450095853
0.1452091344404761
0.14493726726409026
0.14466559493419015
0.1443941194077295
0.14412284263617336
0.1438517665654465
0.14358089313587857
0.1433102242821513
0.14303976193324464
0.14276950801238286
0.14249946443698067
0.1422296331185882
0.14196001596283703
0.1416906148693855
0.1414214317318638
0.1411524684378191
0.14088372686866005
0.1406152088996026
0.1403469163996131
0.1400788512313545
0.13981101525113004
0.13954341030882766
0.13927603824786455
0.13900890090513127
0.13874200011093704
0.1384753376889525
0.13820891545615496
0.13794273522277317
0.13767679879222985
0.13741110796108755
0.137145664518993
0.13688047024862032
0.1366155269256168
0.1363508363185468
0.13608640018883664
0.13582222029071928
0.13555829837117903
0.13529463616989695
0.13503123541919557
0.13476809784398425
0.13450522516170532
0.13424261908227816
0.13398028130804746
0.13371821353372632
0.13345641744634487
0.1331948947251955
0.13293364704177996
0.13267267605975636
0.13241198343488605
0.13215157081498116
0.131891439839853
0.1316315921412594
0.13137202934285305
0.13111275306013037
0.13085376490038123
0.13059506646263672
0.1303366593376204
0.13007854510769742
0.12982072534682546
0.12956320162050508
0.1293059754857311
0.1290490484909445
0.1287924221759843
0.12853609807203936
0.1282800777016024
0.12802436257842253
0.12776895420745887
0.12751385408483548
0.1272590636977957
0.12700458452465704
0.12675041803476744
0.12649656568846104
0.12624302893701506
0.12598980922260622
0.1257369079782703
0.1254843266278583
0.12523206658599667
0.12498012925804548
0.12472851604005997
0.12447722831874886
0.12422626747143733
0.12397563486602728
0.12372533186096063
0.12347535980518104
0.12322572003809781
0.1229764138895503
0.12272744267977156
0.12247880771935427
0.12223051030921649
0.12198255174056769
0.12173493329487681
0.12148765624383888
0.12124072184934408
0.12099413136344671
0.12074788602833521
0.12050198707630166
0.12025643572971376
0.12001123320098588
0.1197663806925518
0.11952187939683767
0.11927773049623616
0.11903393516308021
0.11879049455961871
0.11854740983799186
0.11830468214020834
0.11806231259812203
0.11782030233341007
0.11757865245755186
0.11733736407180767
0.11709643826719958
0.1168558761244918
0.11661567871417208
0.11637584709643416
0.11613638232116058
0.11589728542790674
0.11565855744588471
0.11542019939394907
0.11518221228058187
0.11494459710387961
0.11470735485154107
0.11447048650085462
0.11423399301868753
0.11399787536147493
0.11376213447521015
0.11352677129543667
0.11329178674723789
0.11305718174523191
0.11282295719356215
0.11258911398589354
0.11235565300540562
0.11212257512478872
0.11188988120623937
0.11165757210145759
0.11142564865164437
0.11119411168749949
0.11096296202922089
0.11073220048650469
0.11050182785854454
0.11027184493403377
0.11004225249116652
0.10981305129764121
0.10958424211066245
0.1093558256769463
0.10912780273272388
0.10890017400374795
0.10867294020529768
0.10844610204218635
0.10821966020876837
0.1079936153889477
0.10776796825618648
0.10754271947351457
0.10731786969354011
0.1070934195584597
0.10686936970007072
0.10664572073978328
0.10642247328863264
0.10619962794729332
0.10597718530609357
0.10575514594502904
0.10553351043377987
0.10531227933172571
0.10509145318796259
0.10487103254132085
0.10465101792038332
0.10443140984350277
0.1042122088188228
0.10399341534429679
0.10377502990770889
0.10355705298669476
0.10333948504876334
0.10312232655131971
0.1029055779416875
0.10268923965713242
0.10247331212488685
0.10225779576217373
0.10204269097623224
0.10182799816434376
0.10161371771385827
0.10139985000221978
0.10118639539699645
0.10097335425590623
0.10076072692684658
0.10054851374792287
0.10033671504747854
0.10012533114412522
0.09991436234677215
0.09970380895465888
0.09949367125738583
0.0992839495349467
0.09907464405776104
0.09886575508670725
0.09865728287315605
0.09844922765900477
0.09824158967671115
0.09803436914932927
0.09782756629054373
0.09762118130470596
0.09741521438687079
0.09720966572283295
0.09700453548916312
0.09679982385324706
0.0965955309733227
0.0963916569985176
0.09618820206888917
0.09598516631546301
0.095782549860272
0.09558035281639674
0.09537857528800577
0.09517721737039533
0.09497627915003132
0.09477576070458968
0.09457566210299861
0.09437598340548013
0.09417672466359275
0.09397788592027351
0.09377946720988128
0.09358146855823996
0.09338388998268185
0.0931867314920913
0.09298999308694919
0.09279367475937744
0.09259777649318293
0.09240229826390281
0.09220724003885018
0.09201260177715875
0.09181838342982886
0.0916245849397736
0.09143120624186468
0.09123824726297915
0.09104570792204578
0.09085358813009148
0.09066188779028954
0.09047060679800606
0.09027974504084701
0.09008930239870701
0.08989927874381635
0.08970967394078913
0.08952048784667166
0.08933172031099039
0.08914337117580136
0.08895544027573754
0.08876792743805881
0.08858083248270032
0.08839415522232187
0.08820789546235655
0.08802205300106127
0.08783662762956482
0.08765161913191871
0.08746702728514597
0.08728285185929147
0.08709909261747172
0.08691574931592438
0.08673282170405922
0.08655030952450748
0.08636821251317241
0.08618653039927962
0.08600526290542743
0.085824409747637
0.08564397063540302
0.08546394527174446
0.08528433335325444
0.08510513457015141
0.08492634860632986
0.08474797513941028
0.08457001384079037
0.08439246437569559
0.0842153264032299
0.0840385995764263
0.08386228354229758
0.08368637794188707
0.08351088241031937
0.0833357965768509
0.08316112006492052
0.08298685249220045
0.08281299347064636
0.08263954260654842
0.08246649950058133
0.0822938637478555
0.08212163493796716
0.08194981265504817
0.08177839647781736
0.08160738597963012
0.08143678072852885
0.08126658028729324
0.08109678421349022
0.08092739205952361
0.08075840337268475
0.08058981769520192
0.08042163456429015
0.08025385351220075
0.08008647406627134
0.07991949574897468
0.07975291807796883
0.07958674056614565
0.07942096272168046
0.07925558404808074
0.07909060404423551
0.07892602220446394
0.07876183801856348
0.07859805097185968
0.07843466054525346
0.07827166621526986
0.07810906745410652
0.077946863729681
0.07778505450567946
0.07762363924160401
0.07746261739282008
0.0773019884106044
0.07714175174219218
0.07698190683082368
0.07682245311579196
0.07666339003248984
0.07650471701245533
0.07634643348341927
0.07618853886935181
0.0760310325905074
0.07587391406347183
0.07571718270120785
0.07556083791310034
0.07540487910500265
0.07524930567928073
0.07509411703485885
0.07493931256726515
0.07478489166867487
0.07463085372795657
0.07447719813071493
0.07432392425933568
0.07417103149302963
0.07401851920787643
0.07386638677686741
0.07371463356994998
0.0735632589540696
0.07341226229321401
0.0732616429484553
0.07311140027799166
0.07296153363719171
0.07281204237863456
0.07266292585215274
0.072514183404874
0.0723658143812621
0.07221781812315882
0.07207019396982409
0.07192294125797813
0.07177605932184056
0.07162954749317192
0.07148340510131306
0.07133763147322579
0.07119222593353189
0.07104718780455319
0.07090251640635045
0.07075821105676217
0.0706142710714443
0.0704706957639082
0.07032748444555843
0.07018463642573193
0.07004215101173557
0.06990002750888347
0.06975826522053467
0.06961686344813038
0.06947582149123091
0.06933513864755211
0.0691948142130025
0.06905484748171867
0.06891523774610234
0.06877598429685497
0.06863708642301426
0.06849854341198933
0.06836035454959519
0.0682225191200883
0.06808503640620066
0.0679479056891746
0.06781112624879662
0.06767469736343149
0.06753861831005552
0.06740288836429059
0.06726750680043703
0.06713247289150637
0.06699778590925426
0.06686344512421288
0.06672944980572351
0.06659579922196773
0.0664624926400003
0.06632952932577943
0.06619690854419906
0.06606462955911957
0.06593269163339857
0.06580109402892123
0.06566983600663115
0.06553891682656005
0.06540833574785784
0.06527809202882216
0.0651481849269279
0.06501861369885584
0.06488937760052281
0.06476047588710869
0.06463190781308648
0.06450367263224949
0.0643757695977396
0.06424819796207516
0.06412095697717848
0.06399404589440322
0.06386746396456114
0.06374121043794917
0.06361528456437604
0.06348968559318856
0.06336441277329784
0.06323946535320532
0.06311484258102812
0.06299054370452509
0.06286656797112115
0.06274291462793369
0.06261958292179552
0.06249657209928148
0.0623738814067312
0.06225151009027383
0.062129457395852114
0.062007722569245805
0.06188630485609525
0.06176520350192459
0.061644417752164754
0.061523946852176305
0.061403790047272255
0.06128394658273999
0.061164415703863655
0.06104519665594645
0.06092628868433161
0.060807691034424766
0.06068940295171463
0.060571423681794204
0.06045375247038223
0.06033638856334289
0.06021933120670718
0.06010257964669273
0.05998613312972375
0.05986999090245151
0.05975415221177306
0.05963861630485168
0.059523382429135144
0.05940844983237583
0.059293817762648415
0.05917948546836953
0.05906545219831549
0.058951717201641066
0.058838279727897014
0.05872513902704866
0.058612294349492604
0.05849974494607502
0.05838749006810877
0.058275528967389974
0.05816386089621561
0.058052485107399666
0.057941400854290136
0.05783060739078476
0.05772010397134801
0.05760988985102628
0.057499964285463945
0.057390326530918884
0.05728097584427827
0.05717191148307335
0.05706313270549458
0.05695463877040677
0.05684642893736361
0.05673850246662203
0.05663085861915669
0.056523496656674416
0.05641641584162777
0.05630961543722909
0.05620309470746418
0.05609685291710561
0.05599088933172648
0.05588520321771296
0.05577979384227762
0.055674660473472526
0.05556980238020112
0.05546521883223156
0.055360909100208536
0.05525687245566563
0.055153108171037274
0.05504961551967054
0.05494639377583692
0.05484344221474402
0.05474076011254659
0.05463834674635803
0.05453620139426142
0.054434323335320264
0.05433271184958953
0.05423136621812617
0.054130285722999445
0.05402946964730157
0.053928917275157515
0.05382862789173529
0.05372860078325582
0.05362883523700275
0.05352933054133166
0.053430085985680095
0.053331100860576464
0.053232374457649514
0.05313390606963697
0.05303569499039495
0.052937740514906566
0.05284004193929014
0.05274259856080844
0.05264540967787651
0.05254847459006994
0.05245179259813334
0.05235536300398804
0.052259185110740014
0.05216325822268763
0.052067581645328785
0.05197215468536926
0.051876976650729704
0.051782046850552294
0.05168736459520861
0.05159292919630617
0.05149873996669574
0.051404796220477195
0.0513110972730072
0.051217642440905105
0.05112443104205941
0.05103146239563404
0.05093873582207476
0.05084625064311482
0.05075400618178119
0.05066200176240021
0.05057023671060328
0.05047871035333298
0.05038742201884757
0.05029637103672746
0.05020555673787954
0.0501149784545433
0.05002463552029487
0.04993452727005289
