0.5154911226454645
0.52836778693733
0.5267682173833483
0.5256214898659618
0.5248035535166955
0.5242197895983106
0.5238019606511197
0.5235012204107565
0.523282833053657
0.5231222150187766
0.5230020293715587
0.5229100828724862
0.522837818675274
0.5227792431665056
0.5227301654810632
0.5226876603892651
0.522649689867485
0.5226148369585633
0.5225821188729014
0.5225508558963687
0.5225205795425184
0.5224909682697907
0.5224618025413458
0.5224329334459727
0.5224042608186177
0.522375718009649
0.5223472613031157
0.5223188625822092
0.5222905042599745
0.5222621757879098
0.5222338712617212
0.5222055877883206
0.5221773243796356
0.5221490812098198
0.5221208591221671
0.5220926593067581
0.5220644830941292
0.5220363318271659
0.5220082067852079
0.5219801091425316
0.5219520399490643
0.5219240001251031
0.5218959904645308
0.521868011642868
0.5218400642277834
0.5218121486905402
0.5217842654174365
0.5217564147206926
0.5217285968484813
0.5217008119939721
0.521673060303355
0.5216453418828775
0.5216176568049594
0.5215900051134691
0.5215623868282512
0.5215348019489958
0.5215072504585299
0.5214797323256133
0.5214522475073047
0.5214247959509609
0.5213973775959242
0.5213699923749433
0.5213426402153691
0.5213153210401604
0.5212880347687272
0.5212607813176385
0.5212335606012186
0.5212063725320414
0.5211792170213501
0.5211520939794037
0.5211250033157695
0.521097944939567
0.5210709187596705
0.5210439246848793
0.5210169626240588
0.5209900324862584
0.5209631341808089
0.5209362676174039
0.5209094327061666
0.5208826293577065
0.5208558574831632
0.5208291169942452
0.52080240780326
0.52077572982314
0.5207490829674609
0.5207224671504593
0.5206958822870442
0.520669328292808
0.520642805084033
0.520616312577698
0.5205898506914809
0.5205634193437625
0.5205370184536273
0.5205106479408634
0.5204843077259637
0.5204579977301227
0.5204317178752367
0.5204054680839009
0.5203792482794066
0.5203530583857396
0.5203268983275761
0.5203007680302794
0.5202746674198973
0.5202485964231577
0.5202225549674654
0.5201965429808977
0.5201705603922013
0.5201446071307875
0.5201186831267282
0.5200927883107528
0.5200669226142431
0.5200410859692296
0.5200152783083872
0.5199894995650309
0.5199637496731122
0.5199380285672143
0.519912336182548
0.519886672454948
0.5198610373208684
0.5198354307173784
0.5198098525821584
0.5197843028534954
0.5197587814702799
0.5197332883720002
0.5197078234987397
0.5196823867911722
0.5196569781905571
0.5196315976387373
0.5196062450781329
0.5195809204517383
0.5195556237031181
0.519530354776403
0.5195051136162853
0.5194799001680154
0.5194547143773982
0.5194295561907883
0.5194044255550864
0.5193793224177352
0.5193542467267156
0.5193291984305433
0.5193041774782636
0.519279183819449
0.5192542174041942
0.5192292781831129
0.519204366107334
0.519179481128497
0.5191546231987487
0.5191297922707402
0.5191049882976213
0.5190802112330386
0.5190554610311305
0.5190307376465243
0.5190060410343319
0.5189813711501461
0.5189567279500376
0.5189321113905502
0.5189075214286986
0.5188829580219632
0.5188584211282878
0.5188339107060753
0.5188094267141843
0.5187849691119251
0.5187605378590572
0.5187361329157848
0.5187117542427533
0.5186874018010466
0.5186630755521824
0.5186387754581103
0.5186145014812065
0.5185902535842718
0.5185660317305278
0.5185418358836132
0.5185176660075805
0.5184935220668925
0.5184694040264197
0.5184453118514358
0.5184212455076153
0.5183972049610297
0.5183731901781442
0.5183492011258147
0.5183252377712849
0.5183013000821816
0.5182773880265129
0.5182535015726644
0.5182296406893964
0.5182058053458396
0.518181995511494
0.5181582111562231
0.5181344522502531
0.5181107187641686
0.5180870106689095
0.5180633279357683
0.518039670536387
0.5180160384427537
0.5179924316271998
0.517968850062397
0.5179452937213543
0.5179217625774151
0.5178982566042536
0.5178747757758728
0.5178513200666008
0.5178278894510885
0.5178044839043059
0.51778110340154
0.5177577479183915
0.517734417430772
0.5177111119149012
0.517687831347304
0.5176645757048078
0.5176413449645397
0.5176181391039238
0.517594958100678
0.5175718019328117
0.5175486705786227
0.5175255640166954
0.5175024822258967
0.5174794251853745
0.5174563928745541
0.5174333852731366
0.5174104023610954
0.5173874441186739
0.5173645105263825
0.517341601564997
0.5173187172155554
0.5172958574593546
0.5172730222779495
0.5172502116531493
0.5172274255670148
0.5172046640018573
0.5171819269402345
0.5171592143649489
0.5171365262590457
0.5171138626058092
0.5170912233887618
0.51706860859166
0.5170460181984939
0.5170234521934832
0.5170009105610757
0.5169783932859447
0.5169559003529866
0.5169334317473191
0.5169109874542782
0.5168885674594164
0.5168661717485007
0.5168438003075089
0.5168214531226298
0.5167991301802586
0.5167768314669965
0.5167545569696469
0.516732306675215
0.516710080570904
0.5166878786441143
0.5166657008824406
0.5166435472736695
0.5166214178057784
0.516599312466933
0.516577231245485
0.51655517412997
0.5165331411091056
0.5165111321717901
0.5164891473070992
0.5164671865042849
0.5164452497527734
0.5164233370421627
0.5164014483622212
0.516379583702886
0.5163577430542594
0.5163359264066091
0.5163141337503652
0.5162923650761182
0.5162706203746177
0.5162488996367698
0.5162272028536365
0.5162055300164324
0.5161838811165241
0.5161622561454273
0.5161406550948067
0.5161190779564719
0.5160975247223781
0.5160759953846223
0.5160544899354435
0.5160330083672188
0.5160115506724634
0.515990116843829
0.5159687068741005
0.515947320756196
0.5159259584831646
0.5159046200481839
0.5158833054445604
0.5158620146657258
0.5158407477052366
0.5158195045567723
0.5157982852141334
0.5157770896712407
0.5157559179221329
0.515734769960966
0.5157136457820102
0.5156925453796501
0.515671468748383
0.5156504158828162
0.5156293867776663
0.5156083814277584
0.5155873998280234
0.5155664419734977
0.5155455078593205
0.5155245974807341
0.5155037108330809
0.515482847911803
0.5154620087124406
0.5154411932306304
0.5154204014621042
0.5153996334026884
0.5153788890483018
0.5153581683949542
0.515337471438746
0.5153167981758664
0.5152961486025915
0.5152755227152844
0.5152549205103926
0.5152343419844476
0.5152137871340636
0.5151932559559358
0.5151727484468396
0.515152264603629
0.5151318044232363
0.51511136790267
0.5150909550390138
0.5150705658294259
0.5150502002711373
0.5150298583614512
0.5150095400977412
0.514989245477451
0.5149689744980925
0.5149487271572454
0.5149285034525553
0.5149083033817339
0.5148881269425563
0.5148679741328615
0.51484784495055
0.514827739393584
0.5148076574599854
0.5147875991478352
0.5147675644552727
0.5147475533804942
0.5147275659217517
0.5147076020773524
0.5146876618456584
0.5146677452250836
0.5146478522140954
0.5146279828112114
0.5146081370150002
0.5145883148240795
0.5145685162371159
0.5145487412528227
0.5145289898699605
0.5145092620873358
0.5144895579037998
0.5144698773182471
0.5144502203296166
0.5144305869368885
0.5144109771390849
0.5143913909352684
0.5143718283245413
0.5143522893060452
0.514332773878959
0.5143132820424996
0.5142938137959203
0.5142743691385099
0.5142549480695922
0.5142355505885248
0.5142161766946992
0.5141968263875394
0.514177499666501
0.5141581965310704
0.5141389169807651
0.5141196610151316
0.5141004286337455
0.5140812198362104
0.5140620346221576
0.5140428729912445
0.5140237349431553
0.5140046204775992
0.5139855295943098
0.5139664622930447
0.5139474185735852
0.5139283984357345
0.5139094018793184
0.5138904289041837
0.513871479510198
0.513852553697248
0.5138336514652413
0.5138147728141027
0.5137959177437761
0.5137770862542224
0.5137582783454195
0.5137394940173616
0.5137207332700582
0.5137019961035343
0.513683282517829
0.5136645925129955
0.5136459260891
0.5136272832462216
0.5136086639844519
0.5135900683038932
0.5135714962046598
0.5135529476868754
0.5135344227506748
0.5135159213962013
0.5134974436236073
0.5134789894330535
0.5134605588247083
0.5134421517987476
0.5134237683553539
0.5134054084947156
0.5133870722170273
0.5133687595224885
0.5133504704113035
0.5133322048836808
0.5133139629398324
0.5132957445799743
0.5132775498043243
0.5132593786131028
0.5132412310065322
0.5132231069848362
0.5132050065482391
0.513186929696966
0.5131688764312414
0.5131508467512897
0.5131328406573347
0.5131148581495979
0.5130968992282998
0.5130789638936577
0.5130610521458874
0.5130431639852007
0.5130252994118061
0.513007458425908
0.5129896410277066
0.5129718472173972
0.5129540769951697
0.5129363303612088
0.5129186073156928
0.5129009078587935
0.5128832319906762
0.5128655797114989
0.5128479510214117
0.512830345920557
0.5128127644090685
0.5127952064870716
0.5127776721546823
0.5127601614120068
0.5127426742591414
0.5127252106961734
0.5127077707231775
0.5126903543402188
0.5126729615473502
0.5126555923446139
0.5126382467320392
0.5126209247096432
0.51260362627743
0.512586351435391
0.512569100183504
0.5125518725217332
0.512534668450028
0.5125174879683239
0.5125003310765415
0.5124831977745861
0.5124660880623475
0.5124490019397002
0.5124319394065019
0.512414900462594
0.5123978851078015
0.512380893341932
0.5123639251647757
0.5123469805761054
0.5123300595756752
0.5123131621632218
0.5122962883384623
0.5122794381010956
0.5122626114508005
0.5122458083872377
0.5122290289100462
0.5122122730188463
0.5121955407132371
0.5121788319927972
0.5121621468570843
0.5121454853056342
0.5121288473379619
0.51211223295356
0.512095642151899
0.5120790749324265
0.5120625312945686
0.512046011237727
0.5120295147612804
0.5120130418645844
0.5119965925469708
0.5119801668077465
0.5119637646461948
0.5119473860615733
0.5119310310531159
0.5119146996200303
0.5118983917614992
0.5118821074766794
0.5118658467647016
0.5118496096246706
0.511833396055664
0.5118172060567332
0.5118010396269024
0.5117848967651681
0.5117687774704995
0.5117526817418381
0.5117366095780975
0.5117205609781622
0.5117045359408887
0.5116885344651048
0.5116725565496083
0.5116566021931687
0.5116406713945254
0.5116247641523883
0.5116088804654366
0.5115930203323199
0.5115771837516567
0.511561370722035
0.5115455812420115
0.5115298153101118
0.5115140729248301
0.5114983540846283
0.5114826587879371
0.5114669870331539
0.5114513388186448
0.5114357141427424
0.5114201130037462
0.5114045353999235
0.511388981329507
0.5113734507906967
0.5113579437816582
0.5113424603005231
0.5113270003453889
0.511311563914318
0.5112961510053384
0.5112807616164432
0.5112653957455902
0.5112500533907011
0.5112347345496628
0.5112194392203258
0.5112041674005046
0.511188919087977
0.5111736942804849
0.5111584929757326
0.5111433151713879
0.5111281608650813
0.5111130300544053
0.5110979227369158
0.5110828389101296
0.5110677785715261
0.511052741718546
0.5110377283485916
0.5110227384590266
0.5110077720471754
0.5109928291103231
0.510977909645716
0.5109630136505601
0.5109481411220217
0.5109332920572274
0.510918466453263
0.5109036643071743
0.5108888856159661
0.5108741303766025
0.5108593985860059
0.5108446902410585
0.5108300053385998
0.5108153438754283
0.5108007058483001
0.5107860912539293
0.510771500088988
0.5107569323501052
0.5107423880338674
0.5107278671368176
0.5107133696554566
0.5106988955862409
0.5106844449255838
0.5106700176698549
0.5106556138153793
0.5106412333584383
0.5106268762952687
0.5106125426220629
0.510598232334968
0.5105839454300864
0.5105696819034752
0.5105554417511462
0.5105412249690651
0.5105270315531527
0.5105128614992828
0.5104987148032835
0.5104845914609365
0.5104704914679766
0.5104564148200922
0.5104423615129243
0.5104283315420666
0.5104143249030662
0.5104003415914213
0.510386381602584
0.5103724449319567
0.5103585315748945
0.5103446415267043
0.5103307747826438
0.5103169313379226
0.5103031111877006
0.5102893143270892
0.5102755407511501
0.5102617904548958
0.5102480634332887
0.5102343596812412
0.5102206791936165
0.510207021965226
0.510193387990832
0.5101797772651456
0.5101661897828265
0.5101526255384844
0.5101390845266769
0.5101255667419108
0.5101120721786409
0.5100986008312698
0.5100851526941492
0.5100717277615777
0.510058326027802
0.5100449474870163
0.5100315921333614
0.5100182599609262
0.5100049509637457
0.5099916651358019
0.5099784024710234
0.5099651629632852
0.5099519466064083
0.5099387533941598
0.5099255833202525
0.5099124363783454
0.5098993125620417
0.5098862118648914
0.5098731342803883
0.5098600798019721
0.5098470484230264
0.5098340401368802
0.5098210549368061
0.5098080928160215
0.5097951537676874
0.5097822377849092
0.5097693448607349
0.5097564749881575
0.5097436281601121
0.5097308043694778
0.509718003609076
0.5097052258716712
0.5096924711499706
0.5096797394366241
0.5096670307242233
0.5096543450053022
0.509641682272337
0.5096290425177454
0.5096164257338867
0.5096038319130618
0.5095912610475128
0.509578713129423
0.5095661881509166
0.5095536861040583
0.5095412069808538
0.5095287507732491
0.5095163174731304
0.5095039070723244
0.5094915195625968
0.5094791549356543
0.5094668131831424
0.5094544942966462
0.5094421982676905
0.5094299250877388
0.5094176747481937
0.5094054472403965
0.5093932425556276
0.5093810606851052
0.5093689016199865
0.5093567653513663
0.5093446518702782
0.5093325611676929
0.509320493234519
0.509308448061603
0.5092964256397282
0.509284425959616
0.5092724490119239
0.5092604947872472
0.5092485632761171
0.5092366544690025
0.5092247683563077
0.5092129049283742
0.5092010641754793
0.5091892460878361
0.5091774506555938
0.5091656778688376
0.509153927717588
0.5091422001918009
0.5091304952813674
0.5091188129761143
0.5091071532658024
0.5090955161401284
0.5090839015887229
0.5090723096011515
0.5090607401669142
0.5090491932754451
0.5090376689161126
0.5090261670782188
0.509014687751
0.5090032309236263
0.5089917965852007
0.5089803847247604
0.5089689953312754
0.508957628393649
0.5089462839007175
0.5089349618412502
0.5089236622039491
0.508912384977449
0.5089011301503162
0.5088898977110508
0.508878687648084
0.5088674999497796
0.5088563346044335
0.5088451916002728
0.5088340709254565
0.5088229725680755
0.508811896516152
0.508800842757639
0.5087898112804216
0.508778802072315
0.5087678151210656
0.5087568504143508
0.508745907939779
0.5087349876848881
0.5087240896371474
0.5087132137839557
0.5087023601126425
0.5086915286104673
0.5086807192646196
0.508669932062218
0.5086591669903117
0.508648424035879
0.5086377031858275
0.5086270044269945
0.5086163277461463
0.5086056731299783
0.5085950405651148
0.5085844300381095
0.5085738415354439
0.5085632750435287
0.5085527305487031
0.5085422080372347
0.5085317074953194
0.508521228909081
0.5085107722645715
0.5085003375477711
0.5084899247445879
0.508479533840857
0.5084691648223421
0.5084588176747336
0.5084484923836499
0.5084381889346361
0.5084279073131655
0.5084176475046374
0.5084074094943787
0.5083971932676432
0.5083869988096112
0.5083768261053897
0.5083666751400127
0.50835654589844
0.5083464383655586
0.508336352526181
0.5083262883650465
0.5083162458668198
0.5083062250160921
0.5082962257973807
0.508286248195128
0.5082762921937026
0.5082663577773986
0.5082564449304352
0.5082465536369578
0.5082366838810362
0.5082268356466664
0.5082170089177686
0.5082072036781886
0.508197419911697
0.508187657601989
0.5081779167326852
0.5081681972873304
0.5081584992493938
0.5081488226022696
0.5081391673292763
0.5081295334136564
0.5081199208385768
0.5081103295871288
0.5081007596423274
0.5080912109871119
0.5080816836043452
0.5080721774768143
0.5080626925872299
0.508053228918226
0.5080437864523606
0.508034365172115
0.5080249650598938
0.5080155860980254
0.5080062282687609
0.5079968915542747
0.5079875759366645
0.5079782813979511
0.5079690079200778
0.507959755484911
0.5079505240742401
0.5079413136697769
0.5079321242531561
0.5079229558059347
0.5079138083095924
0.5079046817455312
0.5078955760950755
0.5078864913394723
0.50787742745989
0.5078683844374199
0.5078593622530753
0.507850360887791
0.5078413803224242
0.5078324205377538
0.5078234815144804
0.5078145632332266
0.5078056656745362
0.5077967888188751
0.5077879326466306
0.5077790971381112
0.5077702822735471
0.5077614880330897
0.5077527143968117
0.5077439613447071
0.5077352288566908
0.507726516912599
0.5077178254921889
0.5077091545751388
0.5077005041410475
0.5076918741694352
0.5076832646397423
0.5076746755313304
0.5076661068234817
0.5076575584953985
0.5076490305262046
0.5076405228949433
0.5076320355805792
0.5076235685619966
0.5076151218180008
0.5076066953273168
0.5075982890685901
0.5075899030203862
0.5075815371611909
0.5075731914694102
0.5075648659233697
0.5075565605013151
0.5075482751814125
0.5075400099417474
0.5075317647603249
0.5075235396150702
0.5075153344838285
0.5075071493443639
0.5074989841743607
0.5074908389514227
0.5074827136530731
0.5074746082567545
0.5074665227398291
0.5074584570795785
0.5074504112532034
0.5074423852378243
0.50743437901048
0.5074263925481296
0.5074184258276506
0.50741047882584
0.5074025515194138
0.5073946438850069
0.5073867558991733
0.5073788875383859
0.5073710387790366
0.507363209597436
0.5073553999698135
0.5073476098723179
0.5073398392810158
0.507332088171893
0.5073243565208544
0.5073166443037224
0.5073089514962392
0.5073012780740649
0.5072936240127782
0.5072859892878763
0.5072783738747751
0.5072707777488086
0.5072632008852289
0.5072556432592076
0.5072481048458333
0.5072405856201138
0.5072330855569743
0.5072256046312591
0.50721814281773
0.5072107000910675
0.5072032764258697
0.507195871796653
0.5071884861778523
0.5071811195438195
0.5071737718688256
0.5071664431270588
0.5071591332926255
0.5071518423395501
0.507144570241775
0.5071373169731597
0.5071300825074826
0.507122866818439
0.5071156698796426
0.5071084916646246
0.5071013321468337
0.5070941912996368
0.5070870690963181
0.5070799655100793
0.5070728805140402
0.5070658140812377
0.507058766184627
0.5070517367970799
0.5070447258913865
0.5070377334402538
0.5070307594163072
0.5070238037920886
0.5070168665400575
0.5070099476325917
0.5070030470419851
0.5069961647404502
0.5069893007001159
0.5069824548930292
0.5069756272911541
0.5069688178663718
0.5069620265904808
0.5069552534351971
0.5069484983721542
0.5069417613729021
0.506935042408909
0.5069283414515591
0.506921658472155
0.5069149934419157
0.5069083463319779
0.506901717113395
0.506895105757138
0.5068885122340947
0.5068819365150702
0.5068753785707867
0.5068688383718835
0.5068623158889168
0.5068558110923601
0.5068493239526042
0.5068428544399565
0.5068364025246418
0.5068299681768017
0.5068235513664949
0.5068171520636975
0.5068107702383021
0.5068044058601185
0.5067980588988739
0.5067917293242119
0.5067854171056936
0.506779122212797
0.5067728446149165
0.5067665842813647
0.50676034118137
0.5067541152840787
0.5067479065585533
0.506741714973774
0.5067355404986373
0.5067293831019577
0.5067232427524656
0.5067171194188088
0.5067110130695525
0.5067049236731783
0.5066988511980852
0.5066927956125887
0.5066867568849223
0.5066807349832352
0.5066747298755944
0.506668741529984
0.5066627699143049
0.506656814996375
0.5066508767439292
0.5066449551246194
0.5066390501060151
0.5066331616556021
0.5066272897407836
0.5066214343288802
0.5066155953871289
0.5066097728826844
0.5066039667826184
0.5065981770539193
0.5065924036634931
0.506586646578163
0.5065809057646691
0.5065751811896685
0.5065694728197361
0.5065637806213634
0.5065581045609594
0.5065524446048505
0.5065468007192802
0.5065411728704091
0.5065355610243152
0.5065299651469942
0.5065243852043585
0.5065188211622386
0.5065132729863816
0.5065077406424523
0.5065022240960333
0.5064967233126242
0.5064912382576423
0.5064857688964222
0.5064803151942159
0.5064748771161938
0.5064694546274428
0.5064640476929678
0.5064586562776917
0.5064532803464548
0.5064479198640146
0.5064425747950471
0.5064372451041458
0.5064319307558216
0.506426631714504
0.5064213479445392
0.5064160794101925
0.5064108260756466
0.5064055879050017
0.5064003648622767
0.5063951569114082
0.5063899640162509
0.5063847861405779
0.5063796232480797
0.5063744753023659
0.5063693422669634
0.5063642241053183
0.5063591207807945
0.5063540322566739
0.5063489584961576
0.5063438994623645
0.5063388551183325
0.5063338254270175
0.5063288103512945
0.5063238098539568
0.5063188238977163
0.5063138524452041
0.5063088954589694
0.506303952901481
0.5062990247351257
0.5062941109222102
0.5062892114249595
0.5062843262055179
0.5062794552259487
0.5062745984482345
0.506269755834277
0.5062649273458972
0.5062601129448355
0.5062553125927518
0.5062505262512248
0.5062457538817537
0.5062409954457567
0.5062362509045715
0.506231520219456
0.5062268033515877
0.5062221002620635
0.5062174109119011
0.5062127352620371
0.5062080732733291
0.5062034249065542
0.5061987901224101
0.5061941688815146
0.5061895611444055
0.5061849668715416
0.506180386023302
0.5061758185599858
0.5061712644418135
0.5061667236289259
0.506162196081385
0.5061576817591731
0.5061531806221937
0.5061486926302715
0.5061442177431522
0.5061397559205026
0.506135307121911
0.5061308713068868
0.506126448434861
0.5061220384651863
0.5061176413571368
0.5061132570699085
0.5061088855626189
0.5061045267943081
0.5061001807239374
0.5060958473103905
0.5060915265124736
0.5060872182889147
0.5060829225983645
0.506078639399396
0.5060743686505051
0.50607011031011
0.5060658643365517
0.5060616306880943
0.5060574093229249
0.5060532001991533
0.5060490032748134
0.5060448185078612
0.5060406458561767
0.5060364852775637
0.5060323367297492
0.5060282001703843
0.5060240755570433
0.5060199628472252
0.5060158619983526
0.5060117729677724
0.5060076957127562
0.5060036301904993
0.505999576358122
0.5059955341726695
0.505991503591111
0.505987484570341
0.5059834770671796
0.5059794810383709
0.5059754964405854
0.505971523230418
0.50596756136439
0.5059636107989476
0.5059596714904635
0.5059557433952354
0.5059518264694881
0.5059479206693714
0.5059440259509627
0.5059401422702645
0.5059362695832068
0.5059324078456461
0.5059285570133656
0.5059247170420753
0.5059208878874129
0.5059170695049426
0.5059132618501565
0.5059094648784745
0.5059056785452434
0.5059019028057382
0.5058981376151622
0.5058943829286464
0.50589063870125
0.505886904887961
0.5058831814436955
0.505879468323299
0.5058757654815449
0.5058720728731365
0.5058683904527057
0.5058647181748143
0.5058610559939526
0.5058574038645416
0.5058537617409313
0.5058501295774023
0.5058465073281647
0.5058428949473593
0.5058392923890572
0.5058356996072597
0.5058321165558999
0.5058285431888405
0.5058249794598761
0.5058214253227329
0.5058178807310669
0.5058143456384678
0.5058108199984556
0.5058073037644825
0.5058037968899334
0.5058002993281245
0.5057968110323054
0.5057933319556576
0.5057898620512955
0.505786401272267
0.5057829495715526
0.5057795069020662
0.5057760732166554
0.5057726484681012
0.5057692326091188
0.5057658255923568
0.505762427370399
0.5057590378957628
0.5057556571209002
0.5057522849981986
0.5057489214799797
0.5057455665185007
0.5057422200659539
0.5057388820744675
0.5057355524961047
0.5057322312828653
0.5057289183866849
0.5057256137594351
0.5057223173529245
0.505719029118898
0.5057157490090377
0.505712476974962
0.5057092129682272
0.5057059569403269
0.5057027088426924
0.5056994686266923
0.505696236243634
0.5056930116447625
0.5056897947812616
0.5056865856042535
0.5056833840647993
0.5056801901138992
0.5056770037024924
0.5056738247814578
0.5056706533016135
0.5056674892137182
0.5056643324684696
0.5056611830165066
0.5056580408084077
0.5056549057946931
0.5056517779258226
0.5056486571521982
0.5056455434241622
0.505642436691999
0.5056393369059349
0.5056362440161373
0.5056331579727162
0.5056300787257239
0.5056270062251551
0.5056239404209473
0.5056208812629809
0.5056178287010796
0.5056147826850105
0.5056117431644838
0.5056087100891541
0.5056056834086197
0.5056026630724231
0.5055996490300516
0.5055966412309365
0.5055936396244544
0.5055906441599272
0.5055876547866215
0.5055846714537497
0.5055816941104704
0.505578722705887
0.5055757571890503
0.5055727975089567
0.5055698436145495
0.5055668954547186
0.505563952978301
0.5055610161340811
0.505558084870791
0.5055551591371096
0.5055522388816645
0.505549324053031
0.505546414599733
0.5055435104702428
0.5055406116129817
0.5055377179763194
0.5055348295085752
0.5055319461580183
0.5055290678728666
0.5055261946012886
0.5055233262914023
0.5055204628912764
0.5055176043489302
0.5055147506123332
0.5055119016294064
0.5055090573480218
0.5055062177160026
0.5055033826811235
0.5055005521911119
0.505497726193646
0.5054949046363572
0.5054920874668286
0.5054892746325969
0.5054864660811509
0.505483661759933
0.5054808616163384
0.5054780655977166
0.5054752736513702
0.5054724857245562
0.5054697017644859
0.5054669217183241
0.5054641455331913
0.5054613731561624
0.5054586045342673
0.505455839614491
0.5054530783437745
0.505450320669014
0.5054475665370619
0.5054448158947263
0.5054420686887723
0.5054393248659205
0.5054365843728493
0.5054338471561937
0.5054311131625452
0.5054283823384534
0.5054256546304254
0.5054229299849259
0.5054202083483772
0.5054174896671604
0.5054147738876148
0.5054120609560381
0.505409350818687
0.5054066434217769
0.5054039387114825
0.5054012366339382
0.5053985371352376
0.5053958401614342
0.5053931456585417
0.5053904535725335
0.5053877638493437
0.5053850764348669
0.5053823912749583
0.5053797083154346
0.5053770275020729
0.505374348780612
0.5053716720967526
0.5053689973961559
0.5053663246244466
0.5053636537272103
0.5053609846499951
0.5053583173383122
0.5053556517376345
0.5053529877933983
0.5053503254510029
0.5053476646558104
0.5053450053531464
0.5053423474883003
0.505339691006525
0.5053370358530372
0.5053343819730179
0.505331729311612
0.5053290778139289
0.5053264274250429
0.5053237780899924
0.5053211297537814
0.5053184823613783
0.5053158358577172
0.5053131901876974
0.5053105452961839
0.5053079011280069
0.5053052576279631
0.505302614740815
0.5052999724112908
0.505297330584086
0.5052946892038617
0.5052920482152458
0.5052894075628334
0.505286767191186
0.5052841270448326
0.5052814870682691
0.5052788472059586
0.5052762074023323
0.5052735676017883
0.505270927748693
0.5052682877873803
0.5052656476621524
0.5052630073172798
0.5052603666970005
0.505257725745522
0.505255084407019
0.5052524426256365
0.5052498003454866
0.5052471575106517
0.5052445140651823
0.5052418699530982
0.5052392251183888
0.5052365795050123
0.5052339330568969
0.5052312857179397
0.5052286374320084
0.5052259881429394
0.50522333779454
0.5052206863305864
0.5052180336948258
0.5052153798309751
0.5052127246827213
0.5052100681937219
0.5052074103076052
0.5052047509679692
0.5052020901183834
0.5051994277023872
0.5051967636634911
0.5051940979451762
0.5051914304908949
0.50518876124407
0.5051860901480958
0.5051834171463377
0.5051807421821316
0.5051780651987854
0.5051753861395778
0.5051727049477592
0.505170021566551
0.5051673359391462
0.5051646480087091
0.5051619577183761
0.5051592650112543
0.5051565698304232
0.5051538721189335
0.5051511718198077
0.5051484688760399
0.5051457632305962
0.5051430548264142
0.5051403436064034
0.5051376295134451
0.5051349124903924
0.5051321924800705
0.505129469425276
0.5051267432687775
0.505124013953316
0.5051212814216036
0.5051185456163247
0.5051158064801355
0.5051130639556645
0.505110317985511
0.5051075685122474
0.5051048154784168
0.5051020588265351
0.5050992984990897
0.5050965344385393
0.5050937665873151
0.5050909948878193
0.5050882192824265
0.5050854397134827
0.505082656123305
0.5050798684541831
0.5050770766483775
0.5050742806481205
0.5050714803956156
0.5050686758330379
0.5050658669025341
0.5050630535462213
0.505060235706189
0.5050574133244969
0.5050545863431762
0.5050517547042291
0.5050489183496285
0.5050460772213187
0.505043231261214
0.5050403804112
0.5050375246131328
0.5050346638088385
0.5050317979401144
0.5050289269487276
0.5050260507764153
0.5050231693648854
0.5050202826558152
0.5050173905908522
0.5050144931116135
0.5050115901596861
0.505008681676626
0.5050057676039592
0.5050028478831806
0.5049999224557543
0.5049969912631134
0.5049940542466601
0.5049911113477648
0.5049881625077668
0.504985207667974
0.5049822467696621
0.5049792797540751
0.504976306562425
0.5049733271358915
0.5049703414156218
0.5049673493427309
0.5049643508583006
0.50496134590338
0.504958334418985
0.5049553163460981
0.5049522916256687
0.5049492601986122
0.50494622200581
0.5049431769881098
0.5049401250863244
0.5049370662412327
0.5049340003935785
0.504930927484071
0.5049278474533838
0.5049247602421555
0.5049216657909886
0.5049185640404504
0.5049154549310716
0.5049123384033467
0.5049092143977336
0.5049060828546537
0.5049029437144907
0.5048997969175917
0.5048966424042656
0.5048934801147836
0.5048903099893789
0.5048871319682461
0.5048839459915415
0.5048807519993821
0.5048775499318456
0.5048743397289708
0.5048711213307557
0.5048678946771588
0.504864659708098
0.5048614163634508
0.5048581645830533
0.5048549043067004
0.5048516354741451
0.5048483580250991
0.5048450718992309
0.5048417770361671
0.5048384733754908
0.5048351608567421
0.5048318394194174
0.5048285090029692
0.5048251695468056
0.5048218209902899
0.5048184632727406
0.5048150963334302
0.5048117201115865
0.5048083345463901
0.5048049395769756
0.5048015351424308
0.5047981211817958
0.5047946976340635
0.5047912644381786
0.5047878215330371
0.5047843688574865
0.504780906350325
0.504777433950301
0.5047739515961128
0.5047704592264086
0.5047669567797854
0.5047634441947887
0.5047599214099129
0.5047563883635994
0.5047528449942378
0.5047492912401639
0.5047457270396605
0.5047421523309565
0.5047385670522256
0.5047349711415882
0.5047313645371077
0.5047277471767929
0.5047241189985957
0.5047204799404115
0.5047168299400786
0.5047131689353774
0.5047094968640304
0.504705813663701
0.5047021192719942
0.5046984136264544
0.5046946966645665
0.5046909683237545
0.5046872285413813
0.5046834772547479
0.5046797144010936
0.5046759399175943
0.5046721537413633
0.5046683558094494
0.5046645460588376
0.5046607244264478
0.5046568908491345
0.504653045263686
0.5046491876068249
0.5046453178152055
0.5046414358254154
0.5046375415739737
0.5046336349973303
0.5046297160318665
0.5046257846138931
0.5046218406796504
0.504617884165308
0.5046139150069631
0.5046099331406413
0.5046059385022948
0.5046019310278027
0.5045979106529698
0.5045938773135258
0.5045898309451256
0.5045857714833478
0.5045816988636946
0.5045776130215909
0.5045735138923836
0.5045694014113413
0.5045652755136533
0.5045611361344291
0.504556983208698
0.5045528166714079
0.5045486364574252
0.5045444425015337
0.504540234738434
0.5045360131027432
0.5045317775289941
0.5045275279516338
0.504523264305024
0.50451898652344
0.5045146945410695
0.5045103882920127
0.5045060677102811
0.5045017327297969
0.5044973832843923
0.5044930193078089
0.5044886407336966
0.5044842474956132
0.5044798395270238
0.5044754167613
0.5044709791317188
0.5044665265714621
0.5044620590136162
0.5044575763911707
0.5044530786370179
0.5044485656839519
0.5044440374646683
0.5044394939117626
0.5044349349577305
0.5044303605349665
0.5044257705757627
0.5044211650123087
0.5044165437766912
0.5044119068008921
0.5044072540167883
0.5044025853561508
0.5043979007506446
0.5043932001318264
0.5043884834311452
0.5043837505799408
0.5043790015094431
0.5043742361507713
0.5043694544349335
0.504364656292825
0.5043598416552278
0.5043550104528107
0.5043501626161268
0.5043452980756141
0.5043404167615939
0.5043355186042704
0.5043306035337287
0.5043256714799362
0.5043207223727393
0.5043157561418641
0.5043107727169148
0.5043057720273734
0.5043007540025983
0.5042957185718236
0.5042906656641584
0.5042855952085854
0.5042805071339608
0.5042754013690127
0.5042702778423408
0.5042651364824148
0.5042599772175739
0.5042547999760265
0.5042496046858477
0.5042443912749802
0.5042391596712318
0.5042339098022759
0.5042286415956494
0.5042233549787526
0.5042180498788474
0.5042127262230577
0.5042073839383672
0.5042020229516183
0.5041966431895131
0.5041912445786101
0.5041858270453246
0.5041803905159276
0.5041749349165442
0.5041694601731534
0.5041639662115869
0.5041584529575278
0.5041529203365104
0.504147368273918
0.5041417966949832
0.504136205524786
0.5041305946882533
0.504124964110158
0.5041193137151175
0.5041136434275933
0.5041079531718895
0.5041022428721519
0.5040965124523672
0.5040907618363624
0.5040849909478022
0.5040791997101901
0.5040733880468662
0.5040675558810057
0.5040617031356192
0.5040558297335507
0.5040499355974768
0.5040440206499064
0.5040380848131778
0.5040321280094603
0.5040261501607508
0.5040201511888737
0.5040141310154803
0.5040080895620471
0.5040020267498753
0.5039959425000884
0.5039898367336335
0.5039837093712781
0.5039775603336102
0.5039713895410364
0.5039651969137816
0.5039589823718881
0.5039527458352133
0.5039464872234299
0.5039402064560244
0.5039339034522956
0.5039275781313541
0.5039212304121209
0.5039148602133268
0.5039084674535101
0.5039020520510175
0.5038956139240006
0.503889152990417
0.5038826691680283
0.5038761623743977
0.5038696325268919
0.5038630795426772
0.5038565033387195
0.5038499038317835
0.5038432809384312
0.5038366345750206
0.5038299646577049
0.5038232711024314
0.5038165538249403
0.5038098127407635
0.5038030477652237
0.5037962588134329
0.5037894458002916
0.5037826086404873
0.5037757472484946
0.5037688615385719
0.5037619514247624
0.5037550168208915
0.5037480576405666
0.5037410737971751
0.5037340652038845
0.5037270317736398
0.5037199734191633
0.5037128900529535
0.5037057815872832
0.5036986479341992
0.5036914890055205
0.5036843047128376
0.5036770949675113
0.5036698596806712
0.503662598763215
0.5036553121258068
0.5036479996788763
0.5036406613326182
0.5036332969969897
0.5036259065817104
0.5036184899962609
0.5036110471498816
0.5036035779515711
0.5035960823100858
0.5035885601339385
0.5035810113313965
0.5035734358104819
0.5035658334789685
0.5035582042443826
0.5035505480140007
0.5035428646948483
0.503535154193699
0.5035274164170733
0.503519651271238
0.5035118586622036
0.5035040384957247
0.5034961906772975
0.5034883151121592
0.5034804117052876
0.5034724803613985
0.5034645209849453
0.5034565334801177
0.5034485177508408
0.503440473700773
0.5034324012333061
0.5034243002515629
0.5034161706583973
0.5034080123563917
0.5033998252478569
0.5033916092348303
0.5033833642190751
0.5033750901020788
0.5033667867850524
0.503358454168929
0.5033500921543621
0.5033417006417256
0.5033332795311107
0.5033248287223279
0.5033163481149022
0.503307837608074
0.5032992971007977
0.50329072649174
0.5032821256792791
0.5032734945615034
0.5032648330362103
0.5032561410009048
0.5032474183527988
0.50323866498881
0.5032298808055593
0.5032210656993714
0.5032122195662729
0.5032033423019907
0.5031944338019514
0.50318549396128
0.5031765226747984
0.5031675198370246
0.5031584853421711
0.5031494190841441
0.5031403209565422
0.5031311908526551
0.5031220286654625
0.5031128342876325
0.5031036076115217
0.5030943485291722
0.503085056932312
0.5030757327123527
0.5030663757603888
0.5030569859671967
0.503047563223233
0.503038107418634
0.5030286184432136
0.503019096186463
0.5030095405375492
0.5029999513853132
0.5029903286182702
0.5029806721246068
0.5029709817921812
0.5029612575085214
0.5029514991608235
0.5029417066359516
0.502931879820436
0.5029220186004717
0.5029121228619183
0.5029021924902979
0.5028922273707938
0.5028822273882501
0.5028721924271701
0.5028621223717147
0.5028520171057026
0.5028418765126071
0.5028317004755568
0.5028214888773332
0.5028112416003705
0.5028009585267532
0.502790639538216
0.5027802845161422
0.5027698933415626
0.5027594658951545
0.5027490020572398
0.5027385017077852
0.5027279647263991
0.5027173909923328
0.502706780384477
0.502696132781362
0.5026854480611567
0.5026747261016665
0.5026639667803324
0.5026531699742308
0.5026423355600708
0.5026314634141941
0.5026205534125738
0.5026096054308121
0.5025986193441414
0.5025875950274208
0.5025765323551357
0.5025654312013974
0.5025542914399412
0.5025431129441251
0.5025318955869297
0.5025206392409552
0.5025093437784225
0.5024980090711699
0.5024866349906533
0.5024752214079445
0.5024637681937307
0.502452275218312
0.5024407423516017
0.5024291694631242
0.5024175564220144
0.5024059030970159
0.5023942093564807
0.5023824750683671
0.5023707001002393
0.5023588843192659
0.5023470275922189
0.5023351297854723
0.502323190765001
0.5023112103963799
0.5022991885447824
0.5022871250749797
0.5022750198513389
0.5022628727378226
0.5022506835979873
0.5022384522949822
0.5022261786915485
0.5022138626500176
0.5022015040323108
0.5021891026999371
0.5021766585139925
0.5021641713351592
0.5021516410237037
0.5021390674394767
0.5021264504419104
0.5021137898900189
0.5021010856423961
0.5020883375572146
0.5020755454922246
0.5020627093047534
0.502049828851703
0.5020369039895497
0.5020239345743429
0.5020109204617039
0.5019978615068241
0.5019847575644651
0.5019716084889558
0.5019584141341931
0.5019451743536392
0.5019318890003207
0.5019185579268286
0.5019051809853152
0.5018917580274947
0.5018782889046403
0.5018647734675848
0.5018512115667179
0.5018376030519857
0.5018239477728892
0.5018102455784836
0.5017964963173764
0.5017826998377266
0.5017688559872433
0.5017549646131846
0.5017410255623564
0.5017270386811112
0.5017130038153463
0.5016989208105035
0.5016847895115669
0.5016706097630625
0.5016563814090564
0.5016421042931536
0.501627778258497
0.5016134031477659
0.5015989788031752
0.5015845050664727
0.5015699817789401
0.5015554087813898
0.5015407859141641
0.5015261130171347
0.5015113899297001
0.5014966164907859
0.5014817925388415
0.5014669179118406
0.5014519924472787
0.5014370159821728
0.5014219883530588
0.5014069093959913
0.5013917789465414
0.5013765968397962
0.5013613629103565
0.5013460769923364
0.5013307389193613
0.5013153485245659
0.5012999056405947
0.501284410099599
0.5012688617332359
0.5012532603726669
0.501237605848557
0.5012218979910722
0.5012061366298789
0.5011903215941426
0.5011744527125256
0.5011585298131862
0.5011425527237774
0.5011265212714444
0.5011104352828245
0.5010942945840442
0.5010780990007192
0.5010618483579511
0.501045542480328
0.501029181191921
0.5010127643162832
0.5009962916764493
0.5009797630949328
0.5009631783937243
0.500946537394291
0.5009298399175742
0.5009130857839879
0.5008962748134173
0.500879406825217
0.5008624816382097
0.5008454990706839
0.5008284589403929
0.5008113610645527
0.5007942052598405
0.5007769913423928
0.5007597191278041
0.500742388431124
0.5007249990668573
0.5007075508489606
0.5006900435908415
0.5006724771053558
0.5006548512048073
0.5006371657009441
0.5006194204049581
0.5006016151274829
0.500583749678591
0.5005658238677932
0.5005478375040362
0.5005297903957002
0.5005116823505977
0.5004935131759711
0.500475282678491
0.5004569906642533
0.5004386369387792
0.5004202213070109
0.5004017435733111
0.5003832035414603
0.5003646010146542
0.5003459357955035
0.5003272076860297
0.5003084164876636
0.5002895620012439
0.5002706440270142
0.5002516623646206
0.500232616813111
0.5002135071709306
0.500194333235922
0.5001750948053203
0.5001557916757535
0.5001364236432386
0.5001169905031795
0.5000974920503644
0.5000779280789639
0.5000582983825291
0.5000386027539875
0.5000188409856419
0.49999901286916754
0.4999791181956096
0.49995915675538066
0.4999391283382579
0.499919032733381
0.4998988697292494
0.4998786391137191
0.4998583406740008
0.49983797419665676
0.4998175394675983
0.49979703627208294
0.4997764643947113
0.4997558236194253
0.4997351137295045
0.499714334507563
0.4996934857355476
0.4996725671947343
0.499651578665725
0.4996305199284452
0.49960939076214106
0.49958819094537543
0.4995669202560261
0.49954557847128167
0.49952416536763916
0.4995026807209001
0.49948112430616837
0.499459495897846
0.4994377952696307
0.4994160221945121
0.499394176444769
0.49937225779196515
0.49935026600694676
0.49932820085983876
0.49930606212004136
0.4992838495562266
0.4992615629363347
0.49923920202757105
0.49921676659640196
0.4991942564085518
0.49917167122899847
0.4991490108219706
0.4991262749509434
0.4991034633786346
0.49908057586700183
0.4990576121772372
0.499034572069765
0.49901145530423674
0.4989882616395275
0.49896499083373214
0.4989416426441614
0.4989182168273374
0.49889471313898975
0.49887113133405203
0.4988474711666564
0.49882373239013056
0.4987999147569929
0.4987760180189486
0.49875204192688455
0.4987279862308662
0.49870385068013195
0.4986796350230897
0.4986553390073112
0.4986309623795291
0.4986065048856309
0.4985819662706553
0.49855734627878673
0.49853264465335156
0.49850786113681267
0.498482995470765
0.4984580473959305
0.4984330166521534
0.4984079029783955
0.4983827061127306
0.49835742579233994
0.49833206175350714
0.4983066137316131
0.4982810814611304
0.4982554646756187
0.49822976310771955
0.49820397648915027
0.4981781045506992
0.49815214702222066
0.49812610363262877
0.4980999741098923
0.49807375818102956
0.4980474555721016
0.4980210660082085
0.4979945892134817
0.4979680249110794
0.4979413728231806
0.49791463267097913
0.49788780417467793
0.49786088705348314
0.49783388102559745
0.49780678580821536
0.497779601117516
0.49775232666865754
0.4977249621757703
0.4976975073519519
0.4976699619092592
0.4976423255587036
0.4976145980102432
0.4975867789727779
0.4975588681541409
0.49753086526109447
0.4975027699993214
0.4974745820734189
0.4974463011868927
0.4974179270421494
0.4973894593404897
0.4973608977821016
0.49733224206605364
0.4973034918902881
0.49727464695161294
0.49724570694569614
0.4972166715670572
0.49718754050906044
0.49715831346390826
0.49712899012263323
0.4970995701750902
0.4970700533099499
0.49704043921469104
0.4970107275755922
0.49698091807772515
0.49695101040494605
0.49692100423988905
0.496890899263957
0.4968606951573153
0.4968303915988818
0.49679998826632105
0.49676948483603506
0.49673888098315505
0.496708176381534
0.49667737070373763
0.49664646362103737
0.4966154548034005
0.49658434391948253
0.4965531306366194
0.49652181462081724
0.4964903955367456
0.4964588730477276
0.4964272468157318
0.4963955165013633
0.4963636817638547
0.49633174226105753
0.49629969764943355
0.49626754758404484
0.49623529171854536
0.496202929705172
0.496170461194735
0.4961378858366085
0.4961052032787221
0.49607241316755085
0.4960395151481052
0.4960065088639226
0.495973393957058
0.49594017006807284
0.495906836836027
0.49587339389846774
0.4958398408914207
0.49580617744937966
0.4957724032052967
0.49573851779057226
0.4957045208350451
0.4956704119669818
0.4956361908130668
0.49560185699839265
0.49556741014644856
0.4955328498791112
0.4954981758166335
0.49546338757763436
0.49542848477908796
0.4953934670363136
0.4953583339629645
0.49532308517101686
0.4952877202707598
0.4952522388707838
0.49521664057797005
0.49518092499747945
0.4951450917327411
0.49510914038544207
0.49507307055551525
0.49503688184112826
0.49500057383867274
0.49496414614275286
0.49492759834617284
0.4948909300399265
0.494854140813185
0.4948172302532862
0.4947801979457218
0.49474304347412634
0.49470576642026465
0.4946683663640209
0.49463084288338593
0.4945931955544452
0.49455542395136787
0.49451752764639295
0.49447950620981795
0.4944413592099872
0.49440308621327855
0.4943646867840909
0.49432616048483347
0.49428750687591083
0.4942487255157123
0.4942098159605983
0.49417077776488827
0.4941316104808474
0.4940923136586736
0.4940528868464864
0.49401332959031147
0.49397364143406974
0.49393382191956275
0.49389387058646145
0.49385378697229065
0.4938135706124184
0.49377322104004046
0.4937327377861682
0.4936921203796155
0.493651368346984
0.4936104812126511
0.49356945849875533
0.4935282997251829
0.49348700440955495
0.4934455720672125
0.49340400221120373
0.4933622943522695
0.4933204479988301
0.49327846265697056
0.49323633783042753
0.493194073020574
0.493151667726407
0.49310912144453184
0.4930664336691486
0.493023603892038
0.49298063160254696
0.49293751628757354
0.4928942574315547
0.49285085451644906
0.49280730702172404
0.49276361442434163
0.49271977619874274
0.49267579181683335
0.49263166074796905
0.49258738245894135
0.49254295641396173
0.4924983820746483
0.49245365890000925
0.49240878634642926
0.4923637638676543
0.49231859091477603
0.4922732669362173
0.4922277913777169
0.4921821636823148
0.49213638329033615
0.4920904496393775
0.4920443621642901
0.49199812029716494
0.49195172346731864
0.49190517110127696
0.49185846262275934
0.491811597452664
0.4917645750090525
0.49171739470713394
0.49167005595925
0.49162255817485845
0.4915749007605186
0.49152708311987486
0.4914791046536418
0.49143096475958814
0.49138266283252086
0.49133419826427005
0.49128557044367255
0.4912367787565567
0.4911878225857261
0.4911387013109441
0.4910894143089184
0.49103996095328367
0.49099034061458746
0.4909405526602733
0.49089059645466493
0.4908404713589507
0.49079017673116704
0.4907397119261831
0.49068907629568426
0.49063826918815684
0.49058728994887113
0.4905361379198662
0.4904848124399334
0.4904333128446009
0.49038163846611693
0.49032978863343407
0.49027776267219336
0.4902255599047081
0.490173179649948
0.49012062122352223
0.49006788393766515
0.49001496710121833
0.489961870019616
0.4899085919948678
0.4898551323255439
0.4898014903067579
0.4897476652301521
0.4896936563838796
0.4896394630525905
0.4895850845174147
0.48953052005594533
0.48947576894222433
0.4894208304467256
0.48936570383633937
0.48931038837435564
0.48925488332044953
0.4891991879306648
0.4891433014573975
0.4890872231493812
0.4890309522516706
0.4889744880056258
0.48891782964889724
0.48886097641540904
0.4888039275353445
0.4887466822351296
0.48868923973741774
0.4886315992610747
0.4885737600211626
0.488515721228925
0.48845748209177076
0.4883990418132596
0.4883403995930868
0.48828155462706757
0.4882225061071214
0.4881632532212584
0.4881037951535638
0.4880441310841819
0.48798426018930235
0.4879241816411456
0.4878638946079468
0.48780339825394237
0.4877426917393547
0.48768177422037823
0.4876206448491641
0.4875593027738067
0.4874977471383294
0.4874359770826693
0.48737399174266416
0.4873117902500384
0.48724937173238836
0.48718673531316964
0.4871238801116823
0.48706080524305767
0.4869975098182452
0.486933992943999
0.48687025372286374
0.4868062912531629
0.48674210462898393
0.4866776929401672
0.48661305527229215
0.48654819070666405
0.4864830983203033
0.48641777718593127
0.48635222637195885
0.48628644494247397
0.4862204319572298
0.48615418647163305
0.4860877075367319
0.4860209941992046
0.48595404550134835
0.48588686048106733
0.4858194381718627
0.48575177760282084
0.4856838777986024
0.485615737779433
0.4855473565610913
0.48547873315490003
0.48540986656771545
0.4853407558019167
0.48527139985539813
0.4852017977215576
0.4851319483892888
0.4850618508429717
0.4849915040624635
0.4849209070230899
0.4848500586956373
0.4847789580463442
0.4847076040368928
0.48463599562440196
0.4845641317614193
0.484492011395914
0.4844196334712696
0.48434699692627675
0.48427410069512844
0.4842009437074114
0.48412752488810107
0.4840538431575562
0.4839798974315125
0.4839056866210779
0.4838312096327279
0.4837564653682992
0.48368145272498764
0.48360617059534206
0.4835306178672618
0.48345479342399245
0.48337869614412243
0.4833023249015811
0.48322567856563453
0.4831487560008844
0.48307155606726637
0.482994077620047
0.4829163195098236
0.48283828058252243
0.4827599596793988
0.4826813556370364
0.48260246728734735
0.48252329345757294
0.4824438329702839
0.4823640846433816
0.48228404729010055
0.482203719719009
0.48212310073401243
0.4820421891343549
0.48196098371462337
0.48187948326475116
0.4817976865700204
0.48171559241106865
0.4816331995638915
0.48155050679984923
0.481467512885672
0.48138421658346536
0.4813006166507173
0.4812167118403054
0.48113250090050375
0.48104798257499115
0.4809631556028594
0.48087801871862207
0.4807925706522236
0.4807068101290499
0.4806207358699378
0.480534346591186
0.4804476410045667
0.48036061781733774
0.48027327573225365
0.4801856134475802
0.4800976296571067
0.48000932305016025
0.4799206923116206
0.4798317361219345
0.47974245315713204
0.4796528420888426
0.4795629015843115
0.47947263030641746
0.479382026913691
0.4792910900603319
0.47919981839622966
0.4791082105669824
0.4790162652139176
0.47892398097411276
0.47883135648041775
0.4787383903614766
0.4786450812417502
0.4785514277415408
0.4784574284770149
0.47836308206023
0.4782683870991584
0.4781733421977145
0.47807794595578157
0.4779821969692394
0.47788609382999275
0.4777896351260006
0.47769281944130504
0.47759564535606336
0.47749811144657817
0.4774002162853298
0.4773019584410092
0.47720333647855095
0.4771043489591686
0.47700499444038813
0.47690527147608586
0.4768051786165227
0.4767047144083845
0.47660387739481724
0.4765026661154681
0.4764010791065246
0.4762991149007559
0.4761967720275529
0.47609404901297225
0.47599094437977896
0.47588745664748955
0.47578358433241896
0.4756793259477242
0.47557468000345215
0.47546964500658756
0.4753642194611002
0.475258401867995
0.47515219072536286
0.47504558452843054
0.47493858176961323
0.47483118093856824
0.47472338052224816
0.47461517900495553
0.4745065748684002
0.47439756659175364
0.4742881526517093
0.4741783315225395
0.47406810167615576
0.47395746158216967
0.4738464097079541
0.47373494451870635
0.47362306447751157
0.47351076804540676
0.47339805368144827
0.4732849198427761
0.4731713649846837
0.4730573875606857
0.4729429860225881
0.47282815882055834
0.47271290440319846
0.472597221217617
0.4724811077095033
0.47236456232320334
0.47224758350179463
0.47213016968716437
0.47201231932008725
0.4718940308403054
0.47177530268660856
0.47165613329691525
0.4715365211083562
0.47141646455735836
0.47129596207972874
0.47117501211074136
0.4710536130852242
0.4709317634376473
0.47080946160221215
0.4706867060129429
0.4705634951037774
0.4704398273086599
0.47031570106163534
0.47019111479694525
0.470066066949122
0.4699405559530882
0.46981458024425454
0.4696881382586191
0.46956122843286907
0.4694338492044823
0.4693059990118299
0.4691776762942824
0.4690488794923136
0.46891960704760777
0.46878985740316814
0.4686596290034247
0.4685289202943461
0.4683977297235493
0.46826605574041325
0.46813389679619244
0.4680012513441315
0.46786811783958127
0.46773449474011625
0.46760038050565295
0.4674657735985694
0.46733067248382576
0.4671950756290862
0.46705898150484243
0.46692238858453716
0.4667852953446897
0.46664770026502267
0.46650960182858936
0.4663709985219033
0.4662318888350659
0.466092271261901
0.46595214430008397
0.4658115064512764
0.46567035622126074
0.46552869212007486
0.4653865126621493
0.46524381636644535
0.46510060175659323
0.464956867361032
0.4648126117131514
0.46466783335143286
0.46452253081959305
0.46437670266672837
0.4642303474474602
0.4640834637220801
0.4639360500566987
0.463788105023393
0.463639627200356
0.46349061517204637
0.4633410675293412
0.4631909828696872
0.4630403597972535
0.4628891969230877
0.4627374928652689
0.4625852462490649
0.46243245570708935
0.4622791198794587
0.4621252374139516
0.4619708069661688
0.4618158271996927
0.46166029678624937
0.46150421440587064
0.4613475787470569
0.46119038850694033
0.46103264239145036
0.46087433911547854
0.4607154774030441
0.4605560559874611
0.4603960736115057
0.46023552902758447
0.46007442099790286
0.4599127482946347
0.45975050970009157
0.45958770400689497
0.45942433001814587
0.45926038654759704
0.45909587241982575
0.45893078647040564
0.4587651275460808
0.458598894504939
0.45843208621658593
0.4582647015623198
0.45809673943530593
0.45792819874075297
0.4577590783960873
0.4575893773311302
0.45741909448827306
0.45724822882265426
0.45707677930233587
0.4569047449084808
0.45673212463552915
0.45655891749137617
0.456385122497549
0.45621073868938433
0.456035765116206
0.4558602008415018
0.45568404494310194
0.45550729651335514
0.45532995465930676
0.45515201850287634
0.45497348718103325
0.45479435984597505
0.4546146356653038
0.45443431382220123
0.45425339351560623
0.45407187396039095
0.45388975438753465
0.4537070340442997
0.4535237121944067
0.4533397881182074
0.4531552611128598
0.4529701304924998
0.4527843955884155
0.452598055749217
0.45241111034101
0.4522235587475642
0.45203540037048495
0.4518466346293815
0.4516572609620357
0.45146727882456833
0.4512766876916073
0.4510854870564525
0.4508936764312401
0.45070125534710676
0.4505082233543518
0.45031458002259955
0.450120324940958
0.44992545771818027
0.44972997798282033
0.4495338853833918
0.44933717958852126
0.44913986028710384
0.44894192718845516
0.44874338002246306
0.4485442185397363
0.448344442511754
0.4481440517310117
0.4479430460111663
0.4477414251871795
0.44753918911545953
0.44733633767400116
0.44713287076252417
0.4469287883026082
0.4467240902378292
0.44651877653389105
0.44631284717875525
0.4461063021827712
0.44589914157880123
0.4456913654223454
0.4454829737916647
0.44527396678789977
0.4450643445351894
0.4448541071807861
0.4446432548951691
0.44443178787215554
0.44421970632900937
0.4440070105065458
0.4437937006692367
0.4435797771053111
0.4433652401268527
0.4431500900698968
0.442934327294523
0.4427179521849462
0.44250096514960324
0.44228336662123885
0.44206515705698707
0.44184633693845166
0.44162690677178085
0.4414068670877418
0.4411862184417905
0.44096496141413993
0.4407430966098232
0.44052062465875597
0.4402975462157933
0.4400738619607856
0.43984957259862995
0.43962467885931816
0.4393991814979825
0.4391730812949367
0.43894637905571543
0.43871907561110857
0.4384911718171934
0.4382626685553614
0.43803356673234556
0.4378038672802386
0.43757357115651263
0.4373426793440318
0.4371111928510636
0.4368791127112855
0.43664643998378727
0.4364131757530706
0.4361793211290459
0.43594487724702186
0.43570984526769596
0.43547422637713684
0.4352380217867658
0.43500123273333285
0.4347638604788897
0.43452590631075866
0.4342873715414963
0.434048257508857
0.43380856557574643
0.43356829713017747
0.43332745358521807
0.4330860363789356
0.43284404697433887
0.43260148685931443
0.4323583575465596
0.432114660573511
0.43187039750226985
0.4316255699195215
0.43138017943645335
0.4311342276886655
0.4308877163360808
0.4306406470628477
0.430393021577241
0.43014484161155697
0.429896108922006
0.42964682528859965
0.4293969925150338
0.429146612428569
0.4288956868799045
0.4286442177430497
0.4283922069151914
0.42813965631655604
0.4278865678902687
0.4276329436022068
0.4273787854408518
0.42712409541713414
0.42686887556427666
0.4266131279376311
0.4263568546145139
0.426100057694035
0.4258427392969233
0.42558490156535034
0.42532654666274633
0.4250676767736144
0.424808294103341
0.4245484008780015
0.4242879993441614
0.424027091768676
0.4237656804384824
0.4235037676603913
0.42324135576087274
0.4229784470858385
0.4227150440004215
0.4224511488887501
0.42218676415371903
0.4219218922167577
0.42165653551759397
0.4213906965140134
0.4211243776816166
0.4208575815135721
0.4205903105203652
0.42032256722954425
0.4200543541854633
0.4197856739490207
0.41951652909739456
0.4192469222237747
0.41897685593709266
0.41870633286174624
0.418435355637322
0.4181639269183147
0.4178920493738424
0.4176197256873618
0.41734695855637466
0.41707375069213715
0.41680010481936297
0.4165260236759239
0.4162515100125487
0.4159765665925172
0.41570119619135437
0.41542540159651864
0.41514918560708947
0.41487255103345255
0.4145955006969807
0.4143180374297144
0.4140401640740376
0.41376188348235354
0.4134831985167562
0.41320411204870067
0.41292462695867066
0.4126447461358447
0.41236447247775904
0.41208380888996954
0.4118027582857108
0.41152132358555393
0.4112395077170625
0.4109573136144462
0.4106747442182129
0.410391802474819
0.41010849133631877
0.40982481376001173
0.40954077270808764
0.40925637114727115
0.408971612048466
0.4086864983863947
0.40840103313924053
0.4081152192882866
0.40782905981755324
0.40754255771343567
0.40725571596434057
0.4069685375603203
0.40668102549270835
0.40639318275375186
0.406105012336245
0.40581651723316176
0.40552770043728587
0.4052385649408433
0.40494911373513315
0.4046593498101557
0.40436927615424473
0.40407889575369565
0.403788211592395
0.4034972266514502
0.40320594390881825
0.4029143663389343
0.40262249691234264
0.4023303385953235
0.402037894349525
0.40174516713159
0.40145215989278904
0.4011588755786482
0.4008653171285816
0.40057148747552124
0.40027738954554964
0.399983026257532
0.3996884005227495
0.3993935152445319
0.3990983733178935
0.3988029776291677
0.39850733105564384
0.39821143646520335
0.39791529671595943
0.3976189146558951
0.3973222931225044
0.3970254349424337
0.3967283429311245
0.3964310198924583
0.39613346861840115
0.3958356918886506
0.39553769247028486
0.3952394731174116
0.39494103657082075
0.39464238555763587
0.3943435227909704
0.39404445096958235
0.3937451727775344
0.3934456908838518
0.3931460079421859
0.3928461265904768
0.3925460494506191
0.39224577912812986
0.39194531821181755
0.39164466927345504
0.39134383486745106
0.39104281753052966
0.3907416197814051
0.3904402441204637
0.39013869302944654
0.3898369689711343
0.38953507438903445
0.3892330117070707
0.3889307833292769
0.3886283916394889
0.38832583900104367
0.3880231277564783
0.3877202602272323
0.387417238713352
0.3871140654931986
0.3868107428231574
0.3865072729373513
0.3862036580473562
0.3858999003419186
0.3855960019866764
0.3852919651238834
0.38498779187213583
0.38468348432610033
0.38437904455624855
0.3840744746085897
0.38376977650440974
0.3834649522400129
0.38316000378646425
0.38285493308933743
0.38254974206846376
0.38224443261768604
0.381939006604613
0.381633465870379
0.3813278122294059
0.38102204746916685
0.3807161733499561
0.38041019160465833
0.3801041039385236
0.3797979120289447
0.3794916175252365
0.3791852220484211
0.37887872719101223
0.37857213451680705
0.3782654455606773
0.37795866182836607
0.37765178479628725
0.3773448159113272
0.37703775659064975
0.3767306082215062
0.3764233721610456
0.37611604973613105
0.37580864224315624
0.37550115094786785
0.3751935770851896
0.37488592185904956
0.374578186442211
0.3742703719761067
0.37396247957067547
0.37365451030420205
0.37334646522316184
0.3730383453420657
0.3727301516433096
0.3724218850770297
0.37211354656095497
0.37180513698026885
0.37149665718746955
0.3711881080022359
0.37087949021129607
0.3705708045682983
0.37026205179368543
0.36995323257457324
0.36964434756462994
0.36933539738395993
0.36902638261899134
0.3687173038223649
0.3684081615128272
0.3680989561751257
0.36778968825990865
0.3674803581836251
0.3671709663284312
0.36686151304209647
0.36655199863791527
0.36624242339462015
0.36593278755629777
0.36562309133230864
0.365313334897209
0.36500351839067624
0.3646936419174361
0.3643837055471948
0.3640737093145711
0.36376365321903303
0.3634535372248385
0.3631433612609755
0.3628331252211076
0.3625228289635214
0.36221247231107734
0.361902055051162
0.36159157693564337
0.36128103768083053
0.36097043696743447
0.36065977444053055
0.3603490497095261
0.3600382623481296
0.3597274118943218
0.35941649785033003
0.359105519682605
0.35879447682180077
0.3584833686627567
0.35817219456448113
0.35786095385014005
0.3575496458070453
0.3572382696866476
0.35692682470453096
0.35661531004041
0.3563037248381295
0.35599206820566665
0.3556803392151346
0.35536853690279196
0.3550566602690493
0.3547447082784831
0.35443267985984894
0.3541205739060992
0.3538083892744008
0.3534961247861584
0.35318377922703614
0.3528713513469859
0.35255883986027436
0.35224624344551503
0.35193356074570087
0.35162079036824045
0.35130793088499473
0.35099498083231884
0.3506819387111042
0.35036880298682277
0.35005557208957555
0.34974224441414054
0.34942881832002637
0.34911529213152515
0.3488016641377698
0.3484879325927923
0.3481740957155856
0.3478601516901661
0.3475460986656399
0.3472319347562711
0.3469176580415516
0.3466032665662744
0.3462887583406083
0.3459741313401752
0.3456593835061299
0.3453445127452426
0.3450295169299822
0.3447143938986045
0.34439914145523987
0.344083757369986
0.3437682393790006
0.34345258518459854
0.3431367924553502
0.342820858826183
0.3425047818984844
0.3421885592402074
0.3418721883859808
0.34155566683721816
0.34123899206223257
0.3409221614963515
0.3406051725420366
0.3402880225690035
0.33997070891434605
0.33965322888266253
0.339335579746184
0.33901775874490636
0.3386997630867237
0.3383815899475663
0.33806323647153885
0.3377446997710628
0.3374259769270227
0.3371070649889129
0.33678796097498775
0.33646866187241636
0.33614916463743766
0.3358294661955209
0.33550956344152694
0.3351894532398738
0.334869132424705
0.33454859780006035
0.33422784614005085
0.33390687418903614
0.3335856786618044
0.3332642562437568
0.3329426035910952
0.3326207173310108
0.3322985940618793
0.33197623035345736
0.33165362274708365
0.3313307677558812
0.33100766186496683
0.3306843015316603
0.33036068318570033
0.3300368032294614
0.3297126580381771
0.3293882439601641
0.32906355731705317
0.32873859440402065
0.32841335149002715
0.3280878248180572
0.32776201060536597
0.32743590504372644
0.3271095042996836
0.3267828045148121
0.3264558018059768
0.32612849226559953
0.32580087196192853
0.3254729369393136
0.32514468321848433
0.32481610679683426
0.3244872036487083
0.3241579697256959
0.32382840095692794
0.3234984932493795
0.32316824248817566
0.322837644536904
0.3225066952379316
0.32217539041272514
0.32184372586217985
0.32151169736695007
0.32117930068778555
0.32084653156587567
0.3205133857231951
0.32017985886285877
0.3198459466694785
0.3195116448095273
0.31917694893171034
0.3188418546673384
0.318506357630709
0.3181704534194947
0.3178341376151329
0.31749740578322677
0.3171602534739483
0.3168226762224482
0.31648466954927446
0.3161462289607926
0.3158073499496168
0.3154680279950434
0.3151282585634934
0.3147880371089605
0.31444735907346527
0.3141062198875164
0.31376461497057867
0.3134225397315464
0.313079989569226
0.3127369598728227
0.3123934460224359
0.312049443389561
0.31170494733759746
0.3113599532223657
0.31101445639262826
0.31066845219062206
0.31032193595259266
0.3099749030093422
0.309627348686778
0.30927926830647406
0.3089306571862359
0.30858151064067557
0.3082318239817936
0.30788159251956637
0.3075308115625449
0.3071794764184573
0.3068275823948222
0.3064751247995674
0.30612209894165865
0.3057685001317335
0.30541432368274507
0.3050595649106128
0.30470421913488244
0.3043482816793903
0.30399174787294053
0.3036346130499858
0.3032768725513195
0.30291852172477285
0.3025595559259223
0.3021999705188043
0.3018397608766367
0.30147892238255153
0.3011174504303308
0.3007553404251564
0.3003925877843619
0.30002918793819716
0.2996651363305981
0.2993004284199665
0.29893505967995493
0.2985690256002628
0.2982023216874393
0.29783494346569245
0.2974668864777082
0.29709814628547665
0.2967287184711261
0.29635859863776437
0.2959877824103291
0.29561626543644354
0.29524404338728255
0.2948711119584435
0.29449746687082745
0.29412310387152524
0.29374801873471185
0.29337220726254876
0.29299566528609233
0.2926183886662096
0.29224037329450137
0.2918616150942324
0.2914821100212672
0.29110185406501393
0.2907208432493737
0.29033907363369765
0.28995654131374815
0.28957324242266935
0.28918917313196046
0.2888043296524576
0.2884187082353201
0.28803230517302153
0.28764511680034954
0.2872571394954067
0.28686836968062024
0.28647880382375374
0.28608843843892595
0.2856972700876327
0.2853052953797742
0.28491251097468623
0.2845189135821742
0.28412449996355293
0.2837292669326897
0.2833332113570488
0.2829363301587416
0.28253862031557764
0.28214007886211995
0.2817407028907421
0.28134048955268676
0.28093943605912763
0.28053753968223133
0.2801347977562227
0.27973120767844933
0.2793267669104483
0.27892147297901193
0.27851532347725594
0.27810831606568587
0.27770044847326314
0.2772917184984721
0.2768821240103842
0.2764716629497216
0.27606033332991986
0.2756481332381881
0.2752350608365656
0.2748211143629787
0.2744062921322918
0.2739905925373568
0.27357401405005854
0.2731565552223548
0.27273821468731496
0.2723189911601498
0.27189888343923996
0.2714778904071561
0.2710560110316744
0.27063324436678593
0.2702095895536982
0.2697850458218306
0.2693596124898012
0.2689332889664073
0.26850607475159566
0.26807796943742546
0.2676489727090209
0.267219084345516
0.2667883042209863
0.2663566323053734
0.2659240686653963
0.26549061346545233
0.26505626696850637
0.264621029536968
0.2641849016335543
0.2637478838221424
0.2633099767686061
0.26287118124164044
0.2624314981135696
0.2619909283611421
0.2615494730663093
0.2611071334169893
0.26066391070781314
0.2602198063408559
0.25977482182634987
0.25932895878338064
0.25888221894056423
0.2584346041367075
0.257986116321448
0.25753675755587657
0.2570865300131377
0.2566354359790119
0.2561834778524768
0.2557306581462466
0.25527697948729144
0.25482244461733394
0.254367056393324
0.2539108177878906
0.25345373188977105
0.25299580190421644
0.2525370311533737
0.25207742307664305
0.25161698123101084
0.25115570929135744
0.2506936110507414
0.25023069042065427
0.2497669514312541
0.24930239823156858
0.2488370350896734
0.24837086639284423
0.24790389664767887
0.24743613048019475
0.24696757263589642
0.24649822797981535
0.24602810149652113
0.24555719829010586
0.2450855235841348
0.24461308272157342
0.24413988116468005
0.2436659244948729
0.24319121841256383
0.24271576873696343
0.24223958140585636
0.24176266247534456
0.24128501811956152
0.24080665463035383
0.2403275784169338
0.23984779600549921
0.23936731403882336
0.23888613927581215
0.23840427859103153
0.23792173897420194
0.23743852752966216
0.2369546514758024
0.23647011814446325
0.23598493498030537
0.2354991095401473
0.23501264949227024
0.2345255626156934
0.2340378567994164
0.23354954004163037
0.23306062044889864
0.23257110623530536
0.2320810057215733
0.23159032733415064
0.23109907960426773
0.2306072711669604
0.23011491076006763
0.22962200722319398
0.22912856949664476
0.22863460662033072
0.22814012773264347
0.22764514206929995
0.22714965896216072
0.2266536878380162
0.22615723821734668
0.22566031971305367
0.2251629420291627
0.22466511495950015
0.2241668483863399
0.22366815227902806
0.22316903669257693
0.22266951176623484
0.2221695877220313
0.22166927486329532
0.22116858357314995
0.2206675243129842
0.2201661076208978
0.2196643441101271
0.21916224446744392
0.21865981945153581
0.2181570798913634
0.21765403668449623
0.21715070079542836
0.21664708325387488
0.21614319515304775
0.21563904764791414
0.21513465195343576
0.21463001934279152
0.21412516114558158
0.213620088746017
0.21311481358109335
0.2126093471387489
0.21210370095600722
0.21159788661710938
0.2110919157516299
0.2105858000325824
0.21007955117451277
0.20957318093158145
0.2090667010956354
0.20856012349427105
0.20805345998888822
0.2075467224727354
0.207039922868948
0.20653307312858038
0.20602618522863075
0.20551927117006258
0.20501234297581902
0.20450541268883668
0.20399849237005305
0.20349159409641437
0.20298472995887984
0.20247791206042665
0.20197115251405348
0.20146446344078545
0.20095785696768004
0.20045134522583513
0.19994494034839932
0.19943865446858755
0.1989324997176975
0.1984264882231342
0.1979206321064394
0.19741494348132488
0.1969094344517168
0.196404117109804
0.195899003534097
0.19539410578749478
0.19488943591536256
0.19438500594361752
0.1938808278768291
0.1933769136963271
0.19287327535832566
0.1923699247920567
0.1918668738979203
0.1913641345456459
0.19086171857247175
0.19035963778133602
0.18985790393908664
0.18935652877470663
0.18885552397755562
0.1883549011956302
0.18785467203384243
0.18735484805231545
0.18685544076469943
0.18635646163650685
0.18585792208346857
0.18535983346990836
0.18486220710714113
0.18436505425189081
0.18386838610473066
0.18337221380854524
0.18287654844701723
0.18238140104313394
0.18188678255772023
0.18139270388799367
0.1808991758661446
0.18040620925794
0.1799138147613526
0.17942200300521516
0.17893078454789973
0.1784401698760227
0.17795016940317637
0.1774607934686857
0.17697205233639143
0.17648395619346094
0.17599651514922499
0.17550973923404128
0.17502363839818574
0.17453822251077028
0.17405350135868908
0.1735694846455919
0.17308618199088402
0.17260360292875632
0.17212175690723944
0.17164065328729083
0.17116030134190574
0.1706807102552566
0.17020188912186293
0.16972384694578746
0.16924659263985906
0.1687701350249268
0.16829448282913917
0.1678196446872533
0.16734562913997042
0.1668724446333009
0.16640009951795406
0.16592860204876053
0.16545796038411686
0.16498818258546133
0.164519276616775
0.1640512503441121
0.16358411153515456
0.16311786785879603
0.16265252688475113
0.16218809608319268
0.16172458282441313
0.16126199437851446
0.16080033791512288
0.16033962050312905
0.15987984911045536
0.15942103060384544
0.15896317174868332
0.15850627920883306
0.15805035954650526
0.15759541922214756
0.15714146459435963
0.15668850191982964
0.15623653735329818
0.15578557694754064
0.15533562665337777
0.15488669231970392
0.1544387796935406
0.15399189442011135
0.15354604204293765
0.15310122800395715
0.15265745764366226
0.15221473620125975
0.15177306881485061
0.1513324605216301
0.15089291625810697
0.15045444086034282
0.15001703906421024
0.14958071550566893
0.14914547472106152
0.14871132114742508
0.1482782591228237
0.14784629288669454
0.14741542658021325
0.14698566424667525
0.1465570098318927
0.14612946718460812
0.14570304005692314
0.14527773210474196
0.1448535468882291
0.14443048787228419
0.1440085584270268
0.14358776182829833
0.14316810125817483
0.14274957980549424
0.1423322004663954
0.14191596614486976
0.14150087965332414
0.14108694371315642
0.14067416095534063
0.14026253392102478
0.13985206506213602
0.13944275674200057
0.13903461123596889
0.13862763073205273
0.13822181733157068
0.13781717304980215
0.1374136998166509
0.1370113994773145
0.13661027379296364
0.13621032444142778
0.1358115530178885
0.13541396103557818
0.13501754992648757
0.13462232104207747
0.13422827565399648
0.1338354149548063
0.13344374005870863
0.1330532520022808
0.13266395174521334
0.13227584017105332
0.13188891808795133
0.13150318622941232
0.13111864525504954
0.1307352957513423
0.13035313823239683
0.12997217314070914
0.12959240084793056
0.12921382165563605
0.12883643579609383
0.1284602434330367
0.1280852446624357
0.12771143951327318
0.12733882794831938
0.1269674098649067
0.12659718509570783
0.12622815340951182
0.12586031451200036
0.1254936680465259
0.12512821359488668
0.12476395067810372
0.1244008787571953
0.12403899723395193
0.12367830545170858
0.12331880269611756
0.12296048819591839
0.12260336112370655
0.12224742059670093
0.12189266567750792
0.12153909537488541
0.12118670864450218
0.12083550438969694
0.12048548146223265
0.12013663866305041
0.11978897474301903
0.11944248840368066
0.11909717829799593
0.11875304303108361
0.11841008116095701
0.11806829119925791
0.1177276716119869
0.11738822082022754
0.11704993720086945
0.11671281908732681
0.11637686477025144
0.11604207249824244
0.1157084404785523
0.115375966877788
0.11504464982260645
0.1147144874004082
0.1143854776600233
0.11405761861239522
0.11373090823125799
0.11340534445380948
0.1130809251813795
0.11275764828009335
0.11243551158152865
0.11211451288337004
0.11179464995005584
0.11147592051342052
0.1111583222733331
0.11084185289832743
0.11052651002623076
0.11021229126478335
0.10989919419225544
0.1095872163580567
0.10927635528334137
0.10896660846160743
0.10865797335929073
0.10835044741635229
0.10804402804686142
0.10773871263957216
0.10743449855849466
0.1071313831434606
0.10682936371068297
0.10652843755331039
0.10622860194197473
0.10592985412533479
0.10563219133061229
0.10533561076412397
0.10504010961180626
0.1047456850397352
0.10445233419464091
0.10416005420441482
0.10386884217861278
0.10357869520895255
0.10328961036980319
0.10300158471867196
0.10271461529668285
0.10242869912905145
0.10214383322555283
0.10186001458098343
0.1015772401756196
0.10129550697566791
0.10101481193371084
0.10073515198914737
0.10045652406862768
0.10017892508648153
0.0999023519451426
0.09962680153556593
0.09935227073764066
0.09907875642059766
0.09880625544341005
0.09853476465519043
0.0982642808955822
0.09799480099514385
0.09772632177573023
0.09745884005086766
0.09719235262612307
0.09692685629946926
0.09666234786164368
0.09639882409650333
0.09613628178137379
0.09587471768739286
0.09561412857985013
0.09535451121852118
0.09509586235799604
0.09483817874800408
0.09458145713373287
0.09432569425614297
0.09407088685227719
0.09381703165556594
0.09356412539612699
0.09331216480106097
0.09306114659474264
0.0928110674991065
0.09256192423392892
0.09231371351710449
0.09206643206491948
0.09182007659231958
0.09157464381317376
0.09133013044053351
0.09108653318688797
0.09084384876441501
0.09060207388522665
0.09036120526161329
0.09012123960628032
0.08988217363258229
0.08964400405475415
0.08940672758813574
0.08917034094939436
0.08893484085674297
0.08870022403015396
0.08846648719156987
0.08823362706510918
0.08800164037726907
0.08777052385712508
0.08754027423652545
0.08731088825028287
0.08708236263636253
0.08685469413606686
0.08662787949421541
0.08640191545932314
0.08617679878377375
0.08595252622399047
0.08572909454060326
0.0855065004986118
0.08528474086754699
0.0850638124216278
0.08484371193991527
0.08462443620646336
0.08440598201046687
0.08418834614640608
0.08397152541418804
0.08375551661928568
0.08354031657287313
0.08332592209195858
0.08311232999951379
0.08289953712460124
0.08268754030249847
0.0824763363748191
0.08226592218963134
0.08205629460157438
0.08184745047197116
0.08163938666893888
0.08143210006749765
0.08122558754967507
0.08101984600460971
0.08081487232865117
0.08061066342545828
0.08040721620609428
0.08020452758912044
0.08000259450068639
0.07980141387461864
0.079600982652507
0.07940129778378807
0.0792023562258276
0.07900415494399919
0.07880669091176207
0.07860996111073641
0.07841396253077614
0.07821869217004003
0.07802414703506108
0.07783032414081333
0.07763722051077646
0.07744483317699974
0.0772531591801629
0.07706219556963513
0.07687193940353279
0.07668238774877523
0.07649353768113852
0.07630538628530761
0.0761179306549263
0.07593116789264658
0.07574509511017498
0.07555970942831808
0.0753750079770264
0.07519098789543609
0.07500764633190968
0.07482498044407529
0.07464298739886328
0.07446166437254292
0.07428100855075664
0.0741010171285526
0.07392168731041707
0.07374301631030383
0.07356500135166341
0.07338763966747057
0.0732109285002501
0.07303486510210158
0.0728594467347235
0.07268467066943496
0.07251053418719702
0.07233703457863197
0.07216416914404233
0.07199193519342859
0.07182033004650477
0.0716493510327142
0.0714789954912429
0.07130926077103311
0.07114014423079457
0.07097164323901604
0.0708037551739744
0.07063647742374353
0.07046980738620243
0.07030374246904167
0.07013828008976931
0.0699734176757155
0.06980915266403695
0.06964548250171948
0.06948240464558061
0.06931991656227036
0.06915801572827213
0.06899669962990194
0.06883596576330761
0.0686758116344662
0.06851623475918144
0.06835723266308034
0.06819880288160868
0.06804094296002561
0.06788365045339824
0.06772692292659514
0.06757075795427853
0.06741515312089696
0.06726010602067663
0.06710561425761194
0.06695167544545567
0.06679828720770845
0.06664544717760769
0.06649315299811609
0.06634140232190888
0.0661901928113611
0.06603952213853422
0.06588938798516238
0.06573978804263723
0.06559072001199343
0.06544218160389292
0.06529417053860853
0.06514668454600792
0.06499972136553608
0.06485327874619834
0.06470735444654183
0.06456194623463743
0.06441705188806053
0.06427266919387242
0.06412879594860003
0.06398542995821584
0.06384256903811791
0.06370021101310823
0.06355835371737205
0.06341699499445647
0.06327613269724755
0.06313576468794865
0.06299588883805791
0.06285650302834488
0.06271760514882722
0.06257919309874743
0.062441264786548524
0.06230381812985028
0.06216685105542392
0.06203036149916849
0.061894347406084876
0.06175880673025096
0.061623737434795586
0.06148913749187351
0.06135500488263856
0.06122133759721779
0.061088133634684925
0.06095539100303335
0.06082310771914973
0.06069128180878629
0.060559911306533556
0.06042899425579341
0.06029852870875056
0.060168512726344964
0.060038944378244
0.05990982174281398
0.05978114290709144
0.05965290596675549
0.05952510902609807
0.059397750197995786
0.059270827603880596
0.05914433937371119
0.05901828364594283
0.05889265856749877
0.05876746229374053
0.05864269298843847
0.05851834882374153
0.05839442798014819
0.058270928646476004
0.05814784901983197
0.05802518730558211
0.0579029417173215
0.05778111047684434
0.05765969181411291
0.057538683967228235
0.05741808518239827
0.057297893713908615
0.057178107824091606
0.05705872578329525
0.05693974586985318
0.056821166370053425
0.056702985578108156
0.056585201796122406
0.05646781333406369
0.05635081850973073
0.05623421564872331
0.05611800308440995
0.056002179157898895
0.05588674221800545
0.05577169062122206
0.05565702273168691
0.055542736921153225
0.055428831568957934
0.055315305061991074
0.05520215579466439
0.05508938216888086
0.05497698259400336
0.05486495548682353
0.0547532992715318
0.05464201237968477
0.054531093250176146
0.05442054032920447
0.054310352070242686
0.054200526934007884
0.05409106338842953
0.05398195990861901
0.05387321497683892
0.05376482708247264
0.05365679472199322
0.05354911639893255
0.053441790623851376
0.05333481591430819
0.05322819079482891
0.0531219137968763
0.05301598345881964
0.05291039832590415
0.052805156950220984
0.05270025789067638
0.05259569971296206
0.052491480989524546
0.05238760029953525
0.05228405622886047
0.05218084737003115
0.05207797232221313
0.051975429691177355
0.05187321808926956
0.05177133613538114
0.051669782454919294
0.05156855567977681
0.05146765444830356
0.051367077405276136
0.05126682320186874
0.05116689049562425
0.0510672779504241
0.050967984236460206
0.05086900803020447
0.050770348014381426
0.05067200287793759
0.050573971316014016
0.050476252029916444
0.05037884372708745
0.05028174512107712
0.050184954931514855
0.05008847188408098
0.04999229471047813
