2.0759075246539496
2.3924997723632817
2.0822749218415155
2.4257142152825346
2.1356183641066395
2.030791953540588
2.221343601626222
2.092175399586947
2.538923508760646
2.1917348706587574
2.3492009296448195
2.37587615501005
2.1942204885322867
2.5536915506526654
2.24268118859368
2.074886747008752
2.2983238314750634
2.039411916764583
2.359524868968682
2.286377279042042
2.033245225933376
2.2958713936110478
2.093997911937366
2.292044724552789
2.374244396953627
2.0938138918312403
2.231722212007843
2.1848784957057794
2.1590232817358306
2.341842714716844
2.1766056343173927
2.1118783758253166
2.1934690563466868
2.100917129529218
2.2292489477130357
2.2140401203078635
2.0881819690267567
2.1446134745710768
2.1066555587362026
2.14818503588559
2.2049662201503546
2.108289255448491
2.1052894272095153
2.1116467635262826
2.1100659467051344
2.1764886171923012
2.1270097085098194
2.089000853078775
2.106752503393392
2.096321852248959
2.1466219725880245
2.1345986017723404
2.087515069539833
2.0976106568770185
2.0919659263673482
2.122716836585529
2.1324262340044524
2.091647104279973
2.08938817722492
2.08966046746267
2.1063948816327467
2.1249667441794298
2.096334865036913
2.0846161168074557
2.0875051074963458
2.0965349952027514
2.116270115409891
2.099921834628202
2.0834787323316983
2.0857042069565006
2.0911092275457817
2.108344248865435
2.1020759712017045
2.0849805070092837
2.0845636153643268
2.088293823402325
2.101740635627233
2.1027002490687505
2.0879561435890164
2.0843062642172563
2.086951349082847
2.0966902992566183
2.101967480331778
2.0913984058779436
2.085175704198841
2.08658028961131
2.093379954430811
2.100442882086528
2.094478231136973
2.0871170810590285
2.086999277278555
2.0917130286626717
2.0988476697053877
2.096712269597952
2.0896228563086545
2.0880421445492696
2.0912805019444116
2.097670052387666
2.098051487174484
2.092027660092287
2.0893953579684017
2.0915342142372024
2.096954513465852
2.0986377257147315
2.093815573933406
2.090608358120615
2.091892451835034
2.0963552000037415
2.0984948772355625
2.094669743325032
2.0912350721559503
2.0918378682215852
2.095415794635981
2.0975598322046114
2.09452671838708
2.0911001005313947
2.0911637674854413
2.093965517982779
2.0959815548112664
2.0936958553399103
2.09047433810553
2.0901196049772994
2.0922743375960904
2.094210751118743
2.0927562181381343
2.089934537748105
2.0892655865681866
2.0908982055557175
2.0928455226682345
2.0923276914315094
2.090118121591483
2.0892597619620656
2.0904787945322956
2.0924763969556426
2.0929040352106103
2.091495417142455
2.0906135761672795
2.0915048618560252
2.0935088154529216
2.0947207578325626
2.0941673446995726
2.0934271853479713
2.094064939447428
2.0959827371056425
2.0976761802264137
2.0978021504245032
2.0972470620861485
2.0976651672346707
2.099379013521675
2.1011796881643905
2.10158897352927
2.101059202342211
2.1012223555879737
2.102629383180669
2.1042133700775927
2.1044891689379153
2.1037841419388386
2.103705564197027
2.1048151348489594
2.1060116784892124
2.1058907999807994
2.104915652914206
2.104656384878896
2.105471410251815
2.1061237072667462
2.1054286416074195
2.1041366462477233
2.103688798079359
2.104115639258323
2.1041136193782357
2.102868160089365
2.10136999345017
2.1007967557023903
2.100893360281666
2.100462922683662
2.099054812776769
2.0976811054554894
2.097211636575522
2.0972782678305517
2.09689088059704
2.0957584247103216
2.094675441823192
2.094252795951089
2.0941438150983456
2.093503054700787
2.0919215268586067
2.089808146074975
2.0876016009695855
2.085128993769038
2.081788580074467
2.077215758497986
2.071861059806128
2.066636265499016
2.0621250963758015
2.058237201249544
2.0546388481337425
2.051644701317338
2.0500889559454896
2.0501474359297056
2.050699443998223
2.0503122816803105
2.048936524911944
2.047487077303313
2.045841633887394
2.0423094195958247
2.0359352049547708
2.02838082627495
2.021514831465955
2.0143460198795613
2.004419709806676
1.9930590802039032
1.9841653009672293
1.9769693464094393
1.9651497578842174
1.948058300439471
1.9322370422904847
1.9155358990756617
1.883690713870695
1.8381815916771935
1.7960597306768573
1.749769560629452
1.6754146550321487
1.6009043959957325
1.5464547852842558
1.4782587779257916
1.3918319742618266
1.3291407012809042
1.2693084509583845
1.1924914249892495
1.1226395725170617
1.0618409764039727
0.9841232116464403
0.8917343920965727
0.801190070334526
0.6872412182970267
0.5464531546672682
0.40382300502462887
0.2823533121471269
0.18846960833488302
0.1278773818426343
0.09052206347257001
0.06750567250587088
0.05312056623200108
0.04378472184667452
