0.5231889122890416
0.5585723283956764
0.5225515788023575
0.5280409770055227
0.5379691099363205
0.5287945035354685
0.5153026668877394
0.5127002016374116
0.5153265978821475
0.5148515236091064
0.5131292505293268
0.5130832123936045
0.5132288590812053
0.5119843223973436
0.5102805493049615
0.5093453647328072
0.5090486375684138
0.5088126110609636
0.5085120258132089
0.5081893467150562
0.5077497474654871
0.5071451400619567
0.506496996090835
0.5059398657937006
0.5054915045658392
0.5050975725736631
0.504708895558467
0.5042963760349378
0.5038462430622321
0.5033664878143792
0.5028828840745063
0.5024185472721874
0.5019794918626282
0.501557460078031
0.5011401045244509
0.5007182718327978
0.5002890440855108
0.4998555986124073
0.49942415645750304
0.49899979108909454
0.4985839737879874
0.49817495335086975
0.49776975866124745
0.4973661321456333
0.49696348704896365
0.4965627571877941
0.4961655047235439
0.4957729337355155
0.49538537536937993
0.4950023950345828
0.494623271254632
0.4942474742153306
0.49387489599156265
0.4935057881235866
0.4931405230360972
0.4927793552703752
0.49242231045929885
0.4920692243490078
0.4917198660304126
0.4913740540437177
0.4910317053799712
0.4906928107478146
0.4903573705253343
0.4900253369442919
0.4896965916198347
0.4893709599677047
0.4890482435856013
0.4887282474855843
0.4884107886220059
0.4880956862399343
0.4877827442836501
0.4874717374704175
0.48716240727971616
0.4868544668658762
0.4865476092889932
0.4862415132573328
0.4859358436234861
0.4856302475650873
0.48532434949684206
0.485017747585404
0.48471001302048816
0.4844006913269418
0.4840893040665994
0.4837753495323016
0.4834583019993982
0.48313761003199124
0.4828126947282292
0.4824829485677161
0.4821477349912486
0.48180638838795453
0.48145821402371963
0.48110248760951996
0.4807384544993395
0.4803653287234835
0.4799822921020844
0.47958849357315986
0.4791830487156148
0.47876503935161774
0.4783335131148507
0.47788748294349503
0.47742592653873994
0.4769477858716714
0.4764519668111684
0.4759373389045506
0.47540273530495136
0.47484695282750045
0.4742687521317007
0.4736668580548401
0.47303996014277977
0.4723867134303956
0.4717057395166104
0.4709956279678953
0.4702549380784362
0.4694822010181124
0.4686759224079421
0.4678345853708076
0.46695665410860576
0.46604057805461824
0.4650847966441594
0.46408774474044867
0.4630478587477693
0.46196358343978206
0.46083337952541026
0.459655731966168
0.4584291590463898
0.45715222218203
0.4558235364354859
0.45444178168411664
0.4530057143688717
0.4515141797264886
0.4499661243838103
0.44836060916613046
0.4466968219439082
0.44497409031486634
0.4431918938926515
0.44134987595006614
0.4394478541453973
0.43748583004562247
0.43546399715140294
0.4333827471269657
0.43124267394439386
0.4290445756673456
0.426789453624296
0.4244785087560873
0.4221131349663781
0.41969490935565995
0.41722557927847975
0.4147070462276364
0.4121413466162298
0.40953062959604786
0.40687713211619825
0.4041831514864264
0.4014510157626607
0.39868305231577406
0.3958815549766046
0.3930487501697459
0.390186762454995
0.38729757988883984
0.3843830195998717
0.3814446939431628
0.37848397756166385
0.3755019756402923
0.3724994935937016
0.369477008385096
0.36643464163431605
0.3633721346422062
0.3602888254382757
0.35718362795293657
0.35405501342691226
0.35090099420112486
0.347719110082404
0.34450641755507183
0.3412594822065847
0.337974374856847
0.33464667202443205
0.3312714615264222
0.3278433541878169
0.32435650282551876
0.3208046298622069
0.317181065105542
0.313478795383196
0.3096905278354714
0.3058087687120266
0.30182591947061416
0.297734391803371
0.2935267428869189
0.289195831632291
0.2847349959672497
0.28013825019055794
0.27540050018045115
0.2705177727222306
0.26548745347492925
0.26030852619485106
0.25498180389225844
0.24951014078765488
0.24389861247927824
0.23815465089674762
0.23228812067355017
0.22631132477013782
0.22023892968323366
0.2140878044080734
0.20787677231452906
0.20162628088536266
0.19535800029112538
0.18909436736948587
0.1828580960507973
0.17667167804565975
0.17055689831720636
0.1645343884172379
0.1586232373839138
0.15284067504300913
0.14720183684796298
0.14171961350673062
0.13640458318662566
0.1312650195324374
0.12630696536551866
0.12153435985238822
0.11694920607962078
0.11255176616979762
0.10834077207704865
0.10431364174598594
0.10046669215585884
0.09679534269252055
0.09329430413423238
0.08995775019492565
0.08677946997838845
0.08375300083501733
0.0808717419834726
0.07812904988561903
0.07551831677793436
0.07303303400379538
0.07066684189617634
0.0684135679637728
0.06626725506522473
0.06422218114060767
0.06227287192620515
0.06041410792255354
0.058640926727635156
0.05694862169427624
0.05533273772805338
0.053789064912062895
0.05231363052901653
0.05090268994949974
0.04955271676736774
