0.4853821830233336
0.5201654372026969
0.5195218004802183
0.5217790535651723
0.5206537645287711
0.5175152077853848
0.5164836364997085
0.5167832287736949
0.5168440376844537
0.5169961709252081
0.5170823712043604
0.5165394936603962
0.5157287677696943
0.5152404196474509
0.5150674722331445
0.5149909694628494
0.5149030669789796
0.5147028061065556
0.5143502600126693
0.5139495766662651
0.513618412648964
0.5133737167815311
0.513169054723284
0.5129533674815505
0.512693434473743
0.5123902128869342
0.5120746961800373
0.5117764622891092
0.5115015312107574
0.5112369345502458
0.510965592943958
0.5106776887410495
0.5103750237610656
0.510066929837447
0.5097615763481423
0.5094605461740396
0.5091597942727668
0.5088539826537181
0.5085402534127146
0.5082193538341517
0.5078940727727126
0.5075666992812033
0.5072375549350133
0.5069053051558022
0.5065682778622399
0.5062256112776181
0.5058775368218436
0.5055248527579075
0.5051681656095632
0.5048074807843324
0.5044423179793853
0.5040721175682874
0.5036965811532229
0.5033157391532043
0.5029297783364667
0.5025388133476414
0.5021427720823856
0.5017414389430205
0.5013345807366917
0.5009220465990225
0.5005037822584437
0.5000797734366468
0.49964997654137944
0.4992142867477007
0.4987725539563845
0.49832462181169707
0.49787035658072387
0.49740964905785245
0.49694239564780723
0.49646847706964203
0.49598774946303903
0.495500050060952
0.49500520911071877
0.49450305786551063
0.4939934280256356
0.49347614511450555
0.4929510216782756
0.49241785463904963
0.49187642707025075
0.4913265115682809
0.4907678720994586
0.4902002631157634
0.4896234269298414
0.489037091241178
0.48844096805960385
0.48783475395532894
0.48721813066670894
0.48659076511639543
0.48595230855364785
0.48530239521643415
0.4846406411246201
0.4839666433532203
0.48327997970743336
0.4825802084704899
0.48186686794613964
0.4811394757516837
0.48039752802241487
0.4796404987306016
0.47886783921814224
0.4780789779053506
0.47727332007425033
0.4764502476588699
0.4756091190573699
0.47474926904137077
0.4738700088410166
0.47297062644457777
0.47205038710937375
0.47110853406761066
0.47014428942853465
0.46915685530670603
0.4681454152226639
0.46710913581870533
0.46604716891699705
0.46495865393390107
0.46384272066161497
0.4626984924341736
0.46152508970153155
0.46032163403592796
0.4590872525878875
0.45782108299879287
0.4565222787676282
0.4551900150630934
0.45382349496732743
0.4524219561310322
0.4509846778100707
0.44951098824097824
0.4480002722990404
0.44645197936926223
0.4448656313481779
0.4432408306825397
0.44157726833887256
0.4398747315857401
0.43813311145914535
0.43635240977190726
0.434532745521026
0.4326743605434231
0.43077762427016864
0.4288430374325433
0.42687123458035003
0.4248629852841676
0.42281919390901823
0.420740897867106
0.4186292642815148
0.41648558502035654
0.414311270091068
0.41210783941650425
0.4098769130471912
0.40762019989652354
0.40533948511661283
0.4030366162607183
0.4007134884025893
0.3983720284026538
0.3960141785250639
0.39364187961762037
0.3912570540682956
0.3888615887473991
0.38645731813361894
0.3840460078056813
0.381629338459879
0.37920889058806245
0.3767861299218208
0.3743623937174824
0.37193887792423463
0.3695166252450756
0.3670965140683122
0.36467924821673464
0.3622653474330977
0.3598551384946612
0.35744874682678984
0.35504608846631436
0.3526468622098825
0.35025054177115533
0.34785636776383516
0.34546333932554485
0.3430702052011334
0.34067545411385536
0.3382773042701096
0.33587369186944666
0.33346225852813616
0.3310403375739524
0.3286049392346762
0.3261527348262726
0.3236800401523322
0.32118279845801767
0.31865656344328785
0.31609648303514787
0.31349728484969536
0.31085326454267775
0.30815827855016553
0.30540574305251356
0.30258864134277846
0.29969954212508687
0.2967306315792724
0.29367376226437075
0.29052052204256984
0.2872623261235459
0.2838905349864545
0.2803966002625894
0.27677223959584707
0.2730096400051679
0.2691016873589227
0.26504221729922606
0.26082628045779777
0.2564504122908442
0.2519128955979968
0.24721400208521263
0.24235619848314882
0.237344302981846
0.23218557922037505
0.22688975775863635
0.22146897867817023
0.21593765338676135
0.210312248419395
0.20461099858836057
0.19885356083015251
0.19306062321227574
0.18725348560788602
0.18145362945370758
0.17568229381565734
0.16996007381249698
0.16430655545475104
0.15873999833590757
0.15327707457213924
0.14793266913815428
0.14271974350095318
0.13764926140811062
0.13273017301476783
0.1279694513668806
0.12337217368128013
0.11894163890589968
0.11467951268431419
0.11058599102195246
0.10665997455962387
0.1028992462884822
0.09930064667049769
0.0958602413490061
0.0925734778503074
0.08943532881599356
0.08644042031584463
0.08358314464328512
0.08085775767863179
0.07825846142324822
0.07577947267396831
0.07341507904177504
0.07115968364450609
0.0690078398434477
0.06695427736966375
0.06499392111682473
0.06312190377906302
0.06133357339775834
0.05962449675986248
0.057990459469534565
0.056427463399345755
0.054931722120226616
0.05349965481240854
0.052127879073557155
0.05081320296511903
0.04955261657311144
