2.204338910341008
2.23118795295887
2.1248676833302254
2.278347875916747
2.3141493927584476
2.0894715142532103
2.1995673974248615
2.0783286924299564
2.2864499140722656
2.245571067374971
2.0783209235454865
2.1993153541536383
2.0824151150493213
2.3237864408302125
2.2051131087918394
2.0854255899725853
2.1873251304591257
2.0833817415269165
2.3404649641851747
2.1909274851538885
2.1129085391045295
2.2126259557589996
2.1103999345107236
2.347660717927913
2.235641083852416
2.117601886378856
2.221180223574702
2.1110114080303655
2.2585522978506765
2.2464871097498023
2.0964322019118846
2.1602306630373898
2.10380582703562
2.164622566990667
2.22429263008381
2.102595202634587
2.1197754251418344
2.1079784000055706
2.1368982666816416
2.216793393156326
2.1216744019625806
2.1133149626956436
2.1144327699587615
2.1271012407239733
2.2018095395478183
2.1211889191677327
2.097548180750748
2.1022501074340196
2.1119800918085043
2.1819338675261784
2.113988182319409
2.093597342978587
2.1026213619398284
2.1197863896666513
2.1846426458661266
2.120348647645519
2.103278149850419
2.110415225330602
2.1244946541894265
2.1768838407475113
2.1171987180302585
2.096017133367628
2.1034681965218396
2.110103892874382
2.1537178799149697
2.109061995630462
2.0821465626254465
2.0912137047694705
2.094062131440469
2.1315446175932085
2.1021196497607066
2.07091621718953
2.078775807424662
2.0806482581715593
2.1137505574117963
2.0950609941091645
2.062863967632328
2.069523908598004
2.0729477471424307
2.1061278281619877
2.0950605925125854
2.0657609071688996
2.0741285852175118
2.080572344055988
2.1165199797938907
2.1097226733225525
2.0818575606527143
2.08959314108996
2.094727651131627
2.127304299627724
2.1218440839283677
2.090991094924956
2.092772690294647
2.0931316041325423
2.1174515019447058
2.1161138056306497
2.0852763485998134
2.082461646822891
2.0832172162186238
2.1058647887378283
2.1113340823428017
2.085618307545408
2.0835963508067192
2.0875501595275883
2.1111198728778326
2.1177200143353603
2.0931866968873
2.089791732593808
2.0926487653522665
2.112808359341481
2.116893992417693
2.09310227395118
2.0892050732887686
2.092541852391369
2.110643511362802
2.11520912038762
2.0944540639046947
2.0904591594625064
2.0939570871477393
2.108839769537831
2.1135841652655443
2.095285032671029
2.0895485573473156
2.092109256680346
2.1032978054393996
2.108976617750653
2.094346421652185
2.087229468097312
2.089158542575002
2.0977844450023624
2.104849208036306
2.094506045569813
2.0864504037739526
2.0873929978261185
2.094122469783143
2.1018995425589555
2.0952978132821096
2.0867941955054783
2.086486447930171
2.0919291021215978
2.0999153764237133
2.096111396760506
2.0878425264615514
2.0868500146461315
2.092243062364846
2.1011142788230583
2.0998864241833655
2.0934125710087943
2.0938384024472967
2.1011502992113082
2.1116279615400706
2.11183562812063
2.1062291618354902
2.106283729693357
2.1118856203871887
2.11846734436182
2.113824057617642
2.1036470959172746
2.0990458889490933
2.100570834029823
2.1033413049627976
2.0967533035461177
2.088946561749861
2.089947445486527
2.099118386590853
2.1077361955160807
2.105914689514245
2.1048493837003845
2.1106929138019446
2.1203750784393534
2.122442026802288
2.1134419782452265
2.1078051460974354
2.108535741137664
2.111825061960047
2.1068882147072303
2.095402965057678
2.0897574752600994
2.089762651720433
2.0902110401288567
2.0804674435651984
2.0644427798007468
2.0527298961021487
2.0445270343410193
2.0337020696002326
2.0090182691494944
1.9804713011866446
1.9610600424625602
1.9522380567255992
1.934168569878973
1.8940102132040442
1.8652309155404243
1.8609262113012697
1.816161209037029
1.6783696914168522
1.5838095313569243
1.545036584392952
1.3350268383620363
1.198585997819056
1.1317630008374155
1.053989699537522
0.8403257995161291
0.8145508314895142
0.6872019097178703
0.5413073048255673
0.4139270409893936
0.3323574361292436
0.21473916555809627
0.15883993328709048
0.11170803940088325
0.08035988735865078
0.06202862181538209
0.05013081233400546
0.04159726804356548
