0.5586916458771891
0.5516881637245866
0.5422154589883761
0.5354147878174822
0.5306725876942395
0.5274345115198074
0.5252564489433968
0.5238067279898622
0.5228487960892355
0.5222189855039274
0.5218063058942382
0.5215364847474413
0.5213602605796234
0.5212451574644172
0.521169855899266
0.5211204038374551
0.5210876933095767
0.5210657915073962
0.5210508420615599
0.5210403439731541
0.5210326794514895
0.521026805266207
0.5210220512749337
0.5210179890844084
0.5210143465469956
0.5210109521798852
0.5210076990983231
0.5210045216609955
0.521001380386426
0.5209982522430445
0.5209951244244254
0.520991990379993
0.5209888473014452
0.5209856945455081
0.5209825326563353
0.520979362769781
0.5209761862590856
0.5209730045317055
0.5209698189195411
0.5209666306258347
0.5209634407055632
0.520960250064851
0.5209570594704858
0.5209538695641539
0.5209506808782326
0.5209474938513632
0.5209443088428827
0.5209411261456967
0.5209379459974786
0.5209347685902426
0.5209315940784279
0.5209284225856561
0.5209252542103443
0.5209220890303418
0.5209189271067418
0.5209157684870072
0.5209126132075249
0.5209094612956923
0.5209063127716146
0.5209031676494869
0.520900025938716
0.5208968876448337
0.5208937527702353
0.5208906213147799
0.520887493276277
0.5208843686508795
0.5208812474334039
0.5208781296175886
0.5208750151963021
0.5208719041617145
0.5208687965054319
0.5208656922186096
0.5208625912920406
0.5208594937162286
0.5208563994814469
0.5208533085777851
0.5208502209951885
0.5208471367234886
0.5208440557524281
0.5208409780716814
0.5208379036708708
0.5208348325395799
0.5208317646673639
0.5208287000437584
0.5208256386582869
0.5208225805004651
0.5208195255598066
0.5208164738258255
0.5208134252880403
0.5208103799359753
0.5208073377591629
0.5208042987471448
0.5208012628894738
0.5207982301757136
0.5207952005954406
0.5207921741382435
0.5207891507937246
0.5207861305514994
0.5207831134011974
0.5207800993324616
0.5207770883349492
0.5207740803983311
0.5207710755122927
0.520768073666533
0.5207650748507651
0.5207620790547162
0.5207590862681268
0.5207560964807518
0.5207531096823595
0.5207501258627316
0.5207471450116635
0.5207441671189639
0.5207411921744548
0.5207382201679709
0.5207352510893604
0.5207322849284841
0.520729321675216
0.5207263613194419
0.520723403851061
0.520720449259984
0.5207174975361342
0.5207145486694477
0.5207116026498713
0.5207086594673644
0.5207057191118984
0.5207027815734558
0.5206998468420305
0.5206969149076287
0.5206939857602663
0.5206910593899714
0.5206881357867827
0.5206852149407502
0.5206822968419337
0.5206793814804045
0.5206764688462437
0.5206735589295436
0.5206706517204056
0.520667747208942
0.520664845385275
0.5206619462395362
0.5206590497618675
0.52065615594242
0.5206532647713547
0.5206503762388411
0.5206474903350593
0.5206446070501972
0.5206417263744524
0.5206388482980314
0.5206359728111492
0.5206330999040296
0.5206302295669047
0.5206273617900156
0.520624496563611
0.520621633877948
0.5206187737232922
0.5206159160899164
0.5206130609681014
0.5206102083481364
0.5206073582203176
0.5206045105749484
0.5206016654023402
0.5205988226928112
0.5205959824366868
0.5205931446242997
0.5205903092459895
0.5205874762921019
0.52058464575299
0.5205818176190131
0.5205789918805375
0.5205761685279349
0.5205733475515839
0.5205705289418694
0.5205677126891816
0.520564898783917
0.520562087216478
0.5205592779772724
0.5205564710567138
0.520553666445221
0.5205508641332184
0.5205480641111354
0.5205452663694066
0.5205424708984718
0.5205396776887757
0.5205368867307676
0.5205340980149014
0.5205313115316359
0.5205285272714343
0.520525745224764
0.5205229653820969
0.5205201877339091
0.5205174122706804
0.5205146389828949
0.5205118678610403
0.5205090988956086
0.5205063320770946
0.5205035673959971
0.5205008048428184
0.5204980444080641
0.5204952860822429
0.5204925298558669
0.5204897757194507
0.5204870236635122
0.5204842736785718
0.5204815257551536
0.5204787798837829
0.5204760360549886
0.5204732942593013
0.5204705544872543
0.5204678167293835
0.5204650809762258
0.5204623472183211
0.520459615446211
0.5204568856504386
0.5204541578215488
0.5204514319500887
0.520448708026606
0.5204459860416507
0.5204432659857733
0.5204405478495263
0.5204378316234627
0.520435117298137
0.5204324048641041
0.5204296943119205
0.5204269856321428
0.5204242788153285
0.5204215738520356
0.5204188707328226
0.5204161694482484
0.5204134699888721
0.5204107723452529
0.5204080765079502
0.5204053824675232
0.5204026902145313
0.5203999997395334
0.5203973110330886
0.5203946240857547
0.5203919388880898
0.520389255430651
0.5203865737039951
0.520383893698678
0.5203812154052544
0.5203785388142786
0.5203758639163034
0.5203731907018808
0.5203705191615614
0.5203678492858945
0.5203651810654282
0.5203625144907088
0.5203598495522809
0.5203571862406882
0.5203545245464718
0.5203518644601713
0.5203492059723245
0.5203465490734667
0.5203438937541314
0.5203412400048502
0.5203385878161517
0.5203359371785626
0.520333288082607
0.5203306405188064
0.5203279944776799
0.5203253499497433
0.5203227069255101
0.5203200653954907
0.5203174253501927
0.5203147867801199
0.520312149675774
0.5203095140276525
0.5203068798262501
0.5203042470620578
0.5203016157255634
0.5202989858072506
0.5202963572976002
0.5202937301870879
0.5202911044661869
0.520288480125366
0.5202858571550897
0.5202832355458185
0.5202806152880086
0.5202779963721125
0.5202753787885779
0.5202727625278476
0.5202701475803607
0.5202675339365512
0.5202649215868487
0.5202623105216776
0.5202597007314576
0.5202570922066037
0.5202544849375255
0.5202518789146278
0.5202492741283099
0.5202466705689661
0.5202440682269851
0.5202414670927504
0.5202388671566397
0.5202362684090254
0.5202336708402739
0.5202310744407461
0.5202284792007967
0.5202258851107747
0.5202232921610231
0.5202207003418791
0.5202181096436729
0.5202155200567291
0.5202129315713659
0.520210344177895
0.5202077578666215
0.520205172627844
0.5202025884518546
0.5202000053289384
0.5201974232493738
0.5201948422034323
0.5201922621813786
0.5201896831734698
0.5201871051699566
0.5201845281610822
0.5201819521370821
0.5201793770881848
0.5201768030046119
0.5201742298765764
0.5201716576942841
0.5201690864479338
0.5201665161277155
0.5201639467238118
0.5201613782263979
0.5201588106256398
0.5201562439116971
0.5201536780747195
0.5201511131048495
0.5201485489922214
0.5201459857269606
0.520143423299184
0.5201408616990004
0.5201383009165101
0.520135740941804
0.520133181764965
0.5201306233760666
0.5201280657651739
0.5201255089223422
0.5201229528376188
0.5201203975010411
0.5201178429026374
0.5201152890324268
0.5201127358804193
0.5201101834366149
0.5201076316910046
0.5201050806335693
0.5201025302542808
0.5200999805431004
0.5200974314899803
0.5200948830848627
0.5200923353176794
0.5200897881783526
0.520087241656794
0.5200846957429052
0.5200821504265778
0.5200796056976927
0.5200770615461208
0.5200745179617219
0.5200719749343459
0.5200694324538315
0.520066890510007
0.5200643490926897
0.5200618081916862
0.5200592677967923
0.5200567278977923
0.52005418848446
0.5200516495465572
0.5200491110738356
0.5200465730560346
0.5200440354828828
0.5200414983440969
0.5200389616293823
0.5200364253284331
0.5200338894309312
0.520031353926547
0.5200288188049388
0.5200262840557534
0.5200237496686256
0.5200212156331778
0.5200186819390207
0.5200161485757522
0.5200136155329588
0.5200110828002136
0.5200085503670782
0.5200060182231016
0.5200034863578193
0.5200009547607557
0.5199984234214213
0.519995892329314
0.5199933614739194
0.5199908308447093
0.5199883004311435
0.5199857702226682
0.5199832402087161
0.5199807103787073
0.5199781807220487
0.5199756512281328
0.51997312188634
0.5199705926860364
0.5199680636165748
0.5199655346672938
0.5199630058275191
0.519960477086562
0.5199579484337202
0.5199554198582775
0.5199528913495034
0.5199503628966535
0.5199478344889693
0.5199453061156777
0.5199427777659918
0.5199402494291101
0.5199377210942164
0.5199351927504804
0.5199326643870569
0.5199301359930861
0.5199276075576934
0.5199250790699894
0.5199225505190701
0.519920021894016
0.519917493183893
0.5199149643777516
0.5199124354646272
0.5199099064335403
0.5199073772734955
0.5199048479734822
0.5199023185224744
0.5198997889094308
0.5198972591232937
0.5198947291529904
0.5198921989874323
0.5198896686155151
0.5198871380261179
0.5198846072081045
0.5198820761503222
0.5198795448416027
0.5198770132707612
0.519874481426596
0.51987194929789
0.5198694168734096
0.5198668841419041
0.5198643510921063
0.5198618177127325
0.5198592839924829
0.5198567499200396
0.5198542154840691
0.5198516806732203
0.519849145476125
0.5198466098813981
0.5198440738776375
0.5198415374534234
0.5198390005973192
0.5198364632978707
0.5198339255436057
0.5198313873230356
0.5198288486246532
0.5198263094369338
0.5198237697483353
0.5198212295472975
0.5198186888222421
0.5198161475615736
0.5198136057536772
0.5198110633869208
0.519808520449654
0.519805976930208
0.5198034328168957
0.5198008880980114
0.5197983427618309
0.5197957967966116
0.5197932501905922
0.5197907029319926
0.5197881550090135
0.5197856064098374
0.5197830571226273
0.5197805071355271
0.5197779564366625
0.5197754050141387
0.5197728528560422
0.5197702999504404
0.5197677462853811
0.5197651918488924
0.5197626366289829
0.5197600806136413
0.5197575237908374
0.5197549661485201
0.519752407674619
0.5197498483570437
0.5197472881836839
0.5197447271424085
0.5197421652210669
0.5197396024074878
0.5197370386894796
0.5197344740548308
0.5197319084913083
0.5197293419866593
0.5197267745286103
0.5197242061048661
0.5197216367031119
0.519719066311011
0.5197164949162064
0.5197139225063196
0.519711349068951
0.5197087745916799
0.5197061990620643
0.5197036224676405
0.5197010447959236
0.5196984660344068
0.5196958861705627
0.5196933051918408
0.5196907230856692
0.519688139839455
0.519685555440582
0.5196829698764128
0.5196803831342879
0.5196777952015252
0.5196752060654202
0.5196726157132465
0.5196700241322549
0.5196674313096742
0.5196648372327095
0.5196622418885444
0.5196596452643387
0.51965704734723
0.5196544481243326
0.519651847582738
0.5196492457095141
0.5196466424917064
0.5196440379163363
0.5196414319704022
0.5196388246408788
0.5196362159147178
0.5196336057788463
0.5196309942201689
0.5196283812255653
0.5196257667818917
0.5196231508759807
0.5196205334946399
0.519617914624654
0.5196152942527824
0.5196126723657606
0.5196100489502995
0.5196074239930857
0.5196047974807811
0.5196021694000231
0.5195995397374241
0.5195969084795714
0.5195942756130281
0.5195916411243314
0.5195890049999942
0.5195863672265032
0.5195837277903209
0.5195810866778834
0.519578443875602
0.5195757993698621
0.5195731531470236
0.5195705051934203
0.5195678554953609
0.5195652040391268
0.5195625508109747
0.5195598957971346
0.5195572389838103
0.5195545803571794
0.5195519199033929
0.5195492576085752
0.5195465934588246
0.519543927440212
0.5195412595387825
0.519538589740553
0.5195359180315146
0.5195332443976308
0.5195305688248377
0.5195278912990449
0.5195252118061338
0.5195225303319586
0.5195198468623463
0.5195171613830959
0.5195144738799786
0.519511784338738
0.5195090927450896
0.5195063990847206
0.5195037033432909
0.519501005506431
0.5194983055597439
0.5194956034888039
0.5194928992791567
0.5194901929163191
0.5194874843857799
0.5194847736729982
0.519482060763405
0.519479345642401
0.5194766282953592
0.5194739087076224
0.5194711868645041
0.519468462751289
0.5194657363532313
0.5194630076555562
0.5194602766434588
0.5194575433021045
0.5194548076166285
0.5194520695721361
0.5194493291537019
0.5194465863463713
0.5194438411351583
0.5194410935050462
0.5194383434409887
0.5194355909279079
0.5194328359506954
0.5194300784942119
0.5194273185432864
0.5194245560827178
0.5194217910972728
0.5194190235716871
0.5194162534906647
0.5194134808388782
0.5194107056009685
0.5194079277615441
0.5194051473051822
0.5194023642164278
0.5193995784797932
0.5193967900797591
0.5193939990007733
0.5193912052272512
0.5193884087435757
0.5193856095340965
0.5193828075831313
0.5193800028749636
0.5193771953938446
0.5193743851239924
0.5193715720495911
0.5193687561547917
0.5193659374237114
0.5193631158404344
0.5193602913890099
0.5193574640534541
0.5193546338177486
0.5193518006658411
0.519348964581645
0.519346125549039
0.5193432835518673
0.5193404385739396
0.5193375905990308
0.5193347396108806
0.5193318855931937
0.5193290285296398
0.519326168403853
0.5193233051994324
0.519320438899941
0.5193175694889065
0.5193146969498208
0.5193118212661394
0.5193089424212821
0.5193060603986325
0.5193031751815376
0.5193002867533079
0.5192973950972178
0.5192945001965044
0.5192916020343682
0.5192887005939726
0.5192857958584438
0.5192828878108708
0.5192799764343058
0.5192770617117619
0.5192741436262158
0.5192712221606064
0.5192682972978339
0.5192653690207607
0.5192624373122114
0.5192595021549717
0.519256563531789
0.5192536214253718
0.51925067581839
0.5192477266934746
0.5192447740332178
0.5192418178201716
0.5192388580368497
0.5192358946657258
0.519232927689234
0.5192299570897685
0.5192269828496835
0.5192240049512935
0.5192210233768721
0.5192180381086534
0.5192150491288301
0.5192120564195544
0.5192090599629381
0.5192060597410515
0.5192030557359242
0.519200047929544
0.5191970363038573
0.5191940208407695
0.5191910015221435
0.5191879783298009
0.5191849512455204
0.5191819202510396
0.5191788853280527
0.5191758464582119
0.5191728036231265
0.5191697568043627
0.5191667059834444
0.5191636511418515
0.5191605922610212
0.5191575293223465
0.5191544623071775
0.5191513911968201
0.5191483159725359
0.5191452366155423
0.5191421531070135
0.5191390654280776
0.5191359735598191
0.5191328774832775
0.5191297771794466
0.5191266726292761
0.5191235638136695
0.5191204507134852
0.5191173333095356
0.5191142115825873
0.5191110855133613
0.5191079550825317
0.5191048202707266
0.5191016810585276
0.5190985374264694
0.5190953893550395
0.5190922368246786
0.5190890798157803
0.5190859183086903
0.5190827522837069
0.5190795817210804
0.5190764066010133
0.5190732269036598
0.5190700426091254
0.5190668536974676
0.5190636601486948
0.5190604619427661
0.5190572590595923
0.5190540514790343
0.5190508391809033
0.5190476221449611
0.51904440035092
0.5190411737784413
0.5190379424071367
0.5190347062165668
0.5190314651862423
0.5190282192956222
0.5190249685241151
0.5190217128510778
0.5190184522558159
0.519015186717583
0.5190119162155813
0.5190086407289606
0.5190053602368185
0.5190020747181999
0.518998784152097
0.5189954885174497
0.5189921877931438
0.5189888819580125
0.5189855709908351
0.5189822548703373
0.5189789335751911
0.5189756070840134
0.5189722753753674
0.518968938427762
0.5189655962196504
0.5189622487294315
0.5189588959354486
0.5189555378159895
0.5189521743492863
0.5189488055135153
0.5189454312867964
0.5189420516471933
0.5189386665727131
0.5189352760413064
0.5189318800308658
0.5189284785192275
0.5189250714841699
0.5189216589034136
0.5189182407546213
0.5189148170153972
0.5189113876632875
0.5189079526757794
0.5189045120303015
0.5189010657042226
0.5188976136748529
0.5188941559194423
0.5188906924151815
0.5188872231392001
0.5188837480685684
0.5188802671802955
0.5188767804513295
0.5188732878585579
0.5188697893788063
0.5188662849888391
0.5188627746653588
0.5188592583850057
0.5188557361243573
0.5188522078599294
0.5188486735681741
0.518845133225481
0.5188415868081753
0.51883803429252
0.5188344756547132
0.5188309108708886
0.5188273399171165
0.5188237627694015
0.5188201794036835
0.5188165897958376
0.5188129939216726
0.5188093917569323
0.5188057832772939
0.5188021684583684
0.5187985472757002
0.5187949197047671
0.5187912857209791
0.5187876452996791
0.5187839984161429
0.5187803450455768
0.5187766851631203
0.5187730187438435
0.5187693457627478
0.5187656661947654
0.5187619800147593
0.5187582871975225
0.518754587717778
0.5187508815501788
0.5187471686693068
0.5187434490496732
0.5187397226657181
0.5187359894918099
0.5187322495022451
0.5187285026712486
0.5187247489729723
0.5187209883814954
0.5187172208708244
0.5187134464148921
0.5187096649875584
0.518705876562608
0.5187020811137522
0.5186982786146274
0.5186944690387951
0.5186906523597417
0.5186868285508778
0.5186829975855382
0.5186791594369816
0.5186753140783901
0.5186714614828688
0.5186676016234459
0.5186637344730717
0.5186598600046188
0.5186559781908819
0.5186520890045769
0.5186481924183406
0.5186442884047311
0.5186403769362264
0.5186364579852253
0.5186325315240458
0.5186285975249254
0.5186246559600207
0.5186207068014073
0.518616750021079
0.5186127855909473
0.5186088134828418
0.5186048336685091
0.518600846119613
0.5185968508077337
0.5185928477043673
0.5185888367809268
0.5185848180087393
0.5185807913590482
0.5185767568030112
0.5185727143116998
0.5185686638561003
0.5185646054071125
0.518560538935549
0.5185564644121357
0.518552381807511
0.5185482910922247
0.5185441922367393
0.518540085211428
0.518535969986575
0.5185318465323752
0.5185277148189336
0.5185235748162647
0.5185194264942926
0.5185152698228505
0.5185111047716798
0.5185069313104302
0.518502749408659
0.518498559035831
0.5184943601613178
0.5184901527543979
0.5184859367842547
0.518481712219979
0.5184774790305654
0.518473237184914
0.5184689866518292
0.5184647274000191
0.5184604593980959
0.5184561826145745
0.5184518970178722
0.5184476025763094
0.5184432992581076
0.5184389870313897
0.51843466586418
0.5184303357244029
0.5184259965798828
0.5184216483983437
0.5184172911474092
0.5184129247946008
0.5184085493073388
0.5184041646529414
0.5183997707986233
0.5183953677114966
0.5183909553585699
0.5183865337067476
0.518382102722829
0.5183776623735092
0.5183732126253771
0.5183687534449158
0.5183642847985025
0.5183598066524066
0.5183553189727901
0.518350821725708
0.5183463148771057
0.5183417983928207
0.5183372722385802
0.5183327363800021
0.5183281907825937
0.5183236354117511
0.5183190702327596
0.5183144952107919
0.5183099103109086
0.5183053154980576
0.5183007107370726
0.5182960959926739
0.5182914712294672
0.518286836411943
0.518282191504476
0.5182775364713252
0.5182728712766331
0.5182681958844246
0.518263510258607
0.5182588143629692
0.5182541081611817
0.5182493916167954
0.5182446646932412
0.5182399273538298
0.5182351795617507
0.5182304212800719
0.518225652471739
0.5182208730995755
0.5182160831262811
0.5182112825144319
0.5182064712264792
0.5182016492247501
0.5181968164714452
0.5181919729286397
0.5181871185582816
0.5181822533221917
0.5181773771820631
0.51817249009946
0.5181675920358173
0.5181626829524411
0.5181577628105061
0.5181528315710568
0.5181478891950059
0.5181429356431341
0.5181379708760885
0.5181329948543842
0.5181280075384012
0.5181230088883849
0.5181179988644459
0.5181129774265585
0.5181079445345607
0.5181029001481532
0.5180978442268989
0.5180927767302217
0.5180876976174073
0.5180826068476005
0.5180775043798066
0.5180723901728893
0.5180672641855706
0.5180621263764298
0.5180569767039036
0.5180518151262843
0.5180466416017201
0.5180414560882141
0.5180362585436229
0.5180310489256574
0.5180258271918808
0.5180205932997084
0.5180153472064066
0.5180100888690933
0.5180048182447352
0.517999535290149
0.5179942399619999
0.5179889322168004
0.5179836120109107
0.5179782793005367
0.5179729340417305
0.5179675761903888
0.5179622057022519
0.5179568225329046
0.5179514266377736
0.5179460179721277
0.5179405964910766
0.5179351621495708
0.5179297149023998
0.5179242547041931
0.5179187815094168
0.5179132952723753
0.5179077959472091
0.5179022834878949
0.5178967578482436
0.517891218981901
0.5178856668423456
0.5178801013828892
0.5178745225566748
0.5178689303166764
0.5178633246156983
0.5178577054063743
0.5178520726411663
0.5178464262723638
0.5178407662520839
0.5178350925322687
0.517829405064686
0.5178237038009283
0.5178179886924108
0.517812259690372
0.5178065167458714
0.5178007598097902
0.5177949888328292
0.5177892037655083
0.5177834045581662
0.5177775911609585
0.5177717635238575
0.517765921596651
0.517760065328942
0.5177541946701467
0.5177483095694952
0.5177424099760284
0.5177364958385995
0.5177305671058707
0.5177246237263149
0.5177186656482119
0.5177126928196504
0.5177067051885242
0.5177007027025338
0.5176946853091832
0.5176886529557813
0.5176826055894385
0.5176765431570678
0.5176704656053824
0.5176643728808958
0.51765826492992
0.5176521416985647
0.5176460031327366
0.5176398491781383
0.5176336797802674
0.5176274948844151
0.5176212944356655
0.5176150783788948
0.5176088466587694
0.5176025992197457
0.5175963360060696
0.5175900569617738
0.5175837620306784
0.5175774511563882
0.5175711242822933
0.5175647813515675
0.5175584223071665
0.5175520470918277
0.5175456556480684
0.5175392479181862
0.5175328238442556
0.517526383368129
0.5175199264314343
0.5175134529755746
0.5175069629417268
0.5175004562708401
0.5174939329036352
0.5174873927806038
0.5174808358420063
0.5174742620278713
0.5174676712779948
0.517461063531938
0.5174544387290275
0.5174477968083528
0.5174411377087664
0.5174344613688809
0.5174277677270702
0.5174210567214663
0.5174143282899588
0.5174075823701939
0.5174008188995731
0.5173940378152521
0.5173872390541385
0.5173804225528924
0.5173735882479241
0.5173667360753926
0.5173598659712051
0.5173529778710153
0.5173460717102223
0.5173391474239691
0.517332204947142
0.5173252442143683
0.5173182651600159
0.5173112677181918
0.5173042518227401
0.5172972174072421
0.5172901644050134
0.5172830927491041
0.5172760023722958
0.5172688932071023
0.5172617651857663
0.5172546182402595
0.5172474523022804
0.5172402673032531
0.5172330631743263
0.5172258398463716
0.5172185972499825
0.5172113353154719
0.5172040539728724
0.5171967531519337
0.5171894327821214
0.5171820927926158
0.5171747331123108
0.5171673536698111
0.5171599543934328
0.5171525352111999
0.5171450960508447
0.5171376368398046
0.5171301575052227
0.5171226579739435
0.5171151381725146
0.5171075980271829
0.5171000374638937
0.5170924564082896
0.5170848547857089
0.5170772325211839
0.517069589539439
0.5170619257648901
0.5170542411216419
0.5170465355334875
0.5170388089239063
0.5170310612160618
0.5170232923328018
0.5170155021966543
0.5170076907298282
0.5169998578542108
0.5169920034913656
0.516984127562532
0.5169762299886222
0.516968310690221
0.516960369587583
0.5169524066006314
0.5169444216489568
0.5169364146518146
0.516928385528124
0.5169203341964665
0.5169122605750833
0.5169041645818742
0.5168960461343961
0.5168879051498614
0.5168797415451347
0.5168715552367331
0.5168633461408239
0.5168551141732219
0.5168468592493886
0.5168385812844299
0.5168302801930953
0.516821955889774
0.5168136082884958
0.5168052373029274
0.5167968428463708
0.5167884248317629
0.5167799831716712
0.5167715177782946
0.5167630285634592
0.5167545154386185
0.51674597831485
0.516737417102854
0.5167288317129515
0.5167202220550826
0.5167115880388042
0.5167029295732888
0.516694246567321
0.5166855389292976
0.5166768065672239
0.5166680493887135
0.516659267300984
0.5166504602108578
0.5166416280247572
0.5166327706487053
0.5166238879883216
0.5166149799488211
0.5166060464350126
0.516597087351296
0.5165881026016601
0.5165790920896812
0.5165700557185208
0.5165609933909234
0.5165519050092146
0.5165427904752985
0.5165336496906563
0.5165244825563436
0.5165152889729893
0.5165060688407912
0.5164968220595171
0.5164875485284997
0.5164782481466358
0.5164689208123844
0.5164595664237637
0.5164501848783491
0.5164407760732719
0.5164313399052154
0.5164218762704139
0.5164123850646507
0.5164028661832546
0.5163933195210983
0.5163837449725972
0.5163741424317043
0.5163645117919113
0.516354852946244
0.5163451657872608
0.5163354502070494
0.516325706097227
0.5163159333489346
0.5163061318528368
0.5162963014991192
0.5162864421774853
0.5162765537771549
0.5162666361868606
0.5162566892948467
0.5162467129888662
0.5162367071561775
0.5162266716835437
0.5162166064572287
0.5162065113629951
0.5161963862861021
0.5161862311113025
0.5161760457228404
0.5161658300044488
0.5161555838393468
0.5161453071102375
0.5161349996993047
0.5161246614882107
0.5161142923580945
0.5161038921895676
0.5160934608627126
0.5160829982570805
0.5160725042516875
0.5160619787250131
0.5160514215549963
0.5160408326190344
0.516030211793979
0.5160195589561342
0.5160088739812535
0.5159981567445371
0.5159874071206294
0.5159766249836159
0.5159658102070208
0.5159549626638038
0.5159440822263581
0.5159331687665062
0.5159222221554993
0.5159112422640121
0.5159002289621414
0.5158891821194029
0.5158781016047286
0.5158669872864634
0.5158558390323629
0.5158446567095892
0.5158334401847102
0.5158221893236945
0.5158109039919097
0.5157995840541189
0.5157882293744784
0.5157768398165341
0.5157654152432187
0.5157539555168486
0.5157424604991213
0.5157309300511121
0.515719364033271
0.5157077623054193
0.5156961247267481
0.5156844511558126
0.5156727414505322
0.5156609954681842
0.5156492130654031
0.5156373940981764
0.5156255384218416
0.5156136458910832
0.5156017163599294
0.5155897496817486
0.5155777457092472
0.5155657042944656
0.5155536252887749
0.5155415085428741
0.5155293539067869
0.5155171612298577
0.5155049303607492
0.5154926611474391
0.5154803534372158
0.5154680070766765
0.5154556219117227
0.515443197787557
0.5154307345486813
0.5154182320388908
0.5154056901012729
0.5153931085782026
0.5153804873113401
0.5153678261416257
0.515355124909278
0.5153423834537901
0.5153296016139253
0.5153167792277147
0.5153039161324531
0.5152910121646956
0.5152780671602546
0.5152650809541952
0.5152520533808328
0.5152389842737287
0.5152258734656872
0.5152127207887517
0.5151995260742006
0.5151862891525453
0.5151730098535242
0.5151596880061017
0.5151463234384622
0.515132915978008
0.5151194654513553
0.5151059716843298
0.515092434501964
0.5150788537284927
0.5150652291873503
0.5150515607011654
0.5150378480917589
0.5150240911801387
0.5150102897864977
0.5149964437302073
0.5149825528298165
0.5149686169030467
0.5149546357667878
0.5149406092370937
0.5149265371291811
0.5149124192574223
0.5148982554353437
0.5148840454756205
0.5148697891900738
0.5148554863896663
0.5148411368844978
0.514826740483803
0.5148122969959446
0.5147978062284122
0.5147832679878176
0.5147686820798891
0.5147540483094699
0.5147393664805128
0.5147246363960758
0.5147098578583194
0.514695030668501
0.5146801546269721
0.5146652295331741
0.5146502551856329
0.5146352313819568
0.5146201579188303
0.514605034592012
0.5145898611963287
0.5145746375256726
0.5145593633729961
0.5145440385303088
0.5145286627886717
0.5145132359381951
0.5144977577680317
0.5144822280663759
0.5144666466204555
0.5144510132165314
0.5144353276398901
0.5144195896748416
0.5144037991047146
0.514387955711851
0.5143720592776038
0.5143561095823306
0.5143401064053914
0.514324049525142
0.5143079387189317
0.5142917737630976
0.5142755544329611
0.5142592805028232
0.5142429517459597
0.5142265679346179
0.5142101288400107
0.5141936342323142
0.514177083880661
0.5141604775531374
0.514143815016779
0.5141270960375647
0.5141103203804144
0.5140934878091826
0.5140765980866554
0.5140596509745451
0.5140426462334863
0.5140255836230306
0.5140084629016438
0.5139912838266992
0.5139740461544746
0.5139567496401473
0.5139393940377898
0.5139219791003646
0.5139045045797208
0.5138869702265887
0.5138693757905749
0.5138517210201594
0.5138340056626887
0.5138162294643736
0.5137983921702826
0.5137804935243387
0.5137625332693145
0.5137445111468268
0.5137264268973335
0.513708280260127
0.5136900709733321
0.5136717987738987
0.5136534633975993
0.5136350645790235
0.5136166020515733
0.5135980755474588
0.5135794847976934
0.5135608295320886
0.5135421094792509
0.5135233243665756
0.5135044739202427
0.5134855578652127
0.5134665759252213
0.5134475278227748
0.5134284132791465
0.5134092320143704
0.5133899837472374
0.5133706681952913
0.5133512850748225
0.5133318341008655
0.5133123149871918
0.5132927274463072
0.5132730711894469
0.5132533459265691
0.5132335513663527
0.5132136872161916
0.5131937531821896
0.5131737489691564
0.5131536742806029
0.5131335288187358
0.5131133122844546
0.5130930243773455
0.5130726647956769
0.5130522332363956
0.5130317293951215
0.5130111529661433
0.5129905036424133
0.5129697811155438
0.5129489850758017
0.5129281152121041
0.5129071712120139
0.5128861527617352
0.5128650595461081
0.5128438912486053
0.5128226475513261
0.5128013281349936
0.5127799326789483
0.512758460861145
0.5127369123581471
0.5127152868451234
0.5126935839958426
0.512671803482669
0.5126499449765584
0.5126280081470527
0.5126059926622767
0.5125838981889327
0.5125617243922966
0.5125394709362131
0.5125171374830911
0.5124947236939005
0.5124722292281662
0.5124496537439645
0.5124269968979188
0.512404258345196
0.5123814377395
0.5123585347330694
0.5123355489766728
0.5123124801196036
0.5122893278096773
0.5122660916932253
0.5122427714150924
0.512219366618632
0.5121958769457015
0.5121723020366589
0.5121486415303577
0.5121248950641437
0.5121010622738507
0.5120771427937957
0.5120531362567757
0.5120290422940637
0.5120048605354031
0.5119805906090067
0.5119562321415494
0.5119317847581667
0.5119072480824499
0.5118826217364417
0.5118579053406336
0.5118330985139609
0.511808200873799
0.5117832120359611
0.5117581316146919
0.5117329592226665
0.5117076944709845
0.5116823369691679
0.5116568863251568
0.511631342145306
0.5116057040343811
0.5115799715955553
0.5115541444304056
0.5115282221389099
0.511502204319443
0.5114760905687736
0.5114498804820597
0.5114235736528483
0.5113971696730678
0.5113706681330287
0.5113440686214181
0.5113173707252973
0.5112905740300983
0.5112636781196209
0.5112366825760299
0.5112095869798521
0.511182390909972
0.5111550939436308
0.5111276956564226
0.5111001956222909
0.511072593413527
0.5110448886007668
0.5110170807529875
0.5109891694375055
0.5109611542199739
0.5109330346643794
0.5109048103330405
0.510876480786604
0.5108480455840434
0.5108195042826561
0.5107908564380615
0.5107621016041982
0.5107332393333218
0.5107042691760031
0.5106751906811257
0.5106460033958838
0.510616706865781
0.5105873006346268
0.5105577842445359
0.510528157235926
0.5104984191475164
0.510468569516325
0.510438607877668
0.5104085337651577
0.5103783467107006
0.5103480462444967
0.510317631895037
0.5102871031891031
0.5102564596517651
0.5102257008063813
0.5101948261745951
0.5101638352763361
0.5101327276298181
0.510101502751537
0.5100701601562718
0.5100386993570822
0.5100071198653088
0.509975421190571
0.5099436028407679
0.5099116643220765
0.5098796051389519
0.509847424794126
0.5098151227886082
0.5097826986216838
0.5097501517909145
0.5097174817921383
0.5096846881194688
0.5096517702652952
0.509618727720283
0.5095855599733732
0.5095522665117832
0.5095188468210066
0.5094853003848129
0.5094516266852495
0.5094178252026407
0.5093838954155888
0.5093498368009748
0.5093156488339585
0.5092813309879802
0.5092468827347607
0.5092123035443027
0.5091775928848911
0.5091427502230951
0.5091077750237688
0.5090726667500524
0.5090374248633734
0.5090020488234488
0.5089665380882847
0.5089308921141806
0.5088951103557283
0.5088591922658157
0.5088231372956273
0.5087869448946466
0.5087506145106581
0.5087141455897493
0.5086775375763126
0.508640789913048
0.5086039020409645
0.508566873399384
0.508529703425942
0.5084923915565915
0.5084549372256052
0.5084173398655778
0.5083795989074293
0.5083417137804083
0.5083036839120936
0.5082655087283985
0.5082271876535741
0.5081887201102111
0.5081501055192448
0.5081113432999571
0.5080724328699812
0.5080333736453042
0.5079941650402715
0.5079548064675897
0.5079152973383319
0.5078756370619396
0.5078358250462285
0.5077958606973918
0.507755743420004
0.5077154726170267
0.5076750476898102
0.5076344680381014
0.5075937330600452
0.5075528421521909
0.5075117947094966
0.5074705901253335
0.5074292277914908
0.5073877070981816
0.5073460274340464
0.5073041881861592
0.5072621887400328
0.5072200284796232
0.5071777067873355
0.5071352230440298
0.5070925766290257
0.5070497669201084
0.507006793293534
0.5069636551240364
0.5069203517848313
0.5068768826476241
0.5068332470826136
0.5067894444585
0.5067454741424904
0.5067013355003043
0.506657027896181
0.5066125506928847
0.5065679032517121
0.5065230849324981
0.5064780950936228
0.5064329330920179
0.506387598283173
0.5063420900211428
0.5062964076585545
0.5062505505466135
0.5062045180351107
0.5061583094724299
0.5061119242055547
0.5060653615800758
0.5060186209401973
0.5059717016287452
0.5059246029871736
0.5058773243555732
0.5058298650726774
0.5057822244758705
0.5057344019011959
0.5056863966833617
0.5056382081557504
0.5055898356504251
0.5055412784981385
0.5054925360283387
0.5054436075691793
0.5053944924475253
0.5053451899889625
0.5052956995178041
0.5052460203570993
0.5051961518286415
0.5051460932529753
0.5050958439494062
0.5050454032360067
0.5049947704296259
0.5049439448458967
0.5048929257992447
0.5048417126028956
0.5047903045688842
0.5047387010080614
0.5046869012301035
0.50463490454352
0.504582710255662
0.5045303176727302
0.504477726099783
0.5044249348407449
0.5043719431984155
0.5043187504744763
0.5042653559695001
0.5042117589829586
0.504157958813231
0.5041039547576123
0.5040497461123209
0.5039953321725075
0.5039407122322628
0.5038858855846258
0.5038308515215922
0.5037756093341221
0.5037201583121482
0.5036644977445841
0.5036086269193318
0.5035525451232907
0.5034962516423643
0.5034397457614689
0.5033830267645414
0.5033260939345466
0.5032689465534859
0.5032115839024044
0.5031540052613984
0.5030962099096237
0.5030381971253026
0.5029799661857317
0.5029215163672891
0.502862846945442
0.5028039571947542
0.5027448463888928
0.5026855138006354
0.5026259587018778
0.5025661803636405
0.5025061780560761
0.5024459510484749
0.5023854986092737
0.5023248200060605
0.502263914505582
0.5022027813737504
0.5021414198756486
0.5020798292755381
0.5020180088368632
0.5019559578222591
0.5018936754935566
0.5018311611117875
0.5017684139371925
0.501705433229224
0.5016422182465534
0.5015787682470766
0.5015150824879178
0.5014511602254358
0.5013870007152287
0.5013226032121387
0.5012579669702568
0.5011930912429271
0.5011279752827518
0.5010626183415954
0.500997019670588
0.5009311785201304
0.5008650941398974
0.5007987657788417
0.5007321926851971
0.500665374106482
0.500598309289503
0.5005309974803573
0.5004634379244368
0.5003956298664289
0.5003275725503208
0.5002592652194011
0.5001907071162619
0.5001218974828018
0.5000528355602264
0.4999835205890508
0.4999139518091015
0.49984412845951637
0.4997740497787476
0.4997037150045607
0.49963312337403687
0.49956227412357324
0.4994911664888825
0.4994197997049939
0.499348173006253
0.4992762856263216
0.4992041367981775
0.499131725754113
0.4990590517257358
0.4989861139439665
0.4989129116390388
0.4988394440404968
0.4987657103771941
0.49869170987729283
0.4986174417682605
0.49854290527686806
0.49846809962918825
0.4983930240505926
0.49831767776574865
0.49824205999861704
0.4981661699724485
0.4980900069097807
0.498013570032434
0.4979368585615086
0.49785987171738
0.49778260871969515
0.4977050687873677
0.4976272511385745
0.4975491549907491
0.4974707795605791
0.4973921240639993
0.4973131877161868
0.4972339697315559
0.4971544693237525
0.49707468570564706
0.49699461808933015
0.49691426568610536
0.4968336277064829
0.496752703360173
0.4966714918560793
0.49658999240229185
0.4965082042060801
0.4964261264738853
0.4963437584113132
0.49626109922312656
0.49617814811323685
0.49609490428469716
0.4960113669396935
0.49592753527953637
0.49584340850465286
0.49575898581457806
0.49567426640794565
0.49558924948248
0.49550393423498645
0.4954183198613432
0.495332405556491
0.4952461905144241
0.4951596739281813
0.4950728549898358
0.49498573289048586
0.49489830682024494
0.4948105759682316
0.49472253952256
0.4946341966703294
0.4945455465976139
0.49445658848945306
0.4943673215298407
0.494277744901715
0.4941878577869478
0.49409765936633465
0.4940071488195836
0.4939163253253052
0.4938251880610021
0.4937337362030576
0.4936419689267256
0.4935498854061199
0.49345748481420376
0.4933647663227784
0.49327172910247385
0.4931783723227364
0.49308469515181985
0.49299069675677387
0.4928963763034332
0.4928017329564087
0.4927067658790749
0.49261147423356116
0.4925158571807404
0.49241991388021994
0.49232364349033003
0.49222704516811466
0.4921301180693217
0.4920328613483924
0.4919352741584525
0.49183735565130193
0.49173910497740553
0.4916405212858845
0.4915416037245058
0.49144235143967474
0.49134276357642537
0.4912428392784118
0.4911425776879002
0.4910419779457601
0.4909410391914566
0.4908397605630433
0.4907381411971532
0.49063618022899347
0.4905338767923361
0.490431230019513
0.49032823904140865
0.49022490298745436
0.4901212209856213
0.49001719216241607
0.48991281564287525
0.48980809055055957
0.48970301600754984
0.4895975911344431
0.48949181505034806
0.4893856868728814
0.48927920571816536
0.4891723707008242
0.4890651809339818
0.4889576355292608
0.48884973359677936
0.4887414742451512
0.48863285658148475
0.4885238797113828
0.4884145427389421
0.4883048447667553
0.48819478489591117
0.48808436222599716
0.4879735758551006
0.4878624248798121
0.48775090839522844
0.487639025494957
0.4875267752711195
0.48741415681435674
0.4873011692138353
0.4871878115572523
0.4870740829308421
0.4869599824193852
0.4868455091062141
0.486730662073223
0.4866154404008768
0.4864998431682205
0.48638386945289075
0.4862675183311257
0.48615078887777735
0.4860336801663244
0.48591619126888547
0.4857983212562321
0.48568006919780476
0.48556143416172737
0.4854424152148239
0.4853230114226349
0.4852032218494351
0.48508304555825266
0.4849624816108874
0.48484152906793143
0.48472018698878994
0.48459845443170224
0.48447633045376515
0.4843538141109555
0.48423090445815475
0.4841076005491735
0.48398390143677783
0.48385980617271596
0.4837353138077453
0.4836104233916615
0.4834851339733276
0.48335944460070407
0.4832333543208804
0.48310686218010696
0.48297996722382813
0.48285266849671593
0.4827249650427055
0.4825968559050305
0.48246834012626
0.4823394167483362
0.4822100848126135
0.4820803433598979
0.4819501914304876
0.48181962806421524
0.4816886523004902
0.481557263178342
0.481425459736466
0.48129324101326815
0.4811606060469118
0.4810275538753668
0.48089408353645635
0.4807601940679083
0.4806258845074058
0.48049115389263847
0.4803560012613569
0.480220425651425
0.4800844261008764
0.47994800164797013
0.4798111513312482
0.4796738741895937
0.4795361692622895
0.47939803558908095
0.47925947221023524
0.47912047816660464
0.4789810524996914
0.478841194251711
0.4787009024656595
0.4785601761853795
0.4784190144556292
0.4782774163221508
0.47813538083174195
0.47799290703232594
0.47784999397302547
0.47770664070423513
0.4775628462776977
0.47741860974657835
0.4772739301655429
0.4771288065908352
0.476983238080357
0.4768372236937469
0.4766907624924642
0.47654385353986817
0.4763964959013046
0.4762486886441887
0.4761004308380915
0.4759517215548269
0.4758025598685389
0.47565294485579196
0.4755028755956596
0.4753523511698169
0.4752013706626319
0.47504993316125943
0.4748980377557356
0.47474568353907265
0.4745928696073567
0.47443959505984407
0.47428585899906034
0.4741316605309007
0.4739769987647303
0.47382187281348487
0.47366628179377523
0.47351022482599026
0.47335370103440155
0.4731967095472694
0.47303924949694964
0.47288132002000166
0.47272292025729595
0.47256404935412544
0.47240470646031507
0.4722448907303338
0.4720846013234071
0.4719238374036304
0.47176259814008314
0.4716008827069451
0.47143869028361063
0.47127602005480806
0.4711128712107161
0.4709492429470832
0.47078513446534653
0.4706205449727536
0.47045547368248264
0.47028991981376506
0.4701238825920081
0.46995736124891874
0.46979035502262817
0.46962286315781676
0.4694548849058404
0.4692864195248565
0.4691174662799516
0.46894802444327
0.46877809329414133
0.4686076721192113
0.4684367602125699
0.4682653568758843
0.4680934614185278
0.467921073157713
0.4677481914186239
0.46757481553454866
0.46740094484701306
0.4672265787059149
0.46705171646965715
0.4668763575052845
0.4667005011886176
0.46652414690438954
0.46634729404638087
0.46616994201755774
0.4659920902302075
0.46581373810607674
0.4656348850765086
0.46545553058258016
0.46527567407524145
0.46509531501545354
0.4649144528743264
0.46473308713325884
0.46455121728407656
0.46436884282917146
0.4641859632816415
0.46400257816542934
0.4638186870154618
0.46363428937778906
0.4634493848097252
0.46326397287998633
0.4630780531688309
0.46289162526819816
0.4627046887818486
0.4625172433255017
0.4623292885269761
0.46214082402632706
0.4619518494759866
0.4617623645409004
0.4615723688986669
0.46138186223967437
0.46119084426723844
0.4609993146977398
0.4608072732607593
0.4606147196992168
0.46042165376950384
0.46022807524162135
0.4600339838993136
0.45983937954020176
0.4596442619759189
0.4594486310322418
0.4592524865492238
0.459055828381327
0.4588586563975518
0.4586609704815689
0.4584627705318473
0.4582640564617837
0.45806482819982997
0.4578650856896196
0.45766482889009474
0.45746405777563004
0.45726277233615714
0.4570609725772878
0.45685865852043545
0.45665583020293604
0.4564524876781677
0.4562486310156692
0.45604426030125744
0.4558393756371433
0.4556339771420458
0.45542806495130683
0.4552216392170021
0.455014700108052
0.45480724781033127
0.45459928252677656
0.4543908044774923
0.45418181389985623
0.4539723110486221
0.45376229619602093
0.4535517696318615
0.4533407316636284
0.45312918261657864
0.45291712283383556
0.45270455267648324
0.45249147252365624
0.4522778827726296
0.4520637838389063
0.45184917615630177
0.4516340601770286
0.45141843637177725
0.4512023052297946
0.45098566725896316
0.45076852298587444
0.4505508729559031
0.4503327177332771
0.4501140579011466
0.4498948940616504
0.4496752268359793
0.449455056864439
0.44923438480650785
0.44901321134089545
0.44879153716559583
0.4485693629979404
0.4483466895746467
0.44812351765186603
0.44789984800522753
0.4476756814298803
0.4474510187405324
0.44722586077148724
0.44700020837667775
0.44677406242969764
0.4465474238238295
0.4463202934720702
0.446092672307154
0.44586456128157237
0.4456359613675914
0.44540687355726555
0.44517729886244856
0.4449472383148031
0.44471669296580424
0.4444856638867434
0.44425415216872677
0.4440221589226715
0.4437896852792991
0.4435567323891256
0.44332330142244764
0.44308939356932764
0.44285501003957295
0.4426201520627139
0.4423848208879781
0.44214901778426063
0.4419127440400928
0.44167600096360565
0.44143878988249097
0.44120111214396
0.44096296911469707
0.44072436218081046
0.4404852927477814
0.4402457622404066
0.44000577210274106
0.4397653237980344
0.4395244188086654
0.43928305863607275
0.4390412448006822
0.43879897884183017
0.4385562623176848
0.4383130968051619
0.4380694838998392
0.4378254252158654
0.43758092238586765
0.43733597706085325
0.43709059091011027
0.4368447656211022
0.43659850289936125
0.4363518044683772
0.4361046720694821
0.4358571074617328
0.43560911242178896
0.4353606887437877
0.43511183823921484
0.4348625627367735
0.4346128640822469
0.4343627441383604
0.4341122047846382
0.43386124791725694
0.4336098754488962
0.4333580893085854
0.4331058914415469
0.43285328380903537
0.4326002683881751
0.43234684717179234
0.43209302216824463
0.43183879540124753
0.43158416890969636
0.4313291447474866
0.43107372498332874
0.4308179117005614
0.4305617069969599
0.43030511298454277
0.43004813178937445
0.42979076555136314
0.4295330164240586
0.429274886574443
0.4290163781827223
0.42875749344211067
0.4284982345586148
0.42823860375081363
0.4279786032496339
0.42771823529812575
0.42745750215123174
0.42719640607555504
0.42693494934912374
0.42667313426115144
0.4264109631117975
0.42614843821192083
0.42588556188283333
0.42562233645604913
0.42535876427303165
0.4250948476849376
0.42483058905235827
0.4245659907450569
0.42430105514170596
0.4240357846296189
0.4237701816044812
0.42350424847007717
0.423237987638016
0.4229714015274534
0.4227044925648124
0.4224372631835002
0.4221697158236232
0.4219018529317001
0.421633676960372
0.4213651903681099
0.4210963956189209
0.42082729518205103
0.4205578915316866
0.42028818714665334
0.42001818451011314
0.41974788610925795
0.419477294435004
0.4192064119816806
0.4189352412467208
0.41866378473034604
0.41839204493525234
0.41812002436629286
0.4178477255301588
0.4175751509350592
0.4173023030903984
0.41702918450645166
0.41675579769404003
0.4164821451642028
0.4162082294278684
0.4159340529955244
0.4156596183768853
0.4153849280805597
0.41510998461371496
0.414834790481742
0.4145593481879171
0.41428366023306373
0.41400772911521266
0.41373155732926087
0.41345514736662975
0.41317850171492077
0.41290162285757226
0.41262451327351374
0.41234717543681887
0.4120696118163596
0.4117918248754562
0.41151381707152923
0.4112355908557502
0.41095714867268923
0.4106784929599652
0.4103996261478931
0.41012055065913067
0.4098412689083257
0.4095617833017612
0.4092820962370021
0.4090022101025386
0.40872212727743185
0.40844185013095624
0.40816138102224453
0.4078807222999302
0.40759987630179034
0.40731884535438734
0.4070376317727118
0.40675623785982434
0.40647466590649695
0.40619291819085357
0.4059109969780133
0.4056289045197292
0.40534664305403084
0.4050642148048641
0.4047816219817325
0.4044988667793375
0.4042159513772202
0.4039328779394
0.40364964861401725
0.40336626553297333
0.4030827308115709
0.40279904654815546
0.4025152148237561
0.4022312377017264
0.40194711722738674
0.4016628554276637
0.4013784543107339
0.4010939158656636
0.40080924206205243
0.4005244348496744
0.40023949615812116
0.39995442789644386
0.3996692319527958
0.3993839101940771
0.39909846446557606
0.39881289659061453
0.39852720837019007
0.3982414015826219
0.39795547798319386
0.3976694393038006
0.39738328725259076
0.39709702351361426
0.39681064974646635
0.39652416758593423
0.39623757864164294
0.39595088449770194
0.395664086712352
0.39537718681761114
0.3950901863189232
0.39480308669480463
0.39451588939649174
0.39422859584759007
0.3939412074437204
0.3936537255521694
0.39336615151153626
0.39307848663138284
0.39279073219188176
0.3925028894434657
0.3922149596064767
0.391926943870815
0.3916388433955892
0.3913506593087648
0.39106239270681464
0.3907740446543675
0.3904856161838584
0.39019710829517784
0.3899085219553211
0.38961985809803823
0.3893311176234824
0.38904230139786017
0.3887534102530794
0.3884644449863992
0.3881754063600778
0.38788629510102085
0.3875971119004303
0.3873078574134511
0.3870185322588194
0.38672913701850936
0.3864396722373793
0.38615013842281853
0.3858605360443926
0.38557086553348807
0.3852811272829576
0.38499132164676336
0.3847014489396209
0.38441150943664004
0.38412150337296924
0.38383143094343364
0.3835412923021775
0.3832510875623021
0.3829608167955041
0.3826704800317141
0.38238007725873113
0.3820896084218591
0.3817990734235408
0.38150847212299027
0.38121780433582464
0.3809270698336957
0.38063626834391706
0.38034539954909435
0.38005446308674873
0.3797634585489446
0.3794723854819112
0.379181243385665
0.3788900317136301
0.37859874987225606
0.37830739722063533
0.3780159730701188
0.37772447668392756
0.37743290727676543
0.37714126401442793
0.37684954601341014
0.37655775234051114
0.3762658820124385
0.375973933995409
0.37568190720474787
0.37538980050448467
0.3750976127069495
0.3748053425723637
0.3745129888084303
0.3742205500699222
0.3739280249582657
0.3736354120211234
0.3733427097519755
0.373049916589695
0.3727570309181236
0.37246405106564384
0.3721709753047475
0.371877801851603
0.37158452886561855
0.37129115444900357
0.37099767664632577
0.3707040934440681
0.3704104027701783
0.37011660249362077
0.3698226904239214
0.3695286643107112
0.369234521843266
0.3689402606500452
0.3686458782982237
0.36835137229322495
0.36805674007824707
0.36776197903378965
0.3674670864771734
0.3671720596620605
0.366876895777969
0.3665815919497855
0.36628614523727465
0.3659905526345849
0.3656948110697517
0.36539891740419794
0.36510286843222983
0.3648066608805318
0.36451029140765734
0.3642137566035164
0.3639170529888608
0.36362017701476623
0.3633231250621115
0.36302589344105585
0.36272847839051103
0.3624308760776147
0.3621330825971971
0.361835093971248
0.36153690614838047
0.3612385150032915
0.36093991633622147
0.36064110587241144
0.3603420792615569
0.36004283207726206
0.35974335981648964
0.35944365789901167
0.35914372166685604
0.3588435463837546
0.35854312723458714
0.35824245932482657
0.3579415376799812
0.3576403572450395
0.35733891288390957
0.35703719937886325
0.35673521142997633
0.35643294365457123
0.3561303905866589
0.3558275466763814
0.35552440628945575
0.355220963706618
0.35491721312307073
0.35461314864792903
0.35430876430367086
0.35400405402558915
0.35369901166124623
0.353393630969931
0.35308790562211945
0.3527818291989397
0.3524753951916395
0.35216859700105907
0.35186142793710884
0.3515538812182525
0.3512459499709939
0.35093762722937355
0.3506289059344675
0.3503197789338969
0.3500102389813426
0.3497002787360692
0.34938989076245724
0.3490790675295432
0.34876780141057245
0.3484560846825582
0.34814390952585517
0.3478312680237418
0.3475181521620161
0.34720455382860355
0.346890464813179
0.3465758768068018
0.34626078140156663
0.3459451700902682
0.3456290342660846
0.34531236522227526
0.344995154151898
0.34467739214754467
0.3443590702010947
0.3440401792034905
0.3437207099445337
0.3434006531127016
0.343079999294989
0.34275873897677095
0.3424368625416934
0.34211436027158504
0.3417912223464008
0.34146743884418795
0.3411429997410852
0.3408178949113475
0.3404921141274035
0.3401656470599447
0.33983848327804583
0.3395106122493211
0.339182023340114
0.3388527058157221
0.3385226488406624
0.3381918414789708
0.33786027269454455
0.33752793135152304
0.3371948062147117
0.3368608859500483
0.3365261591251143
0.3361906142096902
0.33585423957635985
0.33551702350116
0.3351789541642825
0.3348400196508231
0.3345002079515857
0.3341595069639368
0.33381790449271653
0.33347538825120304
0.33313194586213646
0.33278756485879823
0.3324422326861517
0.3320959367020433
0.33174866417846505
0.33140040230288104
0.33105113817961723
0.33070085883131917
0.3303495512004744
0.32999720215100414
0.3296437984699251
0.32928932686908036
0.32893377398694346
0.3285771263904946
0.3282193705771706
0.3278604929768913
0.32750047995416065
0.32713931781024624
0.32677699278543626
0.32641349106137607
0.3260487987634846
0.3256829019634524
0.3253157866818204
0.32494743889064215
0.32457784451623006
0.3242069894419837
0.32383485951130475
0.3234614405305964
0.3230867182723482
0.3227106784783082
0.322333306862741
0.32195458911577235
0.32157451090682215
0.32119305788812347
0.3208102156983309
0.3204259699662138
0.3200403063144393
0.3196532103634414
0.31926466773537765
0.31887466405817166
0.31848318496964295
0.31809021612172167
0.31769574318474936
0.31729975185186293
0.3169022278434636
0.3165031569117671
0.31610252484543694
0.31570031747429655
0.3152965206741223
0.314891120371513
0.31448410254883724
0.3140754532492541
0.3136651585818071
0.31325320472659135
0.31283957793998696
0.31242426455996253
0.3120072510114422
0.3115885238117352
0.3111680695760276
0.3107458750229299
0.31032192698008065
0.309896212389803
0.30946871831481004
0.3090394319439569
0.308608340598036
0.3081754317356139
0.3077406929589028
0.30730411201966723
0.30686567682515964
0.3064253754440836
0.3059831961125768
0.30553912724021615
0.3050931574160343
0.3046452754145494
0.3041954702017996
0.3037437309413811
0.30329004700048384
0.30283440795592054
0.3023768036001456
0.3019172239472592
0.30145565923899065
0.30099209995065856
0.3005265367971017
0.30005896073857663
0.29958936298661626
0.2991177350098473
0.2986440685397581
0.29816835557641524
0.2976905883941235
0.29721075954702214
0.2967288618746168
0.2962448885072386
0.29575883287142773
0.2952706886952366
0.2947804500134474
0.29428811117269943
0.2937936668365236
0.29329711199027675
0.29279844194597227
0.2922976523470048
0.29179473917276294
0.29128969874312327
0.2907825277228297
0.2902732231257431
0.2897617823189681
0.28924820302684384
0.2887324833348047
0.2882146216930982
0.2876946169203628
0.2871724682070614
0.2866481751187645
0.2861217375992855
0.285593155973658
0.28506243095096134
0.28452956362698417
0.28399455548672675
0.2834574084067435
0.2829181246573159
0.2823767069044615
0.2818331582117739
0.2812874820420925
0.2807396822590005
0.2801897631281526
0.2796377293184273
0.279083585902908
0.27852733835968746
0.277968992572499
0.2774085548311739
0.2768460318319208
0.27628143067743444
0.2757147588768274
0.27514602434539
0.27457523540417583
0.27400240077941557
0.2734275296017612
0.2728506314053575
0.27227171612674705
0.27169079410360786
0.27110787607332454
0.27052297317139623
0.26993609692968284
0.26934725927449077
0.2687564725245019
0.26816374938854476
0.2675691029632159
0.26697254673034687
0.26637409455432604
0.26577376067927233
0.26517155972606804
0.2645675066892502
0.26396161693376574
0.26335390619159127
0.2627443905582232
0.26213308648903827
0.26152001079552906
0.2609051806414185
0.26028861353865507
0.25967032734329176
0.25905034025125395
0.2584286707939972
0.25780533783405946
0.25718036056051197
0.2565537584843083
0.2559255514335398
0.2552957595485981
0.2546644032772459
0.25403150336960517
0.2533970808730593
0.252761157127077
0.25212375375796003
0.2514848926735159
0.2508445960576626
0.2502028863649636
0.24955978631510115
0.2489153188872871
0.2482695073146157
0.24762237507836232
0.2469739459022282
0.2463242437465376
0.24567329280238673
0.24502111748575026
0.24436774243154574
0.24371319248765994
0.24305749270893923
0.24240066835114635
0.24174274486488773
0.2410837478895107
0.24042370324697646
0.23976263693570785
0.2391005751244177
0.23843754414591709
0.23777357049090836
0.23710868080176176
0.23644290186628095
0.23577626061145895
0.2351087840972249
0.23444049951018553
0.23377143415736185
0.2331016154599246
0.2324310709469303
0.23175982824905594
0.2310879150923414
0.23041535929193513
0.2297421887458473
0.22906843142871242
0.2283941153855632
0.22771926872561685
0.22704391961607515
0.2263680962759422
0.22569182696985812
0.22501514000195352
0.22433806370972467
0.2236606264579323
0.2229828566325224
0.22230478263457648
0.2216264328742871
0.22094783576496282
0.22026901971706553
0.2195900131322784
0.2189108443976082
0.2182315418795246
0.217552133918135
0.21687264882139784
0.21619311485937745
0.21551356025853965
0.2148340131960904
0.21415450179435952
0.21347505411523124
0.21279569815462046
0.21211646183700103
0.2114373730099817
0.21075845943893612
0.21007974880168664
0.209401268683241
0.20872304657058754
0.20804510984754765
0.2073674857896871
0.20669020155928713
0.20601328420038023
0.20533676063384637
0.2046606576525756
0.20398500191669572
0.20330981994886793
0.2026351381296499
0.2019609826929305
0.20128737972143346
0.2006143551422942
0.1999419347227106
0.19927014406566684
0.1985990086057338
0.19792855360494652
0.19725880414875835
0.19658978514207479
0.19592152130536597
0.1952540371708617
0.19458735707882574
0.1939215051739147
0.1932565054016193
0.19259238150478908
0.19192915702024405
0.1912668552754693
0.19060549938539828
0.18994511224928168
0.18928571654764384
0.18862733473932766
0.18796998905862797
0.1873137015125137
0.1866584938779397
0.18600438769924815
0.18535140428565972
0.1846995647088567
0.1840488898006533
0.18339940015076173
0.18275111610464365
0.18210405776145688
0.18145824497209076
0.18081369733729324
0.18017043420588877
0.1795284746730865
0.17888783757887985
0.17824854150653627
0.1776106047811759
0.1769740454684424
0.17633888137326026
0.17570513003868465
0.17507280874483616
0.1744419345079262
0.17381252407936978
0.1731845939449837
0.1725581603242724
0.17193323916980013
0.17130984616664596
0.17068799673194485
0.17006770601451227
0.16944898889454957
0.1688318599834334
0.16821633362358476
0.16760242388841806
0.16699014458236985
0.16637950924100428
0.16577053113119763
0.16516322325139562
0.1645575983319494
0.16395366883552143
0.1633514469575665
0.1627509446268833
0.1621521735062355
0.1615551449930439
0.1609598702201431
0.16036636005660734
0.15977462510864032
0.15918467572052947
0.15859652197566168
0.15801017369760245
0.15742564045123167
0.15684293154394116
0.15626205602688809
0.15568302269630277
0.15510584009485412
0.15453051651306438
0.15395705999077847
0.15338547831868146
0.15281577903986648
0.15224796945144914
0.15168205660622655
0.15111804731438466
0.15055594814524395
0.1499957654290507
0.14943750525880672
0.1488811734921376
0.14832677575319958
0.14777431743462208
0.14722380369948385
0.1466752394833248
0.1461286294961866
0.1455839782246863
0.14504128993411802
0.14450056867058242
0.14396181826314325
0.1434250423260079
0.14289024426073382
0.14235742725845385
0.1418265943021274
0.1412977481688082
0.14077089143193144
0.14024602646361922
0.1397231554370016
0.13920228032855306
0.13868340292044185
0.1381665248028935
0.13765164737656418
0.1371387718549261
0.13662789926666088
0.13611903045806173
0.13561216609544202
0.1351073066675515
0.13460445248799507
0.13410360369765767
0.13360476026713108
0.13310792199914318
0.13261308853098744
0.1321202593369539
0.131629433730758
0.1311406108679683
0.1306537897484323
0.1301689692186972
0.12968614797442818
0.12920532456282077
0.12872649738500713
0.12824966469845644
0.12777482461936798
0.12730197512505542
0.1268311140563229
0.1263622391198318
0.12589534789045737
0.12543043781363425
0.12496750620769126
0.12450655026617405
0.12404756706015514
0.123590553540531
0.12313550654030589
0.122682422776861
0.1222312988542096
0.12178213126523721
0.1213349163939251
0.12088965051755983
0.12044632980892478
0.12000495033847541
0.11956550807649802
0.11912799889525001
0.1186924185710831
0.11825876278654812
0.11782702713248087
0.1173972071100707
0.11696929813290752
0.11654329552901227
0.11611919454284607
0.11569699033729992
0.11527667799566449
0.11485825252358078
0.1144417088509678
0.11402704183393281
0.11361424625665828
0.11320331683326967
0.11279424820968136
0.11238703496542168
0.11198167161543707
0.11157815261187445
0.11117647234584209
0.11077662514914996
0.11037860529602757
0.10998240700482076
0.10958802443966678
0.10919545171214716
0.10880468288292089
0.10841571196333306
0.1080285329170043
0.10764313966139773
0.10725952606936356
0.10687768597066367
0.10649761315347327
0.10611930136586181
0.10574274431725247
0.10536793567985975
0.10499486909010604
0.10462353815001757
0.10425393642859833
0.10388605746318326
0.10351989476077078
0.10315544179933389
0.10279269202911137
0.10243163887387709
0.10207227573219084
0.10171459597862599
0.10135859296497977
0.10100426002146151
0.1006515904578612
0.10030057756469948
0.0999512146143558
0.09960349486217922
0.09925741154757804
0.09891295789509158
0.09857012711544191
0.09822891240656761
0.09788930695463724
0.09755130393504637
0.09721489651339418
0.09688007784644351
0.09654684108306145
0.09621517936514312
0.09588508582851733
0.09555655360383422
0.09522957581743714
0.0949041455922152
0.09458025604844095
0.09425790030458957
0.0939370714781432
0.09361776268637678
0.09329996704712988
0.09298367767956126
0.09266888770488715
0.09235559024710555
0.09204377843370361
0.09173344539635037
0.09142458427157427
0.09111718820142593
0.09081125033412658
0.09050676382470106
0.09020372183559724
0.08990211753729194
0.08960194410888095
0.08930319473865775
0.0890058626246768
0.08870994097530488
0.08841542300975787
0.08812230195862603
0.0878305710643857
0.08754022358189795
0.08725125277889631
0.08696365193646047
0.08667741434947973
0.08639253332710273
0.08610900219317728
0.08582681428667777
0.08554596296212062
0.08526644158997058
0.08498824355703391
0.08471136226684178
0.08443579114002354
0.08416152361466822
0.08388855314667737
0.08361687321010575
0.08334647729749431
0.08307735892019213
0.08280951160866827
0.08254292891281576
0.08227760440224485
0.08201353166656769
0.08175070431567459
0.08148911598
0.0812287603107813
0.0809696309803088
0.08071172168216645
0.08045502613146523
0.08019953806506866
0.07994525124180918
0.07969215944269853
0.07944025647112879
0.07918953615306706
0.07893999233724236
0.07869161889532555
0.07844440972210151
0.07819835873563569
0.07795345987743263
0.07770970711258791
0.07746709442993485
0.07722561584218295
0.07698526538605144
0.07674603712239599
0.07650792513632948
0.07627092353733739
0.07603502645938628
0.07580022806102765
0.07556652252549578
0.07533390406079996
0.075102366899812
0.07487190530034735
0.07464251354524268
0.074414185942427
0.07418691682498894
0.07396070055123831
0.07373553150476361
0.07351140409448491
0.07328831275470192
0.07306625194513794
0.07284521615097912
0.0726251998829101
0.0724061976771451
0.07218820409545505
0.07197121372519086
0.07175522117930305
0.07154022109635723
0.07132620814054597
0.0711131770016977
0.07090112239528104
0.07069003906240688
0.07047992176982627
0.07027076530992543
0.0700625645007175
0.06985531418583106
0.06964900923449631
0.06944364454152706
0.06923921502730096
0.0690357156377365
0.06883314134426725
0.06863148714381344
0.06843074805875127
0.06823091913687895
0.0680319954513812
0.06783397210079052
0.06763684420894697
0.06744060692495465
0.06724525542313722
0.06705078490298993
0.06685719058913056
0.06666446773124807
0.06647261160404887
0.06628161750720184
0.06609148076528107
0.0659021967277063
0.06571376076868321
0.06552616828713988
0.06533941470666345
0.06515349547543385
0.06496840606615685
0.06478414197599498
0.0646006987264974
0.06441807186352835
0.06423625695719368
0.06405524960176703
0.06387504541561337
0.06369564004111292
0.06351702914458236
0.06333920841619599
0.0631621735699048
0.06298592034335583
0.06281044449780868
0.06263574181805259
0.06246180811232156
0.06228863921220916
0.062116230972582134
0.06194457927149298
0.06177368001009227
0.06160352911253936
0.061434122525913196
0.06126545622012163
0.06109752618781075
0.06093032844427286
0.06076385902735407
0.06059811399736166
0.06043308943697023
0.06026878145112784
0.060105186166960894
0.05994229973367937
0.05978011832248151
0.059618638126456826
0.059457855360490364
0.059297766261165646
0.0591383670866671
0.05897965411668259
0.05882162365230545
0.058664272015936235
0.058507595551184
0.05835159062276751
0.0581962536164162
0.05804158093877078
0.057887569017283765
0.05773421430011945
0.05758151325605461
0.05742946237437782
0.057278058164789564
0.05712729715730211
0.05697717590213866
0.0568276909696334
0.05667883895013033
0.056530616453883284
0.05638302011095482
0.05623604657111585
0.05608969250374472
0.0559439545977269
0.05579882956135403
0.05565431412222327
0.0555104050271372
0.05536709904200284
0.05522439295173136
0.05508228356013803
0.05494076768984152
0.05479984218216406
0.054659503897031524
0.05451974971287331
0.054380576526522506
0.054241981253116925
0.05410396082599894
0.05396651219661677
0.053829632334424934
0.0536933182267859
0.0535575668788711
0.05342237531356235
0.05328774057135406
0.05315365971025464
0.053020129805689126
0.05288714795040133
0.0527547112543568
0.05262281684464572
0.052491461865385766
0.052360643477626104
0.05223035885925083
0.05210060520488293
0.05197137972578905
0.05184267964978353
0.05171450222113375
0.05158684470046513
0.05145970436466682
0.0513330785067973
0.05120696443599093
0.051081359477364
0.05095626097192181
0.050831666276465876
0.05070757276350131
0.05058397782114464
0.05046087885303201
0.05033827327822778
0.05021615853113354
0.05009453206139681
0.049973391333821386
