0.5421808937865233
0.6012780502672712
0.5825613276210757
0.5670809368796716
0.554977970017744
0.5459085797510826
0.5393435987280483
0.5347172162966033
0.5315211998540923
0.5293444403383705
0.5278761973789423
0.5268919493941295
0.5262343077839028
0.5257951740012491
0.5255013245202939
0.5253036276268243
0.5251693339107092
0.5250767170396765
0.5250114147800251
0.5249639601088951
0.5249281283711025
0.5248998366513065
0.5248764136021705
0.5248561163559124
0.5248378115794029
0.5248207652680599
0.524804504425863
0.5247887261913189
0.5247732382352891
0.5247579197439418
0.5247426959347034
0.5247275214566688
0.5247123696144724
0.5246972254021202
0.5246820810238519
0.5246669330339641
0.5246517805268791
0.5246366240055629
0.5246214646856532
0.5246063040774457
0.5245911437434104
0.5245759851651957
0.5245608296777543
0.5245456784436013
0.524530532450192
0.5245153925198309
0.5245002593256376
0.5244851334097271
0.5244700152013974
0.5244549050341494
0.5244398031609877
0.5244247097678104
0.5244096249849192
0.5243945488967772
0.5243794815502048
0.5243644229612093
0.5243493731206438
0.5243343319988752
0.5243192995496226
0.5243042757131019
0.524289260418598
0.5242742535865653
0.5242592551303392
0.5242442649575297
0.5242292829711542
0.5242143090705595
0.5241993431521682
0.524184385110087
0.524169434836598
0.5241544922225568
0.5241395571577173
0.5241246295309915
0.5241097092306617
0.5240947961445519
0.5240798901601654
0.5240649911647963
0.5240500990456195
0.5240352136897629
0.5240203349843655
0.5240054628166244
0.5239905970738309
0.5239757376434016
0.5239608844129007
0.52394603727006
0.5239311961027917
0.5239163607992013
0.5239015312475958
0.5238867073364896
0.5238718889546101
0.5238570759909011
0.523842268334525
0.5238274658748636
0.5238126685015194
0.5237978761043159
0.523783088573297
0.5237683057987256
0.5237535276710827
0.523738754081067
0.523723984919592
0.5237092200777855
0.5236944594469863
0.5236797029187437
0.523664950384815
0.5236502017371626
0.5236354568679531
0.523620715669554
0.5236059780345328
0.5235912438556533
0.5235765130258739
0.5235617854383459
0.5235470609864109
0.523532339563598
0.5235176210636219
0.523502905380381
0.5234881924079547
0.5234734820406011
0.5234587741727545
0.5234440686990242
0.5234293655141907
0.5234146645132054
0.5233999655911857
0.5233852686434155
0.5233705735653411
0.5233558802525701
0.5233411886008683
0.5233264985061579
0.5233118098645154
0.5232971225721695
0.5232824365254984
0.5232677516210282
0.5232530677554303
0.5232383848255192
0.5232237027282509
0.5232090213607206
0.5231943406201595
0.5231796604039347
0.5231649806095447
0.5231503011346196
0.5231356218769173
0.523120942734322
0.5231062636048421
0.5230915843866086
0.5230769049778717
0.5230622252770003
0.523047545182479
0.523032864592906
0.5230181834069916
0.5230035015235558
0.5229888188415263
0.5229741352599364
0.5229594506779236
0.5229447649947263
0.5229300781096833
0.5229153899222306
0.5229007003319002
0.5228860092383176
0.5228713165412004
0.5228566221403556
0.522841925935678
0.5228272278271485
0.522812527714832
0.522797825498875
0.5227831210795044
0.522768414357025
0.522753705231818
0.5227389936043385
0.5227242793751145
0.522709562444744
0.5226948427138938
0.522680120083298
0.522665394453754
0.5226506657261238
0.5226359338013298
0.5226211985803533
0.5226064599642335
0.5225917178540649
0.5225769721509955
0.5225622227562259
0.5225474695710057
0.5225327124966336
0.522517951434454
0.5225031862858567
0.5224884169522733
0.5224736433351773
0.5224588653360808
0.5224440828565335
0.522429295798121
0.5224145040624625
0.5223997075512092
0.5223849061660432
0.5223700998086743
0.5223552883808401
0.5223404717843029
0.5223256499208482
0.5223108226922836
0.5222959900004364
0.522281151747152
0.5222663078342924
0.5222514581637347
0.5222366026373688
0.522221741157096
0.5222068736248278
0.5221919999424829
0.5221771200119874
0.5221622337352712
0.5221473410142681
0.5221324417509126
0.5221175358471396
0.5221026232048815
0.5220877037260676
0.5220727773126218
0.5220578438664615
0.5220429032894954
0.5220279554836225
0.5220130003507297
0.5219980377926914
0.5219830677113664
0.5219680900085975
0.5219531045862095
0.5219381113460078
0.5219231101897761
0.5219081010192759
0.5218930837362443
0.5218780582423922
0.5218630244394037
0.5218479822289337
0.5218329315126065
0.5218178721920146
0.5218028041687169
0.5217877273442373
0.5217726416200628
0.5217575468976428
0.521742443078387
0.5217273300636639
0.5217122077547991
0.521697076053075
0.5216819348597276
0.5216667840759465
0.5216516236028723
0.5216364533415958
0.5216212731931567
0.5216060830585415
0.5215908828386824
0.5215756724344559
0.5215604517466813
0.5215452206761193
0.5215299791234703
0.5215147269893738
0.5214994641744057
0.5214841905790781
0.5214689061038373
0.5214536106490624
0.5214383041150638
0.5214229864020825
0.5214076574102877
0.5213923170397768
0.5213769651905723
0.5213616017626217
0.5213462266557957
0.5213308397698873
0.5213154410046095
0.5213000302595949
0.5212846074343938
0.5212691724284735
0.5212537251412157
0.5212382654719173
0.5212227933197862
0.5212073085839432
0.521191811163418
0.5211763009571496
0.5211607778639842
0.5211452417826739
0.5211296926118762
0.5211141302501521
0.5210985545959644
0.5210829655476775
0.5210673630035556
0.5210517468617609
0.5210361170203536
0.5210204733772895
0.5210048158304195
0.520989144277488
0.5209734586161319
0.5209577587438792
0.5209420445581479
0.5209263159562448
0.520910572835364
0.5208948150925868
0.5208790426248785
0.5208632553290894
0.5208474531019524
0.5208316358400815
0.520815803439972
0.5207999557979985
0.520784092810413
0.5207682143733456
0.5207523203828015
0.5207364107346613
0.5207204853246787
0.5207045440484807
0.5206885868015647
0.5206726134792996
0.5206566239769226
0.5206406181895391
0.5206245960121223
0.5206085573395107
0.5205925020664076
0.5205764300873803
0.5205603412968591
0.5205442355891354
0.5205281128583619
0.5205119729985501
0.5204958159035704
0.5204796414671512
0.5204634495828763
0.5204472401441858
0.5204310130443737
0.5204147681765879
0.5203985054338283
0.520382224708946
0.5203659258946434
0.5203496088834714
0.5203332735678299
0.5203169198399658
0.5203005475919729
0.5202841567157905
0.5202677471032022
0.5202513186458357
0.520234871235161
0.5202184047624897
0.5202019191189747
0.5201854141956087
0.520168889883223
0.5201523460724874
0.5201357826539086
0.5201191995178298
0.5201025965544295
0.5200859736537202
0.520069330705549
0.5200526675995948
0.5200359842253688
0.5200192804722135
0.5200025562293007
0.5199858113856322
0.5199690458300382
0.5199522594511765
0.5199354521375316
0.5199186237774138
0.5199017742589588
0.519884903470127
0.5198680112987015
0.5198510976322894
0.5198341623583184
0.5198172053640383
0.5198002265365191
0.5197832257626506
0.5197662029291412
0.5197491579225175
0.519732090629124
0.5197150009351207
0.5196978887264848
0.5196807538890079
0.5196635963082965
0.5196464158697705
0.5196292124586628
0.5196119859600189
0.5195947362586961
0.5195774632393624
0.5195601667864957
0.5195428467843846
0.5195255031171252
0.5195081356686231
0.5194907443225909
0.5194733289625484
0.5194558894718215
0.519438425733542
0.5194209376306469
0.5194034250458772
0.5193858878617783
0.5193683259606985
0.5193507392247886
0.5193331275360018
0.5193154907760928
0.5192978288266167
0.5192801415689294
0.5192624288841861
0.5192446906533418
0.5192269267571494
0.5192091370761607
0.5191913214907242
0.5191734798809862
0.5191556121268892
0.5191377181081714
0.5191197977043671
0.5191018507948048
0.519083877258608
0.5190658769746945
0.519047849821775
0.5190297956783535
0.5190117144227264
0.5189936059329825
0.5189754700870021
0.518957306762457
0.5189391158368092
0.5189208971873113
0.5189026506910066
0.5188843762247264
0.5188660736650924
0.5188477428885143
0.5188293837711903
0.5188109961891065
0.5187925800180366
0.5187741351335411
0.5187556614109683
0.5187371587254512
0.5187186269519103
0.5187000659650512
0.5186814756393654
0.5186628558491284
0.5186442064684015
0.5186255273710296
0.5186068184306425
0.518588079520653
0.5185693105142575
0.5185505112844361
0.5185316817039511
0.5185128216453481
0.5184939309809545
0.5184750095828801
0.5184560573230164
0.5184370740730364
0.5184180597043946
0.5183990140883266
0.5183799370958486
0.5183608285977579
0.5183416884646318
0.5183225165668277
0.5183033127744837
0.5182840769575172
0.518264808985625
0.5182455087282842
0.5182261760547504
0.5182068108340585
0.5181874129350222
0.5181679822262347
0.5181485185760668
0.5181290218526686
0.5181094919239683
0.518089928657672
0.5180703319212642
0.5180507015820077
0.5180310375069428
0.5180113395628876
0.5179916076164378
0.5179718415339669
0.517952041181626
0.5179322064253433
0.5179123371308247
0.517892433163553
0.5178724943887888
0.5178525206715696
0.5178325118767096
0.5178124678688009
0.5177923885122122
0.5177722736710895
0.5177521232093555
0.51773193699071
0.5177117148786304
0.5176914567363704
0.5176711624269607
0.5176508318132095
0.5176304647577017
0.5176100611227992
0.5175896207706415
0.5175691435631447
0.5175486293620021
0.5175280780286845
0.5175074894244396
0.5174868634102927
0.5174661998470464
0.5174454985952807
0.5174247595153528
0.5174039824673985
0.5173831673113299
0.517362313906838
0.517341422113391
0.5173204917902354
0.5172995227963956
0.5172785149906743
0.5172574682316524
0.5172363823776894
0.517215257286923
0.5171940928172698
0.5171728888264252
0.5171516451718636
0.517130361710838
0.517109038300382
0.5170876747973068
0.5170662710582042
0.5170448269394456
0.5170233422971825
0.5170018169873458
0.5169802508656471
0.5169586437875785
0.5169369956084126
0.5169153061832026
0.5168935753667827
0.5168718030137687
0.5168499889785575
0.5168281331153275
0.516806235278039
0.5167842953204346
0.5167623130960385
0.5167402884581578
0.5167182212598824
0.5166961113540848
0.5166739585934205
0.5166517628303288
0.5166295239170323
0.5166072417055377
0.5165849160476357
0.5165625467949009
0.5165401337986929
0.5165176769101563
0.5164951759802202
0.5164726308595998
0.5164500413987952
0.5164274074480926
0.5164047288575644
0.5163820054770694
0.5163592371562529
0.516336423744547
0.5163135650911719
0.5162906610451335
0.5162677114552274
0.5162447161700361
0.5162216750379303
0.5161985879070699
0.5161754546254029
0.5161522750406676
0.5161290490003901
0.5161057763518875
0.5160824569422666
0.5160590906184239
0.5160356772270469
0.516012216614614
0.5159887086273947
0.5159651531114495
0.5159415499126312
0.5159178988765839
0.5158941998487445
0.5158704526743422
0.5158466571983992
0.5158228132657305
0.5157989207209447
0.5157749794084443
0.5157509891724252
0.5157269498568782
0.5157028613055878
0.5156787233621344
0.5156545358698925
0.515630298672032
0.5156060116115195
0.5155816745311159
0.5155572872733796
0.5155328496806648
0.5155083615951226
0.5154838228587006
0.5154592333131446
0.5154345927999966
0.5154099011605974
0.5153851582360853
0.5153603638673969
0.5153355178952672
0.5153106201602302
0.5152856705026185
0.515260668762564
0.5152356147799981
0.5152105083946519
0.5151853494460561
0.5151601377735417
0.5151348732162402
0.5151095556130829
0.5150841848028025
0.5150587606239324
0.5150332829148069
0.5150077515135618
0.5149821662581345
0.5149565269862636
0.5149308335354899
0.5149050857431561
0.5148792834464067
0.514853426482189
0.5148275146872525
0.5148015478981491
0.5147755259512337
0.5147494486826638
0.5147233159284001
0.514697127524206
0.5146708833056484
0.5146445831080972
0.5146182267667258
0.5145918141165106
0.5145653449922322
0.5145388192284741
0.5145122366596238
0.5144855971198722
0.514458900443214
0.5144321464634473
0.5144053350141743
0.5143784659288008
0.5143515390405362
0.5143245541823935
0.5142975111871901
0.5142704098875458
0.5142432501158848
0.5142160317044348
0.5141887544852266
0.5141614182900948
0.5141340229506769
0.5141065682984141
0.5140790541645498
0.5140514803801315
0.5140238467760083
0.5139961531828329
0.51396839943106
0.5139405853509467
0.5139127107725522
0.5138847755257376
0.5138567794401661
0.5138287223453015
0.51380060407041
0.5137724244445572
0.5137441832966109
0.5137158804552383
0.5136875157489074
0.5136590890058854
0.5136306000542392
0.5136020487218347
0.5135734348363366
0.5135447582252076
0.5135160187157092
0.5134872161348994
0.5134583503096339
0.5134294210665652
0.5134004282321412
0.5133713716326063
0.5133422510939998
0.5133130664421556
0.5132838175027018
0.5132545041010602
0.5132251260624456
0.5131956832118653
0.5131661753741181
0.5131366023737944
0.5131069640352748
0.51307726018273
0.5130474906401201
0.5130176552311931
0.5129877537794856
0.5129577861083201
0.5129277520408065
0.5128976513998396
0.5128674840080986
0.5128372496880469
0.5128069482619311
0.5127765795517791
0.5127461433794007
0.5127156395663859
0.5126850679341038
0.5126544283037018
0.5126237204961048
0.5125929443320143
0.5125620996319069
0.5125311862160336
0.5125002039044184
0.5124691525168575
0.5124380318729183
0.5124068417919375
0.5123755820930211
0.5123442525950421
0.5123128531166395
0.5122813834762179
0.5122498434919449
0.5122182329817511
0.5121865517633274
0.5121547996541249
0.512122976471353
0.5120910820319775
0.5120591161527205
0.5120270786500568
0.5119949693402153
0.511962788039174
0.5119305345626619
0.5118982087261551
0.5118658103448759
0.5118333392337915
0.5118007952076116
0.5117681780807877
0.51173548766751
0.5117027237817072
0.5116698862370441
0.5116369748469187
0.5116039894244624
0.5115709297825365
0.5115377957337308
0.5115045870903621
0.5114713036644716
0.511437945267823
0.5114045117119013
0.5113710028079096
0.5113374183667673
0.5113037581991087
0.5112700221152802
0.5112362099253379
0.511202321439046
0.5111683564658746
0.511134314814996
0.5111001962952849
0.5110660007153139
0.5110317278833516
0.5109973776073606
0.5109629496949954
0.5109284439535988
0.5108938601902001
0.5108591982115124
0.5108244578239299
0.510789638833526
0.5107547410460496
0.5107197642669224
0.5106847083012374
0.5106495729537547
0.5106143580289001
0.5105790633307609
0.5105436886630835
0.5105082338292715
0.5104726986323805
0.510437082875118
0.510401386359838
0.5103656088885389
0.5103297502628603
0.5102938102840799
0.5102577887531106
0.5102216854704966
0.510185500236411
0.5101492328506514
0.5101128831126381
0.5100764508214093
0.5100399357756183
0.5100033377735305
0.509966656613019
0.5099298920915618
0.5098930440062379
0.509856112153724
0.5098190963302903
0.5097819963317979
0.5097448119536934
0.5097075429910071
0.5096701892383478
0.5096327504898992
0.5095952265394168
0.5095576171802227
0.5095199222052033
0.5094821414068036
0.5094442745770241
0.5094063215074169
0.509368281989081
0.5093301558126584
0.5092919427683299
0.5092536426458109
0.5092152552343471
0.5091767803227099
0.5091382176991925
0.5090995671516054
0.5090608284672717
0.5090220014330227
0.5089830858351931
0.5089440814596174
0.5089049880916243
0.5088658055160318
0.508826533517144
0.5087871718787448
0.508747720384094
0.5087081788159217
0.5086685469564247
0.5086288245872602
0.5085890114895417
0.5085491074438336
0.5085091122301464
0.5084690256279315
0.5084288474160761
0.508388577372898
0.5083482152761403
0.5083077609029665
0.5082672140299546
0.5082265744330924
0.5081858418877716
0.5081450161687826
0.5081040970503091
0.5080630843059225
0.5080219777085762
0.5079807770305997
0.5079394820436943
0.5078980925189258
0.5078566082267196
0.5078150289368545
0.5077733544184577
0.5077315844399977
0.5076897187692793
0.5076477571734375
0.5076056994189315
0.5075635452715379
0.5075212944963461
0.5074789468577505
0.5074365021194462
0.5073939600444204
0.5073513203949482
0.507308582932586
0.5072657474181639
0.5072228136117805
0.5071797812727958
0.5071366501598253
0.5070934200307335
0.507050090642626
0.5070066617518448
0.5069631331139604
0.5069195044837651
0.5068757756152675
0.506831946261684
0.5067880161754328
0.5067439851081276
0.5066998528105697
0.5066556190327411
0.5066112835237984
0.5065668460320651
0.5065223063050243
0.5064776640893117
0.5064329191307093
0.5063880711741369
0.5063431199636452
0.5062980652424095
0.5062529067527208
0.5062076442359795
0.5061622774326872
0.50611680608244
0.506071229923921
0.5060255486948915
0.5059797621321848
0.5059338699716978
0.5058878719483836
0.5058417677962437
0.5057955572483201
0.5057492400366879
0.5057028158924467
0.5056562845457132
0.5056096457256138
0.5055628991602751
0.5055160445768174
0.5054690817013459
0.5054220102589424
0.5053748299736583
0.5053275405685044
0.5052801417654447
0.505232633285387
0.5051850148481749
0.5051372861725791
0.5050894469762901
0.5050414969759079
0.5049934358869353
0.5049452634237688
0.5048969792996891
0.5048485832268544
0.5048000749162898
0.5047514540778799
0.5047027204203597
0.5046538736513058
0.5046049134771277
0.5045558396030587
0.5045066517331476
0.504457349570249
0.5044079328160151
0.5043584011708864
0.504308754334082
0.5042589920035925
0.5042091138761681
0.5041591196473121
0.5041090090112699
0.5040587816610206
0.5040084372882675
0.5039579755834293
0.5039073962356297
0.5038566989326891
0.503805883361115
0.5037549492060915
0.5037038961514716
0.503652723879766
0.5036014320721347
0.503550020408377
0.5034984885669214
0.5034468362248169
0.5033950630577226
0.5033431687398982
0.5032911529441941
0.503239015342042
0.5031867556034441
0.5031343733969647
0.5030818683897187
0.503029240247363
0.5029764886340855
0.5029236132125963
0.5028706136441157
0.5028174895883663
0.5027642407035614
0.5027108666463957
0.5026573670720342
0.5026037416341032
0.5025499899846788
0.5024961117742776
0.502442106651846
0.5023879742647493
0.5023337142587632
0.5022793262780605
0.5022248099652031
0.5021701649611306
0.5021153909051498
0.5020604874349243
0.5020054541864634
0.5019502907941126
0.5018949968905418
0.5018395721067358
0.5017840160719823
0.5017283284138622
0.5016725087582389
0.5016165567292463
0.5015604719492796
0.5015042540389832
0.5014479026172408
0.501391417301164
0.5013347977060809
0.5012780434455263
0.5012211541312298
0.5011641293731053
0.5011069687792395
0.5010496719558816
0.5009922385074314
0.5009346680364285
0.5008769601435414
0.5008191144275559
0.5007611304853645
0.5007030079119542
0.5006447463003968
0.5005863452418361
0.500527804325477
0.5004691231385752
0.5004103012664247
0.5003513382923467
0.5002922337976781
0.5002329873617611
0.5001735985619302
0.5001140669735024
0.500054392169764
0.4999945737219606
0.4999346111992842
0.49987450416886325
0.4998142521957497
0.4997538548429082
0.499693311671204
0.49963262223939175
0.4995717861041038
0.4995108028198377
0.49944967193894607
0.49938839301162374
0.4993269655858959
0.4992653892076074
0.4992036634204098
0.49914178776575074
0.49907976178286073
0.49901758500874327
0.4989552569781607
0.4988927772236245
0.4988301452753821
0.49876736066140515
0.4987044229073786
0.4986413315366869
0.4985780860704042
0.4985146860272812
0.49845113092373317
0.4983874202738284
0.49832355358927594
0.49825953037941406
0.49819535015119765
0.49813101240918634
0.4980665166555329
0.4980018623899708
0.4979370491098021
0.4978720763098856
0.497806943482625
0.49774165011795624
0.4976761957033356
0.49761057972372824
0.49754480166159504
0.4974788609968812
0.4974127572070043
0.4973464897668409
0.4972800581487165
0.49721346182239123
0.4971467002550495
0.49707977291128647
0.4970126792530966
0.49694541873986203
0.4968779908283389
0.4968103949726468
0.4967426306242553
0.49667469723197294
0.4966065942419341
0.49653832109758755
0.4964698772396839
0.4964012621062635
0.49633247513264456
0.49626351575141037
0.49619438339239785
0.4961250774826852
0.4960555974465793
0.4959859427056042
0.4959161126784889
0.49584610678115465
0.49577592442670343
0.49570556502540586
0.49563502798468845
0.49556431270912243
0.4954934186004109
0.4954223450573772
0.4953510914759526
0.4952796572491645
0.49520804176712413
0.4951362444170148
0.4950642645830798
0.49499210164661034
0.4949197549859333
0.49484722397640013
0.49477450799037415
0.4947016063972188
0.49462851856328593
0.49455524385190375
0.494481781623365
0.4944081312349155
0.4943342920407414
0.49426026339195844
0.4941860446365999
0.494111635119604
0.49403703418280376
0.49396224116491394
0.49388725540152023
0.49381207622506723
0.49373670296484695
0.4936611349469876
0.4935853714944416
0.4935094119269735
0.4934332555611509
0.4933569017103302
0.49328034968464696
0.49320359879100384
0.4931266483330601
0.4930494976112193
0.4929721459226186
0.492894592561118
0.49281683681728883
0.49273887797840227
0.49266071532841893
0.4925823481479781
0.49250377571438586
0.49242499730160527
0.49234601218024476
0.49226681961754787
0.49218741887738243
0.49210780922022956
0.4920279899031736
0.4919479601798916
0.49186771930064216
0.4917872665122557
0.4917066010581239
0.49162572217818945
0.49154462910893615
0.4914633210833781
0.4913817973310501
0.49130005707799773
0.491218099546767
0.4911359239563954
0.4910535295224009
0.4909709154567734
0.4908880809679642
0.4908050252608776
0.49072174753686026
0.49063824699369263
0.4905545228255795
0.49047057422314083
0.4903864003734027
0.490302000459788
0.4902173736621084
0.4901325191565547
0.4900474361156882
0.48996212370843295
0.4898765811000662
0.48979080745221093
0.4897048019228268
0.4896185636662028
0.4895320918329484
0.4894453855699862
0.4893584440205437
0.4892712663241463
0.48918385161660877
0.4890961990300283
0.48900830769277753
0.48892017672949645
0.48883180526108616
0.48874319240470143
0.48865433727374435
0.488565238977857
0.48847589662291546
0.48838630931102345
0.48829647614050553
0.4882063962059015
0.48811606859796036
0.48802549240363413
0.48793466670607305
0.4878435905846189
0.48775226311480085
0.48766068336832946
0.48756885041309195
0.4874767633131474
0.48738442112872216
0.48729182291620465
0.4871989677281425
0.48710585461323636
0.48701248261633806
0.4869188507784452
0.4868249581366981
0.4867308037243769
0.4866363865708973
0.48654170570180827
0.486446760138789
0.4863515488996464
0.4862560709983125
0.4861603254448418
0.4860643112454101
0.4859680274023123
0.48587147291396054
0.4857746467748833
0.4856775479757234
0.4855801755032385
0.485482528340299
0.48538460546588796
0.48528640585510163
0.4851879284791477
0.48508917230534787
0.48499013629713605
0.4848908194140605
0.4847912206117845
0.4846913388420872
0.48459117305286525
0.4844907221881348
0.4843899851880333
0.4842889609888215
0.48418764852288626
0.48408604671874383
0.4839841545010415
0.4838819707905624
0.48377949450422847
0.4836767245551046
0.4835736598524024
0.48347029930148533
0.4833666418038729
0.4832626862572462
0.4831584315554531
0.4830538765885139
0.48294902024262765
0.4828438614001779
0.48273839893974024
0.4826326317360881
0.4825265586602011
0.4824201785792719
0.48231349035671484
0.4822064928521735
0.48209918492153
0.481991565416913
0.48188363318670857
0.4817753870755684
0.4816668259244201
0.4815579485704779
0.48144875384725394
0.4813392405845677
0.4812294076085589
0.48111925374169906
0.48100877780280304
0.48089797860704253
0.4807868549659578
0.4806754056874726
0.4805636295759069
0.4804515254319908
0.48033909205288017
0.48022632823216993
0.4801132327599109
0.4799998044226248
0.4798860420033205
0.4797719442815104
0.4796575100332277
0.4795427380310438
0.4794276270440856
0.47931217583805424
0.4791963831752437
0.47908024781455993
0.47896376851153966
0.4788469440183717
0.4787297730839164
0.47861225445372646
0.47849438687006884
0.47837616907194636
0.4782575997951194
0.47813867777212926
0.4780194017323208
0.4778997704018665
0.47777978250379044
0.4776594367579923
0.4775387318812729
0.47741766658735973
0.4772962395869333
0.4771744495876521
0.47705229529418125
0.47692977540821924
0.47680688862852577
0.4766836336509501
0.4765600091684606
0.4764360138711732
0.47631164644638246
0.4761869055785908
0.47606178994954024
0.4759362982382437
0.4758104291210166
0.4756841812715097
0.4755575533607422
0.4754305440571343
0.4753031520265424
0.47517537593229303
0.47504721443521775
0.47491866619368917
0.47478972986365675
0.4746604040986834
0.47453068754998273
0.4744005788664568
0.4742700766947339
0.47413917967920816
0.47400788646207814
0.4738761956833861
0.47374410598106
0.4736116159909526
0.47347872434688415
0.47334542968068355
0.47321173062223126
0.47307762579950186
0.4729431138386083
0.4728081933638451
0.47267286299773364
0.4725371213610674
0.47240096707295703
0.4722643987508768
0.4721274150107118
0.47199001446680455
0.4718521957320035
0.47171395741771066
0.4715752981339313
0.47143621648932277
0.47129671109124427
0.4711567805458082
0.47101642345793016
0.47087563843138136
0.47073442406883975
0.4705927789719432
0.4704507017413425
0.4703081909767547
0.4701652452770174
0.47002186324014295
0.46987804346337453
0.4697337845432406
0.46958908507561137
0.46944394365575604
0.4692983588783988
0.46915232933777745
0.4690058536277004
0.4688589303416065
0.4687115580726222
0.4685637354136231
0.46841546095729275
0.4682667332961826
0.46811755102277386
0.46796791272953836
0.46781781700900005
0.46766726245379764
0.46751624765674693
0.46736477121090353
0.467212831709627
0.4670604277466439
0.46690755791611316
0.4667542208126892
0.46660041503158833
0.4664461391686533
0.4662913918204198
0.46613617158418175
0.4659804770580587
0.46582430684106185
0.465667659533162
0.4655105337353566
0.46535292804973777
0.4651948410795602
0.4650362714293102
0.46487721770477364
0.46471767851310564
0.46455765246289965
0.4643971381642571
0.46423613422885646
0.46407463927002474
0.4639126519028067
0.4637501707440349
0.4635871944124019
0.4634237215285302
0.4632597507150428
0.4630952805966352
0.4629303098001472
0.46276483695463283
0.46259886069143363
0.46243237964424927
0.4622653924492097
0.46209789774494786
0.46192989417267005
0.4617613803762296
0.4615923550021979
0.4614228166999369
0.4612527641216711
0.46108219592255983
0.460911110760769
0.4607395072975438
0.46056738419727966
0.4603947401275948
0.46022157375940215
0.46004788376698075
0.4598736688280475
0.4596989276238279
0.4595236588391286
0.4593478611624076
0.459171533285845
0.45899467390541415
0.45881728172095226
0.4586393554362294
0.45846089375901966
0.45828189540117054
0.45810235907867114
0.45792228351172237
0.4577416674248051
0.45756050954674826
0.4573788086107965
0.45719656335467784
0.4570137725206703
0.456830434855669
0.45664654911125163
0.4564621140437435
0.4562771284142833
0.45609159098888735
0.45590550053851303
0.4557188558391221
0.4555316556717435
0.45534389882253523
0.4551555840828455
0.4549667102492734
0.45477727612372854
0.45458728051349084
0.4543967222312682
0.45420560009525407
0.4540139129291847
0.4538216595623949
0.45362883882987287
0.45343544957231446
0.4532414906361766
0.4530469608737293
0.4528518591431076
0.4526561843083612
0.4524599352395043
0.45226311081256376
0.45206570990962613
0.4518677314188845
0.45166917423468317
0.4514700372575609
0.4512703193942944
0.45107001955794007
0.45086913666787365
0.4506676696498295
0.45046561743593877
0.45026297896476547
0.4500597531813417
0.4498559390372018
0.4496515354904141
0.4494465415056132
0.4492409560540281
0.4490347781135113
0.4488280066685655
0.4486206407103683
0.44841267923679606
0.44820412125244613
0.44799496576865705
0.4477852118035276
0.44757485838193406
0.44736390453554575
0.4471523493028392
0.44694019172910965
0.44672743086648237
0.4465140657739201
0.44630009551723193
0.44608551916907613
0.4458703358089652
0.4456545445232661
0.4454381444052002
0.44522113455484136
0.4450035140791104
0.44478528209176976
0.444566437713415
0.44434698007146467
0.4441269083001474
0.4439062215404884
0.44368491894029227
0.44346299965412495
0.443240462843293
0.4430173076758209
0.4427935333264259
0.44256913897649125
0.44234412381403665
0.442118487033687
0.44189222783663845
0.4416653454306224
0.4414378390298678
0.44120970785505975
0.44098095113329683
0.4407515680980467
0.44052155798909753
0.4402909200525091
0.4400596535405596
0.43982775771169147
0.43959523183045435
0.43936207516744563
0.43912828699924866
0.43889386660836693
0.4386588132831605
0.43842312631777314
0.43818680501206253
0.43794984867152575
0.43771225660722235
0.43747402813569475
0.4372351625788865
0.43699565926405837
0.4367555175237015
0.4365147366954467
0.436273316121974
0.436031255150917
0.4357885531347665
0.4355452094307696
0.43530122340082855
0.43505659441139566
0.4348113218333652
0.43456540504196317
0.43431884341663607
0.434071636340934
0.4338237832023939
0.4335752833924178
0.4333261363061515
0.43307634134235745
0.43282589790328724
0.4325748053945506
0.4323230632249819
0.4320706708065044
0.4318176275539914
0.4315639328851255
0.43130958622025445
0.43105458698224536
0.4307989345963357
0.4305426284899823
0.4302856680927069
0.4300280528359405
0.42976978215286415
0.42951085547824797
0.4292512722482874
0.4289910319004362
0.4287301338732385
0.428468577606158
0.4282063625394035
0.42794348811375393
0.4276799537703796
0.42741575895066153
0.4271509030960088
0.4268853856476734
0.42661920604656206
0.4263523637330474
0.426084858146775
0.42581668872646944
0.4255478549097384
0.42527835613287307
0.4250081918306482
0.42473736143611873
0.42446586438041567
0.42419370009253765
0.42392086799914347
0.4236473675243405
0.42337319808947094
0.4230983591128986
0.4228228500097905
0.4225466701918993
0.42226981906734257
0.42199229604038013
0.4217141005111913
0.42143523187564746
0.4211556895250863
0.4208754728460821
0.4205945812202155
0.4203130140238403
0.42003077062785177
0.41974785039745
0.419464252691904
0.4191799768643135
0.41889502226137076
0.41860938822311866
0.41832307408270963
0.41803607916616303
0.4177484027921205
0.41746004427160144
0.4171710029077562
0.416881277995619
0.41659086882186036
0.4162997746645371
0.41600799479284345
0.41571552846685983
0.41542237493730133
0.4151285334452662
0.4148340032219824
0.4145387834885551
0.4142428734557124
0.4139462723235513
0.41364897928128297
0.4133509935069781
0.413052314167311
0.4127529404173047
0.41245287140007497
0.4121521062465749
0.4118506440753391
0.4115484839922278
0.4112456250901714
0.4109420664489141
0.4106378071347601
0.41033284620031796
0.4100271826842452
0.4097208156109946
0.40941374399056135
0.4091059668182279
0.4087974830743132
0.40848829172391954
0.4081783917166817
0.40786778198651696
0.40755646145137514
0.4072444290129902
0.4069316835566324
0.4066182239508629
0.4063040490472877
0.4059891576803134
0.4056735486669055
0.40535722080634623
0.4050401728799954
0.4047224036510517
0.4044039118643161
0.40408469624595744
0.4037647555032782
0.40344408832448464
0.4031226933784558
0.40280056931451713
0.4024777147622158
0.4021541283310954
0.4018298086104771
0.40150475416924103
0.40117896355560845
0.40085243529693015
0.4005251678994741
0.4001971598482178
0.3998684096066419
0.3995389156165282
0.3992086762977599
0.3988776900481239
0.3985459552431181
0.39821347023575987
0.3978802333564
0.39754624291253776
0.39721149718864124
0.3968759944459706
0.3965397329224044
0.3962027108322709
0.3958649263661822
0.3955263776908725
0.3951870629490409
0.3948469802591987
0.39450612771551913
0.3941645033876936
0.39382210532079076
0.3934789315351217
0.39313498002610875
0.39279024876415847
0.3924447356945414
0.3920984387372759
0.3917513557870161
0.3914034847129466
0.39105482335868214
0.39070536954217217
0.3903551210556115
0.3900040756653566
0.3896522311118479
0.3892995851095377
0.38894613534682376
0.3885918794859909
0.38823681516315606
0.387880939988223
0.38752425154484105
0.3871667473903721
0.386808425055864
0.38644928204603046
0.38608931583923867
0.38572852388750456
0.38536690361649484
0.3850044524255365
0.384641167687635
0.3842770467494984
0.3839120869315724
0.38354628552808084
0.3831796398070761
0.3828121470104968
0.382443804354236
0.3820746090282162
0.38170455819647403
0.3813336489972544
0.38096187854311436
0.380589243921034
0.38021574219254084
0.3798413703938402
0.37946612553595793
0.37909000460489223
0.37871300456177676
0.3783351223430525
0.3779563548606523
0.37757669900219426
0.377196151631188
0.37681470958725116
0.3764323696863369
0.37604912872097357
0.3756649834605161
0.37527993065140947
0.3748939670174636
0.37450708926014065
0.37411929405885613
0.3737305780712904
0.3733409379337151
0.3729503702613319
0.3725588716486229
0.37216643866971827
0.3717730678787729
0.3713787558103605
0.37098349897987937
0.37058729388397377
0.3701901370009686
0.3697920247913191
0.3693929536980759
0.3689929201473627
0.36859192054887213
0.3681899512963748
0.36778700876824355
0.36738308932799496
0.3669781893248447
0.3665723050942803
0.36616543295864973
0.36575756922776503
0.365348710199523
0.3649388521605449
0.36452799138682745
0.3641161241444163
0.3637032466900928
0.3632893552720798
0.3628744461307631
0.3624585154994324
0.3620415596050376
0.36162357466896444
0.3612045569078266
0.36078450253427596
0.36036340775783193
0.3599412687857269
0.35951808182377104
0.3590938430772349
0.3586685487517507
0.35824219505423094
0.35781477819380647
0.3573862943827825
0.3569567398376118
0.35652611077988927
0.35609440343736243
0.35566161404496033
0.35522773884584374
0.3547927740924703
0.35435671604767977
0.35391956098579813
0.35348130519375964
0.35304194497224606
0.35260147663684605
0.3521598965192304
0.3517172009683488
0.3512733863516396
0.35082844905626287
0.35038238549034617
0.3499351920842516
0.3494868652918587
0.3490374015918635
0.3485867974890979
0.3481350495158613
0.347682154233274
0.34722810823264183
0.3467729081368416
0.3463165506017191
0.34585903231750525
0.34540035001024494
0.344940500443244
0.34447948041852855
0.3440172867783191
0.3435539164065211
0.3430893662302263
0.3426236332212279
0.34215671439755124
0.34168860682499425
0.3412193076186811
0.3407488139446283
0.34027712302132107
0.33980423212130084
0.33933013857276373
0.3388548397611677
0.338378333130851
0.33790061618665723
0.33742168649557025
0.3369415416883571
0.33646017946121637
0.33597759757743545
0.3354937938690519
0.335008766238522
0.33452251266039235
0.33403503118297795
0.3335463199300411
0.33305637710247604
0.33256520097999326
0.3320727899228073
0.3315791423733254
0.33108425685783394
0.3305881319881875
0.3300907664634948
0.32959215907180306
0.32909230869177947
0.32859121429439075
0.32808887494457445
0.3275852898029098
0.32708045812728115
0.32657437927453237
0.32606705270211805
0.325558477969743
0.325048654740995
0.3245375827849664
0.32402526197786563
0.3235116923046169
0.32299687386044845
0.3224808068524663
0.3219634916012149
0.32144492854222395
0.3209251182275363
0.3204040613272236
0.31988175863088103
0.3193582110491055
0.31883341961495537
0.3183073854853884
0.3177801099426805
0.3172515943958225
0.3167218403818945
0.31619084956741583
0.3156586237496738
0.3151251648580238
0.3145904749551664
0.31405455623839773
0.3135174110408297
0.3129790418325863
0.3124394512219673
0.3118986419565841
0.3113566169244646
0.31081337915512625
0.3102689318206175
0.3097232782365269
0.309176421862957
0.3086283663054663
0.3080791153159739
0.3075286727936294
0.3069770427856473
0.306424229488103
0.30587023724669077
0.30531507055744467
0.3047587340674206
0.3042012325753367
0.3036425710321754
0.3030827545417444
0.30252178836119525
0.30195967790150213
0.3013964287278952
0.30083204656025386
0.30026653727345587
0.29969990689768095
0.2991321616186723
0.298563307777953
0.2979933518729958
0.2974223005573489
0.29685016064071645
0.2962769390889902
0.2957026430242379
0.29512727972464303
0.2945508566243979
0.2939733813135502
0.29339486153780114
0.2928153051982564
0.29223472035112985
0.2916531152073983
0.2910704981324091
0.2904868776454393
0.28990226241920664
0.28931666127933253
0.2887300832037566
0.28814253732210304
0.28755403291499937
0.2869645794133464
0.28637418639754125
0.28578286359665006
0.28519062088753755
0.2845974682939443
0.28400341598551915
0.28340847427680493
0.28281265362617614
0.28221596463473014
0.28161841804513316
0.28102002474041926
0.28042079574274476
0.2798207422120968
0.2792198754449567
0.27861820687292044
0.27801574806127427
0.27741251070752637
0.2768085066398971
0.27620374781576584
0.2755982463200759
0.2749920143636988
0.2743850642817577
0.27377740853190996
0.273169059692592
0.27256003046122335
0.2719503336523742
0.2713399821958953
0.2707289891350094
0.2701173676243704
0.2695051309280828
0.26889229241769075
0.2682788655701318
0.2676648639656559
0.26705030128571705
0.2664351913108288
0.2658195479183933
0.26520338508049807
0.2645867168616862
0.2639695574166988
0.26335192098818827
0.2627338219044098
0.26211527457688377
0.26149629349803777
0.2608768932388227
0.26025708844630985
0.25963689384126326
0.2590163242156959
0.25839539443040394
0.2577741194124838
0.25715251415283313
0.2565305937036338
0.2559083731758216
0.2552858677365405
0.2546630926065855
0.2540400630578315
0.25341679441065323
0.25279330203133377
0.2521696013294641
0.2515457077553366
0.25092163679732976
0.2502974039792875
0.24967302485789505
0.2490485150200483
0.24842389008022392
0.2477991656778445
0.2471743574746457
0.2465494811520407
0.2459245524084901
0.24529958695686932
0.24467460052184306
0.24404960883724258
0.24342462764344758
0.2427996726847762
0.24217475970687988
0.24154990445414817
0.24092512266712224
0.24030043007991747
0.23967584241765777
0.23905137539392213
0.2384270447082025
0.23780286604337703
0.2371788550631958
0.23655502740978385
0.2359313987011593
0.235307984528768
0.23468480045503765
0.23406186201094853
0.2334391846936254
0.23281678396394806
0.23219467524418425
0.23157287391564293
0.2309513953163506
0.23033025473875046
0.22970946742742604
0.22908904857684698
0.22846901332914377
0.22784937677190392
0.2272301539359975
0.22661135979342795
0.2259930092552112
0.22537511716928263
0.22475769831843137
0.22414076741826688
0.22352433911521086
0.2229084279845225
0.22229304852835302
0.22167821517383113
0.2210639422711797
0.2204502440918651
0.21983713482677827
0.21922462858444672
0.21861273938928283
0.21800148117986218
0.21739086780723654
0.21678091303328148
0.21617163052907667
0.2155630338733212
0.2149551365507829
0.21434795195078352
0.21374149336571754
0.21313577398960662
0.21253080691669
0.21192660514004857
0.2113231815502663
0.21072054893412617
0.21011871997334147
0.2095177072433247
0.20891752321198973
0.2083181802385916
0.20771969057260145
0.20712206635261748
0.2065253196053109
0.20592946224441006
0.2053345060697161
0.20474046276615845
0.20414734390288353
0.2035551609323794
0.2029639251896358
0.20237364789133883
0.20178434013510277
0.201196012898733
0.20060867703952717
0.20002234329360982
0.1994370222752997
0.19885272447651386
0.1982694602662035
0.19768723988982465
0.19710607346884193
0.19652597100026473
0.1959469423562182
0.19536899728354365
0.19479214540343534
0.1942163962111053
0.19364175907548262
0.1930682432389426
0.1924958578170675
0.19192461179843787
0.19135451404445475
0.19078557328919027
0.19021779813927037
0.18965119707378406
0.18908577844422406
0.18852155047445374
0.187958521260704
0.1873966987715971
0.1868360908481969
0.18627670520408807
0.18571854942548
0.18516163097133775
0.18460595717353817
0.18405153523705198
0.1834983722401491
0.182946475134631
0.1823958507460843
0.18184650577415995
0.181298446792874
0.18075168025093197
0.18020621247207508
0.17966204965544863
0.17911919787599095
0.17857766308484413
0.17803745110978428
0.1774985676556728
0.17696101830492628
0.17642480851800585
0.17588994363392557
0.17535642887077837
0.1748242693262804
0.17429346997833173
0.1737640356855954
0.17323597118809161
0.17270928110780853
0.17218396994932822
0.17166004210046873
0.17113750183293946
0.1706163533030119
0.1700966005522035
0.16957824750797593
0.1690612979844443
0.16854575568310223
0.16803162419355533
0.1675189069942696
0.1670076074533288
0.16649772882920466
0.16598927427153606
0.1654822468219192
0.1649766494147078
0.16447248487782082
0.1639697559335621
0.16346846519944566
0.1629686151890315
0.16247020831276704
0.16197324687883802
0.1614777330940259
0.1609836690645705
0.1604910567970415
0.15999989819921406
0.15951019508095127
0.15902194915509094
0.15853516203833834
0.1580498352521633
0.1575659702237006
0.15708356828665732
0.15660263068222016
0.15612315855996864
0.1556451529787913
0.15516861490780337
0.1546935452272686
0.15421994472952172
0.15374781411989413
0.15327715401764094
0.15280796495686905
0.15234024738746627
0.15187400167603224
0.15140922810680882
0.15094592688261216
0.15048409812576327
0.15002374187901957
0.14956485810650652
0.14910744669464743
0.14865150745309266
0.14819704011564946
0.14774404434120778
0.14729251971466764
0.14684246574786208
0.14639388188048072
0.14594676748098895
0.14550112184754713
0.14505694420892584
0.14461423372541876
0.14417298948975338
0.1437332105279984
0.1432948958004679
0.14285804420262266
0.1424226545659673
0.141988725658945
0.14155625618782722
0.1411252447976009
0.14069569007285038
0.14026759053863563
0.13984094466136784
0.139415750849677
0.13899200745527873
0.1385697127738344
0.13814886504580712
0.137729462457313
0.13731150314096646
0.13689498517672294
0.13647990659271306
0.13606626536607475
0.1356540594237777
0.13524328664344454
0.13483394485416414
0.13442603183730117
0.13401954532730004
0.13361448301248152
0.13321084253583498
0.1328086214958051
0.1324078174470713
0.13200842790132214
0.13161045032802385
0.13121388215518154
0.13081872077009654
0.13042496352011562
0.13003260771337447
0.12964165061953545
0.12925208947051903
0.12886392146122796
0.12847714375026695
0.12809175346065368
0.12770774768052526
0.1273251234638375
0.12694387783105776
0.12656400776985163
0.1261855102357627
0.12580838215288642
0.12543262041453668
0.125058221883907
0.12468518339472348
0.12431350175189379
0.12394317373214657
0.12357419608466685
0.12320656553172356
0.12284027876929117
0.12247533246766432
0.12211172327206624
0.12174944780324999
0.1213885026580949
0.12102888441019469
0.12067058961043967
0.12031361478759284
0.11995795644885916
0.11960361108044912
0.11925057514813414
0.11889884509779781
0.11854841735597907
0.11819928833040962
0.11785145441054504
0.11750491196808988
0.11715965735751564
0.1168156869165732
0.11647299696679844
0.11613158381401263
0.11579144374881523
0.1154525730470719
0.11511496797039547
0.11477862476662126
0.114443539670276
0.11410970890304123
0.1137771286742103
0.11344579518113938
0.11311570460969321
0.11278685313468358
0.11245923692030381
0.11213285212055582
0.11180769487967215
0.11148376133253263
0.11116104760507436
0.11083954981469624
0.11051926407065932
0.11020018647447957
0.1098823131203163
0.10956564009535469
0.10925016348018293
0.10893587934916409
0.10862278377080274
0.10831087280810558
0.10800014251893729
0.10769058895637167
0.10738220816903626
0.10707499620145285
0.10676894909437272
0.10646406288510656
0.10616033360784942
0.10585775729400068
0.10555632997247956
0.10525604767003492
0.10495690641155067
0.10465890222034682
0.10436203111847456
0.10406628912700813
0.10377167226633066
0.1034781765564166
0.10318579801710868
0.10289453266839035
0.10260437653065467
0.1023153256249676
0.102027375973328
0.10174052359892194
0.10145476452637434
0.10117009478199451
0.10088651039401958
0.1006040073928517
0.10032258181129224
0.1000422296847723
0.09976294705157795
0.09948472995307217
0.09920757443391331
0.09893147654226825
0.09865643233002364
0.09838243785299128
0.09810948917111154
0.0978375823486512
0.09756671345439971
0.09729687856185976
0.0970280737494358
0.09676029510061807
0.09649353870416338
0.0962278006542728
0.0959630770507648
0.09569936399924675
0.09543665761128095
0.09517495400454926
0.09491424930301363
0.0946545396370726
0.09439582114371642
0.0941380899666772
0.09388134225657721
0.09362557417107337
0.09337078187499914
0.09311696154050325
0.09286410934718502
0.09261222148222802
0.09236129414052902
0.09211132352482576
0.09186230584582109
0.09161423732230413
0.09136711418126958
0.0911209326580334
0.0908756889963462
0.09063137944850426
0.09038800027545729
0.09014554774691438
0.08990401814144719
0.08966340774658976
0.08942371285893758
0.08918492978424292
0.08894705483750803
0.08871008434307585
0.08847401463471964
0.0882388420557281
0.08800456295899019
0.08777117370707703
0.08753867067232105
0.08730705023689381
0.08707630879288143
0.08684644274235792
0.08661744849745576
0.08638932248043597
0.08616206112375444
0.08593566087012781
0.08571011817259602
0.08548542949458401
0.08526159130996082
0.08503860010309748
0.08481645236892246
0.08459514461297535
0.08437467335145951
0.08415503511129177
0.08393622643015157
0.08371824385652775
0.08350108394976319
0.08328474328009941
0.08306921842871759
0.08285450598777964
0.08264060256046643
0.08242750476101544
0.0822152092147562
0.08200371255814487
0.08179301143879628
0.08158310251551598
0.08137398245832972
0.08116564794851192
0.08095809567861277
0.08075132235248415
0.08054532468530334
0.08034009940359706
0.08013564324526262
0.07993195295958803
0.07972902530727258
0.07952685706044327
0.07932544500267291
0.07912478592899477
0.07892487664591788
0.07872571397143935
0.07852729473505773
0.07832961577778315
0.07813267395214772
0.07793646612221436
0.0777409891635846
0.07754623996340533
0.07735221542037525
0.07715891244474862
0.07696632795834
0.07677445889452678
0.07658330219825123
0.07639285482602118
0.07620311374591075
0.0760140759375591
0.07582573839216883
0.07563809811250341
0.07545115211288435
0.07526489741918631
0.07507933106883238
0.07489445011078841
0.07471025160555649
0.07452673262516687
0.07434389025317134
0.07416172158463281
0.07398022372611689
0.07379939379568115
0.07361922892286411
0.07343972624867387
0.07326088292557591
0.07308269611747949
0.0729051629997251
0.07272828075906906
0.07255204659367007
0.0723764577130724
0.07220151133819087
0.07202720470129392
0.0718535350459863
0.07168049962719152
0.071508095711134
0.0713363205753196
0.07116517150851681
0.07099464581073682
0.07082474079321319
0.07065545377838132
0.07048678209985695
0.07031872310241451
0.07015127414196509
0.06998443258553397
0.06981819581123716
0.06965256120825844
0.06948752617682505
0.06932308812818401
0.0691592444845771
0.06899599267921577
0.06883333015625606
0.06867125437077269
0.06850976278873261
0.0683488528869694
0.06818852215315568
0.06802876808577617
0.06786958819410074
0.06771097999815598
0.06755294102869738
0.06739546882718153
0.0672385609457365
0.06708221494713378
0.06692642840475865
0.06677119890258097
0.06661652403512541
0.06646240140744133
0.06630882863507277
0.06615580334402811
0.06600332317074914
0.06585138576208058
0.06569998877523872
0.06554912987777992
0.06539880674756987
0.06524901707275102
0.06509975855171132
0.06495102889305177
0.06480282581555478
0.06465514704815098
0.06450799032988747
0.06436135340989439
0.06421523404735233
0.06406963001145968
0.06392453908139886
0.06377995904630361
0.06363588770522484
0.06349232286709812
0.06334926235070908
0.06320670398466004
0.06306464560733617
0.06292308506687125
0.06278202022111411
0.06264144893759371
0.0625013690934855
0.06236177857557672
0.06222267528023215
0.06208405711335936
0.06194592199037448
0.061808267836167274
0.06167109258506641
0.06153439418080502
0.06139817057648539
0.06126241973454438
0.061127139626718605
0.060992328234009005
0.060857983546646496
0.060724103564056185
0.060590686294823004
0.06045772975665592
0.06032523197635346
0.06019319098976796
0.06006160484177072
0.059930471586217005
0.05979978928591037
0.05966955601256744
0.05953976984678357
0.05941042887799636
0.05928153120445124
0.05915307493316625
0.05902505817989638
0.05889747906909877
0.05877033573389721
0.05864362631604734
0.058517348965901134
0.05839150184237199
0.05826608311289931
0.058141090953413854
0.05801652354830205
0.05789237909037188
0.05776865578081681
0.05764535182918143
0.05752246545332658
0.05739999487939417
0.057277938341772236
0.05715629408306052
0.057035060354035355
0.05691423541361514
0.05679381752882543
0.0566738049747645
0.05655419603456889
0.056434988999378446
0.05631618216830229
0.05619777384838412
0.056079762354567846
0.05596214600966369
0.05584492314431357
0.05572809209695703
0.05561165121379712
0.055495598848766564
0.05537993336349348
0.055264653127267645
0.055149756517006765
0.055035241917222685
0.05492110771998759
0.05480735232490045
0.054693974139053664
0.05458097157699939
0.05446834306071627
0.054356087019576324
0.05424420189031136
0.05413268611698031
0.05402153815093588
0.05391075645079162
0.053800339482389284
0.05369028571876572
0.05358059364012064
0.05347126173378337
0.05336228849418121
0.053253672422806146
0.053145412028183035
0.05303750582583747
0.052929952338262955
0.052822750094889806
0.05271589763205245
0.0526093934929579
0.05250323622765398
0.052397424392997646
0.05229195655262351
0.052186831276911906
0.052082047142958436
0.05197760273454166
0.05187349664209287
0.05176972746266437
0.051666293799898746
0.05156319426399804
0.05146042747169314
0.05135799204621264
0.05125588661725295
0.051154109820947175
0.05105266029983538
0.05095153670283394
0.05085073768520566
0.050750261908529506
0.05065010804067091
0.05055027475575205
0.05045076073412166
0.05035156466232593
0.05025268523307904
0.05015412114523314
0.0500558711037498
0.04995793381967052
