2.10871681919867
2.2728131086952974
2.2494492274683684
2.2119625071890736
2.1835963390126008
2.160708842155912
2.1407043214339048
2.122427878588086
2.105379930113463
2.0893194857024175
2.0741088656738143
2.059656188269045
2.045893113948636
2.032765124800526
2.0202265661057357
2.008237754633911
1.9967631325873678
1.985770019784868
1.9752277372158793
1.9651069748870724
1.9553793288639951
1.9460169616723435
1.9369923571125915
1.928278150264028
1.9198470189819548
1.91167162630413
1.903724604946008
1.8959785761078827
1.8884061955031308
1.8809802200494998
1.8736735891567764
1.8664595150533398
1.8593115771497626
1.8522038160499568
1.8451108234877052
1.8380078251784644
1.8308707543164426
1.8236763141939523
1.8164020291497998
1.8090262837411597
1.8015283506551032
1.7938884084109568
1.7860875503368687
1.7781077866231108
1.7699320414569963
1.7615441473326787
1.7529288386121342
1.744071746304775
1.7349593958491862
1.7255792094397744
1.7159195141621113
1.7059695569004092
1.6957195266731993
1.6851605847498916
1.6742849026087279
1.6630857075192802
1.651557335270542
1.639695289316749
1.6274963053737852
1.6149584202654297
1.6020810435875517
1.5888650305281216
1.5753127539529237
1.5614281736456435
1.547216900385163
1.5326862523645597
1.5178453013211284
1.5027049056727242
1.4872777279618545
1.47157823401344
1.455622671430384
1.4394290253932631
1.4230169501999241
1.4064076755719872
1.389623887453328
1.372689583805714
1.3556299067354691
1.338470953121937
1.321239566719112
1.3039631154208513
1.2866692579753922
1.2693857048706123
1.2521399783614904
1.2349591766611892
1.2178697471653925
1.2008972732374639
1.1840662785722675
1.1674000525112984
1.150920498939665
1.1346480105981158
1.1186013698324404
1.1027976760169007
1.0872522991612041
1.071978858568551
1.0569892248739174
1.0422935433679572
1.0279002762057665
1.0138162609082457
1.0000467824782966
0.9865956564624438
0.9734653203758354
0.9606569310592118
0.9481704657342923
0.9360048247541264
0.9241579342935397
0.9126268474802264
0.9014078427194029
0.890496518206709
0.8798878818494833
0.8695764360218275
0.8595562567617051
0.8498210671776771
0.8403643049689148
0.8311791840756142
0.8222587505693577
0.8135959329661386
0.8051835872006832
0.7970145365415479
0.7890816067542288
0.781377656836377
0.7738956056568764
0.7666284548308352
0.7595693081569731
0.7527113879337447
0.7460480484570586
0.7395727869865449
0.7332792524498369
0.7271612521359295
0.7212127566099332
0.7154279030627776
0.7098009972911361
0.7043265144850989
0.69899909898426
0.6938135631469089
0.6887648854620538
0.6838482080201096
0.6790588334452182
0.6743922213803509
0.6698439846055314
0.6654098848597076
0.6610858284278408
0.6568678615467716
0.6527521656761393
0.6487350526741503
0.6448129599121669
0.6409824453568806
0.6372401826442747
0.6335829561654002
0.6300076561804536
0.6265112739743713
0.6230908970643796
0.6197437044674341
0.6164669620333227
0.6132580178472793
0.6101142977043227
0.6070333006560487
0.6040125946293621
0.6010498121155478
0.5981426459270982
0.5952888450189371
0.5924862103699453
0.5897325909200961
0.5870258795580218
0.5843640091533299
0.5817449486277206
0.5791666990585486
0.5766272898083142
0.5741247746733213
0.5716572280446223
0.5692227410742761
0.566819417839872
0.564445371500318
0.5620987204358896
0.5597775843656808
0.5574800804357268
0.5552043192713236
0.5529484009873349
0.5507104111506739
0.548488416689634
0.5462804617452791
0.5440845634608729
0.5418987077061312
0.5397208447341355
0.5375488847699466
0.5353806935314213
0.5332140876844323
0.5310468302367097
0.5288766258768816
0.5267011162680612
0.524517875308546
0.5223244043759367
0.520118127575352
0.5178963870174208
0.5156564381575393
0.5133954452345274
0.511110476854464
0.5087985017741533
0.506456384948568
0.5040808839177953
0.5016686456215969
0.49921620374377734
0.4967199767042321
0.49417626643386475
0.49158125808649755
0.48893102086251017
0.4862215101409171
0.48344857113993606
0.48060794435021353
0.4776952730093912
0.47470611291077347
0.471635944861505
0.46848019012558356
0.46523422920256474
0.46189342430183394
0.45845314587249864
0.4549088035371646
0.4512558817510277
0.4474899804619469
0.4436068609787645
0.43960249716003763
0.43547313191001674
0.43121533881013363
0.42682608852051923
0.4223028193572491
0.41764351118921195
0.4128467615091752
0.40791186222586795
0.40283887541068364
0.39762870593157545
0.3922831686391181
0.3868050475603432
0.38119814443106254
0.3754673138831582
0.36961848272272047
0.36365865100494227
0.35759587304035134
0.351439217050226
0.34519870290953614
0.33888521824172313
0.3325104140165427
0.32608658169524923
0.3196265148064076
0.31314335856034325
0.30665045166686156
0.300161164867506
0.2936887408050875
0.287246139723656
0.2808458951352903
0.27449998303781953
0.2682197075653618
0.26201560515587513
0.25589736848383604
0.24987379058646994
0.24395272885587727
0.23814108791376898
0.23244481985485269
0.22686893995136176
0.22141755565550714
0.21609390661029904
0.21090041336667126
0.20583873258655314
0.20090981666571314
0.19611397591545462
0.19145094167860577
0.1869199290054977
0.18251969776564947
0.17824861130985403
0.17410469201766707
0.17008567326202406
0.16618904749343094
0.16241211029021446
0.15875200033949208
0.15520573540757096
0.15177024443079928
0.14844239591110292
0.14521902283740779
0.1420969443774718
0.13907298459698067
0.13614398846625017
0.13330683541166424
0.13055845066066954
0.12789581461726163
0.12531597049058407
0.12281603038348694
0.12039318003140731
0.11804468236530535
0.11576788005606803
0.11356019718206742
0.11141914014666612
0.10934229795851572
0.10732734197458525
0.10537202519401317
0.1034741811800867
0.10163172267789014
0.09984263998639636
0.09810499913591364
0.09641693991481551
0.09477667378327882
0.0931824817062799
0.09163271193327834
0.09012577774779698
0.08866015520640146
0.08723438088337829
0.08584704963459691
0.08449681239163448
0.08318237399513825
0.08190249107461038
0.0806559699802495
0.07944166477116862
0.07825847526318355
0.07710534513841319
0.07598126011813172
0.07488524619963484
0.07381636795732138
0.07277372690772313
0.07175645993783325
0.07076373779577134
0.06979476364257046
0.0688487716636746
0.06792502573858193
0.06702281816694938
0.06614146844939346
0.06528032212116354
0.06443874963683172
0.06361614530412488
0.06281192626502614
0.06202553152229018
0.061256421009532866
0.06050407470309724
0.05976799177392823
0.05904768977774215
0.0583427038818162
0.05765258612678302
0.056976904721864265
0.056315243372032836
0.055667200635649665
0.05503238931117843
0.05441043585163245
0.053800979805469704
0.05320367328269938
0.05261818044502051
0.05204417701886556
0.0514813498302665
0.050929396360517874
0.05038802432165162
0.049856951250786874
