0.4846073917254229
0.5257837924920489
0.523694577377203
0.5220336476024497
0.5208580931777946
0.52002803694552
0.519441436663488
0.5190254796475319
0.5187287131352459
0.5185150195063994
0.5183591599155751
0.5182435499849052
0.5181559610901112
0.5180878978266872
0.5180334605295323
0.5179885515372628
0.5179503230625625
0.5179167939278196
0.5178865838730525
0.5178587295098093
0.5178325568736087
0.5178075931674292
0.5177835056245939
0.5177600591319437
0.5177370868305095
0.5177144696954871
0.5176921223319915
0.5176699830765457
0.517648007083963
0.5176261614865937
0.51760442199425
0.5175827704974408
0.517561193370821
0.5175396802665587
0.5175182232515061
0.5174968161864781
0.5174754542767115
0.517454133743918
0.5174328515851602
0.5174116053940921
0.5173903932272864
0.5173692135033936
0.5173480649263922
0.5173269464266638
0.5173058571153678
0.5172847962488287
0.5172637632005269
0.5172427574389147
0.5172217785097369
0.5172008260218541
0.5171798996358241
0.5171589990546586
0.517138124016312
0.5171172742875606
0.517096449658994
0.5170756499409139
0.5170548749599622
0.5170341245563479
0.5170133985815619
0.5169926968964903
0.516972019369856
0.5169513658769322
0.5169307362984743
0.516910130519839
0.516889548430253
0.5168689899222061
0.5168484548909493
0.5168279432340781
0.5168074548511862
0.5167869896435793
0.5167665475140353
0.516746128366607
0.5167257321064584
0.5167053586397259
0.5166850078734064
0.5166646797152621
0.5166443740737409
0.5166240908579123
0.5166038299774112
0.5165835913423931
0.516563374863496
0.5165431804518081
0.5165230080188412
0.5165028574765087
0.5164827287371061
0.5164626217132959
0.5164425363180936
0.5164224724648564
0.5164024300672743
0.5163824090393605
0.5163624092954457
0.5163424307501714
0.5163224733184844
0.5163025369156324
0.5162826214571601
0.5162627268589054
0.5162428530369965
0.5162229999078488
0.5162031673881621
0.5161833553949189
0.5161635638453812
0.5161437926570895
0.5161240417478605
0.5161043110357851
0.5160846004392267
0.5160649098768201
0.5160452392674698
0.5160255885303477
0.5160059575848931
0.51598634635081
0.5159667547480667
0.5159471826968937
0.5159276301177826
0.5159080969314858
0.5158885830590139
0.5158690884216343
0.5158496129408721
0.5158301565385066
0.5158107191365708
0.5157913006573513
0.5157719010233858
0.5157525201574618
0.5157331579826172
0.5157138144221376
0.5156944893995551
0.5156751828386487
0.5156558946634414
0.5156366247982006
0.515617373167436
0.5155981396958991
0.5155789243085815
0.5155597269307151
0.5155405474877697
0.5155213859054523
0.5155022421097067
0.5154831160267124
0.5154640075828822
0.515444916704863
0.5154258433195343
0.5154067873540065
0.51538774873562
0.5153687273919455
0.5153497232507817
0.5153307362401547
0.5153117662883171
0.5152928133237475
0.5152738772751493
0.5152549580714485
0.5152360556417952
0.5152171699155607
0.5151983008223375
0.5151794482919382
0.5151606122543947
0.5151417926399569
0.5151229893790926
0.5151042024024859
0.5150854316410367
0.5150666770258598
0.5150479384882838
0.5150292159598511
0.5150105093723154
0.514991818657643
0.5149731437480104
0.5149544845758038
0.514935841073619
0.5149172131742598
0.5148986008107372
0.5148800039162695
0.5148614224242807
0.5148428562684
0.5148243053824604
0.5148057697004998
0.5147872491567578
0.5147687436856768
0.5147502532219004
0.514731777700273
0.5147133170558387
0.5146948712238413
0.5146764401397227
0.5146580237391226
0.5146396219578782
0.5146212347320227
0.5146028619977856
0.514584503691591
0.5145661597500575
0.5145478301099973
0.5145295147084161
0.5145112134825114
0.5144929263696733
0.514474653307482
0.5144563942337088
0.514438149086315
0.5144199178034508
0.5144017003234549
0.5143834965848544
0.5143653065263636
0.514347130086883
0.5143289672055006
0.5143108178214888
0.5142926818743055
0.5142745593035931
0.514256450049178
0.5142383540510695
0.5142202712494597
0.5142022015847233
0.514184144997416
0.5141661014282752
0.5141480708182187
0.5141300531083438
0.5141120482399283
0.5140940561544278
0.5140760767934773
0.5140581100988892
0.5140401560126535
0.5140222144769373
0.5140042854340837
0.5139863688266123
0.5139684645972177
0.5139505726887693
0.5139326930443118
0.5139148256070634
0.5138969703204154
0.5138791271279332
0.5138612959733542
0.513843476800588
0.5138256695537162
0.5138078741769916
0.5137900906148375
0.5137723188118483
0.5137545587127877
0.5137368102625897
0.5137190734063568
0.5137013480893604
0.5136836342570408
0.5136659318550052
0.513648240829029
0.5136305611250548
0.5136128926891917
0.513595235467715
0.5135775894070665
0.5135599544538529
0.5135423305548465
0.5135247176569844
0.513507115707368
0.5134895246532633
0.5134719444420992
0.5134543750214688
0.5134368163391279
0.5134192683429949
0.5134017309811507
0.5133842042018383
0.5133666879534619
0.5133491821845878
0.5133316868439426
0.5133142018804142
0.5132967272430503
0.513279262881059
0.5132618087438081
0.513244364780825
0.5132269309417958
0.513209507176566
0.5131920934351388
0.5131746896676765
0.5131572958244989
0.5131399118560835
0.5131225377130654
0.5131051733462364
0.5130878187065453
0.5130704737450974
0.5130531384131545
0.5130358126621342
0.5130184964436096
0.51300118970931
0.5129838924111186
0.5129666045010752
0.5129493259313729
0.5129320566543601
0.512914796622539
0.512897545788566
0.512880304105251
0.5128630715255574
0.5128458480026021
0.5128286334896549
0.512811427940138
0.5127942313076266
0.5127770435458482
0.5127598646086822
0.5127426944501601
0.5127255330244647
0.5127083802859309
0.5126912361890441
0.5126741006884414
0.5126569737389103
0.512639855295389
0.5126227453129661
0.5126056437468809
0.5125885505525217
0.5125714656854279
0.5125543891012876
0.5125373207559385
0.5125202606053678
0.5125032086057119
0.5124861647132555
0.5124691288844324
0.5124521010758253
0.5124350812441644
0.5124180693463287
0.5124010653393449
0.5123840691803878
0.5123670808267795
0.51235010023599
0.5123331273656361
0.5123161621734824
0.5122992046174399
0.5122822546555668
0.5122653122460676
0.5122483773472941
0.5122314499177434
0.5122145299160596
0.5121976173010325
0.5121807120315978
0.5121638140668371
0.5121469233659776
0.5121300398883918
0.5121131635935974
0.5120962944412579
0.512079432391181
0.5120625774033198
0.5120457294377719
0.5120288884547798
0.51201205441473
0.5119952272781536
0.5119784070057259
0.5119615935582665
0.5119447868967383
0.5119279869822484
0.5119111937760475
0.51189440723953
0.5118776273342334
0.5118608540218386
0.5118440872641696
0.5118273270231933
0.5118105732610203
0.5117938259399026
0.5117770850222364
0.5117603504705587
0.5117436222475504
0.511726900316034
0.5117101846389739
0.5116934751794773
0.5116767719007926
0.5116600747663108
0.5116433837395638
0.5116266987842253
0.5116100198641103
0.511593346943176
0.5115766799855198
0.5115600189553805
0.5115433638171383
0.5115267145353135
0.511510071074568
0.5114934333997039
0.5114768014756634
0.5114601752675303
0.5114435547405276
0.5114269398600193
0.5114103305915085
0.5113937269006392
0.5113771287531949
0.5113605361150988
0.5113439489524139
0.5113273672313425
0.5113107909182265
0.5112942199795469
0.5112776543819243
0.5112610940921178
0.5112445390770257
0.5112279893036857
0.5112114447392732
0.5111949053511029
0.511178371106628
0.5111618419734398
0.5111453179192684
0.5111287989119815
0.511112284919585
0.5110957759102233
0.5110792718521778
0.5110627727138681
0.5110462784638513
0.5110297890708224
0.511013304503613
0.5109968247311923
0.5109803497226673
0.5109638794472808
0.5109474138744134
0.5109309529735824
0.5109144967144414
0.510898045066781
0.5108815980005281
0.5108651554857455
0.5108487174926329
0.5108322839915254
0.5108158549528947
0.5107994303473479
0.5107830101456279
0.5107665943186133
0.510750182837318
0.5107337756728915
0.5107173727966182
0.5107009741799178
0.5106845797943447
0.5106681896115883
0.5106518036034731
0.5106354217419572
0.5106190439991343
0.5106026703472312
0.5105863007586099
0.5105699352057658
0.5105535736613283
0.5105372160980608
0.5105208624888602
0.5105045128067567
0.5104881670249144
0.5104718251166296
0.5104554870553328
0.5104391528145865
0.5104228223680868
0.5104064956896613
0.5103901727532713
0.5103738535330099
0.5103575380031019
0.5103412261379049
0.510324917911908
0.5103086132997321
0.5102923122761297
0.5102760148159845
0.5102597208943117
0.5102434304862575
0.5102271435670991
0.5102108601122441
0.5101945800972314
0.5101783034977295
0.510162030289538
0.5101457604485863
0.5101294939509331
0.5101132307727678
0.510096970890409
0.5100807142803045
0.510064460919032
0.5100482107832972
0.5100319638499359
0.5100157200959116
0.5099994794983167
0.5099832420343722
0.5099670076814269
0.5099507764169574
0.5099345482185687
0.5099183230639927
0.5099021009310892
0.5098858817978449
0.5098696656423733
0.5098534524429152
0.5098372421778379
0.5098210348256345
0.5098048303649247
0.5097886287744547
0.5097724300330955
0.5097562341198442
0.509740041013823
0.5097238506942798
0.5097076631405866
0.5096914783322404
0.5096752962488632
0.5096591168702007
0.5096429401761225
0.5096267661466225
0.5096105947618177
0.5095944260019489
0.5095782598473796
0.5095620962785965
0.5095459352762087
0.5095297768209478
0.5095136208936677
0.5094974674753439
0.5094813165470737
0.5094651680900759
0.5094490220856907
0.5094328785153788
0.5094167373607212
0.5094005986034209
0.5093844622252991
0.5093683282082982
0.5093521965344798
0.5093360671860245
0.509319940145233
0.5093038153945234
0.5092876929164338
0.5092715726936196
0.5092554547088545
0.5092393389450298
0.5092232253851547
0.5092071140123551
0.509191004809874
0.5091748977610704
0.5091587928494203
0.5091426900585156
0.5091265893720635
0.5091104907738869
0.5090943942479238
0.5090782997782267
0.509062207348963
0.509046116944414
0.509030028548975
0.5090139421471546
0.508997857723575
0.5089817752629708
0.50896569475019
0.5089496161701921
0.5089335395080491
0.5089174647489441
0.5089013918781717
0.5088853208811377
0.5088692517433584
0.5088531844504601
0.5088371189881792
0.508821055342362
0.5088049934989635
0.5087889334440479
0.5087728751637879
0.5087568186444643
0.508740763872466
0.5087247108342892
0.5087086595165372
0.5086926099059199
0.5086765619892537
0.5086605157534612
0.5086444711855704
0.5086284282727146
0.508612387002132
0.5085963473611651
0.5085803093372613
0.5085642729179705
0.5085482380909468
0.5085322048439472
0.508516173164831
0.5085001430415594
0.508484114462196
0.5084680874149057
0.5084520618879536
0.5084360378697061
0.5084200153486295
0.5084039943132896
0.508387974752352
0.5083719566545807
0.5083559400088382
0.5083399248040854
0.5083239110293807
0.5083078986738794
0.5082918877268335
0.5082758781775919
0.508259870015599
0.5082438632303945
0.5082278578116133
0.5082118537489849
0.5081958510323328
0.5081798496515738
0.5081638495967187
0.5081478508578705
0.5081318534252245
0.5081158572890678
0.508099862439779
0.5080838688678277
0.5080678765637736
0.5080518855182663
0.5080358957220452
0.5080199071659386
0.5080039198408633
0.5079879337378237
0.5079719488479125
0.507955965162309
0.5079399826722788
0.507924001369174
0.5079080212444325
0.5078920422895761
0.5078760644962129
0.5078600878560331
0.5078441123608123
0.5078281380024078
0.5078121647727599
0.5077961926638912
0.5077802216679053
0.5077642517769868
0.5077482829834011
0.5077323152794936
0.5077163486576882
0.5077003831104885
0.5076844186304763
0.5076684552103108
0.507652492842729
0.5076365315205439
0.5076205712366452
0.5076046119839981
0.5075886537556428
0.5075726965446935
0.5075567403443395
0.5075407851478425
0.5075248309485374
0.5075088777398309
0.5074929255152023
0.5074769742682012
0.5074610239924483
0.5074450746816336
0.5074291263295174
0.507413178929928
0.5073972324767625
0.5073812869639854
0.5073653423856281
0.5073493987357894
0.5073334560086324
0.5073175141983871
0.5073015732993469
0.5072856333058702
0.5072696942123788
0.5072537560133565
0.5072378187033508
0.5072218822769695
0.5072059467288826
0.5071900120538199
0.507174078246571
0.5071581453019851
0.5071422132149698
0.5071262819804908
0.5071103515935708
0.5070944220492895
0.5070784933427827
0.5070625654692414
0.507046638423912
0.5070307122020944
0.5070147867991426
0.5069988622104629
0.5069829384315142
0.5069670154578074
0.5069510932849037
0.5069351719084151
0.5069192513240028
0.5069033315273774
0.5068874125142976
0.5068714942805699
0.506855576822048
0.5068396601346316
0.5068237442142662
0.5068078290569425
0.5067919146586954
0.5067760010156035
0.5067600881237885
0.5067441759794142
0.5067282645786866
0.5067123539178517
0.5066964439931969
0.5066805348010484
0.5066646263377713
0.50664871859977
0.506632811583485
0.5066169052853945
0.5066009997020124
0.5065850948298889
0.5065691906656078
0.5065532872057876
0.5065373844470804
0.50652148238617
0.5065055810197732
0.5064896803446374
0.5064737803575405
0.5064578810552908
0.5064419824347252
0.5064260844927088
0.5064101872261347
0.5063942906319232
0.5063783947070203
0.5063624994483977
0.5063466048530519
0.5063307109180037
0.5063148176402967
0.5062989250169975
0.5062830330451944
0.5062671417219972
0.5062512510445353
0.5062353610099586
0.5062194716154356
0.5062035828581529
0.5061876947353148
0.5061718072441421
0.5061559203818717
0.5061400341457557
0.5061241485330606
0.5061082635410666
0.5060923791670674
0.5060764954083683
0.5060606122622863
0.5060447297261492
0.5060288477972947
0.5060129664730703
0.5059970857508307
0.5059812056279396
0.5059653261017671
0.5059494471696894
0.5059335688290886
0.5059176910773509
0.505901813911867
0.50588593733003
0.5058700613292362
0.5058541859068832
0.5058383110603694
0.5058224367870929
0.5058065630844522
0.5057906899498432
0.5057748173806603
0.5057589453742948
0.5057430739281336
0.50572720303956
0.5057113327059513
0.505695462924679
0.5056795936931081
0.5056637250085948
0.5056478568684886
0.5056319892701276
0.5056161222108422
0.5056002556879503
0.5055843896987592
0.5055685242405636
0.5055526593106452
0.5055367949062717
0.505520931024696
0.5055050676631557
0.5054892048188724
0.5054733424890502
0.5054574806708756
0.5054416193615163
0.5054257585581217
0.5054098982578191
0.5053940384577165
0.5053781791548995
0.505362320346431
0.5053464620293511
0.5053306042006752
0.5053147468573941
0.5052988899964731
0.5052830336148506
0.505267177709438
0.5052513222771187
0.5052354673147468
0.5052196128191473
0.5052037587871144
0.5051879052154115
0.5051720521007695
0.5051561994398865
0.5051403472294271
0.5051244954660224
0.5051086441462667
0.5050927932667195
0.5050769428239028
0.5050610928143018
0.5050452432343628
0.5050293940804932
0.5050135453490601
0.5049976970363907
0.5049818491387696
0.5049660016524402
0.5049501545736019
0.5049343078984107
0.5049184616229776
0.5049026157433687
0.5048867702556036
0.5048709251556541
0.5048550804394456
0.5048392361028533
0.5048233921417049
0.5048075485517758
0.504791705328792
0.504775862468427
0.504760019966302
0.5047441778179849
0.504728336018989
0.5047124945647737
0.5046966534507416
0.5046808126722395
0.504664972224557
0.504649132102925
0.5046332923025161
0.5046174528184435
0.5046016136457598
0.504585774779456
0.5045699362144619
0.5045540979456445
0.5045382599678065
0.5045224222756874
0.5045065848639609
0.5044907477272356
0.5044749108600527
0.5044590742568864
0.5044432379121435
0.5044274018201608
0.5044115659752056
0.5043957303714756
0.5043798950030964
0.5043640598641224
0.5043482249485345
0.5043323902502409
0.5043165557630747
0.5043007214807945
0.5042848873970838
0.5042690535055478
0.5042532197997162
0.5042373862730395
0.5042215529188898
0.5042057197305599
0.5041898867012621
0.5041740538241274
0.5041582210922054
0.5041423884984627
0.5041265560357832
0.5041107236969659
0.504094891474726
0.5040790593616924
0.5040632273504082
0.5040473954333293
0.5040315636028238
0.5040157318511712
0.5039999001705624
0.5039840685530973
0.5039682369907863
0.5039524054755476
0.5039365739992074
0.5039207425534993
0.5039049111300629
0.5038890797204436
0.5038732483160923
0.5038574169083632
0.503841585488515
0.5038257540477085
0.5038099225770067
0.5037940910673744
0.5037782595096766
0.5037624278946787
0.5037465962130447
0.5037307644553382
0.5037149326120196
0.5036991006734467
0.5036832686298744
0.5036674364714526
0.5036516041882269
0.5036357717701363
0.5036199392070145
0.5036041064885878
0.5035882736044748
0.5035724405441856
0.5035566072971215
0.5035407738525733
0.5035249401997227
0.5035091063276393
0.5034932722252812
0.503477437881494
0.5034616032850103
0.5034457684244491
0.5034299332883145
0.5034140978649955
0.5033982621427657
0.5033824261097825
0.5033665897540853
0.5033507530635967
0.5033349160261203
0.5033190786293411
0.5033032408608241
0.503287402708014
0.5032715641582348
0.5032557251986888
0.5032398858164557
0.5032240459984929
0.5032082057316342
0.5031923650025883
0.503176523797941
0.5031606821041509
0.5031448399075517
0.5031289971943498
0.5031131539506251
0.5030973101623293
0.5030814658152851
0.5030656208951869
0.5030497753875992
0.503033929277956
0.5030180825515608
0.5030022351935852
0.5029863871890691
0.5029705385229194
0.5029546891799102
0.502938839144681
0.5029229884017379
0.5029071369354511
0.5028912847300557
0.5028754317696504
0.5028595780381976
0.5028437235195217
0.5028278681973097
0.5028120120551102
0.5027961550763324
0.5027802972442462
0.5027644385419817
0.502748578952528
0.5027327184587328
0.5027168570433022
0.5027009946888001
0.5026851313776475
0.5026692670921222
0.5026534018143574
0.5026375355263427
0.5026216682099222
0.5026057998467942
0.502589930418512
0.5025740599064812
0.5025581882919609
0.5025423155560625
0.5025264416797494
0.502510566643836
0.5024946904289881
0.5024788130157215
0.5024629343844019
0.5024470545152444
0.5024311733883131
0.5024152909835204
0.5023994072806265
0.5023835222592391
0.502367635898813
0.5023517481786488
0.5023358590778939
0.5023199685755411
0.5023040766504272
0.5022881832812349
0.5022722884464902
0.502256392124563
0.5022404942936662
0.5022245949318556
0.5022086940170292
0.5021927915269268
0.5021768874391295
0.5021609817310597
0.5021450743799798
0.5021291653629922
0.5021132546570398
0.5020973422389037
0.502081428085204
0.5020655121723995
0.5020495944767868
0.5020336749744996
0.5020177536415091
0.5020018304536232
0.5019859053864856
0.5019699784155764
0.5019540495162109
0.5019381186635395
0.5019221858325471
0.5019062509980533
0.5018903141347112
0.5018743752170074
0.5018584342192617
0.5018424911156265
0.5018265458800871
0.50181059848646
0.501794648908394
0.5017786971193684
0.501762743092694
0.5017467868015119
0.5017308282187932
0.5017148673173392
0.5016989040697802
0.5016829384485758
0.5016669704260144
0.5016509999742127
0.5016350270651156
0.5016190516704956
0.5016030737619523
0.5015870933109133
0.501571110288632
0.5015551246661887
0.5015391364144896
0.5015231455042665
0.5015071519060772
0.5014911555903041
0.5014751565271549
0.5014591546866615
0.50144315003868
0.5014271425528909
0.5014111321987976
0.5013951189457274
0.5013791027628308
0.5013630836190803
0.5013470614832716
0.5013310363240219
0.5013150081097711
0.5012989768087805
0.5012829423891324
0.5012669048187305
0.5012508640652991
0.5012348200963835
0.5012187728793489
0.5012027223813806
0.501186668569484
0.5011706114104838
0.501154550871024
0.5011384869175673
0.5011224195163961
0.5011063486336107
0.5010902742351296
0.50107419628669
0.5010581147538463
0.5010420296019711
0.501025940796254
0.5010098483017023
0.5009937520831393
0.500977652105206
0.5009615483323595
0.5009454407288734
0.5009293292588372
0.5009132138861564
0.5008970945745524
0.5008809712875618
0.5008648439885367
0.500848712640644
0.5008325772068662
0.5008164376499997
0.500800293932656
0.5007841460172608
0.5007679938660541
0.5007518374410895
0.5007356767042349
0.5007195116171714
0.5007033421413942
0.5006871682382109
0.5006709898687434
0.5006548069939255
0.5006386195745046
0.5006224275710401
0.5006062309439047
0.5005900296532826
0.5005738236591709
0.5005576129213786
0.5005413973995262
0.5005251770530464
0.5005089518411837
0.5004927217229934
0.500476486657343
0.5004602466029106
0.5004440015181856
0.5004277513614686
0.5004114960908705
0.5003952356643137
0.5003789700395304
0.5003626991740638
0.5003464230252677
0.5003301415503052
0.5003138547061506
0.5002975624495876
0.5002812647372101
0.5002649615254218
0.5002486527704358
0.5002323384282755
0.5002160184547734
0.5001996928055711
0.5001833614361202
0.5001670243016813
0.500150681357324
0.5001343325579274
0.5001179778581789
0.5001016172125756
0.5000852505754227
0.5000688779008348
0.5000524991427346
0.5000361142548538
0.5000197231907326
0.5000033259037195
0.4999869223469711
0.49997051247345325
0.4999540962359391
0.4999376735870105
0.4999212444790572
0.4999048088642772
0.4998883666946765
0.4998719179220691
0.4998554624980767
0.4998390003741291
0.49982253150146383
0.49980605583112614
0.4997895733139689
0.4997730839006529
0.49975658754164654
0.4997400841872257
0.4997235737874735
0.4997070562922814
0.49969053165134747
0.4996739998141779
0.49965746073008577
0.49964091434819174
0.49962436061742393
0.49960779948651796
0.49959123090401586
0.49957465481826807
0.4995580711774317
0.499541479929471
0.49952488102215764
0.49950827440307044
0.4994916600195952
0.4994750378189251
0.4994584077480608
0.49944176975380905
0.49942512378278464
0.49940846978140907
0.49939180769591135
0.4993751374723266
0.49935845905649817
0.49934177239407557
0.49932507743051613
0.49930837411108364
0.4992916623808492
0.499274942184691
0.49925821346729427
0.49924147617315096
0.4992247302465604
0.4992079756316291
0.4991912122722706
0.49917444011220496
0.49915765909496007
0.4991408691638703
0.4991240702620774
0.4991072623325302
0.49909044531798497
0.4990736191610039
0.4990567838039576
0.49903993918902345
0.49902308525818573
0.4990062219532361
0.4989893492157731
0.49897246698720266
0.4989555752087381
0.4989386738214
0.49892176276601535
0.4989048419832194
0.49888791141345423
0.4988709709969693
0.49885402067382123
0.49883706038387404
0.4988200900667994
0.49880310966207586
0.4987861191089896
0.4987691183466343
0.49875210731391095
0.4987350859495281
0.49871805419200155
0.4987010119796548
0.49868395925061904
0.4986668959428324
0.4986498219940417
0.4986327373417999
0.49861564192346874
0.49859853567621715
0.49858141853702187
0.49856429044266726
0.49854715132974525
0.4985300011346558
0.4985128397936065
0.49849566724261296
0.4984784834174982
0.4984612882538933
0.4984440816872376
0.49842686365277755
0.49840963408556815
0.4983923929204725
0.4983751400921609
0.49835787553511235
0.49834059918361345
0.4983233109717594
0.49830601083345316
0.4982886987024055
0.49827137451213566
0.49825403819597125
0.49823668968704776
0.4982193289183088
0.49820195582250637
0.49818457033220076
0.4981671723797605
0.4981497618973625
0.49813233881699176
0.4981149030704419
0.4980974545893146
0.4980799933050203
0.4980625191487777
0.49804503205161366
0.4980275319443637
0.49801001875767215
0.49799249242199123
0.4979749528675821
0.49795740002451405
0.4979398338226654
0.49792225419172254
0.49790466106118075
0.4978870543603439
0.49786943401832406
0.4978517999640425
0.4978341521262286
0.4978164904334207
0.4977988148139656
0.49778112519601886
0.4977634215075447
0.49774570367631593
0.4977279716299142
0.4977102252957294
0.49769246460096084
0.49767468947261606
0.4976568998375114
0.4976390956222716
0.49762127675333045
0.4976034431569306
0.49758559475912306
0.49756773148576755
0.49754985326253276
0.49753196001489575
0.49751405166814244
0.49749612814736754
0.4974781893774742
0.4974602352831742
0.4974422657889883
0.49742428081924567
0.49740628029808415
0.4973882641494501
0.49737023229709865
0.4973521846645934
0.4973341211753067
0.4973160417524192
0.49729794631892005
0.49727983479760735
0.497261707111087
0.4972435631817738
0.497225402931891
0.4972072262834699
0.4971890331583508
0.49717082347818153
0.49715259716441884
0.49713435413832746
0.4971160943209804
0.4970978176332588
0.49707952399585237
0.49706121332925834
0.49704288555378223
0.4970245405895377
0.4970061783564465
0.49698779877423793
0.4969694017624493
0.4969509872404259
0.4969325551273205
0.4969141053420942
0.4968956378035152
0.49687715243015934
0.49685864914041
0.49684012785245846
0.49682158848430297
0.4968030309537491
0.49678445517841013
0.4967658610757059
0.4967472485628642
0.49672861755691894
0.4967099679747119
0.49669129973289117
0.49667261274791186
0.4966539069360357
0.4966351822133312
0.49661643849567344
0.49659767569874386
0.4965788937380305
0.4965600925288272
0.49654127198623443
0.49652243202515894
0.49650357256031274
0.4964846935062144
0.4964657947771879
0.49644687628736295
0.4964279379506749
0.49640897968086467
0.496390001391478
0.4963710029958664
0.4963519844071864
0.4963329455383993
0.49631388630227125
0.49629480661137326
0.4962757063780806
0.49625658551457374
0.49623744393283636
0.49621828154465764
0.4961990982616298
0.4961798939951494
0.4961606686564163
0.49614142215643475
0.4961221544060119
0.4961028653157581
0.49608355479608734
0.49606422275721634
0.4960448691091647
0.4960254937617545
0.49600609662461076
0.49598667760716025
0.49596723661863235
0.49594777356805847
0.4959282883642715
0.495908780915906
0.49588925113139837
0.4958696989189859
0.49585012418670704
0.49583052684240125
0.4958109067937082
0.49579126394806916
0.49577159821272443
0.495751909494715
0.49573219770088195
0.4957124627378655
0.49569270451210584
0.4956729229298419
0.49565311789711236
0.495633289319754
0.49561343710340255
0.4955935611534921
0.4955736613752547
0.49555373767372035
0.4955337899537171
0.49551381811986983
0.4954938220766009
0.4954738017281298
0.4954537569784722
0.49543368773144075
0.4954135938906443
0.4953934753594868
0.4953733320411689
0.495353163838686
0.4953329706548291
0.49531275239218364
0.4952925089531298
0.4952722402398424
0.49525194615428975
0.49523162659823433
0.495211281473232
0.4951909106806317
0.4951705141215753
0.4951500916969973
0.49512964330762466
0.4951091688539757
0.4950886682363614
0.4950681413548832
0.49504758810943406
0.4950270083996978
0.49500640212514835
0.49498576918504966
0.494965109478456
0.4949444229042107
0.4949237093609461
0.49490296874708367
0.4948822009608329
0.49486140590019184
0.49484058346294596
0.4948197335466681
0.49479885604871854
0.49477795086624343
0.4947570178961763
0.49473605703523593
0.49471506817992694
0.4946940512265391
0.4946730060711467
0.4946519326096094
0.49463083073756997
0.4946097003504555
0.4945885413434761
0.49456735361162485
0.49454613704967737
0.4945248915521914
0.4945036170135063
0.4944823133277431
0.4944609803888034
0.4944396180903692
0.4944182263259027
0.49439680498864613
0.49437535397162
0.4943538731676247
0.4943323624692383
0.4943108217688169
0.49428925095849396
0.4942676499301806
0.49424601857556355
0.49422435678610666
0.49420266445304867
0.4941809414674042
0.49415918771996187
0.4941374031012856
0.4941155875017121
0.4940937408113518
0.4940718629200887
0.49404995371757826
0.49402801309324806
0.4940060409362976
0.4939840371356964
0.4939620015801855
0.4939399341582748
0.4939178347582444
0.49389570326814325
0.493873539575788
0.4938513435687642
0.4938291151344239
0.4938068541598867
0.49378456053203784
0.4937622341375291
0.4937398748627767
0.4937174825939624
0.4936950572170314
0.4936725986176931
0.49365010668141973
0.4936275812934458
0.49360502233876824
0.4935824297021453
0.4935598032680958
0.4935371429208991
0.49351444854459414
0.4934917200229789
0.49346895723961026
0.4934461600778025
0.49342332842062775
0.4934004621509147
0.4933775611512483
0.4933546253039688
0.49333165449117194
0.49330864859470747
0.4932856074961789
0.4932625310769429
0.49323941921810877
0.49321627180053784
0.493193088704842
0.4931698698113846
0.4931466150002789
0.4931233241513867
0.49309999714431957
0.49307663385843636
0.49305323417284386
0.49302979796639534
0.4930063251176903
0.49298281550507367
0.49295926900663484
0.4929356855002077
0.4929120648633696
0.4928884069734404
0.4928647117074819
0.49284097894229784
0.4928172085544319
0.4927934004201683
0.4927695544155305
0.49274567041628026
0.49272174829791754
0.49269778793567925
0.49267378920453886
0.4926497519792057
0.4926256761341238
0.49260156154347184
0.49257740808116185
0.49255321562083865
0.4925289840358793
0.4925047131993925
0.4924804029842166
0.49245605326292086
0.49243166390780313
0.49240723479088955
0.49238276578393414
0.4923582567584175
0.49233370758554623
0.49230911813625255
0.4922844882811928
0.49225981789074724
0.49223510683501914
0.49221035498383364
0.49218556220673726
0.49216072837299746
0.4921358533516011
0.492110937011254
0.49208597922038044
0.4920609798471216
0.49203593875933543
0.4920108558245957
0.4919857309101906
0.49196056388312276
0.4919353546101079
0.4919101029575742
0.4918848087916611
0.4918594719782192
0.4918340923828085
0.49180866987069827
0.4917832043068659
0.4917576955559959
0.4917321434824793
0.4917065479504129
0.4916809088235977
0.4916552259655391
0.4916294992394448
0.49160372850822537
0.49157791363449177
0.49155205448055556
0.4915261509084279
0.49150020277981793
0.4914742099561329
0.49144817229847665
0.49142208966764855
0.4913959619241429
0.4913697889281484
0.49134357053954614
0.49131730661790973
0.49129099702250395
0.49126464161228367
0.4912382402458936
0.49121179278166566
0.49118529907762054
0.4911587589914648
0.4911321723805908
0.4911055391020752
0.49107885901267834
0.49105213196884373
0.49102535782669593
0.4909985364420409
0.490971667670364
0.49094475136682947
0.4909177873862794
0.49089077558323313
0.49086371581188515
0.4908366079261054
0.49080945177943747
0.4907822472250981
0.49075499411597556
0.49072769230462954
0.49070034164328896
0.49067294198385236
0.49064549317788564
0.49061799507662196
0.4905904475309598
0.49056285039146325
0.490535203508359
0.49050750673153787
0.49047975991055126
0.49045196289461224
0.49042411553259285
0.49039621767302405
0.4903682691640943
0.4903402698536486
0.4903122195891874
0.4902841182178655
0.49025596558649104
0.4902277615415248
0.49019950592907835
0.4901711985949136
0.4901428393844413
0.49011442814272066
0.4900859647144577
0.49005744894400366
0.49002888067535555
0.4900002597521534
0.48997158601767954
0.4899428593148588
0.48991407948625537
0.4898852463740735
0.4898563598201548
0.4898274196659787
0.4897984257526602
0.4897693779209491
0.4897402760112294
0.48971111986351723
0.48968190931746025
0.4896526442123367
0.4896233243870539
0.48959394968014736
0.4895645199297794
0.4895350349737384
0.4895054946494373
0.48947589879391257
0.489446247243823
0.48941653983544886
0.4893867764046902
0.4893569567870665
0.4893270808177146
0.48929714833138793
0.4892671591624558
0.48923711314490154
0.4892070101123216
0.4891768498979244
0.4891466323345291
0.4891163572545647
0.48908602449006844
0.48905563387268475
0.4890251852336644
0.4889946784038628
0.48896411321373895
0.48893348949335486
0.488902807072373
0.48887206578005676
0.4888412654452682
0.48881040589646674
0.4887794869617087
0.48874850846864565
0.488717470244523
0.48868637211617916
0.4886552139100444
0.4886239954521392
0.48859271656807324
0.4885613770830444
0.4885299768218374
0.4884985156088219
0.4884669932679531
0.48843540962276794
0.4884037644963862
0.48837205771150793
0.4883402890904125
0.4883084584549578
0.4882765656265783
0.4882446104262841
0.4882125926746602
0.4881805121918646
0.4881483687976272
0.48811616231124827
0.48808389255159834
0.48805155933711525
0.4880191624858043
0.4879867018152366
0.4879541771425473
0.48792158828443494
0.48788893505716
0.4878562172765435
0.487823434757966
0.48779058731636593
0.4877576747662389
0.4877246969216356
0.4876916535961619
0.4876585446029757
0.48762536975478743
0.4875921288638575
0.4875588217419958
0.48752544820056043
0.48749200805045545
0.48745850110213085
0.4874249271655806
0.48739128605034143
0.48735757756549153
0.4873238015196496
0.48728995772097305
0.4872560459771571
0.4872220660954331
0.4871880178825679
0.48715390114486207
0.48711971568814827
0.4870854613177908
0.48705113783868403
0.4870167450552505
0.4869822827714404
0.48694775079073
0.4869131489161199
0.48687847695013503
0.4868437346948215
0.4868089219517468
0.48677403852199796
0.4867390842061803
0.486704058804416
0.4866689621163428
0.48663379394111295
0.486598554077392
0.4865632423233569
0.4865278584766952
0.48649240233460345
0.48645687369378654
0.48642127235045546
0.48638559810032667
0.4863498507386205
0.4863140300600599
0.48627813585886936
0.48624216792877334
0.48620612606299496
0.48617001005425503
0.48613381969477004
0.48609755477625194
0.48606121508990585
0.48602480042642915
0.48598831057601044
0.48595174532832763
0.48591510447254693
0.4858783877973222
0.48584159509079256
0.48580472614058146
0.48576778073379623
0.485730758657025
0.48569365969633765
0.4856564836372823
0.4856192302648857
0.48558189936365126
0.48554449071755745
0.48550700411005704
0.4854694393240756
0.4854317961420105
0.4853940743457288
0.4853562737165671
0.48531839403532917
0.4852804350822858
0.485242396637172
0.4852042784791877
0.48516608038699444
0.48512780213871554
0.48508944351193417
0.48505100428369236
0.4850124842304895
0.48497388312828094
0.4849352007524773
0.4848964368779427
0.48485759127899364
0.48481866372939786
0.48477965400237266
0.4847405618705843
0.4847013871061462
0.4846621294806178
0.4846227887650037
0.4845833647297516
0.48454385714475195
0.48450426577933614
0.4844645904022754
0.48442483078177984
0.4843849866854961
0.48434505788050813
0.4843050441333341
0.484264945209926
0.4842247608756683
0.4841844908953766
0.4841441350332966
0.48410369305310286
0.48406316471789756
0.48402254979020903
0.48398184803199085
0.48394105920462077
0.4839001830688991
0.4838592193850476
0.48381816791270876
0.48377702841094394
0.48373580063823274
0.48369448435247125
0.4836530793109716
0.4836115852704604
0.4835700019870768
0.48352832921637307
0.48348656671331164
0.4834447142322655
0.48340277152701555
0.4833607383507507
0.4833186144560662
0.48327639959496216
0.4832340935188431
0.4831916959785163
0.48314920672419104
0.4831066255054772
0.48306395207138436
0.48302118617032036
0.48297832755009046
0.4829353759578965
0.4828923311403349
0.4828491928433969
0.48280596081246596
0.482762634792318
0.4827192145271198
0.48267569976042707
0.4826320902351857
0.48258838569372786
0.4825445858777728
0.48250069052842554
0.4824566993861756
0.48241261219089526
0.4823684286818401
0.48232414859764683
0.4822797716763322
0.48223529765529294
0.48219072627130377
0.482146057260517
0.4821012903584612
0.48205642530004034
0.4820114618195331
0.48196639965059124
0.48192123852623936
0.4818759781788735
0.48183061834026014
0.4817851587415357
0.4817395991132052
0.4816939391851415
0.4816481786865841
0.4816023173461389
0.4815563548917764
0.4815102910508318
0.4814641255500033
0.481417858115351
0.4813714884722974
0.48132501634562563
0.48127844145947773
0.4812317635373553
0.48118498230211837
0.4811380974759836
0.4810911087805248
0.4810440159366706
0.4809968186647051
0.4809495166842666
0.480902109714346
0.4808545974732872
0.4808069796787856
0.4807592560478877
0.48071142629699026
0.48066349014183896
0.48061544729752925
0.48056729747850335
0.48051904039855203
0.4804706757708114
0.48042220330776475
0.4803736227212395
0.48032493372240836
0.4802761360217874
0.48022722932923645
0.48017821335395744
0.4801290878044946
0.4800798523887333
0.4800305068139
0.47998105078656084
0.4799314840126214
0.4798818061973272
0.47983201704526085
0.4797821162603436
0.47973210354583407
0.47968197860432726
0.4796317411377546
0.47958139084738316
0.4795309274338153
0.4794803505969887
0.4794296600361739
0.47937885544997666
0.4793279365363356
0.4792769029925223
0.4792257545151405
0.47917449080012664
0.47912311154274845
0.47907161643760504
0.4790200051786264
0.4789682774590734
0.4789164329715366
0.47886447140793675
0.47881239245952434
0.47876019581687834
0.4787078811699078
0.47865544820784944
0.4786028966192688
0.47855022609205944
0.47849743631344305
0.4784445269699685
0.47839149774751255
0.47833834833127886
0.47828507840579837
0.47823168765492874
0.4781781757618546
0.47812454240908675
0.47807078727846264
0.47801691005114594
0.47796291040762695
0.4779087880277213
0.47785454259057153
0.4778001737746457
0.47774568125773753
0.4776910647169675
0.4776363238287812
0.4775814582689507
0.4775264677125738
0.47747135183407385
0.4774161103072011
0.4773607428050309
0.47730524899996574
0.47724962856373326
0.4771938811673885
0.4771380064813123
0.47708200417521274
0.47702587391812395
0.47696961537840765
0.47691322822375215
0.476856712121174
0.4768000667370163
0.47674329173695074
0.47668638678597697
0.4766293515484229
0.47657218568794485
0.47651488886752846
0.47645746074948875
0.47639990099547025
0.47634220926644716
0.47628438522272454
0.476226428523938
0.4761683388290542
0.47611011579637175
0.47605175908352093
0.4759932683474649
0.4759346432444994
0.4758758834302541
0.47581698855969246
0.47575795828711254
0.47569879226614725
0.4756394901497656
0.4755800515902724
0.4755204762393098
0.475460763747857
0.4754009137662315
0.47534092594408994
0.4752807999304273
0.47522053537358006
0.4751601319212248
0.47509958922038
0.47503890691740586
0.47497808465800684
0.4749171220872302
0.4748560188494686
0.4747947745884601
0.4747333889472886
0.4746718615683862
0.47461019209353206
0.47454838016385537
0.4744864254198343
0.47442432750129876
0.47436208604742963
0.4742997006967612
0.47423717108718133
0.47417449685593255
0.47411167763961354
0.47404871307417923
0.4739856027949433
0.4739223464365776
0.47385894363311454
0.473795394017948
0.4737316972238334
0.4736678528828905
0.4736038606266034
0.4735397200858221
0.47347543089076366
0.4734109926710135
0.4733464050555268
0.4732816676726294
0.4732167801500191
0.47315174211476724
0.47308655319332027
0.4730212130115005
0.47295572119450735
0.47289007736691957
0.4728242811526956
0.47275833217517593
0.4726922300570842
0.4726259744205281
0.47255956488700124
0.4724930010773851
0.4724262826119501
0.4723594091103567
0.4722923801916574
0.47222519547429864
0.4721578545761214
0.47209035711436353
0.4720227027056617
0.47195489096605153
0.47188692151097056
0.4718187939552598
0.4717505079131646
0.4716820629983368
0.471613458823837
0.47154469500213503
0.4714757711451127
0.4714066868640653
0.4713374417697026
0.471268035472152
0.4711984675809593
0.4711287377050904
0.47105884545293386
0.4709887904323022
0.470918572250434
0.4708481905139955
0.47077764482908235
0.4707069348012224
0.4706360600353758
0.4705650201359392
0.4704938147067458
0.47042244335106753
0.47035090567161864
0.4702792012705552
0.4702073297494789
0.47013529070943827
0.4700630837509302
0.46999070847390334
0.4699181644777589
0.4698454513613526
0.4697725687229974
0.4696995161604653
0.4696262932709891
0.4695528996512645
0.4694793348974524
0.4694055986051806
0.46933169036954614
0.46925760978511727
0.4691833564459354
0.46910892994551723
0.4690343298768569
0.4689595558324281
0.4688846074041858
0.46880948418356894
0.4687341857615015
0.46865871172839624
0.46858306167415503
0.4685072351881716
0.46843123185933455
0.4683550512760276
0.46827869302613323
0.4682021566970342
0.4681254418756153
0.4680485481482659
0.4679714751008817
0.46789422231886746
0.467816789387138
0.4677391758901208
0.4676613814117584
0.46758340553550976
0.46750524784435293
0.46742690792078634
0.46734838534683093
0.46726967970403344
0.4671907905734662
0.46711171753573105
0.46703246017096
0.4669530180588185
0.46687339077850515
0.4667935779087562
0.46671357902784566
0.46663339371358803
0.4665530215433396
0.4664724620940006
0.46639171494201725
0.4663107796633832
0.46622965583364073
0.466148343027884
0.46606684082075933
0.4659851487864675
0.46590326649876523
0.4658211935309677
0.4657389294559482
0.4656564738461418
0.46557382627354527
0.46549098630971986
0.4654079535257918
0.46532472749245385
0.4652413077799676
0.46515769395816353
0.46507388559644336
0.46498988226378074
0.4649056835287221
0.46482128895938907
0.46473669812347884
0.46465191058826455
0.46456692592059773
0.4644817436869081
0.4643963634532055
0.4643107847850798
0.4642250072477023
0.4641390304058264
0.46405285382378797
0.4639664770655063
0.4638798996944845
0.46379312127381056
0.46370614136615684
0.4636189595337807
0.46353157533852557
0.4634439883418203
0.4633561981046793
0.46326820418770315
0.4631800061510784
0.4630916035545771
0.4630029959575571
0.4629141829189614
0.46282516399731805
0.46273593875073954
0.4626465067369222
0.462556867513146
0.4624670206362732
0.46237696566274794
0.4622867021485949
0.4621962296494186
0.46210554772040247
0.46201465591630664
0.46192355379146743
0.46183224089979547
0.46174071679477463
0.46164898102945917
0.46155703315647306
0.46146487272800696
0.46137249929581664
0.4612799124112212
0.46118711162509923
0.461094096487888
0.4610008665495793
0.4609074213597175
0.4608137604673965
0.4607198834212557
0.46062578976947816
0.460531479059786
0.46043695083943703
0.46034220465522147
0.4602472400534569
0.4601520565799856
0.460056653780169
0.45996103119888376
0.459865188380517
0.4597691248689612
0.45967284020760935
0.45957633393934993
0.4594796056065604
0.4593826547511031
0.459285480914318
0.4591880836370168
0.45909046245947766
0.4589926169214371
0.45889454656208445
0.4587962509200541
0.458697729533418
0.45859898193967946
0.45850000767576393
0.4584008062780118
0.4583013772821696
0.4582017202233818
0.45810183463618226
0.4580017200544844
0.4579013760115726
0.45780080204009144
0.4576999976720371
0.4575989624387463
0.45749769587088573
0.4573961974984414
0.4572944668507072
0.4571925034562737
0.4570903068430163
0.4569878765380827
0.45688521206788024
0.45678231295806426
0.45667917873352293
0.45657580891836536
0.4564722030359063
0.4563683606086534
0.4562642811582904
0.4561599642056641
0.4560554092707673
0.4559506158727236
0.455845583529771
0.45574031175924473
0.4556348000775606
0.45552904800019706
0.4554230550416774
0.4553168207155503
0.45521034453437226
0.45510362600968746
0.45499666465200694
0.4548894599707896
0.4547820114744205
0.45467431867018926
0.4545663810642687
0.4544581981616916
0.45434976946632866
0.4542410944808638
0.45413217270677053
0.45402300364428777
0.45391358679239324
0.45380392164877975
0.45369400770982554
0.45358384447057043
0.4534734314246865
0.4533627680644501
0.4532518538807119
0.45314068836286925
0.4530292709988342
0.4529176012750035
0.45280567867622595
0.452693502685771
0.45258107278529547
0.45246838845480913
0.4523554491726408
0.4522422544154031
0.45212880365795577
0.452015096373369
0.4519011320328863
0.45178691010588523
0.4516724300598391
0.45155769136027596
0.4514426934707379
0.4513274358527394
0.45121191796572435
0.4510961392670223
0.45098009921180476
0.4508637972530385
0.45074723284144
0.450630405425428
0.45051331445107445
0.4503959593620559
0.45027833959960284
0.4501604546024481
0.45004230380677507
0.449923886646163
0.44980520255153356
0.4496862509510944
0.4495670312702824
0.4494475429317063
0.4493277853550865
0.44920775795719536
0.4490874601517956
0.44896689134957757
0.44884605095809493
0.44872493838169986
0.4486035530214754
0.4484818942751697
0.4483599615371239
0.4482377541982042
0.4481152716457286
0.4479925132633932
0.44786947843119856
0.44774616652537286
0.44762257691829377
0.4474987089784097
0.44737456207015924
0.44725013555388876
0.44712542878576833
0.4470004411177061
0.4468751718972617
0.4467496204675574
0.44662378616718723
0.44649766833012505
0.4463712662856312
0.446244579358156
0.4461176068672424
0.4459903481274277
0.44586280244814075
0.4457349691336001
0.4456068474827093
0.44547843678894816
0.4453497363402661
0.4452207454189697
0.44509146330161065
0.44496188925886937
0.4448320225554393
0.444701862449907
0.44457140819463076
0.444440659035616
0.44430961421239046
0.44417827295787515
0.44404663449825427
0.44391469805284134
0.44378246283394485
0.4436499280467295
0.44351709288907654
0.44338395655144014
0.4432505182167028
0.44311677706002667
0.4429827322487032
0.44284838294199935
0.4427137282910022
0.44257876743845925
0.4424434995186172
0.44230792365705734
0.4421720389705279
0.4420358445667741
0.44189933954436345
0.4417625229925114
0.44162539399089956
0.4414879516094949
0.44135019490836225
0.4412121229374767
0.44107373473653005
0.44093502933473605
0.44079600575062994
0.440656662991868
0.44051700005501965
0.4403770159253585
0.44023670957665
0.4400960799709339
0.43995512605830367
0.43981384677668334
0.43967224105159797
0.4395303077959438
0.43938804590975034
0.4392454542799429
0.43910253178009684
0.43895927727019113
0.43881568959635664
0.43867176759061854
0.4385275100706375
0.4383829158394441
0.4382379836851709
0.4380927123807779
0.4379471006837751
0.43780114733594017
0.4376548510630319
0.4375082105744976
0.4373612245631771
0.437213891705002
0.4370662106586894
0.4369181800654307
0.436769798548577
0.43662106471331635
0.4364719771463493
0.4363225344155578
0.43617273506966814
0.43602257763791014
0.4358720606296704
0.43572118253413955
0.4355699418199552
0.4354183369348379
0.43526636630522464
0.4351140283358916
0.43496132140957705
0.43480824388659317
0.4346547941044364
0.4345009703773899
0.4343467709961194
0.4341921942272649
0.4340372383130254
0.4338819014707375
0.43372618189244777
0.43357007774448014
0.4334135871669954
0.43325670827354595
0.43309943915062277
0.432941777857197
0.43278372242425556
0.43262527085432845
0.43246642112101225
0.43230717116848494
0.43214751891101416
0.4319874622324611
0.4318269989857744
0.4316661269924817
0.4315048440421696
0.4313431478919606
0.43118103626598236
0.43101850685482923
0.4308555573150177
0.4306921852684362
0.43052838830178564
0.4303641639660152
0.43019950977575094
0.43003442320871715
0.42986890170515074
0.42970294266721004
0.4295365434583758
0.4293697014028453
0.42920241378492124
0.4290346778483922
0.42886649079590694
0.42869784978834435
0.42852875194417206
0.42835919433880404
0.42818917400394796
0.42801868792694797
0.42784773305012036
0.4276763062700838
0.4275044044370833
0.42733202435430767
0.4271591627772019
0.42698581641277267
0.4268119819188906
0.42663765590358327
0.42646283492432724
0.4262875154873307
0.4261116940468151
0.4259353670042884
0.42575853070781633
0.4255811814512878
0.4254033154736768
0.4252249289582997
0.4250460180320692
0.4248665787647447
0.4246866071681803
0.42450609919556787
0.424325050740679
0.42414345763710504
0.4239613156574932
0.42377862051278303
0.4235953678514406
0.42341155325869173
0.4232271722557547
0.42304222029907257
0.42285669277954835
0.4226705850217754
0.42248389228327576
0.42229660975373406
0.42210873255423864
0.42192025573652153
0.4217311742822045
0.42154148310204725
0.421351177035201
0.421160250848466
0.4209686992355557
0.4207765168163684
0.42058369813626245
0.4203902376653422
0.42019612979775195
0.42000136885097733
0.41980594906515956
0.4196098646024172
0.4194131095461825
0.4192156779005477
0.4190175635896269
0.41881876045693084
0.41861926226475654
0.418419062693594
0.4182181553415504
0.4180165337237902
0.41781419127199737
0.4176111213338555
0.4174073171725505
0.41720277196629474
0.4169974788078765
0.4167914307042318
0.41658462057604434
0.41637704125737107
0.416168685495297
0.4159595459496199
0.41574961519256426
0.4155388857085302
0.4153273498938744
0.41511500005672547
0.4149018284168375
0.4146878271054797
0.41447298816536726
0.4142573035506296
0.4140407651268255
0.4138233646709968
0.4136050938717707
0.41338594432950815
0.41316590755649907
0.41294497497720817
0.41272313792857246
0.41250038766035096
0.4122767153355276
0.4120521120307739
0.41182656873696377
0.4116000763597513
0.41137262572020866
0.41114420755552417
0.41091481251976497
0.41068443118470743
0.4104530540407294
0.4102206714977752
0.4099872738863872
0.40975285145881063
0.40951739439016976
0.4092808927797181
0.40904333665216497
0.40880471595907664
0.4085650205803584
0.4083242403258124
0.4080823649367784
0.4078393840878545
0.4075952873887013
0.4073500643859289
0.407103704565069
0.40685619735263084
0.4066075321182458
0.4063576981768966
0.4061066847912343
0.40585448117398465
0.4056010764904408
0.40534645986104656
0.40509062036406657
0.4048335470383485
0.4045752288861715
0.4043156548761848
0.40405481394643494
0.4037926950074826
0.4035292869456035
0.4032645786260822
0.402998558896587
0.402731216590634
0.40246254053113345
0.4021925195340217
0.40192114241197174
0.40164839797818735
0.40137427505027357
0.4010987624541866
0.4008218490282548
0.4005435236272748
0.4002637751266787
0.39998259242676637
0.3996999644570039
0.3994158801803839
0.39913032859784625
0.39884329875275254
0.3985547797354133
0.39826476068766603
0.39797323080749436
0.39768017935369293
0.39738559565056547
0.39708946909265724
0.3967917891495165
0.3964925453704774
0.39619172738946484
0.39588932492981027
0.3955853278090795
0.39527972594390287
0.3949725093548041
0.3946636681710217
0.3943531926353217
0.39404107310878683
0.3937273000755865
0.39341186414771606
0.39309475606969946
0.39277596672325243
0.3924554871318968
0.39213330846552336
0.3918094220448923
0.39148381934607107
0.39115649200479885
0.39082743182077295
0.3904966307618526
0.3901640809681711
0.3898297747561532
0.38949370462242977
0.3891558632476449
0.3888162435001482
0.3884748384395697
0.3881316413202671
0.38778664559464454
0.38743984491633465
0.3870912331432399
0.38674080434042635
0.38638855278286977
0.38603447295804294
0.3856785595683442
0.3853208075333637
0.38496121199197847
0.3845997683042781
0.38423647205331457
0.38387131904667354
0.383504305317864
0.3831354271275252
0.3827646809644464
0.3823920635463991
0.3820175718207785
0.381641202965055
0.3812629543870319
0.38088282372491156
0.38050080884716664
0.38011690785221913
0.3797311190679255
0.3793434410508696
0.3789538725854631
0.37856241268285723
0.3781690605796634
0.37777381573649016
0.3773766778362925
0.3769776467825417
0.376576722697215
0.3761739059186107
0.3757691969989898
0.3753625967020497
0.37495410600023527
0.37454372607188907
0.3741314582982454
0.3737173042602768
0.3733012657353943
0.3728833446940085
0.37246354329595593
0.37204186388679944
0.37161830899400516
0.3711928813230049
0.3707655837531474
0.3703364193335498
0.3699053912788507
0.36947250296487466
0.3690377579242148
0.36860115984173925
0.3681627125500304
0.367722420024762
0.36728028638002164
0.36683631586358884
0.3663905128521704
0.36594288184660456
0.36549342746704094
0.3650421544480996
0.3645890676340214
0.3641341719738126
0.3636774725163911
0.36321897440574646
0.3627586828761111
0.362296603247157
0.3618327409192209
0.3613671013685661
0.3608996901426841
0.360430512855646
0.35995957518350674
0.35948688285976854
0.3590124416709088
0.3585362574519796
0.3580583360822799
0.3575786834811103
0.3570973056036121
0.3566142084366936
0.3561293979950516
0.3556428803172913
0.35515466146214497
0.354664747504797
0.3541731445333178
0.3536798586452072
0.35318489594405333
0.35268826253630803
0.35218996452818185
0.3516900080226595
0.3511883991166408
0.3506851438982036
0.3501802484439974
0.34967371881676146
0.34916556106297514
0.34865578121063506
0.3481443852671661
0.34763137921746184
0.3471167690220565
0.34660056061543054
0.3460827599044438
0.3455633727669045
0.3450424050502664
0.3445198625704561
0.34399575111083175
0.3434700764212678
0.3429428442173701
0.34241406017981374
0.3418837299538096
0.34135185914869204
0.34081845333762867
0.3402835180574507
0.3397470588086015
0.33920908105520203
0.3386695902252285
0.3381285917108062
0.3375860908686086
0.3370420930203675
0.33649660345348736
0.3359496274217628
0.3354011701461954
0.3348512368159108
0.33429983258916685
0.3337469625944604
0.3331926319317171
0.33263684567357354
0.3320796088667414
0.331520926533454
0.3309608036729907
0.33039924526327796
0.32983625626256347
0.32927184161115985
0.32870600623325663
0.3281387550387961
0.32757009292541045
0.3270000247804183
0.32642855548287597
0.3258556899056846
0.32528143291774336
0.3247057893861524
0.324128764178461
0.32355036216495486
0.32297058822098546
0.3223894472293325
0.3218069440826025
0.32122308368565683
0.3206378709580675
0.3200513108365994
0.319463408277715
0.31887416826009984
0.31828359578720444
0.3176916958898025
0.31709847362856236
0.3165039340966277
0.3159080824222062
0.3153109237711653
0.31471246334962877
0.3141127064065769
0.31351165823644345
0.31290932418171
0.3123057096354942
0.3117008200441312
0.3110946609097439
0.310487237792803
0.3098785563146703
0.30926862216013024
0.30865744107989973
0.30804501889312114
0.3074313614898323
0.30681647483341323
0.306200364963008
0.3055830379959219
0.30496450012998566
0.3043447576458938
0.3037238169095094
0.30310168437413587
0.30247836658275407
0.3018538701702227
0.30122820186544247
0.3006013684934795
0.2999733769776489
0.2993442343415572
0.2987139477111014
0.29808252431642335
0.29744997149381835
0.2968162966875988
0.2961815074519091
0.2955456114524901
0.2949086164683969
0.2942705303936625
0.2936313612389126
0.29299111713292453
0.2923498063241346
0.2917074371820909
0.29106401819884775
0.29041955799030894
0.2897740652975088
0.289127548987839
0.2884800180562159
0.2878314816261885
0.2871819489509869
0.28653142941451126
0.2858799325322594
0.2852274679521925
0.2845740454555402
0.2839196749575438
0.28326436650813397
0.2826081302925502
0.2819509766318928
0.2812929159836133
0.2806339589419411
0.27997411623824525
0.279313398741333
0.27865181745768197
0.2779893835316113
0.2773261082453839
0.2766620030192475
0.2759970794114089
0.275331349117945
0.27466482397264813
0.2739975159468071
0.2733294371489244
0.2726605998243674
0.27199101635495765
0.27132069925849506
0.27064966118821826
0.26997791493220186
0.26930547341269084
0.26863234968537125
0.26795855693857973
0.26728410849245005
0.266609017797999
0.2659332984361498
0.26525696411669675
0.2645800286772071
0.2639025060818667
0.2632244104202638
0.2625457559061156
0.2618665568759374
0.26118682778765445
0.2605065832191554
0.25982583786679503
0.25914460654383537
0.25846290417883805
0.25778074581400123
0.2570981466034429
0.2564151218114343
0.25573168681058167
0.25504785707995686
0.2543636482031818
0.25367907586646105
0.2529941558565705
0.2523089040587971
0.2516233364548362
0.250937469120641
0.25025131822423335
0.2495649000234682
0.24887823086375915
0.24819132717576353
0.24750420547302973
0.24681688234960428
0.2461293744776046
0.24544169860475534
0.2447538715518903
0.24406591021042154
0.24337783153977666
0.2426896525648049
0.24200139037315363
0.24131306211261744
0.24062468498845851
0.23993627626070368
0.23924785324141384
0.2385594332919323
0.23787103382011007
0.23718267227751078
0.23649436615659505
0.23580613298788858
0.23511799033713032
0.23442995580240786
0.23374204701127738
0.2330542816178682
0.23236667729998
0.23167925175616486
0.2309920227028022
0.23030500787116717
0.22961822500448822
0.22893169185500334
0.22824542618100913
0.22755944574390913
0.22687376830525807
0.22618841162380826
0.2255033934525546
0.22481873153578336
0.22413444360612167
0.2234505473815957
0.22276706056268997
0.22208400082941648
0.2214013858383907
0.22071923321991715
0.22003756057508594
0.21935638547287856
0.21867572544729047
0.21799559799446278
0.21731602056983312
0.21663701058529894
0.21595858540640006
0.21528076234951943
0.2146035586791015
0.21392699160489226
0.2132510782791999
0.2125758357941772
0.2119012811791289
0.21122743139784061
0.21055430334593467
0.2098819138482516
0.20921027965625777
0.2085394174454815
0.20786934381297772
0.2072000752748206
0.20653162826363036
0.2058640191261245
0.20519726412070843
0.20453137941509125
0.20386638108394173
0.2032022851065718
0.2025391073646597
0.2018768636400053
0.20121556961232223
0.2005552408570678
0.19989589284330622
0.19923754093161458
0.19858020037202206
0.19792388630199234
0.1972686137444403
0.1966143976057928
0.1959612526740866
0.19530919361710772
0.1946582349805718
0.19400839118634536
0.19335967653070818
0.1927121051826588
0.19206569118226058
0.19142044843903167
0.19077639073037672
0.19013353170006086
0.1894918848567293
0.18885146357246707
0.1882122810814042
0.18757435047836443
0.18693768471755545
0.18630229661130668
0.18566819882884705
0.18503540389512912
0.18440392418969584
0.18377377194559222
0.18314495924831986
0.18251749803483563
0.1818914000925953
0.18126667705863847
0.1806433404187195
0.18002140150648016
0.17940087150266773
0.17878176143439323
0.17816408217443552
0.17754784444058694
0.17693305879504115
0.17631973564382497
0.17570788523627046
0.1750975176645297
0.17448864286313248
0.17388127060858216
0.17327541051899656
0.17267107205378524
0.17206826451337132
0.17146699703895027
0.17086727861228912
0.1702691180555661
0.1696725240312476
0.16907750504200428
0.16848406943066502
0.1678922253802095
0.16730198091379644
0.16671334389482878
0.16612632202705666
0.16554092285471478
0.16495715376269524
0.1643750219767557
0.16379453456376195
0.16321569843196282
0.16263852033130194
0.16206300685375724
0.1614891644337182
0.16091699934838982
0.1603465177182323
0.15977772550742775
0.159210628524379
0.15864523242223796
0.1580815426994622
0.15751956470040016
0.15695930361590515
0.15640076448397497
0.15584395219042
0.15528887146955683
0.15473552690492653
0.15418392293003974
0.15363406382914382
0.15308595373801728
0.15253959664478356
0.15199499639074998
0.1514521566712686
0.15091108103661727
0.1503717728929032
0.1498342355029859
0.1492984719874197
0.14876448532541653
0.14823227835582597
0.14770185377813452
0.14717321415348153
0.1466463619056922
0.14612129932232673
0.14559802855574594
0.14507655162419125
0.1445568704128794
0.14403898667511153
0.14352290203339538
0.14300861798058145
0.14249613588100998
0.1419854569716704
0.14147658236337352
0.14096951304193228
0.14046424986935468
0.13996079358504443
0.13945914480701344
0.13895930403310075
0.13846127164220134
0.13796504789550162
0.13747063293772194
0.1369780267983672
0.13648722939298344
0.1359982405244183
0.13551105988408996
0.13502568705325804
0.13454212150430128
0.13406036260199722
0.1335804096048074
0.13310226166616423
0.1326259178357605
0.13215137706084276
0.13167863818750464
0.1312076999619828
0.130738561031954
0.13027121994783197
0.12980567516406546
0.12934192504043573
0.1288799678433541
0.128419801747158
0.1279614248354066
0.12750483510217436
0.12705003045334293
0.12659700870789156
0.12614576759918356
0.12569630477625174
0.12524861780507895
0.12480270416987721
0.12435856127436132
0.12391618644301933
0.12347557692237887
0.123036729882269
0.12259964241707658
0.12216431154699818
0.12173073421928676
0.12129890730949291
0.12086882762269902
0.12044049189475017
0.12001389679347559
0.11958903891990556
0.11916591480948255
0.11874452093326274
0.11832485369911326
0.11790690945290024
0.11749068447967088
0.11707617500482714
0.11666337719529206
0.11625228716066757
0.11584290095438558
0.11543521457484894
0.11502922396656654
0.11462492502127689
0.11422231357906623
0.11382138542947524
0.11342213631259891
0.11302456192017613
0.11262865789667081
0.11223441984034407
0.11184184330431583
0.11145092379761937
0.11106165678624406
0.11067403769416964
0.11028806190439135
0.10990372475993465
0.10952102156486007
0.10913994758525958
0.10876049805024077
0.10838266815290389
0.10800645305130639
0.10763184786941939
0.10725884769807278
0.10688744759589143
0.10651764259022023
0.10614942767803914
0.10578279782686935
0.10541774797566734
0.10505427303570998
0.10469236789146993
0.10433202740147904
0.10397324639918311
0.10361601969378603
0.103260342071083
0.1029062082942853
0.1025536131048326
0.10220255122319684
0.10185301734967533
0.10150500616517331
0.10115851233197755
0.10081353049451833
0.1004700552801222
0.10012808129975567
0.09978760314875668
0.09944861540755717
0.09911111264239693
0.0987750894060256
0.09844054023839549
0.09810745966734537
0.09777584220927323
0.09744568236980043
0.09711697464442501
0.09678971351916685
0.09646389347120131
0.09613950896948614
0.09581655447537535
0.09549502444322701
0.09517491332099948
0.09485621555083934
0.0945389255696604
0.09422303780971202
0.09390854669914002
0.09359544666253809
0.09328373212148933
0.09297339749509989
0.0926644372005239
0.09235684565347821
0.09205061726875058
0.09174574646069697
0.09144222764373236
0.09114005523281155
0.09083922364390229
0.09053972729444995
0.09024156060383416
0.0899447179938164
0.08964919388898057
0.08935498271716526
0.08906207890988745
0.08877047690275892
0.08848017113589483
0.08819115605431412
0.08790342610833325
0.0876169757539513
0.08733179945322803
0.08704789167465471
0.08676524689351736
0.08648385959225297
0.08620372426079824
0.08592483539693171
0.08564718750660846
0.08537077510428784
0.08509559271325486
0.08482163486593439
0.08454889610419869
0.08427737097966846
0.08400705405400752
0.08373793989921047
0.08347002309788462
0.08320329824352522
0.08293775994078491
0.082673402805736
0.08241022146612831
0.08214821056163948
0.0818873647441207
0.08162767867783488
0.08136914703969152
0.08111176451947308
0.08085552582005831
0.08060042565763831
0.08034645876192828
0.08009361987637258
0.07984190375834627
0.07959130517934954
0.07934181892519854
0.07909343979621018
0.07884616260738217
0.07859998218856822
0.07835489338464872
0.0781108910556956
0.0778679700771333
0.07762612533989517
0.07738535175057468
0.07714564423157261
0.0769069977212395
0.07666940717401369
0.07643286756055552
0.07619737386787687
0.07596292109946619
0.07572950427541053
0.07549711843251208
0.07526575862440182
0.07503541992164903
0.07480609741186618
0.07457778619981147
0.07435048140748583
0.07412417817422803
0.0738988716568049
0.07367455702949838
0.07345122948418942
0.07322888423043801
0.07300751649555978
0.07278712152469993
0.07256769458090262
0.07234923094517878
0.07213172591656988
0.07191517481220779
0.07169957296737342
0.07148491573555116
0.07127119848848026
0.0710584166162041
0.07084656552711617
0.07063564064800319
0.07042563742408547
0.07021655131905541
0.07000837781511195
0.0698011124129935
0.06959475063200803
0.06938928801006067
0.06918472010367875
0.06898104248803477
0.06877825075696659
0.06857634052299567
0.06837530741734274
0.06817514708994167
0.06797585520945071
0.06777742746326197
0.06757985955750864
0.06738314721707
0.06718728618557472
0.06699227222540231
0.0667981011176823
0.06660476866229119
0.066412270677849
0.06622060300171194
0.06602976148996526
0.06583974201741317
0.06565054047756745
0.06546215278263443
0.06527457486350022
0.06508780266971445
0.06490183216947228
0.06471665934959561
0.06453228021551129
0.06434869079123008
0.0641658871193214
0.06398386526088994
0.06380262129554763
0.06362215132138693
0.06344245145495161
0.06326351783120591
0.06308534660350357
0.06290793394355482
0.06273127604139221
0.06255536910533624
0.06238020936195854
0.06220579305604472
0.062032116450556285
0.06185917582659099
0.06168696748334261
0.061515487738059385
0.061344732926002093
0.061174699400400344
0.06100538353240882
0.06083678171106181
0.06066889034322784
0.06050170585356237
0.060335224684460675
0.0601694432960093
0.06000435816593696
0.05983996578956459
0.05967626267975529
0.0595132453668623
0.059350910398677584
0.059189254340378916
0.05902827377447657
0.05886796530075994
0.058708325536242265
0.05854935111510636
0.058391038688648075
0.05823338492522105
0.058076386510179386
0.05792004014582052
0.05776434255132779
0.05760929046271167
0.05745488063275184
0.057301109830937356
0.05714797484340778
0.056995472472892696
0.05684359953865172
0.05669235287641379
0.056541729338315756
0.05639172579284149
0.05624233912475945
0.056093566235061135
0.055945404040898684
0.05579784947552158
0.055650899488214604
0.055504551044233894
0.05535880112474367
0.05521364672675237
0.05506908486304923
0.05492511256213927
0.054781726868179684
0.05463892484091473
0.05449670355561124
0.054355060102993534
0.05421399158917857
0.05407349513561034
0.05393356787899483
0.053794206971234215
0.05365540957936172
0.053517172885475126
0.053379494086671544
0.05324237039498153
0.05310579903730246
0.05296977725533314
0.052834302305507196
0.052699371458927335
0.05256498200129848
0.05243113123286214
0.05229781646832969
0.05216503503681634
0.05203278428177444
0.05190106156092755
0.05176986424620376
0.05163918972366966
0.05150903539346377
0.0513793986697304
0.05125027698055334
0.05112166776788978
0.05099356848750383
0.05086597660890092
0.05073888961526093
0.05061230500337323
0.05048622028356958
0.05036063297965953
0.05023554062886347
0.05011094078174765
0.0499868310021583
