0.5009627799787627
0.5517872088137185
0.543320836479668
0.5366384234739422
0.5315816844113541
0.5278189234235572
0.5250546657411749
0.5230431630457041
0.5215893656342245
0.5205435020867812
0.5197932477563695
0.5192557681286836
0.5188707061959321
0.5185944584498011
0.5183957159995933
0.5182520946917967
0.5181476393901276
0.5180710011495189
0.5180141186365377
0.5179712707288109
0.5179383990373128
0.5179126250712821
0.5178919069361083
0.5178747956433682
0.5178602623251267
0.5178475758133904
0.5178362159429757
0.5178258121668705
0.5178161000949533
0.5178068907184517
0.5177980486109349
0.5177894764806998
0.5177811042173955
0.517772881119378
0.5177647703728796
0.5177567451260707
0.5177487856933806
0.5177408775613841
0.5177330099636561
0.5177251748599203
0.5177173662028554
0.517709579409876
0.5177018109812467
0.5176940582228747
0.5176863190441765
0.5176785918099385
0.517670875231139
0.5176631682839894
0.5176554701495043
0.5176477801680744
0.517640097805065
0.517632422624563
0.5176247542691861
0.5176170924444325
0.5176094369064552
0.5176017874524396
0.5175941439129759
0.5175865061459718
0.5175788740317627
0.5175712474691614
0.5175636263722501
0.5175560106677626
0.5175484002929391
0.5175407951937621
0.5175331953234996
0.5175256006415013
0.5175180111121976
0.5175104267042698
0.5175028473899573
0.5174952731444804
0.5174877039455585
0.5174801397730062
0.517472580608397
0.5174650264347787
0.5174574772364383
0.517449932998703
0.5174423937077726
0.5174348593505804
0.517427329914675
0.5174198053881224
0.5174122857594223
0.5174047710174389
0.5173972611513422
0.5173897561505589
0.5173822560047309
0.5173747607036795
0.5173672702373779
0.5173597845959259
0.5173523037695282
0.5173448277484786
0.5173373565231435
0.5173298900839512
0.5173224284213809
0.5173149715259531
0.5173075193882237
0.5173000719987766
0.5172926293482187
0.5172851914271763
0.5172777582262904
0.5172703297362135
0.5172629059476073
0.5172554868511406
0.5172480724374873
0.5172406626973244
0.5172332576213308
0.5172258572001861
0.5172184614245701
0.5172110702851604
0.5172036837726345
0.5171963018776655
0.5171889245909248
0.5171815519030794
0.5171741838047927
0.5171668202867237
0.5171594613395267
0.517152106953851
0.5171447571203411
0.5171374118296351
0.5171300710723665
0.5171227348391619
0.5171154031206429
0.517108075907424
0.5171007531901141
0.5170934349593148
0.5170861212056215
0.5170788119196231
0.5170715070919012
0.5170642067130302
0.5170569107735778
0.5170496192641048
0.5170423321751634
0.5170350494972998
0.5170277712210516
0.5170204973369495
0.517013227835516
0.5170059627072654
0.5169987019427051
0.5169914455323339
0.5169841934666424
0.5169769457361127
0.5169697023312196
0.5169624632424287
0.5169552284601973
0.5169479979749738
0.5169407717771988
0.5169335498573036
0.5169263322057107
0.5169191188128339
0.5169119096690777
0.516904704764838
0.516897504090501
0.516890307636444
0.5168831153930349
0.5168759273506326
0.5168687434995856
0.5168615638302338
0.5168543883329071
0.5168472169979257
0.5168400498155998
0.5168328867762302
0.5168257278701072
0.5168185730875114
0.5168114224187138
0.5168042758539743
0.5167971333835428
0.5167899949976595
0.5167828606865539
0.5167757304404444
0.5167686042495401
0.516761482104038
0.5167543639941259
0.51674724990998
0.5167401398417656
0.5167330337796376
0.5167259317137399
0.516718833634205
0.5167117395311545
0.516704649394699
0.5166975632149375
0.5166904809819581
0.5166834026858375
0.5166763283166405
0.5166692578644208
0.5166621913192206
0.5166551286710707
0.5166480699099892
0.5166410150259836
0.5166339640090489
0.5166269168491685
0.5166198735363139
0.5166128340604442
0.516605798411507
0.5165987665794374
0.5165917385541583
0.5165847143255806
0.5165776938836028
0.5165706772181109
0.5165636643189785
0.516556655176067
0.5165496497792248
0.516542648118288
0.5165356501830802
0.5165286559634119
0.516521665449081
0.5165146786298725
0.516507695495559
0.5165007160358993
0.51649374024064
0.5164867680995139
0.5164797996022417
0.51647283473853
0.5164658734980725
0.51645891587055
0.5164519618456297
0.5164450114129651
0.5164380645621969
0.516431121282952
0.5164241815648438
0.5164172453974721
0.5164103127704234
0.51640338367327
0.5163964580955712
0.5163895360268715
0.5163826174567026
0.5163757023745819
0.516368790770013
0.516361882632485
0.5163549779514739
0.5163480767164412
0.5163411789168343
0.5163342845420864
0.5163273935816165
0.5163205060248295
0.5163136218611161
0.5163067410798524
0.5162998636704001
0.5162929896221073
0.5162861189243066
0.5162792515663162
0.5162723875374406
0.5162655268269692
0.5162586694241765
0.5162518153183225
0.516244964498653
0.5162381169543984
0.5162312726747745
0.5162244316489825
0.5162175938662084
0.5162107593156235
0.5162039279863841
0.5161970998676315
0.5161902749484919
0.5161834532180767
0.5161766346654818
0.5161698192797883
0.516163007050062
0.5161561979653533
0.5161493920146976
0.5161425891871149
0.5161357894716098
0.516128992857172
0.5161221993327747
0.5161154088873771
0.516108621509922
0.5161018371893367
0.5160950559145332
0.5160882776744082
0.5160815024578421
0.5160747302537005
0.5160679610508324
0.5160611948380717
0.5160544316042367
0.5160476713381292
0.516040914028536
0.5160341596642273
0.5160274082339582
0.5160206597264674
0.5160139141304774
0.5160071714346958
0.5160004316278131
0.5159936946985042
0.515986960635428
0.5159802294272275
0.5159735010625288
0.5159667755299425
0.5159600528180633
0.5159533329154693
0.5159466158107218
0.5159399014923667
0.5159331899489334
0.515926481168935
0.515919775140868
0.5159130718532126
0.5159063712944325
0.5158996734529757
0.5158929783172728
0.5158862858757383
0.5158795961167704
0.5158729090287504
0.5158662246000432
0.515859542818997
0.5158528636739437
0.5158461871531984
0.5158395132450595
0.5158328419378084
0.5158261732197106
0.5158195070790138
0.51581284350395
0.5158061824827336
0.5157995240035625
0.515792868054618
0.5157862146240642
0.5157795637000481
0.5157729152707009
0.5157662693241354
0.5157596258484486
0.5157529848317198
0.5157463462620118
0.51573971012737
0.5157330764158231
0.5157264451153826
0.5157198162140428
0.5157131896997811
0.5157065655605575
0.5156999437843152
0.5156933243589801
0.5156867072724608
0.5156800925126488
0.5156734800674184
0.5156668699246266
0.5156602620721132
0.5156536564977005
0.5156470531891937
0.5156404521343809
0.5156338533210322
0.5156272567369009
0.5156206623697229
0.5156140702072161
0.5156074802370819
0.5156008924470037
0.5155943068246472
0.5155877233576615
0.5155811420336771
0.5155745628403079
0.5155679857651498
0.5155614107957812
0.5155548379197634
0.5155482671246393
0.5155416983979351
0.5155351317271583
0.5155285670997998
0.5155220045033326
0.5155154439252116
0.5155088853528744
0.5155023287737408
0.5154957741752129
0.5154892215446752
0.5154826708694941
0.5154761221370185
0.5154695753345796
0.5154630304494907
0.5154564874690472
0.5154499463805268
0.5154434071711893
0.5154368698282766
0.515430334339013
0.5154238006906047
0.5154172688702401
0.5154107388650891
0.5154042106623047
0.5153976842490215
0.5153911596123557
0.5153846367394062
0.5153781156172537
0.5153715962329606
0.5153650785735717
0.5153585626261137
0.515352048377595
0.5153455358150061
0.5153390249253196
0.5153325156954898
0.5153260081124531
0.5153195021631275
0.5153129978344131
0.515306495113192
0.5152999939863279
0.5152934944406663
0.5152869964630349
0.515280500040243
0.5152740051590814
0.5152675118063231
0.5152610199687229
0.5152545296330173
0.5152480407859242
0.5152415534141439
0.5152350675043577
0.5152285830432292
0.5152221000174034
0.5152156184135075
0.5152091382181494
0.5152026594179197
0.5151961819993899
0.5151897059491137
0.5151832312536262
0.515176757899444
0.5151702858730656
0.515163815160971
0.5151573457496215
0.5151508776254605
0.5151444107749128
0.5151379451843844
0.5151314808402631
0.5151250177289186
0.5151185558367015
0.5151120951499447
0.5151056356549615
0.5150991773380476
0.51509272018548
0.515086264183517
0.5150798093183984
0.5150733555763456
0.5150669029435614
0.5150604514062298
0.5150540009505165
0.5150475515625687
0.5150411032285146
0.5150346559344641
0.5150282096665084
0.51502176441072
0.5150153201531533
0.5150088768798432
0.5150024345768063
0.5149959932300407
0.5149895528255257
0.514983113349222
0.5149766747870714
0.5149702371249971
0.5149638003489039
0.5149573644446772
0.5149509293981844
0.5149444951952735
0.5149380618217743
0.5149316292634976
0.514925197506235
0.5149187665357602
0.5149123363378276
0.514905906898173
0.5148994782025126
0.514893050236545
0.5148866229859492
0.5148801964363855
0.5148737705734958
0.5148673453829022
0.514860920850209
0.5148544969610008
0.5148480737008436
0.5148416510552849
0.5148352290098526
0.5148288075500562
0.5148223866613861
0.5148159663293137
0.5148095465392916
0.5148031272767535
0.5147967085271139
0.5147902902757684
0.514783872508094
0.5147774552094483
0.51477103836517
0.5147646219605786
0.5147582059809752
0.5147517904116413
0.5147453752378399
0.5147389604448142
0.514732546017789
0.5147261319419696
0.5147197182025429
0.5147133047846759
0.5147068916735174
0.5147004788541961
0.5146940663118224
0.5146876540314872
0.5146812419982626
0.5146748301972012
0.5146684186133368
0.5146620072316835
0.5146555960372373
0.5146491850149739
0.5146427741498505
0.5146363634268052
0.5146299528307559
0.5146235423466025
0.5146171319592253
0.5146107216534854
0.5146043114142242
0.5145979012262648
0.51459149107441
0.5145850809434445
0.5145786708181322
0.5145722606832197
0.5145658505234325
0.5145594403234779
0.5145530300680435
0.5145466197417977
0.5145402093293897
0.5145337988154489
0.514527388184586
0.5145209774213919
0.5145145665104384
0.514508155436278
0.5145017441834434
0.5144953327364484
0.5144889210797873
0.5144825091979347
0.514476097075346
0.5144696846964574
0.5144632720456854
0.5144568591074272
0.5144504458660605
0.5144440323059435
0.5144376184114149
0.514431204166794
0.514424789556381
0.5144183745644559
0.5144119591752798
0.5144055433730939
0.51439912714212
0.5143927104665604
0.514386293330598
0.514379875718396
0.5143734576140979
0.5143670390018279
0.5143606198656908
0.5143542001897712
0.5143477799581345
0.5143413591548264
0.5143349377638732
0.5143285157692814
0.514322093155038
0.5143156699051097
0.5143092460034446
0.5143028214339707
0.514296396180596
0.514289970227209
0.5142835435576789
0.5142771161558544
0.5142706880055654
0.5142642590906217
0.5142578293948131
0.51425139890191
0.5142449675956628
0.5142385354598024
0.5142321024780399
0.5142256686340662
0.5142192339115531
0.514212798294152
0.5142063617654948
0.5141999243091936
0.5141934859088404
0.5141870465480076
0.5141806062102479
0.5141741648790934
0.5141677225380573
0.5141612791706324
0.5141548347602916
0.5141483892904879
0.5141419427446545
0.5141354951062045
0.5141290463585315
0.5141225964850086
0.5141161454689893
0.514109693293807
0.5141032399427751
0.5140967853991871
0.5140903296463164
0.5140838726674164
0.5140774144457209
0.5140709549644427
0.5140644942067756
0.5140580321558927
0.5140515687949474
0.5140451041070726
0.5140386380753815
0.5140321706829671
0.5140257019129024
0.5140192317482399
0.5140127601720123
0.514006287167232
0.5139998127168912
0.5139933368039626
0.5139868594113979
0.5139803805221286
0.5139739001190665
0.5139674181851028
0.513960934703109
0.5139544496559358
0.5139479630264139
0.513941474797354
0.5139349849515458
0.5139284934717594
0.5139220003407444
0.51391550554123
0.5139090090559253
0.5139025108675188
0.5138960109586789
0.5138895093120535
0.5138830059102701
0.5138765007359363
0.5138699937716383
0.5138634849999429
0.5138569744033963
0.5138504619645239
0.513843947665831
0.513837431489802
0.5138309134189013
0.5138243934355728
0.5138178715222398
0.5138113476613051
0.5138048218351509
0.5137982940261391
0.5137917642166111
0.5137852323888872
0.5137786985252677
0.5137721626080325
0.5137656246194403
0.5137590845417297
0.5137525423571182
0.5137459980478032
0.5137394515959612
0.5137329029837481
0.5137263521932991
0.513719799206729
0.5137132440061315
0.5137066865735795
0.5137001268911262
0.5136935649408028
0.5136870007046205
0.5136804341645694
0.5136738653026193
0.5136672941007189
0.513660720540796
0.5136541446047578
0.5136475662744906
0.5136409855318601
0.5136344023587108
0.5136278167368666
0.5136212286481305
0.5136146380742844
0.5136080449970895
0.5136014493982863
0.513594851259594
0.513588250562711
0.5135816472893148
0.5135750414210618
0.5135684329395878
0.513561821826507
0.5135552080634133
0.5135485916318789
0.5135419725134556
0.5135353506896736
0.5135287261420426
0.5135220988520505
0.5135154688011648
0.5135088359708317
0.5135022003424763
0.5134955618975021
0.5134889206172923
0.5134822764832083
0.5134756294765906
0.5134689795787585
0.51346232677101
0.513455671034622
0.5134490123508502
0.5134423507009287
0.5134356860660709
0.5134290184274686
0.5134223477662923
0.5134156740636915
0.513408997300794
0.5134023174587067
0.5133956345185148
0.513388948461282
0.5133822592680513
0.5133755669198434
0.5133688713976585
0.5133621726824751
0.51335547075525
0.5133487655969187
0.5133420571883953
0.5133353455105725
0.5133286305443214
0.5133219122704915
0.513315190669911
0.5133084657233866
0.5133017374117033
0.5132950057156244
0.5132882706158918
0.5132815320932261
0.5132747901283257
0.513268044701868
0.5132612957945082
0.5132545433868803
0.5132477874595961
0.5132410279932464
0.5132342649684002
0.5132274983656041
0.5132207281653838
0.5132139543482424
0.5132071768946621
0.5132003957851033
0.5131936110000036
0.5131868225197801
0.5131800303248271
0.5131732343955178
0.5131664347122027
0.5131596312552115
0.513152824004851
0.5131460129414069
0.5131391980451425
0.5131323792962995
0.5131255566750973
0.5131187301617339
0.5131118997363846
0.5131050653792035
0.5130982270703219
0.5130913847898495
0.5130845385178744
0.5130776882344619
0.5130708339196556
0.5130639755534769
0.5130571131159253
0.5130502465869781
0.5130433759465903
0.5130365011746949
0.5130296222512031
0.5130227391560029
0.5130158518689615
0.5130089603699226
0.513002064638709
0.5129951646551197
0.512988260398933
0.5129813518499036
0.5129744389877651
0.5129675217922278
0.5129606002429805
0.512953674319689
0.5129467440019971
0.5129398092695263
0.5129328701018756
0.5129259264786216
0.5129189783793184
0.512912025783498
0.5129050686706695
0.51289810702032
0.5128911408119139
0.5128841700248931
0.512877194638677
0.5128702146326622
0.5128632299862235
0.5128562406787127
0.512849246689459
0.5128422479977688
0.5128352445829264
0.5128282364241933
0.512821223500808
0.5128142057919869
0.5128071832769237
0.5128001559347888
0.5127931237447305
0.5127860866858742
0.5127790447373226
0.5127719978781556
0.5127649460874305
0.5127578893441812
0.5127508276274202
0.5127437609161354
0.5127366891892932
0.5127296124258365
0.5127225306046861
0.5127154437047388
0.5127083517048693
0.512701254583929
0.512694152320747
0.5126870448941285
0.5126799322828569
0.5126728144656916
0.5126656914213694
0.512658563128604
0.5126514295660866
0.5126442907124847
0.5126371465464432
0.5126299970465833
0.512622842191504
0.5126156819597806
0.5126085163299654
0.5126013452805878
0.5125941687901534
0.5125869868371458
0.512579799400024
0.5125726064572248
0.5125654079871617
0.5125582039682244
0.51255099437878
0.5125437791971719
0.5125365584017205
0.5125293319707228
0.5125220998824526
0.5125148621151598
0.512507618647072
0.5125003694563924
0.5124931145213015
0.5124858538199561
0.51247858733049
0.5124713150310128
0.5124640368996114
0.512456752914349
0.5124494630532653
0.5124421672943763
0.512434865615675
0.5124275579951305
0.5124202444106885
0.5124129248402709
0.5124055992617768
0.5123982676530803
0.5123909299920335
0.5123835862564641
0.512376236424176
0.5123688804729497
0.5123615183805421
0.5123541501246864
0.5123467756830921
0.5123393950334448
0.5123320081534066
0.5123246150206158
0.5123172156126868
0.5123098099072105
0.512302397881754
0.5122949795138603
0.5122875547810487
0.5122801236608151
0.5122726861306306
0.5122652421679434
0.5122577917501774
0.5122503348547325
0.5122428714589851
0.512235401540287
0.5122279250759666
0.5122204420433284
0.5122129524196526
0.5122054561821955
0.5121979533081893
0.5121904437748425
0.5121829275593395
0.5121754046388401
0.5121678749904811
0.512160338591374
0.512152795418607
0.512145245449244
0.5121376886603248
0.5121301250288648
0.5121225545318557
0.5121149771462647
0.512107392849035
0.5120998016170852
0.5120922034273101
0.5120845982565805
0.5120769860817421
0.512069366879617
0.5120617406270032
0.5120541073006736
0.5120464668773775
0.5120388193338395
0.5120311646467604
0.5120235027928157
0.5120158337486576
0.5120081574909131
0.5120004739961852
0.5119927832410525
0.5119850852020691
0.5119773798557646
0.5119696671786441
0.5119619471471887
0.5119542197378543
0.5119464849270728
0.5119387426912514
0.5119309930067728
0.5119232358499954
0.5119154711972528
0.5119076990248539
0.5118999193090832
0.5118921320262009
0.5118843371524419
0.5118765346640171
0.5118687245371126
0.5118609067478896
0.5118530812724851
0.5118452480870108
0.5118374071675542
0.5118295584901782
0.5118217020309201
0.5118138377657939
0.5118059656707875
0.5117980857218649
0.5117901978949646
0.5117823021660013
0.5117743985108638
0.5117664869054169
0.5117585673255004
0.5117506397469291
0.5117427041454929
0.5117347604969569
0.5117268087770614
0.5117188489615219
0.5117108810260288
0.5117029049462476
0.511694920697819
0.5116869282563585
0.511678927597457
0.5116709186966801
0.5116629015295687
0.5116548760716386
0.5116468422983804
0.5116388001852601
0.5116307497077182
0.5116226908411703
0.5116146235610073
0.5116065478425944
0.5115984636612725
0.5115903709923566
0.5115822698111372
0.5115741600928793
0.5115660418128228
0.5115579149461831
0.5115497794681494
0.5115416353538866
0.5115334825785339
0.5115253211172057
0.5115171509449907
0.511508972036953
0.5115007843681311
0.5114925879135381
0.5114843826481624
0.5114761685469666
0.5114679455848885
0.5114597137368404
0.5114514729777092
0.5114432232823564
0.5114349646256188
0.5114266969823072
0.5114184203272073
0.5114101346350798
0.5114018398806595
0.511393536038656
0.5113852230837538
0.5113769009906117
0.5113685697338635
0.5113602292881168
0.5113518796279548
0.5113435207279342
0.5113351525625875
0.5113267751064208
0.511318388333915
0.5113099922195254
0.5113015867376823
0.5112931718627901
0.5112847475692279
0.5112763138313489
0.5112678706234814
0.5112594179199277
0.5112509556949649
0.5112424839228442
0.5112340025777916
0.5112255116340073
0.5112170110656661
0.5112085008469172
0.5111999809518839
0.5111914513546642
0.5111829120293309
0.5111743629499301
0.5111658040904832
0.5111572354249858
0.5111486569274079
0.5111400685716931
0.5111314703317604
0.5111228621815029
0.5111142440947875
0.5111056160454556
0.5110969780073233
0.5110883299541809
0.5110796718597925
0.5110710036978974
0.511062325442208
0.5110536370664122
0.5110449385441713
0.5110362298491212
0.5110275109548721
0.5110187818350083
0.5110100424630883
0.5110012928126452
0.510992532857186
0.5109837625701918
0.5109749819251185
0.5109661908953952
0.5109573894544266
0.5109485775755903
0.510939755232239
0.5109309223976987
0.5109220790452705
0.510913225148229
0.5109043606798237
0.5108954856132774
0.5108865999217874
0.5108777035785255
0.510868796556637
0.5108598788292419
0.5108509503694342
0.510842011150282
0.5108330611448273
0.5108241003260865
0.5108151286670501
0.5108061461406826
0.5107971527199227
0.510788148377683
0.5107791330868507
0.5107701068202866
0.5107610695508255
0.5107520212512768
0.5107429618944239
0.5107338914530237
0.5107248098998081
0.5107157172074821
0.5107066133487256
0.5106974982961919
0.5106883720225089
0.5106792345002784
0.5106700857020761
0.5106609256004517
0.5106517541679294
0.5106425713770071
0.5106333772001567
0.5106241716098242
0.51061495457843
0.5106057260783684
0.5105964860820069
0.5105872345616884
0.5105779714897289
0.5105686968384189
0.5105594105800225
0.5105501126867782
0.5105408031308986
0.51053148188457
0.5105221489199528
0.5105128042091819
0.5105034477243654
0.5104940794375863
0.5104846993209009
0.5104753073463401
0.5104659034859084
0.5104564877115845
0.5104470599953213
0.5104376203090453
0.5104281686246577
0.5104187049140332
0.5104092291490203
0.5103997413014424
0.5103902413430962
0.5103807292457527
0.510371204981157
0.5103616685210279
0.5103521198370586
0.5103425589009166
0.5103329856842426
0.5103234001586519
0.5103138022957338
0.5103041920670517
0.5102945694441428
0.5102849343985189
0.5102752869016648
0.5102656269250407
0.5102559544400799
0.5102462694181901
0.5102365718307529
0.5102268616491245
0.5102171388446343
0.5102074033885865
0.5101976552522591
0.5101878944069043
0.5101781208237484
0.5101683344739913
0.5101585353288077
0.5101487233593462
0.5101388985367294
0.5101290608320541
0.5101192102163908
0.5101093466607849
0.5100994701362551
0.5100895806137951
0.5100796780643719
0.5100697624589274
0.5100598337683768
0.5100498919636105
0.5100399370154921
0.51002996889486
0.5100199875725263
0.5100099930192779
0.5099999852058752
0.5099899641030531
0.5099799296815211
0.5099698819119621
0.5099598207650338
0.5099497462113682
0.5099396582215711
0.5099295567662228
0.5099194418158778
0.5099093133410647
0.5098991713122869
0.5098890157000214
0.5098788464747199
0.5098686636068084
0.5098584670666868
0.5098482568247298
0.5098380328512861
0.509827795116679
0.509817543591206
0.5098072782451387
0.5097969990487234
0.5097867059721808
0.5097763989857056
0.5097660780594674
0.5097557431636098
0.509745394268251
0.5097350313434834
0.5097246543593742
0.5097142632859647
0.5097038580932709
0.5096934387512833
0.5096830052299666
0.5096725574992602
0.5096620955290777
0.509651619289308
0.5096411287498136
0.5096306238804322
0.5096201046509755
0.5096095710312305
0.509599022990958
0.5095884604998939
0.5095778835277485
0.5095672920442069
0.5095566860189287
0.5095460654215481
0.5095354302216741
0.5095247803888904
0.5095141158927553
0.5095034367028016
0.5094927427885373
0.509482034119445
0.5094713106649817
0.5094605723945795
0.5094498192776455
0.509439051283561
0.5094282683816826
0.5094174705413416
0.5094066577318439
0.5093958299224709
0.5093849870824781
0.5093741291810967
0.5093632561875321
0.5093523680709651
0.5093414648005513
0.5093305463454213
0.509319612674681
0.5093086637574105
0.5092976995626655
0.5092867200594771
0.5092757252168508
0.5092647150037672
0.5092536893891828
0.5092426483420283
0.5092315918312098
0.509220519825609
0.5092094322940823
0.5091983292054617
0.5091872105285539
0.5091760762321413
0.5091649262849814
0.5091537606558072
0.5091425793133265
0.5091313822262229
0.5091201693631553
0.5091089406927576
0.5090976961836398
0.5090864358043866
0.5090751595235585
0.5090638673096916
0.5090525591312969
0.5090412349568616
0.5090298947548482
0.5090185384936946
0.5090071661418142
0.5089957776675963
0.508984373039406
0.5089729522255835
0.5089615151944449
0.5089500619142823
0.5089385923533629
0.5089271064799302
0.5089156042622036
0.5089040856683776
0.5088925506666233
0.5088809992250872
0.5088694313118913
0.5088578468951348
0.5088462459428914
0.5088346284232117
0.5088229943041219
0.5088113435536243
0.5087996761396971
0.508787992030295
0.5087762911933481
0.5087645735967633
0.5087528392084233
0.5087410879961873
0.5087293199278902
0.5087175349713434
0.5087057330943348
0.5086939142646282
0.5086820784499639
0.5086702256180591
0.5086583557366061
0.5086464687732748
0.5086345646957111
0.5086226434715376
0.5086107050683528
0.5085987494537324
0.5085867765952286
0.5085747864603696
0.508562779016661
0.508550754231585
0.5085387120725997
0.5085266525071407
0.5085145755026204
0.5085024810264274
0.5084903690459277
0.5084782395284637
0.5084660924413553
0.5084539277518986
0.5084417454273673
0.5084295454350116
0.5084173277420593
0.5084050923157145
0.5083928391231594
0.5083805681315521
0.5083682793080291
0.5083559726197034
0.5083436480336653
0.5083313055169826
0.5083189450367
0.5083065665598404
0.508294170053403
0.5082817554843653
0.508269322819682
0.5082568720262849
0.5082444030710837
0.5082319159209658
0.5082194105427962
0.508206886903417
0.5081943449696485
0.5081817847082889
0.5081692060861136
0.5081566090698764
0.5081439936263082
0.5081313597221184
0.5081187073239943
0.5081060363986007
0.5080933469125809
0.508080638832556
0.5080679121251255
0.5080551667568661
0.5080424026943341
0.5080296199040627
0.508016818352564
0.5080039980063283
0.5079911588318242
0.5079783007954987
0.5079654238637772
0.5079525280030633
0.5079396131797397
0.5079266793601671
0.507913726510685
0.5079007545976114
0.5078877635872433
0.5078747534458561
0.507861724139704
0.5078486756350202
0.5078356078980166
0.5078225208948839
0.5078094145917917
0.5077962889548892
0.5077831439503038
0.5077699795441426
0.5077567957024913
0.5077435923914153
0.5077303695769588
0.5077171272251454
0.5077038653019781
0.5076905837734391
0.5076772826054902
0.5076639617640724
0.5076506212151064
0.5076372609244924
0.50762388085811
0.507610480981819
0.507597061261458
0.507583621662846
0.5075701621517819
0.5075566826940436
0.50754318325539
0.5075296638015591
0.5075161242982692
0.5075025647112185
0.5074889850060855
0.5074753851485289
0.5074617651041871
0.5074481248386791
0.5074344643176041
0.5074207835065419
0.507407082371052
0.5073933608766754
0.5073796189889326
0.5073658566733251
0.5073520738953349
0.5073382706204248
0.5073244468140381
0.5073106024415991
0.5072967374685127
0.5072828518601645
0.5072689455819216
0.5072550185991314
0.5072410708771229
0.5072271023812057
0.5072131130766709
0.5071991029287907
0.5071850719028181
0.5071710199639882
0.5071569470775169
0.5071428532086015
0.5071287383224213
0.5071146023841362
0.5071004453588887
0.507086267211802
0.5070720679079818
0.5070578474125148
0.5070436056904701
0.5070293427068986
0.5070150584268327
0.5070007528152869
0.5069864258372583
0.5069720774577253
0.5069577076416489
0.5069433163539723
0.5069289035596205
0.5069144692235017
0.5069000133105056
0.5068855357855049
0.5068710366133545
0.5068565157588921
0.5068419731869378
0.5068274088622946
0.5068128227497479
0.5067982148140662
0.5067835850200009
0.5067689333322862
0.506754259715639
0.5067395641347598
0.5067248465543318
0.5067101069390215
0.5066953452534785
0.506680561462336
0.5066657555302103
0.5066509274217009
0.5066360771013915
0.5066212045338484
0.5066063096836223
0.5065913925152471
0.5065764529932404
0.506561491082104
0.5065465067463231
0.5065314999503672
0.5065164706586892
0.5065014188357269
0.5064863444459013
0.5064712474536183
0.5064561278232673
0.5064409855192229
0.5064258205058434
0.5064106327474718
0.506395422208435
0.5063801888530457
0.5063649326455999
0.5063496535503792
0.5063343515316495
0.5063190265536615
0.5063036785806511
0.5062883075768387
0.5062729135064303
0.5062574963336165
0.5062420560225732
0.5062265925374615
0.5062111058424279
0.506195595901604
0.5061800626791071
0.5061645061390397
0.5061489262454902
0.5061333229625322
0.5061176962542254
0.5061020460846147
0.5060863724177315
0.5060706752175927
0.506054954448201
0.5060392100735455
0.5060234420576012
0.5060076503643292
0.5059918349576769
0.5059759958015779
0.5059601328599526
0.5059442460967073
0.5059283354757349
0.505912400960915
0.5058964425161139
0.5058804601051845
0.5058644536919665
0.5058484232402866
0.505832368713958
0.5058162900767812
0.5058001872925437
0.5057840603250203
0.5057679091379728
0.5057517336951501
0.5057355339602889
0.5057193098971131
0.5057030614693337
0.5056867886406498
0.5056704913747477
0.505654169635302
0.5056378233859742
0.5056214525904141
0.5056050572122601
0.5055886372151369
0.5055721925626585
0.5055557232184269
0.5055392291460321
0.505522710309052
0.5055061666710539
0.5054895981955921
0.5054730048462102
0.5054563865864402
0.5054397433798029
0.5054230751898073
0.5054063819799518
0.5053896637137231
0.5053729203545968
0.505356151866038
0.5053393582115
0.5053225393544263
0.5053056952582486
0.5052888258863882
0.505271931202256
0.5052550111692521
0.5052380657507659
0.5052210949101765
0.5052040986108528
0.5051870768161529
0.5051700294894254
0.5051529565940077
0.5051358580932284
0.5051187339504047
0.5051015841288451
0.5050844085918472
0.5050672073026996
0.5050499802246807
0.5050327273210592
0.5050154485550946
0.5049981438900363
0.5049808132891249
0.5049634567155913
0.5049460741326569
0.5049286655035342
0.5049112307914264
0.5048937699595276
0.5048762829710228
0.5048587697890886
0.5048412303768917
0.504823664697591
0.504806072714336
0.504788454390268
0.5047708096885194
0.5047531385722144
0.5047354410044681
0.504717716948388
0.5046999663670729
0.5046821892236135
0.5046643854810922
0.5046465551025834
0.5046286980511533
0.5046108142898607
0.5045929037817558
0.5045749664898815
0.5045570023772729
0.504539011406957
0.5045209935419537
0.5045029487452753
0.5044848769799265
0.5044667782089045
0.5044486523951996
0.5044304995017945
0.5044123194916649
0.5043941123277791
0.5043758779730987
0.5043576163905783
0.5043393275431655
0.5043210113938008
0.5043026679054186
0.504284297040946
0.5042658987633036
0.5042474730354061
0.5042290198201604
0.504210539080468
0.5041920307792239
0.5041734948793167
0.5041549313436288
0.504136340135036
0.504117721216409
0.5040990745506114
0.5040804001005019
0.5040616978289324
0.5040429676987492
0.5040242096727937
0.5040054237139003
0.5039866097848985
0.5039677678486122
0.5039488978678599
0.5039299998054542
0.503911073624203
0.5038921192869084
0.5038731367563674
0.5038541259953719
0.5038350869667088
0.5038160196331595
0.503796923957501
0.5037777999025052
0.5037586474309386
0.5037394665055638
0.5037202570891381
0.5037010191444142
0.5036817526341405
0.5036624575210604
0.503643133767913
0.5036237813374334
0.5036044001923512
0.5035849902953933
0.5035655516092808
0.5035460840967317
0.5035265877204594
0.5035070624431731
0.5034875082275786
0.5034679250363769
0.503448312832266
0.5034286715779392
0.5034090012360867
0.5033893017693946
0.5033695731405453
0.5033498153122179
0.5033300282470877
0.5033102119078268
0.5032903662571031
0.5032704912575818
0.5032505868719247
0.50323065306279
0.5032106897928331
0.5031906970247056
0.5031706747210565
0.5031506228445314
0.5031305413577731
0.5031104302234214
0.5030902894041129
0.5030701188624815
0.5030499185611584
0.5030296884627719
0.5030094285299472
0.5029891387253076
0.5029688190114732
0.5029484693510613
0.5029280897066873
0.5029076800409636
0.5028872403165005
0.5028667704959054
0.5028462705417837
0.5028257404167387
0.5028051800833706
0.5027845895042781
0.5027639686420573
0.5027433174593027
0.5027226359186059
0.5027019239825568
0.5026811816137435
0.5026604087747516
0.502639605428165
0.5026187715365658
0.502597907062534
0.5025770119686477
0.5025560862174836
0.502535129771616
0.5025141425936178
0.5024931246460602
0.5024720758915125
0.5024509962925429
0.5024298858117172
0.5024087444116003
0.5023875720547549
0.5023663687037428
0.5023451343211239
0.5023238688694569
0.5023025723112986
0.502281244609205
0.5022598857257301
0.5022384956234268
0.5022170742648469
0.5021956216125406
0.5021741376290567
0.5021526222769431
0.5021310755187463
0.5021094973170109
0.5020878876342818
0.5020662464331009
0.5020445736760106
0.5020228693255506
0.5020011333442608
0.5019793656946792
0.5019575663393426
0.5019357352407874
0.501913872361548
0.5018919776641587
0.501870051111152
0.5018480926650595
0.5018261022884121
0.5018040799437392
0.5017820255935694
0.5017599392004304
0.5017378207268486
0.5017156701353493
0.5016934873884578
0.5016712724486967
0.5016490252785889
0.5016267458406559
0.5016044340974184
0.5015820900113955
0.501559713545106
0.5015373046610672
0.5015148633217957
0.5014923894898068
0.501469883127615
0.5014473441977335
0.501424772662675
0.5014021684849506
0.5013795316270702
0.5013568620515433
0.5013341597208779
0.5013114245975808
0.501288656644158
0.5012658558231143
0.5012430220969528
0.5012201554281762
0.5011972557792858
0.501174323112781
0.501151357391161
0.5011283585769232
0.5011053266325637
0.5010822615205772
0.5010591632034576
0.5010360316436967
0.5010128668037855
0.5009896686462133
0.500966437133468
0.500943172228036
0.5009198738924021
0.5008965420890497
0.5008731767804602
0.500849777929114
0.5008263454974893
0.5008028794480628
0.5007793797433095
0.5007558463457024
0.5007322792177127
0.5007086783218097
0.5006850436204606
0.5006613750761312
0.5006376726512847
0.5006139363083819
0.5005901660098824
0.5005663617182426
0.5005425233959174
0.5005186510053588
0.500494744509017
0.5004708038693388
0.5004468290487695
0.5004228200097514
0.500398776714724
0.5003746991261242
0.5003505872063861
0.5003264409179411
0.5003022602232177
0.5002780450846409
0.5002537954646331
0.5002295113256137
0.500205192629998
0.500180839340199
0.5001564514186257
0.5001320288276837
0.5001075715297754
0.5000830794872986
0.5000585526626486
0.5000339910182161
0.5000093945163877
0.49998476311954665
0.49996009679007136
0.4999353954903367
0.4999106591827127
0.4998858878295652
0.49986108139325525
0.4998362398361396
0.4998113631205702
0.499786451208894
0.4997615040634529
0.4997365216465841
0.49971150392061914
0.4996864508478847
0.49966136239070175
0.4996362385113856
0.49961107917224623
0.49958588433558765
0.49956065396370786
0.49953538801889896
0.49951008646344675
0.4994847492596308
0.4994593763697242
0.49943396775599314
0.49940852338069774
0.4993830432060905
0.49935752719441767
0.49933197530791745
0.4993063875088216
0.4992807637593539
0.49925510402173057
0.4992294082581602
0.4992036764308432
0.4991779085019725
0.4991521044337321
0.4991262641882978
0.49910038772783705
0.4990744750145083
0.499048526010461
0.4990225406778359
0.4989965189787643
0.49897046087536795
0.498944366329759
0.4989182353040399
0.4988920677603032
0.4988658636606308
0.49883962296709516
0.49881334564175717
0.4987870316466675
0.4987606809438659
0.4987342934953807
0.4987078692632292
0.49868140820941687
0.49865491029593767
0.4986283754847734
0.4986018037378937
0.49857519501725567
0.4985485492848045
0.49852186650247177
0.4984951466321761
0.4984683896358233
0.4984415954753049
0.49841476411249974
0.49838789550927165
0.498360989627471
0.4983340464289331
0.4983070658754793
0.4982800479289153
0.4982529925510319
0.4982258997036047
0.49819876934839324
0.4981716014471413
0.49814439596157634
0.49811715285340963
0.4980898720843355
0.49806255361603147
0.4980351974101574
0.4980078034283558
0.49798037163225173
0.49795290198345143
0.49792539444354367
0.4978978489740978
0.4978702655366645
0.49784264409277523
0.4978149846039421
0.49778728703165687
0.4977595513373916
0.49773177748259756
0.497703965428706
0.49767611513712606
0.49764822656924634
0.4976202996864331
0.49759233445003154
0.4975643308213636
0.49753628876172873
0.4975082082324038
0.4974800891946421
0.49745193160967316
0.4974237354387026
0.49739550064291177
0.4973672271834573
0.4973389150214709
0.4973105641180584
0.4972821744343004
0.49725374593125116
0.4972252785699383
0.49719677231136333
0.4971682271164995
0.4971396429462931
0.4971110197616624
0.4970823575234971
0.4970536561926585
0.4970249157299783
0.49699613609625914
0.4969673172522734
0.49693845915876333
0.49690956177644047
0.49688062506598507
0.4968516489880458
0.49682263350323974
0.4967935785721512
0.4967644841553319
0.4967353502133002
0.4967061767065408
0.4966769635955044
0.4966477108406072
0.4966184184022301
0.4965890862407191
0.4965597143163838
0.4965303025894978
0.4965008510202976
0.49647135956898314
0.4964418281957156
0.49641225686061874
0.4963826455237774
0.4963529941452374
0.4963233026850047
0.4962935711030452
0.49626379935928444
0.4962339874136064
0.49620413522585377
0.49617424275582733
0.4961443099632846
0.49611433680794065
0.49608432324946616
0.4960542692474884
0.49602417476158955
0.4959940397513065
0.4959638641761304
0.49593364799550627
0.49590339116883203
0.4958730936554582
0.49584275541468764
0.4958123764057746
0.4957819565879239
0.4957514959202909
0.495720994361981
0.49569045187204874
0.49565986840949694
0.49562924393327656
0.4955985784022864
0.4955678717753715
0.4955371240113238
0.4955063350688802
0.49547550490672326
0.49544463348347956
0.49541372075771967
0.4953827666879573
0.4953517712326487
0.49532073435019175
0.4952896559989262
0.49525853613713183
0.49522737472302897
0.4951961717147767
0.49516492707047294
0.495133640748154
0.4951023127057929
0.49507094290130005
0.49503953129252104
0.49500807783723727
0.49497658249316456
0.4949450452179526
0.4949134659691846
0.4948818447043758
0.4948501813809735
0.4948184759563559
0.49478672838783194
0.49475493863263975
0.49472310664794644
0.4946912323908472
0.494659315818365
0.49462735688744913
0.4945953555549747
0.49456331177774226
0.49453122551247647
0.49449909671582576
0.4944669253443612
0.4944347113545764
0.4944024547028856
0.49437015534562334
0.4943378132390447
0.494305428339323
0.4942730006025496
0.4942405299847334
0.4942080164417994
0.4941754599295882
0.4941428604038553
0.4941102178202697
0.49407753213441424
0.49404480330178313
0.4940120312777822
0.4939792160177279
0.4939463574768461
0.4939134556102713
0.49388051037304614
0.4938475217201202
0.4938144896063487
0.4937814139864922
0.49374829481521604
0.49371513204708817
0.4936819256365791
0.49364867553806097
0.49361538170580666
0.4935820440939881
0.49354866265667624
0.4935152373478401
0.49348176812134475
0.49344825493095157
0.4934146977303164
0.4933810964729893
0.4933474511124125
0.49331376160192114
0.49328002789474024
0.4932462499439856
0.493212427702661
0.4931785611236583
0.4931446501597567
0.4931106947636206
0.49307669488779926
0.4930426504847258
0.493008561506716
0.4929744279059669
0.49294024963455657
0.49290602664444216
0.49287175888745915
0.49283744631532067
0.49280308887961566
0.4927686865318084
0.49273423922323706
0.49269974690511276
0.49266520952851844
0.4926306270444074
0.4925959994036026
0.4925613265567955
0.4925266084545445
0.49249184504727406
0.4924570362852739
0.49242218211869687
0.49238728249755875
0.4923523373717368
0.49231734669096777
0.49228231040484804
0.4922472284628316
0.4922121008142285
0.49217692740820496
0.49214170819378006
0.492106443119827
0.4920711321350697
0.49203577518808284
0.4920003722272901
0.49196492320096274
0.4919294280572188
0.49189388674402157
0.49185829920917823
0.4918226654003384
0.4917869852649934
0.49175125875047454
0.4917154858039516
0.49167966637243193
0.4916438004027589
0.4916078878416107
0.49157192863549826
0.49153592273076563
0.49149987007358614
0.49146377060996344
0.4914276242857284
0.49139143104653854
0.4913551908378764
0.49131890360504815
0.4912825692931823
0.4912461878472278
0.4912097592119533
0.49117328333194543
0.49113676015160684
0.4911001896151555
0.4910635716666228
0.491026906249852
0.4909901933084976
0.4909534327860221
0.49091662462569674
0.4908797687705976
0.4908428651636062
0.49080591374740706
0.4907689144644854
0.490731867257127
0.49069477206741574
0.49065762883723263
0.49062043750825357
0.4905831980219479
0.49054591031957784
0.4905085743421953
0.4904711900306412
0.49043375732554384
0.4903962761673172
0.49035874649615907
0.4903211682520495
0.4902835413747495
0.4902458658037989
0.4902081414785148
0.49017036833799055
0.4901325463210923
0.4900946753664598
0.49005675541250243
0.4900187863973991
0.4899807682590954
0.4899427009353025
0.4899045843634952
0.4898664184809103
0.48982820322454457
0.48978993853115327
0.4897516243372484
0.4897132605790963
0.4896748471927167
0.4896363841138807
0.4895978712781082
0.48955930862066727
0.48952069607657106
0.4894820335805772
0.4894433210671848
0.4894045584706332
0.4893657457249006
0.48932688276370095
0.48928796952048265
0.489249005928427
0.48920999192044595
0.48917092742917984
0.4891318123869962
0.48909264672598707
0.4890534303779679
0.4890141632744744
0.48897484534676183
0.48893547652580205
0.4888960567422819
0.4888565859266017
0.4888170640088719
0.4887774909189127
0.48873786658625074
0.48869819094011746
0.48865846390944745
0.4886186854228756
0.488578855408736
0.4885389737950589
0.48849904050956894
0.4884590554796835
0.48841901863250986
0.48837892989484394
0.488338789193167
0.4882985964536444
0.4882583516021233
0.48821805456413025
0.4881777052648693
0.48813730362921925
0.4880968495817325
0.48805634304663126
0.4880157839478069
0.4879751722088171
0.48793450775288305
0.4878937905028883
0.48785302038137546
0.48781219731054465
0.48777132121225075
0.4877303920080014
0.48768940961895435
0.4876483739659161
0.48760728496933775
0.4875661425493146
0.48752494662558254
0.4874836971175162
0.48744239394412636
0.4874010370240581
0.48735962627558727
0.48731816161661945
0.4872766429646867
0.4872350702369449
0.48719344335017245
0.4871517622207662
0.4871100267647408
0.4870682368977244
0.4870263925349577
0.4869844935912906
0.4869425399811802
0.4869005316186873
0.48685846841747493
0.4868163502908058
0.4867741771515387
0.4867319489121275
0.48668966548461656
0.4866473267806404
0.48660493271141897
0.48656248318775697
0.48651997812003955
0.4864774174182309
0.4864348009918712
0.48639212875007315
0.48634940060152104
0.48630661645446643
0.48626377621672634
0.4862208797956802
0.4861779270982675
0.4861349180309845
0.48609185249988207
0.4860487304105626
0.4860055516681769
0.48596231617742275
0.4859190238425402
0.48587567456731057
0.4858322682550523
0.4857888048086191
0.4857452841303962
0.48570170612229885
0.48565807068576716
0.4856143777217664
0.4855706271307812
0.4855268188128142
0.48548295266738317
0.48543902859351684
0.48539504648975385
0.48535100625413824
0.4853069077842173
0.48526275097703797
0.485218535729145
0.48517426193657653
0.48512992949486206
0.48508553829901946
0.485041088243551
0.4849965792224417
0.48495201112915504
0.4849073838566303
0.48486269729728015
0.48481795134298644
0.4847731458850977
0.4847282808144266
0.4846833560212454
0.484638371395284
0.48459332682572653
0.4845482222012079
0.4845030574098109
0.4844578323390627
0.48441254687593194
0.48436720090682567
0.4843217943175858
0.48427632699348566
0.4842307988192276
0.4841852096789386
0.4841395594561679
0.4840938480338835
0.4840480752944687
0.4840022411197184
0.48395634539083704
0.4839103879884338
0.48386436879252004
0.48381828768250595
0.48377214453719697
0.4837259392347905
0.4836796716528724
0.4836333416684136
0.48358694915776673
0.483540493996663
0.4834939760602077
0.48344739522287866
0.48340075135852
0.4833540443403418
0.4833072740409139
0.4832604403321643
0.483213543085374
0.4831665821711754
0.48311955745954666
0.4830724688198098
0.48302531612062627
0.4829780992299936
0.4829308180152417
0.4828834723430293
0.4828360620793405
0.482788587089481
0.4827410472380742
0.482693442389058
0.48264577240568074
0.4825980371504978
0.48255023648536777
0.4825023702714484
0.4824544383691941
0.48240644063835003
0.48235837693795103
0.48231024712631515
0.48226205106104214
0.4822137885990085
0.4821654595963636
0.4821170639085265
0.4820686013901816
0.4820200718952751
0.4819714752770112
0.4819228113878476
0.4818740800794927
0.48182528120290075
0.4817764146082683
0.48172748014503075
0.48167847766185734
0.4816294070066488
0.4815802680265315
0.481531060567855
0.4814817844761876
0.4814324395963119
0.48138302577222153
0.48133354284711677
0.48128399066340066
0.4812343690626746
0.48118467788573477
0.4811349169725678
0.4810850861623472
0.48103518529342826
0.480985214203345
0.4809351727288053
0.48088506070568776
0.4808348779690362
0.4807846243530563
0.48073429969111214
0.4806839038157204
0.48063343655854784
0.4805828977504057
0.4805322872212465
0.4804816048001598
0.4804308503153666
0.48038002359421744
0.4803291244631861
0.4802781527478662
0.4802271082729675
0.4801759908623098
0.48012480033882093
0.48007353652453083
0.4800221992405677
0.479970788307154
0.47991930354360174
0.4798677447683082
0.47981611179875155
0.47976440445148655
0.4797126225421403
0.4796607658854078
0.4796088342950472
0.47955682758387547
0.47950474556376466
0.47945258804563656
0.4794003548394593
0.4793480457542414
0.47929566059802853
0.479243199177899
0.47919066129995813
0.47913804676933547
0.47908535539017894
0.4790325869656505
0.47897974129792253
0.47892681818817234
0.47887381743657775
0.47882073884231285
0.47876758220354365
0.4787143473174224
0.47866103398008475
0.4786076419866434
0.4785541711311846
0.47850062120676307
0.4784469920053978
0.4783932833180669
0.4783394949347033
0.4782856266441897
0.478231678234355
0.4781776494919678
0.4781235402027335
0.47806935015128915
0.4780150791211976
0.4779607268949445
0.47790629325393225
0.4778517779784761
0.4777971808477994
0.47774250164002824
0.47768774013218707
0.4776328961001946
0.47757796931885765
0.4775229595618676
0.4774678666017951
0.4774126902100855
0.47735743015705384
0.4773020862118802
0.47724665814260475
0.4771911457161234
0.47713554869818253
0.477079866853374
0.4770240999451311
0.47696824773572305
0.47691230998625034
0.4768562864566401
0.4768001769056408
0.47674398109081806
0.4766876987685491
0.4766313296940186
0.47657487362121287
0.4765183303029157
0.4764616994907038
0.4764049809349409
0.4763481743847737
0.47629127958812645
0.4762342962916967
0.47617722424094944
0.4761200631801134
0.47606281285217505
0.4760054729988743
0.4759480433606992
0.4758905236768817
0.47583291368539227
0.4757752131229345
0.47571742172494136
0.47565953922556903
0.47560156535769293
0.47554349985290223
0.4754853424414953
0.4754270928524742
0.4753687508135406
0.47531031605109025
0.475251788290208
0.4751931672546631
0.47513445266690424
0.4750756442480548
0.47501674171790764
0.4749577447949197
0.47489865319620844
0.4748394666375455
0.47478018483335244
0.474720807496696
0.47466133433928226
0.47460176507145324
0.47454209940217995
0.4744823370390598
0.4744224776883094
0.4743625210547614
0.4743024668418587
0.4742423147516494
0.47418206448478295
0.474121715740504
0.4740612682166478
0.47400072160963613
0.47394007561447166
0.4738793299247326
0.47381848423256945
0.47375753822869815
0.47369649160239685
0.4736353440415002
0.4735740952323944
0.47351274486001294
0.47345129260783153
0.4733897381578626
0.47332808119065173
0.4732663213852717
0.4732044584193185
0.4731424919689057
0.4730804217086606
0.4730182473117187
0.4729559684497194
0.4728935847928008
0.47283109600959516
0.4727685017672246
0.4727058017312955
0.47264299556589434
0.47258008293358345
0.4725170634953948
0.47245393691082704
0.4723907028378397
0.4723273609328488
0.47226391085072295
0.4722003522447773
0.4721366847667702
0.4720729080668979
0.4720090217937904
0.4719450255945063
0.471880919114529
0.47181670199776166
0.47175237388652247
0.47168793442154094
0.47162338324195274
0.47155871998529547
0.4714939442875044
0.47142905578290767
0.4713640541042218
0.47129893888254776
0.4712337097473669
0.47116836632653514
0.47110290824628037
0.4710373351311972
0.4709716466042427
0.4709058422867323
0.4708399217983361
0.4707738847570733
0.4707077307793096
0.47064145947975156
0.47057507047144387
0.470508563365764
0.47044193777241883
0.4703751932994408
0.470308329553183
0.4702413461383158
0.4701742426578232
0.4701070187129973
0.47003967390343704
0.46997220782704135
0.46990462008000755
0.4698369102568267
0.46976907795027945
0.4697011227514327
0.46963304424963603
0.4695648420325177
0.4694965156859807
0.4694280647942003
0.4693594889396184
0.4692907877029424
0.4692219606631398
0.46915300739743565
0.4690839274813089
0.46901472048848847
0.46894538599095087
0.46887592355891616
0.46880633276084477
0.4687366131634344
0.4686667643316165
0.4685967858285538
0.46852667721563585
0.4684564380524775
0.4683860678969149
0.4683155663050026
0.4682449328310111
0.468174167027423
0.46810326844493105
0.46803223663243465
0.467961071137038
0.4678897715040461
0.46781833727696354
0.4677467679974901
0.4676750632055199
0.4676032224391379
0.4675312452346179
0.46745913112641924
0.467386879647186
0.4673144903277429
0.46724196269709434
0.467169296282422
0.46709649060908176
0.46702354520060285
0.4669504595786852
0.4668772332631975
0.4668038657721747
0.4667303566218176
0.46665670532649006
0.4665829113987168
0.4665089743491829
0.46643489368673163
0.4663606689183624
0.46628629954922995
0.46621178508264294
0.46613712502006227
0.46606231886109967
0.46598736610351693
0.46591226624322446
0.4658370187742801
0.4657616231888884
0.4656860789773995
0.46561038562830814
0.46553454262825317
0.4654585494620165
0.4653824056125225
0.4653061105608376
0.4652296637861696
0.46515306476586715
0.46507631297541974
0.4649994078884572
0.46492234897674933
0.464845135710206
0.464767767556877
0.4646902439829523
0.46461256445276156
0.4645347284287754
0.4644567353716044
0.4643785847400007
0.4643002759908572
0.46422180857920925
0.46414318195823456
0.46406439557925405
0.463985448891733
0.4639063413432814
0.4638270723796553
0.46374764144475783
0.46366804798064
0.4635882914275026
0.46350837122369704
0.46342828680572695
0.4633480376082499
0.4632676230640784
0.46318704260418253
0.4631062956576911
0.4630253816518939
0.4629443000122434
0.4628630501623575
0.46278163152402074
0.4627000435171879
0.46261828555998546
0.4625363570687142
0.46245425745785246
0.46237198614005853
0.462289542526173
0.46220692602522295
0.46212413604442354
0.462041171989182
0.46195803326310164
0.4618747192679835
0.46179122940383144
0.46170756306885463
0.4616237196594721
0.46153969857031585
0.4614554991942359
0.4613711209223032
0.4612865631438142
0.46120182524629594
0.4611169066155092
0.4610318066354538
0.46094652468837316
0.46086106015475947
0.4607754124133574
0.46068958084117073
0.46060356481346626
0.46051736370377977
0.4604309768839212
0.4603444037239799
0.4602576435923307
0.46017069585563974
0.4600835598788701
0.45999623502528836
0.45990872065646904
0.4598210161323041
0.45973312081100587
0.4596450340491164
0.459556755201512
0.45946828362141173
0.45937961866038374
0.4592907596683517
0.4592017059936032
0.4591124569827964
0.4590230119809676
0.458933370331539
0.4588435313763268
0.4587534944555481
0.45866325890783033
0.4585728240702179
0.45848218927818246
0.4583913538656292
0.45830031716490743
0.45820907850681775
0.4581176372206222
0.45802599263405264
0.45793414407331956
0.4578420908631229
0.45774983232665967
0.45765736778563465
0.4575646965602703
0.4574718179693161
0.4573787313300587
0.4572854359583324
0.45719193116852963
0.4570982162736103
0.45700429058511466
0.4569101534131716
0.4568158040665115
0.45672124185247603
0.45662646607703056
0.4565314760447744
0.4564362710589534
0.456340850421471
0.4562452134329
0.4561493593924947
0.45605328759820396
0.4559569973466815
0.4558604879333004
0.45576375865216423
0.455666808796121
0.4555696376567747
0.4554722445244999
0.45537462868845374
0.4552767894365893
0.45517872605567067
0.45508043783128416
0.45498192404785465
0.45488318398865707
0.4547842169358329
0.45468502217040213
0.45458559897228024
0.45448594662029024
0.45438606439217905
0.4542859515646316
0.45418560741328656
0.45408503121275007
0.45398422223661294
0.45388317975746506
0.4537819030469108
0.45368039137558513
0.4535786440131698
0.45347666022840916
0.4533744392891258
0.4532719804622381
0.45316928301377535
0.4530663462088956
0.45296316931190167
0.4528597515862584
0.45275609229460956
0.45265219069879487
0.45254804605986826
0.452443657638114
0.45233902469306564
0.4522341464835226
0.4521290222675687
0.45202365130259065
0.4519180328452951
0.4518121661517279
0.45170605047729195
0.45159968507676596
0.45149306920432314
0.45138620211355035
0.45127908305746633
0.45117171128854183
0.4510640860587175
0.45095620661942426
0.4508480722216017
0.4507396821157199
0.45063103555179573
0.45052213177941547
0.45041297004775344
0.4503035496055923
0.4501938697013432
0.45008392958306587
0.44997372849848927
0.4498632656950316
0.44975254041982127
0.4496415519197175
0.4495302994413311
0.4494187822310448
0.4493069995350345
0.4491949505992911
0.44908263466964055
0.4489700509917651
0.4488571988112255
0.4487440773734817
0.4486306859239141
0.4485170237078458
0.44840308997056344
0.44828888395733957
0.44817440491345384
0.4480596520842151
0.44794462471498364
0.44782932205119164
0.4477137433383673
0.4475978878221551
0.4474817547483387
0.447365343362863
0.4472486529118561
0.4471316826416518
0.4470144317988113
0.44689689963014606
0.44677908538273986
0.44666098830397133
0.4465426076415355
0.4464239426434672
0.4463049925581629
0.44618575663440296
0.44606623412137447
0.44594642426869285
0.44582632632642494
0.4457059395451113
0.4455852631757881
0.4454642964700099
0.4453430386798712
0.44522148905803
0.4450996468577286
0.44497751133281693
0.444855081737774
0.4447323573277302
0.44460933735848923
0.44448602108655044
0.44436240776913083
0.44423849666418563
0.444114287030432
0.44398977812736895
0.44386496921530044
0.44373985955535544
0.4436144484095106
0.4434887350406107
0.4433627187123903
0.4432363986894944
0.44310977423750003
0.44298284462293624
0.44285560911330546
0.4427280669771034
0.4426002174838401
0.4424720599040597
0.4423435935093605
0.4422148175724151
0.4420857313669897
0.44195633416796426
0.4418266252513512
0.44169660389431453
0.441566269375189
0.4414356209734992
0.44130465796997675
0.44117337964658004
0.44104178528651117
0.4409098741742344
0.4407776455954925
0.4406450988373256
0.44051223318808674
0.44037904793745947
0.4402455423764732
0.4401117157975203
0.4399775674943714
0.4398430967621907
0.43970830289755136
0.43957318519844996
0.43943774296432125
0.4393019754960519
0.43916588209599466
0.4390294620679814
0.43889271471733515
0.43875563935088463
0.438618235276975
0.43848050180547943
0.4383424382478111
0.4382040439169341
0.4380653181273726
0.4379262601952227
0.43778686943816014
0.4376471451754504
0.43750708672795663
0.43736669341814816
0.4372259645701072
0.4370848995095366
0.4369434975637657
0.4368017580617566
0.4366596803341087
0.43651726371306454
0.43637450753251267
0.4362314111279927
0.4360879738366963
0.43594419499747095
0.4358000739508213
0.43565561003890974
0.4355108026055567
0.43536565099624075
0.43522015455809737
0.43507431263991686
0.43492812459214253
0.4347815897668664
0.4346347075178263
0.4344874772004005
0.43433989817160223
0.43419196979007385
0.4340436914160789
0.4338950624114947
0.4337460821398037
0.4335967499660831
0.43344706525699517
0.4332970273807751
0.4331466357072193
0.43299588960767155
0.4328447884550095
0.43269333162362905
0.4325415184894281
0.4323893484297901
0.4322368208235656
0.43208393505105264
0.43193069049397775
0.43177708653547364
0.4316231225600577
0.43146879795360804
0.43131411210333925
0.431159064397777
0.43100365422673054
0.4308478809812661
0.4306917440536762
0.4305352428374505
0.4303783767272438
0.43022114511884346
0.4300635474091345
0.42990558299606574
0.4297472512786117
0.4295885516567359
0.42942948353135024
0.42927004630427523
0.4291102393781983
0.4289500621566287
0.428789514043854
0.4286285944448934
0.42846730276544953
0.4283056384118597
0.428143600791044
0.4279811893104544
0.42781840337801924
0.42765524240208874
0.4274917057913771
0.4273277929549043
0.4271635033019353
0.42699883624191737
0.42683379118441767
0.4266683675390557
0.42650256471543724
0.426336382123085
0.42616981917136726
0.42600287526942565
0.42583554982609917
0.4256678422498494
0.4254997519486809
0.4253312783300604
0.4251624208008357
0.42499317876715037
0.4248235516343569
0.42465353880692935
0.4244831396883717
0.42431235368112585
0.4241411801864761
0.42396961860445376
0.4237976683337349
0.4236253287715417
0.42345259931353796
0.42327947935372207
0.4231059682843198
0.42293206549567347
0.42275777037612783
0.4225830823119161
0.42240800068704093
0.42223252488315394
0.4220566542794333
0.42188038825245777
0.42170372617607915
0.4215266674212902
0.42134921135609316
0.42117135734536176
0.42099310475070384
0.42081445293031905
0.4206354012388548
0.4204559490272584
0.4202760956426278
0.42009584042805803
0.4199151827224856
0.4197341218605292
0.4195526571723281
0.4193707879833769
0.4191885136143575
0.4190058333809677
0.4188227465937471
0.41863925255789886
0.4184553505731091
0.418271039933363
0.4180863199267564
0.41790118983530533
0.4177156489347519
0.4175296964943655
0.4173433317767424
0.4171565540376001
0.4169693625255686
0.41678175648197946
0.4165937351406481
0.4164052977276556
0.41621644346112374
0.4160271715509898
0.4158374811987732
0.4156473715973418
0.41545684193067206
0.4152658913736069
0.41507451909160736
0.4148827242405017
0.41469050596623025
0.41449786340458544
0.4143047956809478
0.4141113019100172
0.4139173811955417
0.4137230326300381
0.4135282552945123
0.4133330482581721
0.4131374105781369
0.41294134129914234
0.4127448394532397
0.4125479040594917
0.4123505341236624
0.41215272863790353
0.4119544865804333
0.4117558069152143
0.4115566885916218
0.4113571305441114
0.4111571316918773
0.41095669093850906
0.4107558071716406
0.41055447926259514
0.4103527060660236
0.4101504864195392
0.4099478191433456
0.409744703039859
0.40954113689332544
0.40933711946943224
0.4091326495149136
0.40892772575715036
0.4087223469037635
0.4085165116422035
0.40831021863933015
0.40810346654099094
0.4078962539715892
0.40768857953364845
0.40748044180736964
0.4072718393501827
0.40706277069629093
0.40685323435620907
0.40664322881629605
0.4064327525382797
0.4062218039587755
0.4060103814887985
0.40579848351326925
0.4055861083905114
0.40537325445174405
0.4051599200005662
0.4049461033124346
0.4047318026341341
0.40451701618324154
0.40430174214758247
0.40408597868467944
0.4038697239211951
0.4036529759523656
0.4034357328414287
0.4032179926190435
0.4029997532827015
0.40278101279613265
0.4025617690887025
0.40234202005479935
0.4021217635532187
0.40190099740653584
0.4016797194004714
0.4014579272832511
0.40123561876495434
0.40101279151685737
0.4007894431707677
0.40056557131835
0.40034117351044507
0.4001162472563784
0.3998907900232637
0.3996647992352959
0.3994382722730362
0.3992112064726905
0.3989835991253773
0.39875544747638897
0.398526748724444
0.39829750002093073
0.3980676984691438
0.3978373411235106
0.3976064249888109
0.39737494701938736
0.3971429041183474
0.39691029313675724
0.39667711087282786
0.39644335407109166
0.39620901942157144
0.39597410355894136
0.3957386030616786
0.3955025144512077
0.395265834191037
0.3950285586858855
0.39479068428080244
0.39455220726028006
0.39431312384735556
0.394073430202708
0.39383312242374535
0.393592196543685
0.39335064853062573
0.39310847428661333
0.39286566964669706
0.39262223037797983
0.3923781521786616
0.3921334306770746
0.3918880614307122
0.3916420399252508
0.3913953615735648
0.39114802171473695
0.39090001561305937
0.39065133845703
0.3904019853583447
0.39015195135088077
0.3899012313896776
0.38964982034991
0.3893977130258585
0.38914490412987307
0.38889138829133496
0.38863716005561133
0.38838221388300886
0.3881265441477225
0.3878701451367812
0.387613011048991
0.38735513599387633
0.3870965139906186
0.386837138966993
0.3865770047583049
0.38631610510632564
0.3860544336582267
0.38579198396551573
0.38552874948297267
0.3852647235675868
0.3849998994774957
0.3847342703709277
0.38446782930514534
0.38420056923539425
0.3839324830138545
0.3836635633885988
0.38339380300255455
0.38312319439247267
0.38285172998790384
0.38257940211018215
0.3823062029714166
0.38203212467349357
0.3817571592070865
0.3814812984506818
0.3812045341696094
0.3809268580150933
0.3806482615233106
0.38036873611446875
0.3800882730918952
0.37980686364114824
0.37952449882914113
0.379241169603288
0.3789568667906694
0.37867158109721766
0.37838530310692653
0.37809802328108366
0.3778097319575273
0.3775204193499303
0.3772300755471109
0.3769386905123729
0.37664625408287516
0.37635275596903367
0.3760581857539564
0.3757625328929126
0.3754657867128383
0.37516793641187884
0.37486897105897254
0.3745688795934725
0.3742676508248125
0.37396527343221725
0.3736617359644582
0.37335702683965566
0.3730511343451316
0.37274404663731464
0.3724357517416954
0.37212623755283764
0.37181549183444806
0.37150350221950174
0.37119025621042956
0.3708757411793687
0.3705599443684762
0.3702428528903096
0.36992445372827654
0.3696047337371542
0.36928367964368125
0.3689612780472247
0.3686375154205231
0.3683123781105097
0.367985852339214
0.36765792420474924
0.3673285796823818
0.36699780462569087
0.36666558476781547
0.36633190572279223
0.3659967529869892
0.36566011194063286
0.36532196784943305
0.3649823058663091
0.3646411110332153
0.3642983682830719
0.36395406244180173
0.3636081782304724
0.3632607002675509
0.36291161307126746
0.36256090106209304
0.36220854856533347
0.36185453981383775
0.3614988589508269
0.36114149003284146
0.36078241703281205
0.36042162384325144
0.36005909427957267
0.359694812083531
0.35932876092679533
0.3589609244146465
0.3585912860898048
0.3582198294363878
0.3578465378839999
0.3574713948119532
0.35709438355362083
0.35671548740092396
0.3563346896089504
0.35595197340070917
0.3555673219720175
0.3551807184965207
0.3547921461308478
0.3544015880198984
0.354009027302262
0.35361444711577233
0.353217830603189
0.35281916091801263
0.352418421230426
0.3520155947333661
0.3516106646487208
0.35120361423364904
0.35079442678702566
0.3503830856560062
0.34996957424270864
0.34955387601101234
0.34913597449346934
0.34871585329832644
0.3482934961166532
0.3478688867295751
0.3474420090156062
0.3470128469580769
0.34658138465265864
0.3461476063149717
0.3457114962882813
0.34527303905127016
0.3448322192258893
0.3443890215852752
0.34394343106173414
0.3434954327547859
0.34304501193925957
0.34259215407343907
0.3421368448072513
0.341679069990489
0.3412188156810654
0.34075606815329046
0.34029081390616633
0.33982303967169214
0.3393527324231715
0.33887987938351827
0.33840446803355145
0.3379264861202702
0.33744592166510756
0.3369627629721495
0.33647699863631264
0.33598861755147935
0.3354976089185726
0.33500396225357254
0.3345076673954591
0.33400871451408043
0.3335070941179324
0.3330027970618473
0.33249581455458044
0.3319861381662887
0.3314737598358928
0.33095867187831585
0.33044086699159303
0.3299203382638392
0.3293970791800749
0.32887108362889805
0.32834234590899664
0.3278108607354948
0.3272766232461271
0.3267396290072334
0.3261998740195669
0.3256573547239129
0.3251120680065092
0.32456401120426315
0.3240131821097613
0.3234595789760662
0.3229032005212933
0.32234404593296767
0.32178211487215175
0.3212174074773435
0.3206499243681391
0.32007966664865845
0.3195066359107294
0.318930834236828
0.3183522642027731
0.317770928880172
0.317186831838617
0.31659997714762955
0.3160103693783531
0.3154180136049901
0.31482291540598956
0.3142250808649757
0.3136245165714271
0.31302122962110007
0.3124152276162011
0.3118065186653087
0.31119511138304373
0.31058101488949447
0.30996423880939394
0.30934479327105535
0.3087226889050668
0.3080979368427479
0.3074705487143723
0.3068405366471586
0.3062079132630366
0.30557269167618595
0.30493488549035996
0.3042945087959921
0.30365157616709276
0.3030061026579411
0.3023581037995762
0.30170759559609195
0.3010545945207425
0.3003991175118627
0.2997411819686078
0.29908080574652063
0.2984180071529295
0.2977528049421835
0.29708521831073115
0.29641526689204667
0.29574297075141254
0.2950683503805608
0.29439142669218255
0.29371222101430733
0.2930307550845612
0.2923470510443101
0.2916611314326891
0.2909730191805309
0.2902827376041905
0.28959031039928
0.2888957616343122
0.2881991157442628
0.287500397524054
0.2867996321219656
0.28609684503297816
0.28539206209205475
0.2846853094673629
0.28397661365344473
0.28326600146433684
0.2825535000266476
0.2818391367725927
0.2811229394329954
0.2804049360302543
0.27968515487128237
0.2789636245404221
0.27824037389233847
0.27751543204489504
0.2767888283720132
0.2760605924965225
0.2753307542829998
0.2745993438306031
0.27386639146590275
0.2731319277357097
0.2723959833999074
0.2716585894242839
0.27091977697337405
0.2701795774033049
0.2694380222546527
0.2686951432453106
0.2679509722633683
0.26720554136000746
0.2664588827424109
0.26571102876668906
0.264962011930826
0.26421186486764336
0.2634606203377841
0.26270831122271965
0.2619549705177775
0.2612006313251932
0.2604453268471854
0.2596890903790561
0.2589319553023176
0.2581739550778437
0.2574151232390495
0.25665549338509785
0.2558950991741352
0.2551339743165552
0.25437215256829293
0.25360966772414795
0.25284655361113967
0.25208284408189324
0.2513185730080578
0.2505537742737567
0.2497884817690717
0.24902272938356207
0.24825655099981592
0.2474899804870389
0.2467230516946788
0.245955798446086
0.2451882545322133
0.24442045370535181
0.24365242967290818
0.24288421609122204
0.24211584655942286
0.24134735461333057
0.2405787737193991
0.23981013726870204
0.23904147857096708
0.23827283084865192
0.2375042272310729
0.2367357007485765
0.23596728432676572
0.23519901078077282
0.23443091280958794
0.23366302299043798
0.23289537377322186
0.23212799747500215
0.23136092627455188
0.23059419220696212
0.22982782715830846
0.22906186286037933
0.2282963308854666
0.22753126264122134
0.2267666893655737
0.2260026421217214
0.2252391517931858
0.22447624907893815
0.22371396448859632
0.22295232833769615
0.22219137074303497
0.22143112161809136
0.22067161066852223
0.21991286738773777
0.21915492105255563
0.21839780071893758
0.21764153521780566
0.21688615315094545
0.21613168288699053
0.21537815255749607
0.21462559005309684
0.21387402301975583
0.21312347885510066
0.21237398470485175
0.21162556745934097
0.21087825375012367
0.21013206994668288
0.2093870421532299
0.2086431962055978
0.20790055766823248
0.20715915183127986
0.20641900370777017
0.20568013803090035
0.2049425792514163
0.2042063515350911
0.20347147876030683
0.20273798451573272
0.20200589209810565
0.20127522451011065
0.20054600445836196
0.1998182543514851
0.1990919962983001
0.19836725210610556
0.19764404327906396
0.19692239101668718
0.19620231621242432
0.195483839452348
0.19476698101394319
0.19405176086499354
0.19333819866256996
0.19262631375211556
0.19191612516663198
0.19120765162596096
0.19050091153616625
0.18979592298900957
0.1890927037615243
0.1883912713156839
0.18769164279816555
0.18699383504020473
0.18629786455754613
0.18560374755048373
0.18491149990399158
0.18422113718794517
0.1835326746574304
0.1828461272531402
0.18216150960185729
0.1814788360170212
0.18079812049937938
0.18011937673772047
0.17944261810968865
0.17876785768267692
0.17809510821479901
0.1774243821559385
0.1767556916488716
0.17608904853046517
0.17542446433294687
0.174761950285245
0.17410151731439816
0.17344317604703308
0.17278693681090754
0.17213280963651717
0.1714808042587675
0.17083093011870412
0.1701831963653044
0.1695376118573262
0.16889418516521298
0.16825292457305377
0.1676138380805951
0.16697693340530567
0.16634221798448837
0.1657096989774427
0.16507938326767102
0.1644512774651312
0.1638253879085308
0.1632017206676634
0.1625802815457836
0.16196107608202073
0.1613441095538284
0.16072938697946873
0.16011691312052984
0.15950669248447433
0.15889872932721819
0.15829302765573744
0.1576895912307021
0.15708842356913438
0.15648952794709162
0.1558929074023706
0.1552985647372331
0.15470650252114998
0.1541167230935631
0.15352922856666448
0.15294402082818911
0.1523611015442218
0.15178047216201662
0.15120213391282614
0.15062608781474124
0.15005233467553833
0.14948087509553376
0.1489117094704442
0.1483448379942507
0.14778026066206706
0.14721797727300961
0.14665798743306754
0.14610029055797452
0.14554488587607742
0.1449917724312036
0.14444094908552463
0.14389241452241608
0.1433461672493106
0.14280220560054596
0.14226052774020595
0.14172113166495137
0.14118401520684437
0.14064917603616048
0.14011661166419173
0.13958631944603717
0.13905829658338154
0.13853254012726018
0.13800904698081123
0.13748781390201184
0.13696883750640043
0.13645211426978254
0.1359376405309201
0.13542541249420362
0.1349154262323066
0.13440767768882236
0.13390216268088112
0.13339887690174787
0.13289781592340166
0.13239897519909288
0.13190235006588114
0.1314079357471513
0.13091572735510829
0.1304257198932497
0.1299379082588168
0.12945228724522195
0.12896885154445356
0.12848759574945806
0.1280085143564979
0.12753160176748582
0.12705685229229502
0.12658426015104582
0.12611381947636616
0.12564552431562975
0.12517936863316667
0.12471534631245185
0.12425345115826542
0.12379367689883036
0.12333601718792311
0.1228804656069592
0.12242701566705369
0.12197566081105518
0.12152639441555452
0.12107920979286764
0.12063410019299298
0.12019105880554289
0.11975007876164807
0.11931115313583862
0.11887427494789723
0.11843943716468715
0.11800663270195481
0.1175758544261067
0.11714709515596
0.1167203476644682
0.11629560468042141
0.11587285889012072
0.11545210293902773
0.11503332943338836
0.11461653094183209
0.1142016999969461
0.11378882909682478
0.11337791070659312
0.11296893725990804
0.11256190116043314
0.11215679478329
0.11175361047648542
0.1113523405623143
0.11095297733873986
0.11055551308074817
0.11015994004168136
0.1097662504545462
0.10937443653330067
0.10898449047411626
0.1085964044566195
0.10821017064510863
0.10782578118975021
0.10744322822775296
0.10706250388451792
0.10668360027477074
0.10630650950366821
0.10593122366788732
0.10555773485669068
0.10518603515297231
0.10481611663428304
0.10444797137383469
0.10408159144148489
0.10371696890470189
0.1033540958295093
0.10299296428141153
0.10263356632630061
0.10227589403134321
0.1019199394658494
0.1015656947021222
0.10121315181629038
0.10086230288912126
0.1005131400068173
0.10016565526179384
0.0998198407534403
0.09947568858886413
0.09913319088361733
0.09879233976240706
0.098453127359789
0.09811554582084525
0.09777958730184597
0.09744524397089437
0.09711250800855831
0.09678137160848381
0.09645182697799587
0.0961238663386832
0.09579748192696817
0.0954726659946635
0.09514941080951336
0.09482770865572104
0.09450755183446322
0.09418893266439049
0.09387184348211357
0.0935562766426784
0.09324222452002615
0.09292967950744188
0.0926186340179906
0.09230908048493988
0.09200101136217231
0.09169441912458408
0.09138929626847313
0.09108563531191548
0.09078342879512984
0.09048266928083187
0.09018334935457706
0.0898854616250923
0.08958899872459855
0.08929395330912145
0.08900031805879259
0.08870808567814056
0.08841724889637267
0.08812780046764616
0.08783973317133065
0.0875530398122613
0.08726771322098234
0.08698374625398196
0.08670113179391876
0.08641986274983897
0.08613993205738552
0.08586133267899937
0.08558405760411128
0.08530809984932727
0.0850334524586049
0.08476010850342354
0.08448806108294446
0.08421730332416709
0.0839478283820743
0.08367962943977401
0.08341269970863158
0.08314703242839618
0.08288262086732104
0.08261945832227609
0.08235753811885517
0.08209685361147659
0.0818373981834778
0.08157916524720331
0.08132214824408807
0.08106634064473436
0.08081173594898264
0.08055832768597804
0.08030610941423032
0.08005507472166978
0.07980521722569672
0.07955653057322691
0.07930900844073202
0.0790626445342746
0.07881743258953929
0.07857336637185873
0.07833043967623524
0.07808864632735833
0.07784798017961776
0.07760843511711223
0.0773700050536547
0.07713268393277278
0.07689646572770596
0.07666134444139874
0.07642731410649035
0.07619436878530061
0.0759625025698123
0.07573170958165004
0.07550198397205651
0.07527331992186381
0.07504571164146412
0.07481915337077436
0.07459363937920073
0.07436916396559792
0.07414572145822688
0.07392330621470951
0.0737019126219802
0.07348153509623538
0.07326216808288016
0.07304380605647237
0.0728264435206645
0.07261007500814315
0.07239469508056602
0.07218029832849694
0.07196687937133858
0.07175443285726325
0.07154295346314132
0.07133243589446803
0.07112287488528829
0.07091426519811919
0.07070660162387177
0.07049987898176956
0.0702940921192668
0.07008923591196455
0.06988530526352445
0.0696822951055823
0.06948020039765916
0.06927901612707123
0.06907873730883897
0.06887935898559355
0.06868087622748364
0.06848328413207966
0.0682865778242775
0.06809075245620066
0.06789580320710169
0.06770172528326246
0.06750851391789321
0.0673161643710305
0.06712467192943479
0.06693403190648649
0.06674423964208143
0.06655529050252545
0.06636717988042833
0.06617990319459618
0.06599345588992471
0.06580783343728999
0.06562303133343945
0.06543904510088261
0.06525587028778022
0.06507350246783383
0.06489193724017367
0.06471117022924741
0.06453119708470724
0.06435201348129704
0.06417361511873917
0.06399599772162073
0.06381915703927912
0.06364308884568808
0.06346778893934252
0.06329325314314335
0.06311947730428263
0.06294645729412732
0.06277418900810361
0.06260266836558123
0.062431891309756835
0.06226185380753743
0.062092551849424166
0.061923981449395524
0.06175613864479025
0.06158901949619089
0.06142262008730661
0.0612569365248562
0.061091964938450975
0.06092770148047785
0.06076414232598219
0.060601283672550924
0.06043912174019522
0.06027765277123401
0.0601168730301765
0.059956778803605996
0.05979736640006281
0.05963863214992761
0.05948057240530512
0.059323183539907856
0.05916646194893956
0.05901040404897961
0.058855006277866655
0.05870026509458341
0.05854617697914084
0.058392738432463065
0.05823994597627219
0.05808779615297332
0.05793628552554052
0.05778541067740171
0.05763516821232528
0.05748555475430564
0.057336566947450124
0.05718820145586555
0.057040454963545276
0.05689332417425656
0.056746805811428276
0.05660089661803851
0.0564555933565033
0.056310892808565126
0.056166791775181815
0.056023287076415705
0.0558803755513236
0.05573805405784655
0.0555963194727005
0.05545516869126676
0.055314598627483114
0.0551746062137357
0.055035188400750765
0.05489634215748666
0.05475806447102684
0.054620352346473
0.054483202806838445
0.05434661289294183
0.054210579663301915
0.054075100194032076
0.05394017157873541
0.053805790928400474
0.053671955371297195
0.05353866205287361
0.053405908135652456
0.053273690799128484
0.05314200723966655
0.053010854670399815
0.052880230321128055
0.052750131438217246
0.052620555284498854
0.05249149913916988
0.052362960297693696
0.052234936071700516
0.052107423788889294
0.05198042079292914
0.05185392444336214
0.051727932115505824
0.0516024412003565
0.051477449104493284
0.051352953249982014
0.05122895107427989
0.051105440030141086
0.050982417585521876
0.050859881223487155
0.05073782844211678
0.05061625675441268
0.05049516368820652
0.0503745467860676
0.05025440360521134
0.050134731717408364
0.05001552870889382
0.04989679218027751
