2.337256198364342
2.300153493027529
2.183686789942403
2.193528901300823
2.1494252287629756
1.8697227414647588
1.914542791303218
1.8879358111162798
2.237852412744612
2.109343652686559
2.5167192342653357
2.27105040943099
2.801889083371852
2.738939688423786
2.242242223539507
2.4983157898448147
2.2682635971649114
2.1583733838539496
2.355126812646767
2.0366844176120074
2.0634372280909945
2.0913130449155304
2.157370458086164
2.499059220437392
2.1603722085081047
2.308056642170796
2.3006586143382632
2.184500358749432
2.476755933147021
2.2769707213385644
2.1187443565270683
2.272046850701899
2.113533312579757
2.229280810799462
2.289708616323146
2.10957178850798
2.148703994379964
2.136202436764203
2.1241307367445974
2.244694308455546
2.1460945719832063
2.1002375236775195
2.136978122898051
2.1000460421334974
2.2004356473730984
2.166694645970189
2.092215386815796
2.1262935998038297
2.0979982738538165
2.162229214607268
2.1694346640546494
2.095386263749784
2.1098837027538107
2.0976639356615623
2.1321286569936446
2.1595045496547347
2.1000514308854545
2.0959817867442716
2.0954393160416784
2.113265041316613
2.146298635469533
2.1039146702114726
2.088418439094456
2.0929053714972747
2.102801830445075
2.1341903463482086
2.1061654738250137
2.0848804204149243
2.0900821490688655
2.0959472858771697
2.122841999852068
2.106696039403951
2.083257488438585
2.086771679704358
2.090667491709466
2.1121910662233057
2.1060784555700938
2.083250852950737
2.08332175400606
2.0863601765452033
2.102498730302626
2.10413188230432
2.084359802718999
2.080223558306557
2.08280789356571
2.094716163122291
2.101650073473978
2.087030468772172
2.080037898066343
2.082568086803698
2.0924781176397595
2.1030389934584535
2.0945639407436825
2.0869162682784093
2.089281606567464
2.097916468262769
2.1094916190548485
2.105150316803504
2.0963028255653953
2.0958702917312384
2.1007819884947083
2.1092317354001064
2.105465813651156
2.094487049271809
2.090447919291672
2.092533037385392
2.09931691492656
2.0973657734591513
2.0884440791730077
2.086318527300539
2.0913604959637127
2.1009031091899177
2.1015533242521878
2.095168569570861
2.0945894421786266
2.099874288919027
2.107320057916631
2.1048727800616973
2.096742699417979
2.094654128553289
2.0980141186180323
2.102761541121785
2.0990103806876297
2.0914167406699073
2.0896747571982552
2.0926322353096527
2.0963943198004453
2.093018577141098
2.085987868151194
2.0835107362135807
2.084863188046445
2.08679330372832
2.082812982281828
2.0745321511880688
2.069218597630856
2.067292605724851
2.0662468221551085
2.06043495947644
2.050160885748653
2.042633286678676
2.039548348687752
2.0389657685689904
2.0348689633914647
2.0274225337646445
2.0242133329341696
2.026833018843082
2.032357615316618
2.0309692511113075
2.0265705232697866
2.0280247626893906
2.0367859855341943
2.0410799597308706
2.0306743083223675
2.0236324439062656
2.025957426642262
2.0318352699435334
2.0105834912288247
1.9879982294827618
1.9776128436142932
1.9818310277820017
1.9434555909887692
1.8988851114342213
1.8746109467198946
1.878210593258312
1.7953548653949898
1.7377710771028319
1.710549844972823
1.7180191333952748
1.5203910548251909
1.520565745374578
1.511686562151404
1.505436333799561
1.1813565325899549
1.2398206754640164
1.256858304916411
1.3062221530769549
0.979934166022709
0.9862355923866647
1.026805389881957
1.0859328279282108
0.7665581703657481
0.767888915824146
0.6723822535615428
0.5673320975450002
0.29341508072572964
0.24700189141809423
0.17627832353199802
0.11069520006157665
0.08034889081543722
0.0628455524399367
0.049662261529226134
