2.140509981031659
2.174078851923294
2.18126050851237
2.1563149849597476
2.1354969231430028
2.1178444931386977
2.1016864482912396
2.086308454488446
2.071428947312913
2.0569403590204853
2.042809699139105
2.0290380805557477
2.015642761852842
2.0026486264851515
1.9900838621875097
1.9779775590134796
1.9663582022019335
1.955252606642583
1.9446851013224522
1.9346768889103756
1.9252455543136633
1.9164047133371445
1.9081637960643087
1.9005279576115184
1.8934981053921451
1.8870710287436903
1.8812396144494563
1.8759931305360436
1.8713175606910788
1.8671959725329494
1.8636089045330135
1.860534758392805
1.8579501858900709
1.8558304614445051
1.8541498337796933
1.852881851980522
1.8519996629137265
1.8514762783740824
1.8512848114443503
1.8513986824337538
1.851791795416529
1.8524386868620595
1.8533146481642853
1.854395824071291
1.8556592891133774
1.857083104152512
1.8586463551466923
1.8603291761545218
1.862112758509917
1.8639793479833906
1.8659122316215981
1.8678957158259664
1.8699150970980636
1.8719566267468277
1.874007470722964
1.876055665620489
1.8780900717656164
1.8801003242000192
1.8820767822595688
1.8840104783514076
1.885893066442023
1.8877167706869833
1.8894743345591944
1.891158970766941
1.8927643121953621
1.8942843640551854
1.8957134573802588
1.897046203980332
1.8982774529272866
1.8994022486313673
1.9004157905484347
1.901313394549678
1.9020904559811842
1.902742414442066
1.9032647203162498
1.9036528031043343
1.9039020416179977
1.904007736120194
1.9039650825196377
1.903769148757974
1.9034148535623212
1.9028969477746898
1.902209998512968
1.901348376465666
1.9003062466742155
1.899077563212019
1.8976560682280772
1.8960352958841407
1.8942085817766166
1.8921690784963099
1.8899097780378948
1.887423541823582
1.8847031391471942
1.8817412948700027
1.878530747200667
1.8750643163591914
1.8713349848475929
1.8673359899147222
1.863060928594403
1.8585038753986807
1.8536595123453976
1.8485232704773311
1.8430914813784365
1.837361536408586
1.8313320504696953
1.825003026106604
1.8183760126778263
1.8114542542684462
1.804242819046888
1.7967487019964958
1.788980892503346
1.780950398278335
1.7726702176466764
1.7641552534326816
1.7554221635323497
1.7464891457632938
1.73737565759482
1.7281020746965656
1.7186892956421747
1.7091583032653226
1.6995296957844224
1.689823202620114
1.6800572006295342
1.6702482461774804
1.6604106370753908
1.6505560160734496
1.6406930245088416
1.6308270111731915
1.6209597977659032
1.6110894987354518
1.6012103901235992
1.5913128194034067
1.5813831463593628
1.5714037038526838
1.5613527668523979
1.5512045183658842
1.540929001830612
1.5304920510960938
1.519855191316503
1.5089755069061432
1.4978054762356368
1.4862927770569492
1.4743800718616167
1.4620047886369192
1.4490989199224118
1.4355888717805358
1.421395404297044
1.4064337164002807
1.3906137398027314
1.3738407190856874
1.3560161662959334
1.3370392872383674
1.3168089804909222
1.2952265056449188
1.2721988999376825
1.2476431869164284
1.2214913613082048
1.19369604604624
1.1642365987598606
1.1331253006783224
1.1004131055085993
1.0661942867414855
1.0306092384853498
0.9938447028407531
0.9561308546227281
0.9177349856907285
0.8789519686235177
0.840092168145668
0.8014678995234018
0.7633797947198024
0.7261044555134669
0.6898845409532655
0.6549220178326081
0.6213748067752161
0.5893565985532935
0.5589392805980681
0.5301572387740505
0.50301277464969
0.4774819642570563
0.4535204313842872
0.4310686729518576
0.4100567253668222
0.39040808262498766
0.3720428645237517
0.3548802891883058
0.3388405343135299
0.3238460831014156
0.309822650212335
0.29669977523166374
0.28441115985347587
0.27289481263307375
0.2620930532281732
0.2519524173153565
0.24242349416015796
0.23346072118424033
0.22502215370577747
0.21706922315063587
0.20956649324046245
0.20248142076283823
0.19578412534122736
0.1894471709967852
0.18344536110424634
0.17775554748818628
0.17235645380292547
0.16722851292579113
0.16235371782030744
0.15771548515553988
0.15329853087177844
0.14908875683953648
0.14507314775245417
0.14123967741329058
0.13757722360706628
0.13407549080029738
0.13072493995561027
0.12751672480368803
0.12444263396724006
0.12149503838308001
0.11866684351744763
0.1159514459158683
0.11334269367183492
0.1108348504382368
0.10842256264186532
0.10610082959450287
0.10386497622427875
0.10171062817830982
0.09963368907233537
0.09763031968534386
0.09569691891724665
0.0938301063457074
0.0920267062344518
0.09028373285996617
0.08859837703656259
0.08696799373155413
0.0853900906728082
0.08386231786043342
0.08238245790284018
0.08094841710505875
0.0795582172440568
0.07820998797196073
0.07690195979363565
0.07563245757006395
0.0743998945034522
0.0732027665640466
0.07203964732228069
0.07090918315316627
0.0698100887828105
0.06874114314962071
0.06770118555518183
0.06668911208198293
0.0657038722571536
0.06474446594316527
0.06380994043808422
0.06289938776943685
0.06201194216709068
0.061146777701773694
0.060303106076957574
0.0594801745628441
0.05867726406210627
0.05789368729787332
0.05712878711521182
0.05638193488804844
0.05565252902411622
0.05493999356108542
0.0542437768475726
0.053563350303202625
0.05289820725234821
0.05224786182657566
0.05161184793119824
0.0509897182716842
0.05038104343598018
0.04978541102909658
