0.500757519252967
0.5410443932008009
0.5238243189581123
0.5254854084952398
0.5316410077983026
0.5290449303956427
0.5220750197291026
0.518675408790657
0.5189349616729472
0.5191538083242153
0.5186439605913372
0.5185672770585413
0.5188779940457751
0.5187130409832582
0.5179405900114653
0.5171172402581636
0.5166058732211305
0.5163403512617293
0.5161685604668385
0.5160324924199194
0.5158879213833577
0.5156700619394529
0.5153599413463115
0.515006588494825
0.5146723081699306
0.514384690928255
0.5141375467329405
0.5139115781173726
0.5136867231686554
0.513448016233666
0.513190781964346
0.5129213396417136
0.5126509294199748
0.5123881217692879
0.5121353625627593
0.5118900398195385
0.5116474016069013
0.511403273295706
0.5111557234005475
0.5109053208333151
0.5106541361991781
0.510404274419796
0.5101568393776439
0.5099117236719256
0.5096680401035619
0.5094247718755497
0.5091812794178047
0.5089374821291198
0.5086937262131459
0.5084504912208959
0.5082081239476989
0.5079667194497313
0.5077261596237638
0.5074862410662893
0.5072468043588245
0.5070078041832272
0.5067693056536864
0.5065314310324444
0.5062942971136628
0.5060579757657955
0.5058224891093401
0.5055878308184169
0.5053539953733356
0.5051209990188344
0.5048888851062042
0.5046577160889016
0.5044275600285903
0.5041984796420471
0.5039705282407722
0.5037437523112439
0.5035181974256692
0.5032939136264136
0.5030709578676191
0.5028493932303386
0.5026292862355127
0.5024107040664023
0.5021937129937037
0.501978378327426
0.5017647653970838
0.5015529407291861
0.5013429727537421
0.501134931799443
0.5009288895463865
0.5007249183083224
0.5005230904811755
0.5003234783112696
0.5001261539376549
0.49993118954710947
0.4997386574767645
0.4995486301749367
0.4993611800253873
0.49917637910329626
0.4989942989426838
0.49881501036535764
0.4986385833774436
0.4984650871063921
0.4982945897414051
0.49812715845099614
0.4979628592714051
0.4978017569765229
0.49764391494674964
0.49748939505076906
0.4973382575453293
0.4971905609896674
0.49704636216704573
0.496905716006662
0.4967686755029894
0.4966352916337142
0.4965056132797798
0.496379687151067
0.49625755771962454
0.49613926716038237
0.4960248552979706
0.49591435955804075
0.49580781492209963
0.49570525388577724
0.4956067064211085
0.4955121999435908
0.49542175928452176
0.4953354066686927
0.4952531616971446
0.49517504133455165
0.4951010599008662
0.49503122906703767
0.4949655578547838
0.49490405264046555
0.4948467171630915
0.4947935525363819
0.4947445572647392
0.4946997272629108
0.4946590558791374
0.49462253392160255
0.49459014968804943
0.4945618889984442
0.49453773523057626
0.4945176693584651
0.4945016699934273
0.49448971342764186
0.4944817736800507
0.49447782254444156
0.49447782963956705
0.49448176246116476
0.4944895864357506
0.4945012649760563
0.49451675953797725
0.4945360296789066
0.4945590331173195
0.49458572579348764
0.49461606193120156
0.49464999410038785
0.4946874732805098
0.49472844892464446
0.4947728690241316
0.49482068017369285
0.4948718276369204
0.49492625541203833
0.49498390629784594
0.49504472195974947
0.49510864299579926
0.49517560900264634
0.4952455586413378
0.49531842970287254
0.49539415917344043
0.49547268329927113
0.49555393765102174
0.49563785718763376
0.4957243763195937
0.4958134289715313
0.49590494864409546
0.49599886847504904
0.49609512129952066
0.49619363970936353
0.4962943561115655
0.496397202785659
0.49650211194008464
0.49660901576746025
0.49671784649871153
0.49682853645602454
0.4969410181045776
0.4970552241030175
0.49717108735264515
0.4972885410452758
0.4974075187097483
0.4975279542570505
0.4976497820240393
0.4977729368157311
0.4978973539461416
0.4980229692776586
0.4981497192589305
0.4982775409612592
0.498406372113484
0.4985361511353522
0.4986668171693676
0.49879831011111375
0.49893057063805246
0.4990635402367971
0.4991971612288664
0.4993313767949216
0.49946613099749887
0.4996013688022428
0.4997370360976577
0.499873079713387
0.5000094474370413
0.5001460880295884
0.5002829512393296
0.5004199878144822
0.5005571495143905
0.5006943891193933
0.5008316604393708
0.5009689183210009
0.5011061186537549
0.5012432183746588
0.5013801754718579
0.5015169489870095
0.501653499016545
0.5017897867118287
0.5019257742782536
0.502061424973304
0.5021967031036277
0.5023315740211485
0.5024660041182573
0.5025999608221222
0.5027334125881493
0.5028663288926352
0.5029986802246493
0.5031304380771792
0.503261574937579
0.5033920642773584
0.5035218805413465
0.5036509991362677
0.5037793964187667
0.503907049682915
0.5040339371472388
0.5041600379412954
0.5042853320918388
0.5044098005086027
0.504533424969736
0.5046561881069191
0.5047780733901968
0.5048990651125511
0.5050191483742508
0.5051383090669963
0.5052565338578989
0.5053738101733096
0.5054901261825306
0.5056054707814323
0.5057198335759958
0.5058332048658113
0.5059455756275454
0.5060569374984064
0.5061672827596213
0.5062766043199479
0.5063848956992377
0.5064921510120683
0.506598364951462
0.5067035327727024
0.5068076502772707
0.5069107137969083
0.5070127201778242
0.5071136667650537
0.5072135513869873
0.5073123723400731
0.5074101283737059
0.5075068186753129
0.5076024428556426
0.5076970009342647
0.5077904933252884
0.5078829208233064
0.5079742845895696
0.508064586138394
0.5081538273238123
0.5082420103264662
0.5083291376407474
0.5084152120621885
0.5085002366751068
0.5085842148405011
0.508667150184208
0.5087490465853113
0.508829908164811
0.5089097392745511
0.5089885444864025
0.5090663285817063
0.509143096540971
0.5092188535338271
0.5092936049092341
0.5093673561859409
0.5094401130431969
0.5095118813117104
0.5095826669648535
0.5096524761101106
0.5097213149807672
0.5097891899278366
0.5098561074122209
0.5099220739971042
0.5099870963405727
0.5100511811884609
0.5101143353674169
0.5101765657781868
0.510237879389112
0.5102982832298363
0.5103577843852178
0.5104163899894458
0.5104741072203514
0.5105309432939159
0.5105869054589663
0.5106420009920594
0.5106962371925439
0.5107496213778042
0.5108021608786746
0.5108538630350254
0.5109047351915131
0.5109547846934912
0.5110040188830818
0.5110524450953956
0.5111000706549063
0.5111469028719677
0.5111929490394729
0.5112382164296504
0.5112827122909979
0.5113264438453408
0.5113694182850226
0.5114116427702139
0.5114531244263442
0.5114938703416466
0.5115338875648177
0.5115731831027821
0.5116117639185681
0.5116496369292817
0.5116868090041794
0.5117232869628396
0.5117590775734245
0.5117941875510319
0.5118286235561359
0.5118623921931074
0.5118955000088193
0.5119279534913284
0.5119597590686322
0.5119909231075
0.5120214519123718
0.5120513517243273
0.51208062872012
0.5121092890112713
0.5121373386432286
0.5121647835945801
0.512191629776324
0.5122178830311945
0.5122435491330375
0.5122686337862362
0.512293142625185
0.5123170812138081
0.5123404550451238
0.5123632695408475
0.5123855300510399
0.512407241853788
0.5124284101549277
0.512449040087799
0.5124691367130357
0.5124887050183873
0.5125077499185711
0.5125262762551543
0.5125442887964633
0.512561792237519
0.512578791199999
0.5125952902322224
0.5126112938091566
0.5126268063324488
0.5126418321304727
0.5126563754584006
0.512670440498288
0.5126840313591796
0.5126971520772301
0.5127098066158378
0.5127219988657973
0.5127337326454605
0.5127450117009149
0.5127558397061691
0.5127662202633524
0.5127761569029226
0.5127856530838845
0.5127947121940153
0.5128033375500998
0.5128115323981708
0.512819299913758
0.5128266432021408
0.5128335652986078
0.5128400691687208
0.5128461577085828
0.5128518337451083
0.5128571000362994
0.5128619592715212
0.5128664140717825
0.5128704669900149
0.5128741205113557
0.5128773770534303
0.5128802389666335
0.5128827085344143
0.5128847879735557
0.5128864794344581
0.5128877850014166
0.5128887066929019
0.5128892464618343
0.5128894061958597
0.5128891877176198
0.5128885927850209
0.5128876230915005
0.512886280266288
0.5128845658746641
0.5128824814182147
0.5128800283350826
0.5128772080002117
0.5128740217255905
0.5128704707604871
0.512866556291683
0.5128622794436974
0.5128576412790112
0.5128526427982811
0.5128472849405507
0.5128415685834548
0.5128354945434193
0.5128290635758521
0.5128222763753323
0.5128151335757882
0.5128076357506737
0.5127997834131347
0.5127915770161717
0.5127830169527952
0.512774103556173
0.5127648370997735
0.5127552177975006
0.5127452458038225
0.5127349212138959
0.5127242440636788
0.5127132143300421
0.5127018319308726
0.5126900967251679
0.5126780085131273
0.5126655670362354
0.5126527719773405
0.5126396229607239
0.5126261195521675
0.5126122612590119
0.5125980475302119
0.5125834777563818
0.512568551269842
0.512553267344654
0.5125376251966545
0.512521623983483
0.5125052628046057
0.5124885407013346
0.5124714566568433
0.5124540095961784
0.5124361983862691
0.5124180218359317
0.5123994786958734
0.5123805676586944
0.512361287358885
0.5123416363728256
0.5123216132187836
0.5123012163569101
0.5122804441892377
0.5122592950596786
0.5122377672540245
0.5122158589999475
0.5121935684670053
0.5121708937666484
0.512147832952233
0.512124384019036
0.5121005449042786
0.5120763134871551
0.5120516875888681
0.512026664972674
0.5120012433439355
0.5119754203501852
0.5119491935812007
0.5119225605690911
0.5118955187883973
0.5118680656562054
0.5118401985322777
0.5118119147191983
0.5117832114625389
0.511754085951041
0.5117245353168218
0.5116945566355994
0.5116641469269426
0.511633303154546
0.5116020222265305
0.5115703009957716
0.5115381362602573
0.5115055247634774
0.5114724631948449
0.5114389481901516
0.5114049763320602
0.5113705441506339
0.5113356481239045
0.5113002846784845
0.5112644501902184
0.5112281409848818
0.511191353338927
0.5111540834802752
0.5111163275891621
0.5110780817990328
0.5110393421974935
0.5110001048273167
0.5109603656875075
0.5109201207344263
0.5108793658829754
0.5108380970078475
0.5107963099448405
0.5107540004922374
0.5107111644122567
0.5106677974325703
0.5106238952478944
0.5105794535216545
0.5105344678877197
0.5104889339522187
0.510442847295428
0.5103962034737387
0.510348998021702
0.5103012264541529
0.5102528842684155
0.5102039669465847
0.5101544699578912
0.510104388761145
0.5100537188072584
0.5100024555418503
0.5099505944079262
0.5098981308486379
0.5098450603101196
0.5097913782443974
0.5097370801123732
0.5096821613868792
0.5096266175558012
0.5095704441252656
0.5095136366228923
0.5094561906011043
0.5093981016404925
0.5093393653532338
0.5092799773865514
0.5092199334262216
0.5091592292001121
0.5090978604817528
0.50903582309393
0.5089731129122986
0.5089097258690021
0.5088456579562994
0.5087809052301825
0.5087154638139841
0.5086493299019615
0.5085824997628516
0.5085149697433826
0.5084467362717408
0.5083777958609716
0.5083081451123167
0.5082377807184648
0.5081666994667167
0.5080948982420422
0.5080223740300287
0.5079491239197004
0.5078751451062047
0.5078004348933474
0.5077249906959711
0.5076488100421632
0.5075718905752765
0.5074942300557627
0.507415826362797
0.5073366774956882
0.5072567815750634
0.5071761368438134
0.5070947416677963
0.5070125945362814
0.5069296940621306
0.5068460389817061
0.506761628154498
0.5066764605624654
0.5065905353090826
0.506503851618086
0.5064164088319192
0.5063282064098695
0.5062392439258947
0.5061495210661389
0.5060590376261337
0.50596779350769
0.5058757887154771
0.5057830233532935
0.5056894976200336
0.505595211805353
0.5055001662850402
0.5054043615160989
0.5053077980315528
0.5052104764349772
0.5051123973947707
0.5050135616381766
0.504913969945066
0.5048136231414968
0.5047125220930595
0.5046106676980281
0.5045080608803257
0.5044047025823305
0.504300593757525
0.5041957353630182
0.5040901283519522
0.5039837736658077
0.5038766722266361
0.5037688249292244
0.5036602326332216
0.5035508961552366
0.5034408162609302
0.5033299936571174
0.5032184289838948
0.5031061228068151
0.5029930756091173
0.502879287784036
0.5027647596271965
0.5026494913291171
0.502533482967824
0.5024167345015957
0.5022992457618447
0.5021810164461475
0.5020620461114295
0.5019423341673112
0.5018218798696243
0.5017006823140985
0.5015787404302211
0.5014560529752737
0.5013326185285428
0.5012084354857043
0.501083502053375
0.5009578162438327
0.50083137586989
0.5007041785399207
0.500576221653028
0.5004475023943398
0.5003180177304247
0.5001877644048107
0.5000567389335943
0.49992493760112283
0.4997923564557343
0.4996589913055333
0.499524837714188
0.49938989099672426
0.49925414621529757
0.4991175981749191
0.4989802414191168
0.4988420702255018
0.4987030786012228
0.49856326027827835
0.4984226087086657
0.49828111705933786
0.49813877820694513
0.4979955847323339
0.4978515289147767
0.4977066027259065
0.49756079782332974
0.49741410554388943
0.4972665168965551
0.4971180225549082
0.496968612849201
0.4968182777579576
0.4966670068990961
0.496514789520539
0.49636161449029165
0.4962074702859569
0.4960523449836636
0.4958962262463794
0.49573910131158444
0.49558095697827725
0.4954217795932857
0.4952615550368586
0.49510026870750923
0.49493790550608247
0.49477444981902047
0.49460988550079527
0.4944441958554818
0.49427736361744135
0.4941093709310834
0.4939401993296779
0.4937698297131815
0.49359824232504934
0.49342541672799384
0.49325133177865765
0.493075965601161
0.49289929555948675
0.4927212982286633
0.4925419493646997
0.49236122387323233
0.49217909577683727
0.49199553818095637
0.49181052323838936
0.49162402211229994
0.4914360049376763
0.4912464407811917
0.4910552975994018
0.49086254219521563
0.49066814017256954
0.4904720558892394
0.4902742524077108
0.4900746914440312
0.4898733333145635
0.48967013688055105
0.48946505949040653
0.48925805691962737
0.489049083308236
0.4888380910956399
0.4886250309528006
0.4884098517115888
0.48819250029120553
0.48797292162153344
0.48775105856327944
0.4875268518247607
0.4873002398751748
0.4870711588541876
0.4868395424776619
0.48660532193933426
0.486368425808243
0.4861287799216854
0.4858863072734822
0.4856409278972974
0.485392558744752
0.4851411135580551
0.48488650273684414
0.48462863319891625
0.48436740823450347
0.48410272735372006
0.4838344861267834
0.48356257601658
0.48328688420311694
0.4830072933993658
0.4827236816579675
0.48243592216822606
0.48214388304278477
0.48184742709332024
0.4815464115945524
0.48124068803581044
0.4809301018593441
0.4806144921845032
0.48029369151685536
0.47996752544123716
0.479635812297669
0.4792983628389835
0.478954979868949
0.4786054578595731
0.47824958254619854
0.4778871304989053
0.47751786866863966
0.4771415539063991
0.47675793245369535
0.4763667394024197
0.47596769812213197
0.47556051965268503
0.4751449020599977
0.4747205297526823
0.4742870727571362
0.47384418594861105
0.47339150823568166
0.47292866169546566
0.47245525065686994
0.47197086072909544
0.47147505777259113
0.4709673868096466
0.4704473708718196
0.46991450978144644
0.4693682788645633
0.46880812759269036
0.46823347815109245
0.46764372393135545
0.46703822794637795
0.46641632116621096
0.46577730077356355
0.46512042833823597
0.4644449279102514
0.4637499840320132
0.46303473967042796
0.46229829407057865
0.4615397005331964
0.4607579641188598
0.4599520392824794
0.45912082744222366
0.4582631744875236
0.4573778682311304
0.45646363581035476
0.4555191410424898
0.4545429817389913
0.4535336869821702
0.45248971436688734
0.4514094472079756
0.45029119171180754
0.4491331741075515
0.4479335377302247
0.44669034004369956
0.44540154958743566
0.44406504282604753
0.4426786008761014
0.44123990608004166
0.4397465383932868
0.43819597154778755
0.4365855689542667
0.4349125793066846
0.43317413185695386
0.431367231336452
0.42948875251441165
0.4275354344028188
0.4255038741440991
0.4233905206526812
0.42119166812555286
0.41890344959117876
0.41652183073146315
0.41404260428855305
0.4114613854575392
0.40877360876761126
0.4059745270673858
0.40305921335375006
0.400022566315412
0.3968593205989249
0.3935640629411934
0.39013125544121613
0.38655526735560675
0.38283041688497865
0.3789510244563069
0.37491147898153737
0.37070631846392677
0.36633032610768784
0.36177864273973653
0.35704689585229465
0.3521313449037624
0.34702904166254034
0.34173800334653154
0.3362573951189375
0.33058771718919694
0.324730990402271
0.31869093287330597
0.3124731190587046
0.30608511179281483
0.29953655741994645
0.2928392343711557
0.28600704650775666
0.27905595436169034
0.2720038400497995
0.264870305023676
0.2576764037221906
0.2504443202959052
0.24319699947255202
0.23595774591150492
0.22874980867962946
0.22159596850763633
0.21451814514668036
0.20753704050198332
0.20067183049098491
0.19393991508680553
0.18735673214652532
0.18093563676606939
0.17468784437467397
0.168622432823443
0.1627463964795342
0.15706474386213282
0.15158062962199992
0.1462955115878988
0.14120932405869357
0.13632065937066534
0.1316269508768123
0.12712465171194934
0.12280940497784655
0.11867620218404448
0.11471952786472336
0.11093348922536346
0.1073119304396874
0.10384853181761709
0.10053689450971433
0.09737061172070936
0.09434332759570811
0.09144878503977938
0.08868086375617545
0.08603360975958704
0.0835012575549113
0.08107824608245752
0.07875922942783489
0.07653908318695324
0.07441290726934939
0.07237602582039233
0.0704239848473022
0.06855254804678144
0.06675769125398273
0.06503559586358668
0.06338264151358719
0.06179539827039403
0.06027061850936599
0.058805228647092
0.057396320849880465
0.056041144816247626
0.05473709970900824
0.053481726294244164
0.052272699329373284
0.051107820230271744
0.0499850100374664
