0.5266400155168798
0.5755129608277522
0.5617623822675163
0.5514683176591046
0.5441671013317096
0.5391528591988766
0.5357886336273558
0.5335675875766723
0.5321167594168402
0.5311751782575711
0.5305661085294899
0.5301723760673405
0.5299173587518788
0.5297513973197416
0.5296424921978503
0.5295700994957291
0.5295210607637675
0.5294869600742739
0.5294624191735743
0.5294440023893215
0.5294295151172097
0.5294175552137264
0.5294072264315219
0.5293979554854717
0.5293893753141148
0.5293812505924729
0.5293734302012101
0.5293658168900462
0.5293583479080013
0.5293509826290898
0.5293436946411854
0.5293364666834208
0.5293292874024981
0.5293221492712157
0.5293150472502296
0.5293079779256284
0.5293009389515312
0.5292939286885523
0.5292869459683073
0.529279989939231
0.5292730599650219
0.5292661555572765
0.5292592763304365
0.529252421971381
0.5292455922186914
0.5292387868483517
0.5292320056637712
0.5292252484887345
0.5292185151623575
0.529211805535433
0.5292051194677517
0.5291984568261158
0.529191817482848
0.5291852013146676
0.5291786082018285
0.5291720380274587
0.5291654906770502
0.5291589660380602
0.5291524639995997
0.5291459844521906
0.5291395272875725
0.5291330923985514
0.5291266796788786
0.5291202890231553
0.5291139203267565
0.5291075734857694
0.5291012483969462
0.5290949449576627
0.5290886630658884
0.5290824026201599
0.5290761635195607
0.5290699456637032
0.5290637489527166
0.5290575732872326
0.5290514185683778
0.5290452846977645
0.5290391715774839
0.5290330791101003
0.5290270071986454
0.5290209557466136
0.5290149246579592
0.5290089138370897
0.5290029231888659
0.5289969526185958
0.5289910020320334
0.5289850713353745
0.5289791604352556
0.5289732692387491
0.5289673976533632
0.5289615455870376
0.5289557129481423
0.5289498996454741
0.5289441055882557
0.5289383306861319
0.5289325748491693
0.5289268379878516
0.5289211200130797
0.5289154208361685
0.5289097403688441
0.5289040785232437
0.5288984352119113
0.5288928103477966
0.5288872038442529
0.5288816156150352
0.5288760455742976
0.5288704936365916
0.5288649597168638
0.5288594437304542
0.5288539455930944
0.5288484652209046
0.5288430025303924
0.5288375574384507
0.5288321298623557
0.5288267197197649
0.528821326928715
0.5288159514076197
0.5288105930752689
0.5288052518508254
0.528799927653824
0.5287946204041684
0.5287893300221309
0.5287840564283495
0.5287787995438253
0.5287735592899229
0.5287683355883657
0.5287631283612362
0.528757937530974
0.5287527630203721
0.5287476047525772
0.5287424626510867
0.5287373366397473
0.5287322266427532
0.5287271325846441
0.5287220543903034
0.5287169919849568
0.5287119452941701
0.5287069142438479
0.528701898760231
0.5286968987698958
0.5286919141997516
0.5286869449770397
0.5286819910293306
0.5286770522845237
0.528672128670844
0.5286672201168421
0.5286623265513911
0.5286574479036854
0.5286525841032396
0.5286477350798859
0.5286429007637734
0.5286380810853658
0.5286332759754393
0.5286284853650823
0.5286237091856931
0.528618947368978
0.52861419984695
0.5286094665519273
0.5286047474165315
0.5286000423736862
0.5285953513566153
0.5285906742988413
0.5285860111341844
0.5285813617967599
0.5285767262209778
0.5285721043415402
0.528567496093441
0.5285629014119625
0.5285583202326762
0.5285537524914399
0.5285491981243956
0.5285446570679702
0.5285401292588717
0.5285356146340893
0.528531113130891
0.5285266246868225
0.5285221492397062
0.528517686727639
0.5285132370889909
0.5285088002624044
0.5285043761867922
0.5284999648013361
0.5284955660454859
0.5284911798589572
0.5284868061817308
0.5284824449540514
0.528478096116425
0.5284737596096192
0.5284694353746605
0.5284651233528336
0.52846082348568
0.5284565357149967
0.5284522599828338
0.5284479962314956
0.5284437444035364
0.5284395044417612
0.5284352762892237
0.528431059889225
0.528426855185312
0.5284226621212769
0.5284184806411552
0.528414310689225
0.5284101522100044
0.5284060051482528
0.5284018694489669
0.5283977450573811
0.5283936319189655
0.528389529979425
0.5283854391846982
0.5283813594809559
0.5283772908145996
0.5283732331322611
0.5283691863808009
0.5283651505073064
0.5283611254590915
0.5283571111836952
0.5283531076288803
0.5283491147426319
0.5283451324731574
0.5283411607688835
0.528337199578457
0.5283332488507422
0.5283293085348201
0.528325378579988
0.5283214589357571
0.5283175495518527
0.5283136503782118
0.5283097613649829
0.5283058824625246
0.5283020136214043
0.5282981547923973
0.5282943059264856
0.528290466974857
0.5282866378889041
0.5282828186202223
0.52827900912061
0.5282752093420664
0.5282714192367919
0.5282676387571851
0.528263867855843
0.5282601064855603
0.5282563545993274
0.5282526121503293
0.5282488790919454
0.528245155377748
0.5282414409615012
0.5282377357971604
0.5282340398388702
0.5282303530409648
0.5282266753579659
0.528223006744582
0.5282193471557076
0.5282156965464224
0.5282120548719894
0.5282084220878547
0.5282047981496469
0.5282011830131753
0.5281975766344287
0.5281939789695752
0.5281903899749618
0.5281868096071116
0.5281832378227245
0.5281796745786753
0.5281761198320134
0.5281725735399616
0.5281690356599151
0.5281655061494406
0.5281619849662756
0.528158472068327
0.528154967413671
0.528151470960551
0.5281479826673781
0.528144502492729
0.5281410303953461
0.5281375663341359
0.528134110268168
0.5281306621566751
0.5281272219590516
0.5281237896348523
0.5281203651437922
0.5281169484457454
0.5281135395007444
0.5281101382689786
0.5281067447107949
0.5281033587866947
0.5280999804573354
0.5280966096835276
0.5280932464262353
0.5280898906465754
0.528086542305816
0.5280832013653752
0.5280798677868224
0.5280765415318751
0.5280732225623992
0.5280699108404091
0.5280666063280646
0.5280633089876716
0.5280600187816821
0.5280567356726913
0.5280534596234387
0.5280501905968064
0.5280469285558178
0.5280436734636387
0.5280404252835748
0.5280371839790708
0.5280339495137117
0.5280307218512197
0.5280275009554545
0.5280242867904128
0.528021079320227
0.528017878509165
0.5280146843216288
0.5280114967221539
0.5280083156754094
0.5280051411461963
0.5280019730994473
0.5279988115002257
0.5279956563137248
0.5279925075052678
0.527989365040306
0.5279862288844189
0.5279830990033134
0.5279799753628228
0.5279768579289064
0.5279737466676482
0.5279706415452572
0.5279675425280663
0.5279644495825309
0.5279613626752293
0.5279582817728616
0.5279552068422487
0.5279521378503322
0.5279490747641732
0.5279460175509518
0.5279429661779673
0.5279399206126356
0.5279368808224905
0.5279338467751822
0.5279308184384763
0.5279277957802542
0.5279247787685114
0.5279217673713573
0.5279187615570148
0.5279157612938192
0.5279127665502179
0.5279097772947696
0.527906793496144
0.5279038151231207
0.5279008421445888
0.5278978745295464
0.5278949122470995
0.5278919552664627
0.5278890035569568
0.5278860570880095
0.527883115829154
0.5278801797500294
0.5278772488203789
0.52787432301005
0.5278714022889937
0.5278684866272638
0.5278655759950168
0.5278626703625104
0.5278597697001043
0.5278568739782576
0.5278539831675306
0.5278510972385825
0.5278482161621713
0.5278453399091535
0.5278424684504834
0.5278396017572127
0.5278367398004892
0.5278338825515572
0.5278310299817566
0.5278281820625218
0.5278253387653826
0.5278225000619616
0.5278196659239758
0.5278168363232341
0.5278140112316383
0.5278111906211816
0.527808374463949
0.5278055627321154
0.5278027553979469
0.5277999524337978
0.527797153812113
0.5277943595054253
0.5277915694863555
0.5277887837276124
0.5277860022019916
0.527783224882375
0.527780451741731
0.5277776827531138
0.5277749178896615
0.5277721571245984
0.5277694004312311
0.527766647782951
0.5277638991532322
0.527761154515631
0.5277584138437864
0.5277556771114186
0.5277529442923288
0.5277502153603995
0.5277474902895922
0.5277447690539492
0.5277420516275912
0.5277393379847182
0.5277366280996081
0.5277339219466162
0.5277312195001762
0.5277285207347976
0.5277258256250666
0.5277231341456459
0.5277204462712722
0.527717761976759
0.5277150812369932
0.5277124040269356
0.5277097303216218
0.5277070600961594
0.5277043933257293
0.5277017299855845
0.5276990700510502
0.5276964134975226
0.5276937603004693
0.527691110435428
0.5276884638780064
0.5276858206038824
0.5276831805888027
0.5276805438085832
0.5276779102391076
0.527675279856328
0.5276726526362638
0.5276700285550018
0.527667407588695
0.5276647897135629
0.5276621749058908
0.52765956314203
0.5276569543983953
0.5276543486514677
0.5276517458777914
0.527649146053975
0.5276465491566898
0.5276439551626707
0.527641364048715
0.5276387757916815
0.5276361903684916
0.5276336077561281
0.5276310279316336
0.5276284508721127
0.5276258765547294
0.5276233049567071
0.5276207360553297
0.5276181698279391
0.5276156062519364
0.5276130453047805
0.5276104869639884
0.5276079312071345
0.5276053780118501
0.5276028273558238
0.5276002792167993
0.5275977335725777
0.5275951904010145
0.5275926496800212
0.5275901113875634
0.5275875755016616
0.5275850420003906
0.5275825108618779
0.5275799820643057
0.5275774555859081
0.5275749314049724
0.5275724094998375
0.5275698898488952
0.527567372430588
0.52756485722341
0.5275623442059056
0.5275598333566704
0.5275573246543496
0.5275548180776379
0.5275523136052802
0.5275498112160699
0.5275473108888492
0.5275448126025084
0.5275423163359866
0.5275398220682697
0.5275373297783913
0.5275348394454319
0.5275323510485189
0.5275298645668256
0.5275273799795713
0.5275248972660214
0.527522416405486
0.5275199373773205
0.5275174601609248
0.5275149847357431
0.5275125110812636
0.527510039177018
0.5275075690025816
0.5275051005375722
0.5275026337616505
0.5275001686545198
0.527497705195925
0.5274952433656526
0.5274927831435309
0.5274903245094289
0.5274878674432565
0.5274854119249635
0.5274829579345405
0.5274805054520175
0.5274780544574638
0.5274756049309881
0.5274731568527379
0.5274707102028988
0.5274682649616952
0.5274658211093892
0.5274633786262802
0.527460937492705
0.5274584976890375
0.5274560591956883
0.5274536219931036
0.5274511860617672
0.5274487513821973
0.5274463179349478
0.527443885700608
0.5274414546598023
0.527439024793189
0.527436596081461
0.5274341685053452
0.5274317420456018
0.5274293166830251
0.5274268923984418
0.5274244691727111
0.5274220469867261
0.5274196258214104
0.5274172056577209
0.5274147864766447
0.5274123682592016
0.5274099509864416
0.5274075346394458
0.5274051191993255
0.5274027046472225
0.5274002909643083
0.5273978781317841
0.5273954661308798
0.5273930549428557
0.5273906445489995
0.5273882349306286
0.5273858260690873
0.527383417945749
0.5273810105420139
0.5273786038393102
0.5273761978190928
0.5273737924628437
0.5273713877520709
0.5273689836683095
0.5273665801931202
0.5273641773080892
0.5273617749948283
0.5273593732349746
0.5273569720101904
0.5273545713021619
0.5273521710926004
0.5273497713632407
0.5273473720958419
0.5273449732721867
0.5273425748740806
0.5273401768833529
0.5273377792818549
0.527335382051461
0.5273329851740676
0.5273305886315929
0.5273281924059774
0.5273257964791824
0.5273234008331911
0.5273210054500072
0.5273186103116548
0.5273162154001794
0.5273138206976453
0.5273114261861382
0.5273090318477622
0.5273066376646417
0.5273042436189199
0.5273018496927587
0.5272994558683387
0.5272970621278593
0.5272946684535376
0.5272922748276084
0.5272898812323247
0.5272874876499565
0.527285094062791
0.5272827004531322
0.5272803068033008
0.527277913095634
0.5272755193124847
0.5272731254362221
0.5272707314492306
0.5272683373339105
0.5272659430726768
0.5272635486479594
0.5272611540422033
0.5272587592378675
0.5272563642174244
0.527253968963362
0.5272515734581804
0.5272491776843942
0.5272467816245302
0.527244385261129
0.5272419885767432
0.5272395915539383
0.5272371941752916
0.5272347964233925
0.5272323982808426
0.5272299997302539
0.5272276007542508
0.5272252013354677
0.5272228014565502
0.5272204011001548
0.5272180002489475
0.5272155988856047
0.5272131969928127
0.5272107945532671
0.527208391549673
0.5272059879647445
0.5272035837812046
0.527201178981785
0.5271987735492252
0.5271963674662739
0.5271939607156865
0.5271915532802268
0.527189145142666
0.5271867362857823
0.5271843266923606
0.5271819163451932
0.5271795052270786
0.5271770933208211
0.5271746806092314
0.5271722670751263
0.527169852701328
0.5271674374706631
0.5271650213659649
0.5271626043700699
0.5271601864658209
0.5271577676360637
0.527155347863649
0.527152927131431
0.5271505054222683
0.527148082719022
0.5271456590045573
0.5271432342617421
0.5271408084734468
0.5271383816225449
0.5271359536919117
0.5271335246644245
0.5271310945229636
0.5271286632504095
0.5271262308296446
0.5271237972435531
0.5271213624750194
0.5271189265069286
0.5271164893221669
0.5271140509036201
0.5271116112341745
0.5271091702967159
0.5271067280741301
0.5271042845493014
0.5271018397051143
0.5270993935244512
0.5270969459901942
0.5270944970852225
0.5270920467924148
0.527089595094647
0.5270871419747933
0.5270846874157249
0.5270822314003104
0.5270797739114156
0.5270773149319032
0.5270748544446325
0.5270723924324592
0.5270699288782349
0.5270674637648074
0.5270649970750203
0.5270625287917121
0.5270600588977173
0.527057587375865
0.5270551142089795
0.5270526393798788
0.5270501628713761
0.5270476846662786
0.5270452047473869
0.5270427230974959
0.5270402396993934
0.5270377545358607
0.527035267589672
0.5270327788435942
0.527030288280387
0.527027795882802
0.5270253016335834
0.5270228055154663
0.5270203075111788
0.527017807603439
0.5270153057749569
0.5270128020084337
0.5270102962865606
0.5270077885920199
0.5270052789074833
0.5270027672156137
0.5270002534990627
0.5269977377404724
0.5269952199224734
0.526992700027686
0.5269901780387187
0.5269876539381699
0.5269851277086253
0.5269825993326588
0.526980068792833
0.5269775360716975
0.52697500115179
0.526972464015635
0.5269699246457444
0.5269673830246165
0.526964839134737
0.5269622929585766
0.5269597444785936
0.526957193677231
0.5269546405369181
0.5269520850400695
0.5269495271690847
0.5269469669063491
0.5269444042342315
0.526941839135086
0.5269392715912511
0.5269367015850486
0.5269341290987847
0.5269315541147492
0.5269289766152148
0.5269263965824373
0.5269238139986564
0.5269212288460928
0.5269186411069507
0.5269160507634161
0.5269134577976573
0.5269108621918234
0.5269082639280458
0.526905662988437
0.5269030593550897
0.5269004530100787
0.526897843935458
0.5268952321132625
0.526892617525507
0.5268900001541862
0.5268873799812742
0.5268847569887245
0.5268821311584695
0.5268795024724203
0.5268768709124674
0.5268742364604788
0.5268715990983008
0.5268689588077576
0.5268663155706512
0.526863669368761
0.5268610201838428
0.5268583679976303
0.5268557127918334
0.5268530545481382
0.5268503932482073
0.5268477288736791
0.5268450614061677
0.5268423908272626
0.5268397171185282
0.5268370402615041
0.5268343602377048
0.526831677028619
0.5268289906157093
0.5268263009804125
0.5268236081041395
0.5268209119682741
0.5268182125541732
0.5268155098431667
0.5268128038165579
0.5268100944556219
0.5268073817416056
0.5268046656557284
0.5268019461791815
0.5267992232931272
0.5267964969786989
0.5267937672170014
0.5267910339891093
0.5267882972760685
0.5267855570588943
0.5267828133185727
0.5267800660360583
0.5267773151922759
0.526774560768119
0.5267718027444502
0.5267690411021004
0.5267662758218691
0.5267635068845237
0.5267607342707992
0.5267579579613986
0.526755177936992
0.5267523941782162
0.5267496066656752
0.5267468153799392
0.5267440203015445
0.5267412214109938
0.526738418688755
0.5267356121152615
0.5267328016709124
0.5267299873360706
0.5267271690910644
0.5267243469161865
0.5267215207916931
0.5267186906978044
0.5267158566147043
0.5267130185225396
0.5267101764014205
0.5267073302314195
0.5267044799925715
0.5267016256648738
0.5266987672282852
0.5266959046627265
0.5266930379480794
0.5266901670641868
0.5266872919908521
0.5266844127078396
0.5266815291948732
0.5266786414316373
0.5266757493977754
0.5266728530728901
0.5266699524365437
0.5266670474682568
0.5266641381475085
0.5266612244537362
0.5266583063663348
0.5266553838646575
0.5266524569280138
0.5266495255356708
0.5266465896668522
0.5266436493007383
0.5266407044164649
0.526637754993124
0.5266348010097633
0.5266318424453853
0.5266288792789477
0.5266259114893628
0.5266229390554968
0.5266199619561704
0.5266169801701581
0.526613993676187
0.526611002452938
0.5266080064790446
0.5266050057330927
0.5266020001936205
0.5265989898391181
0.5265959746480269
0.5265929545987396
0.5265899296695999
0.5265868998389024
0.5265838650848912
0.5265808253857613
0.526577780719657
0.5265747310646713
0.5265716763988475
0.5265686167001763
0.5265655519465977
0.5265624821159997
0.5265594071862172
0.5265563271350335
0.5265532419401784
0.5265501515793287
0.5265470560301078
0.5265439552700845
0.5265408492767741
0.526537738027637
0.5265346215000788
0.5265314996714496
0.5265283725190447
0.5265252400201024
0.5265221021518054
0.52651895889128
0.526515810215595
0.5265126561017626
0.5265094965267366
0.5265063314674131
0.5265031609006308
0.5264999848031685
0.5264968031517465
0.526493615923026
0.526490423093608
0.526487224640034
0.5264840205387847
0.52648081076628
0.5264775952988788
0.5264743741128788
0.5264711471845155
0.5264679144899621
0.52646467600533
0.5264614317066665
0.5264581815699565
0.5264549255711211
0.526451663686017
0.526448395890437
0.526445122160109
0.5264418424706954
0.5264385567977931
0.5264352651169341
0.5264319674035826
0.5264286636331375
0.5264253537809298
0.5264220378222237
0.526418715732215
0.5264153874860319
0.5264120530587337
0.5264087124253107
0.5264053655606845
0.5264020124397059
0.5263986530371563
0.5263952873277464
0.5263919152861162
0.5263885368868341
0.5263851521043966
0.526381760913229
0.5263783632876831
0.5263749592020377
0.5263715486304994
0.5263681315472
0.5263647079261974
0.5263612777414755
0.5263578409669423
0.5263543975764312
0.5263509475436996
0.5263474908424284
0.5263440274462218
0.5263405573286075
0.5263370804630353
0.5263335968228773
0.5263301063814266
0.5263266091118985
0.5263231049874288
0.5263195939810731
0.5263160760658074
0.5263125512145272
0.5263090194000474
0.5263054805951002
0.5263019347723373
0.5262983819043278
0.5262948219635578
0.5262912549224303
0.5262876807532648
0.5262840994282966
0.5262805109196766
0.5262769151994707
0.526273312239659
0.5262697020121362
0.5262660844887104
0.5262624596411027
0.5262588274409473
0.52625518785979
0.526251540869089
0.5262478864402134
0.5262442245444429
0.5262405551529683
0.5262368782368896
0.5262331937672162
0.5262295017148666
0.5262258020506673
0.5262220947453533
0.5262183797695665
0.5262146570938561
0.5262109266886773
0.5262071885243914
0.5262034425712653
0.5261996887994707
0.5261959271790833
0.5261921576800832
0.5261883802723542
0.5261845949256819
0.5261808016097554
0.5261770002941649
0.526173190948402
0.5261693735418598
0.5261655480438308
0.5261617144235076
0.526157872649982
0.5261540226922448
0.5261501645191844
0.5261462980995872
0.5261424234021366
0.5261385403954125
0.5261346490478909
0.5261307493279428
0.5261268412038347
0.5261229246437276
0.5261189996156751
0.5261150660876254
0.5261111240274186
0.526107173402787
0.5261032141813544
0.5260992463306361
0.526095269818037
0.5260912846108526
0.526087290676267
0.5260832879813532
0.5260792764930723
0.526075256178273
0.5260712270036909
0.5260671889359476
0.5260631419415509
0.5260590859868934
0.5260550210382524
0.526050947061789
0.5260468640235474
0.5260427718894551
0.5260386706253214
0.5260345601968369
0.5260304405695729
0.5260263117089821
0.5260221735803952
0.5260180261490233
0.5260138693799544
0.5260097032381557
0.526005527688471
0.5260013426956197
0.5259971482241985
0.5259929442386779
0.5259887307034039
0.5259845075825956
0.5259802748403459
0.5259760324406201
0.5259717803472551
0.5259675185239593
0.5259632469343115
0.5259589655417605
0.5259546743096242
0.5259503732010893
0.5259460621792097
0.525941741206907
0.5259374102469694
0.5259330692620502
0.5259287182146684
0.5259243570672071
0.5259199857819132
0.5259156043208965
0.5259112126461286
0.5259068107194437
0.5259023985025356
0.5258979759569591
0.525893543044128
0.525889099725315
0.5258846459616502
0.5258801817141215
0.5258757069435727
0.5258712216107033
0.5258667256760683
0.5258622191000765
0.5258577018429902
0.5258531738649244
0.5258486351258455
0.5258440855855719
0.5258395252037721
0.5258349539399638
0.525830371753514
0.5258257786036373
0.5258211744493959
0.5258165592496984
0.5258119329632986
0.5258072955487962
0.5258026469646339
0.5257979871690979
0.5257933161203174
0.5257886337762626
0.5257839400947446
0.5257792350334145
0.5257745185497629
0.5257697906011183
0.5257650511446468
0.525760300137351
0.5257555375360697
0.525750763297476
0.5257459773780775
0.525741179734215
0.5257363703220614
0.5257315490976217
0.5257267160167305
0.525721871035053
0.5257170141080826
0.5257121451911415
0.525707264239378
0.5257023712077673
0.525697466051109
0.5256925487240285
0.5256876191809731
0.5256826773762134
0.5256777232638418
0.5256727567977709
0.5256677779317331
0.5256627866192798
0.5256577828137805
0.525652766468421
0.5256477375362036
0.5256426959699455
0.5256376417222777
0.5256325747456444
0.5256274949923022
0.5256224024143188
0.5256172969635716
0.5256121785917477
0.525607047250342
0.5256019028906569
0.5255967454638006
0.5255915749206868
0.5255863912120332
0.5255811942883609
0.5255759840999927
0.5255707605970525
0.5255655237294651
0.5255602734469527
0.5255550096990371
0.525549732435036
0.525544441604063
0.5255391371550273
0.5255338190366305
0.5255284871973682
0.5255231415855266
0.5255177821491825
0.5255124088362026
0.5255070215942412
0.5255016203707406
0.5254962051129279
0.5254907757678163
0.5254853322822023
0.5254798746026654
0.525474402675566
0.5254689164470457
0.5254634158630248
0.5254579008692019
0.5254523714110524
0.525446827433828
0.5254412688825543
0.5254356957020307
0.5254301078368289
0.5254245052312915
0.5254188878295308
0.5254132555754282
0.525407608412632
0.5254019462845569
0.5253962691343831
0.5253905769050534
0.5253848695392745
0.5253791469795133
0.5253734091679969
0.5253676560467118
0.5253618875574009
0.5253561036415646
0.5253503042404573
0.5253444892950869
0.5253386587462149
0.5253328125343524
0.5253269505997611
0.5253210728824506
0.5253151793221782
0.5253092698584465
0.5253033444305029
0.5252974029773372
0.5252914454376818
0.5252854717500091
0.5252794818525302
0.5252734756831942
0.5252674531796865
0.5252614142794271
0.5252553589195695
0.5252492870369995
0.5252431985683332
0.5252370934499162
0.5252309716178216
0.5252248330078493
0.5252186775555235
0.5252125051960923
0.5252063158645257
0.5252001094955141
0.525193886023467
0.5251876453825113
0.5251813875064903
0.525175112328962
0.5251688197831965
0.5251625098021764
0.5251561823185937
0.5251498372648495
0.5251434745730513
0.5251370941750119
0.5251306960022479
0.5251242799859789
0.5251178460571241
0.5251113941463023
0.5251049241838297
0.5250984360997184
0.5250919298236748
0.5250854052850976
0.5250788624130769
0.5250723011363914
0.5250657213835086
0.5250591230825812
0.5250525061614465
0.5250458705476244
0.5250392161683161
0.5250325429504015
0.5250258508204387
0.5250191397046613
0.5250124095289772
0.5250056602189667
0.5249988916998803
0.5249921038966383
0.5249852967338271
0.5249784701356994
0.5249716240261707
0.5249647583288188
0.5249578729668815
0.5249509678632539
0.5249440429404886
0.5249370981207918
0.5249301333260228
0.5249231484776915
0.5249161434969568
0.5249091183046246
0.5249020728211458
0.524895006966615
0.5248879206607671
0.524880813822978
0.5248736863722598
0.5248665382272604
0.5248593693062618
0.5248521795271769
0.5248449688075488
0.5248377370645481
0.5248304842149707
0.5248232101752367
0.5248159148613876
0.5248085981890844
0.5248012600736057
0.5247939004298461
0.5247865191723124
0.5247791162151241
0.5247716914720091
0.5247642448563029
0.524756776280946
0.5247492856584814
0.5247417729010535
0.524734237920405
0.524726680627875
0.524719100934397
0.5247114987504968
0.5247038739862901
0.5246962265514797
0.5246885563553548
0.5246808633067872
0.5246731473142299
0.5246654082857145
0.5246576461288495
0.5246498607508171
0.5246420520583717
0.5246342199578368
0.5246263643551039
0.5246184851556287
0.5246105822644299
0.5246026555860859
0.5245947050247336
0.5245867304840648
0.5245787318673244
0.5245707090773081
0.5245626620163593
0.5245545905863678
0.524546494688766
0.5245383742245276
0.5245302290941644
0.5245220591977235
0.5245138644347866
0.5245056447044644
0.5244973999053972
0.5244891299357501
0.5244808346932124
0.5244725140749922
0.5244641679778168
0.5244557962979285
0.5244473989310818
0.5244389757725417
0.5244305267170805
0.5244220516589746
0.5244135504920032
0.524405023109444
0.524396469404072
0.5243878892681553
0.5243792825934532
0.5243706492712137
0.52436198919217
0.5243533022465379
0.5243445883240134
0.5243358473137696
0.5243270791044532
0.5243182835841831
0.524309460640546
0.5243006101605947
0.5242917320308442
0.5242828261372696
0.5242738923653032
0.5242649305998299
0.5242559407251867
0.524246922625158
0.5242378761829734
0.5242288012813036
0.5242196978022589
0.524210565627385
0.5242014046376605
0.5241922147134932
0.5241829957347177
0.524173747580592
0.5241644701297941
0.5241551632604189
0.5241458268499755
0.5241364607753839
0.5241270649129706
0.5241176391384674
0.5241081833270061
0.5240986973531172
0.5240891810907249
0.5240796344131445
0.5240700571930794
0.5240604493026175
0.5240508106132271
0.5240411409957553
0.5240314403204226
0.5240217084568206
0.5240119452739085
0.5240021506400093
0.5239923244228071
0.523982466489342
0.5239725767060086
0.5239626549385508
0.5239527010520595
0.5239427149109681
0.5239326963790492
0.5239226453194115
0.5239125615944952
0.5239024450660695
0.5238922955952277
0.5238821130423845
0.5238718972672719
0.5238616481289354
0.5238513654857304
0.5238410491953185
0.5238306991146633
0.5238203151000271
0.5238098970069669
0.5237994446903301
0.5237889580042515
0.5237784368021485
0.5237678809367182
0.5237572902599321
0.5237466646230335
0.5237360038765329
0.5237253078702034
0.5237145764530782
0.5237038094734452
0.5236930067788431
0.5236821682160586
0.52367129363112
0.5236603828692954
0.5236494357750872
0.523638452192228
0.5236274319636771
0.5236163749316154
0.5236052809374417
0.5235941498217686
0.5235829814244175
0.523571775584415
0.5235605321399881
0.5235492509285604
0.5235379317867467
0.5235265745503497
0.5235151790543551
0.5235037451329272
0.5234922726194038
0.5234807613462934
0.5234692111452686
0.5234576218471628
0.5234459932819655
0.5234343252788176
0.5234226176660066
0.5234108702709619
0.5233990829202511
0.5233872554395738
0.5233753876537579
0.5233634793867546
0.523351530461634
0.5233395407005792
0.5233275099248831
0.5233154379549421
0.523303324610252
0.5232911697094029
0.5232789730700751
0.5232667345090323
0.5232544538421184
0.5232421308842521
0.5232297654494207
0.5232173573506771
0.5232049064001328
0.5231924124089546
0.523179875187358
0.5231672945446024
0.5231546702889865
0.5231420022278428
0.5231292901675322
0.5231165339134388
0.5231037332699652
0.5230908880405262
0.5230779980275443
0.5230650630324439
0.5230520828556465
0.5230390572965644
0.5230259861535959
0.5230128692241199
0.5229997063044899
0.5229864971900292
0.5229732416750247
0.5229599395527216
0.5229465906153179
0.522933194653959
0.5229197514587314
0.5229062608186575
0.5228927225216897
0.5228791363547048
0.5228655021034987
0.5228518195527792
0.5228380884861621
0.5228243086861638
0.5228104799341963
0.5227966020105607
0.5227826746944421
0.522768697763903
0.5227546709958771
0.5227405941661645
0.522726467049424
0.5227122894191688
0.5226980610477588
0.5226837817063955
0.5226694511651159
0.5226550691927853
0.5226406355570923
0.5226261500245417
0.5226116123604496
0.5225970223289348
0.522582379692915
0.5225676842140984
0.5225529356529788
0.5225381337688284
0.5225232783196917
0.522508369062379
0.5224934057524596
0.5224783881442561
0.5224633159908371
0.5224481890440102
0.5224330070543175
0.5224177697710262
0.5224024769421238
0.5223871283143113
0.5223717236329959
0.522356262642284
0.5223407450849755
0.5223251707025562
0.5223095392351915
0.5222938504217187
0.5222781039996414
0.5222622997051212
0.5222464372729716
0.5222305164366517
0.5222145369282574
0.5221984984785154
0.5221824008167768
0.5221662436710094
0.5221500267677897
0.5221337498322973
0.522117412588307
0.5221010147581817
0.5220845560628651
0.5220680362218744
0.5220514549532935
0.5220348119737653
0.5220181069984843
0.5220013397411896
0.5219845099141569
0.5219676172281923
0.5219506613926235
0.5219336421152933
0.5219165591025514
0.5218994120592475
0.5218822006887232
0.5218649246928055
0.5218475837717975
0.5218301776244724
0.5218127059480648
0.5217951684382638
0.5217775647892045
0.5217598946934611
0.5217421578420385
0.5217243539243651
0.5217064826282841
0.5216885436400469
0.5216705366443043
0.5216524613240989
0.5216343173608575
0.5216161044343828
0.5215978222228455
0.5215794704027763
0.5215610486490587
0.5215425566349193
0.5215239940319214
0.5215053605099567
0.5214866557372355
0.5214678793802813
0.5214490311039203
0.5214301105712745
0.5214111174437538
0.5213920513810466
0.5213729120411121
0.5213536990801727
0.5213344121527054
0.5213150509114319
0.5212956150073138
0.5212761040895408
0.5212565178055242
0.521236855800888
0.5212171177194607
0.5211973032032672
0.5211774118925193
0.5211574434256081
0.5211373974390963
0.5211172735677079
0.5210970714443206
0.5210767906999583
0.5210564309637806
0.521035991863076
0.5210154730232524
0.5209948740678286
0.5209741946184263
0.5209534342947605
0.520932592714632
0.5209116694939182
0.5208906642465643
0.5208695765845752
0.5208484061180056
0.5208271524549539
0.5208058152015502
0.5207843939619502
0.5207628883383253
0.520741297930854
0.5207196223377135
0.5206978611550707
0.5206760139770735
0.5206540803958424
0.5206320600014609
0.5206099523819676
0.5205877571233473
0.5205654738095215
0.5205431020223407
0.5205206413415748
0.5204980913449047
0.5204754516079133
0.5204527217040769
0.5204299012047564
0.5204069896791886
0.5203839866944766
0.5203608918155829
0.5203377046053175
0.5203144246243331
0.5202910514311129
0.5202675845819635
0.5202440236310057
0.520220368130166
0.5201966176291676
0.5201727716755215
0.5201488298145179
0.5201247915892176
0.5201006565404438
0.5200764242067715
0.5200520941245211
0.5200276658277483
0.5200031388482356
0.5199785127154838
0.5199537869567037
0.5199289610968069
0.5199040346583972
0.5198790071617623
0.5198538781248654
0.5198286470633359
0.5198033134904613
0.5197778769171789
0.5197523368520668
0.5197266928013359
0.519700944268821
0.5196750907559727
0.5196491317618488
0.5196230667831062
0.5195968953139921
0.519570616846336
0.5195442308695414
0.5195177368705776
0.5194911343339711
0.5194644227417982
0.5194376015736757
0.5194106703067543
0.5193836284157084
0.5193564753727309
0.5193292106475225
0.5193018337072852
0.5192743440167146
0.5192467410379904
0.519219024230771
0.5191911930521838
0.519163246956818
0.5191351853967179
0.5191070078213731
0.5190787136777135
0.5190503024101001
0.519021773460318
0.5189931262675694
0.5189643602684656
0.5189354748970201
0.5189064695846413
0.5188773437601257
0.51884809684965
0.5188187282767653
0.5187892374623885
0.5187596238247973
0.5187298867796218
0.518700025739839
0.518670040115765
0.5186399293150495
0.5186096927426688
0.5185793298009189
0.5185488398894101
0.5185182224050604
0.5184874767420887
0.5184566022920097
0.5184255984436277
0.5183944645830296
0.5183632000935806
0.518331804355918
0.5183002767479447
0.5182686166448252
0.5182368234189789
0.5182048964400755
0.5181728350750296
0.5181406386879955
0.518108306640362
0.5180758382907482
0.5180432329949982
0.5180104901061764
0.5179776089745635
0.5179445889476509
0.5179114293701385
0.5178781295839275
0.5178446889281196
0.5178111067390108
0.5177773823500883
0.5177435150920271
0.5177095042926858
0.5176753492771046
0.5176410493674996
0.5176066038832623
0.5175720121409553
0.517537273454309
0.5175023871342204
0.5174673524887488
0.5174321688231152
0.5173968354396985
0.5173613516380346
0.5173257167148135
0.5172899299638786
0.5172539906762241
0.5172178981399942
0.5171816516404815
0.5171452504601264
0.5171086938785154
0.5170719811723811
0.5170351116156013
0.5169980844791986
0.5169608990313405
0.5169235545373385
0.5168860502596497
0.5168483854578757
0.5168105593887643
0.5167725713062097
0.5167344204612535
0.5166961061020855
0.516657627474046
0.5166189838196262
0.516580174378471
0.5165411983873807
0.5165020550803124
0.5164627436883832
0.5164232634398728
0.516383613560226
0.516343793272056
0.5163038017951477
0.5162636383464609
0.5162233021401346
0.5161827923874901
0.5161421082970366
0.5161012490744742
0.5160602139226994
0.5160190020418101
0.5159776126291099
0.5159360448791152
0.5158942979835592
0.5158523711313986
0.51581026350882
0.5157679742992457
0.515725502683341
0.5156828478390214
0.5156400089414586
0.5155969851630893
0.5155537756736227
0.5155103796400482
0.5154667962266442
0.5154230245949858
0.5153790639039554
0.5153349133097499
0.5152905719658917
0.5152460390232378
0.5152013136299898
0.5151563949317044
0.5151112820713043
0.5150659741890886
0.5150204704227441
0.5149747699073578
0.5149288717754272
0.5148827751568736
0.5148364791790543
0.5147899829667753
0.5147432856423041
0.5146963863253837
0.5146492841332456
0.5146019781806247
0.5145544675797732
0.5145067514404749
0.514458828870061
0.514410698973425
0.5143623608530381
0.514313813608966
0.5142650563388844
0.5142160881380965
0.5141669080995491
0.5141175153138505
0.5140679088692882
0.5140180878518471
0.5139680513452267
0.5139177984308617
0.5138673281879393
0.5138166396934202
0.5137657320220564
0.5137146042464137
0.51366325543689
0.5136116846617375
0.5135598909870829
0.5135078734769498
0.5134556311932803
0.5134031631959568
0.5133504685428252
0.513297546289717
0.5132443954904738
0.51319101519697
0.5131374044591372
0.5130835623249886
0.5130294878406436
0.5129751800503533
0.512920637996525
0.5128658607197496
0.5128108472588262
0.51275559665079
0.5127001079309377
0.5126443801328565
0.5125884122884506
0.5125322034279697
0.5124757525800367
0.5124190587716776
0.5123621210283495
0.5123049383739703
0.5122475098309495
0.5121898344202164
0.5121319111612527
0.5120737390721218
0.5120153171695014
0.5119566444687138
0.5118977199837588
0.5118385427273449
0.5117791117109237
0.5117194259447215
0.5116594844377726
0.5115992861979537
0.5115388302320181
0.5114781155456286
0.5114171411433945
0.5113559060289042
0.5112944092047625
0.5112326496726254
0.5111706264332363
0.5111083384864623
0.5110457848313313
0.5109829644660688
0.5109198763881349
0.5108565195942625
0.5107928930804946
0.5107289958422239
0.5106648268742295
0.5106003851707176
0.5105356697253597
0.510470679531332
0.5104054135813554
0.5103398708677365
0.510274050382406
0.5102079511169614
0.5101415720627064
0.5100749122106927
0.5100079705517613
0.5099407460765847
0.5098732377757078
0.5098054446395913
0.5097373656586535
0.5096689998233133
0.5096003461240324
0.5095314035513596
0.5094621710959739
0.5093926477487271
0.5093228325006892
0.5092527243431915
0.5091823222678706
0.5091116252667138
0.5090406323321033
0.5089693424568607
0.5088977546342921
0.5088258678582341
0.5087536811230978
0.5086811934239159
0.508608403756386
0.50853531111692
0.5084619145026859
0.5083882129116569
0.5083142053426568
0.5082398907954058
0.5081652682705671
0.508090336769794
0.5080150952957758
0.507939542852285
0.5078636784442243
0.5077875010776725
0.5077110097599324
0.5076342034995778
0.5075570813064998
0.5074796421919542
0.5074018851686093
0.5073238092505921
0.507245413453536
0.5071666967946279
0.5070876582926552
0.507008296968053
0.5069286118429519
0.5068486019412239
0.5067682662885307
0.5066876039123699
0.506606613842123
0.5065252951091009
0.506443646746592
0.5063616677899091
0.5062793572764346
0.5061967142456695
0.5061137377392776
0.5060304268011334
0.5059467804773679
0.5058627978164152
0.5057784778690577
0.505693819688473
0.5056088223302792
0.5055234848525797
0.5054378063160105
0.5053517857837839
0.5052654223217339
0.5051787149983612
0.5050916628848783
0.505004265055253
0.5049165205862536
0.5048284285574921
0.5047399880514686
0.5046511981536144
0.5045620579523356
0.5044725665390557
0.5043827230082593
0.5042925264575329
0.5042019759876087
0.5041110707024062
0.5040198097090727
0.5039281921180256
0.5038362170429938
0.5037438836010568
0.5036511909126868
0.5035581381017874
0.5034647242957341
0.5033709486254128
0.5032768102252596
0.5031823082332992
0.5030874417911825
0.5029922100442253
0.5028966121414455
0.5028006472356001
0.5027043144832216
0.5026076130446555
0.5025105420840945
0.5024131007696159
0.5023152882732153
0.5022171037708418
0.5021185464424326
0.502019615471946
0.5019203100473959
0.5018206293608842
0.5017205726086338
0.5016201389910195
0.5015193277126018
0.5014181379821563
0.5013165690127056
0.501214620021549
0.5011122902302935
0.5010095788648816
0.5009064851556222
0.5008030083372175
0.5006991476487926
0.500594902333922
0.5004902716406574
0.5003852548215546
0.5002798511336994
0.5001740598387336
0.5000678802028807
0.4999613114969702
0.4998543529964632
0.49974700398147476
0.4996392637367995
0.49953113155193307
0.49942260672109606
0.4993136885432555
0.49920437632214687
0.4990946693662959
0.498984566989039
0.49887406850854443
0.4987631732478313
0.49865188053479087
0.4985401897022044
0.4984281000877627
0.49831561103408456
0.49820272188873466
0.4980894320042415
0.4979757407381144
0.49786164745286043
0.49774715151600124
0.4976322523000889
0.49751694918272193
0.4974012415465603
0.4972851287793415
0.49716861027389414
0.49705168542815326
0.4969343536451738
0.49681661433314517
0.49669846690540365
0.49657991078044716
0.4964609453819464
0.49634157013875896
0.4962217844849408
0.4961015878597588
0.4959809797077026
0.4958599594784961
0.49573852662710893
0.49561668061376785
0.4954944209039676
0.49537174696848163
0.49524865828337306
0.495125154330005
0.4950012345950507
0.4948768985705039
0.4947521457536891
0.4946269756472711
0.4945013877592655
0.4943753816030475
0.4942489566973623
0.49412211256633465
0.49399484873947813
0.4938671647517047
0.4937390601433349
0.49361053446010617
0.49348158725318325
0.4933522180791674
0.49322242650010606
0.49309221208350196
0.49296157440232374
0.492830513035015
0.49269902756550377
0.4925671175832136
0.49243478268307217
0.4923020224655228
0.492168836536534
0.49203522450761
0.4919011859958015
0.4917667206237172
0.49163182801953276
0.49149650781700516
0.4913607596554814
0.4912245831799117
0.491087978040861
0.4909509438945219
0.4908134804027262
0.49067558723295857
0.49053726405836906
0.49039851055778777
0.49025932641573694
0.490119711322447
0.48997966497387013
0.48983918707169466
0.48969827732336213
0.4895569354420817
0.48941516114684636
0.4892729541624507
0.48913031421950665
0.4889872410544617
0.4888437344096166
0.48869979403314434
0.48855541967910865
0.48841061110748346
0.48826536808417337
0.48811969038103364
0.48797357777589173
0.4878270300525683
0.4876800470009004
0.4875326284167626
0.4873847741020926
0.48723648386491264
0.487087757519356
0.4869385948856911
0.48678899579034723
0.4866389600659413
0.486488487551305
0.48633757809151135
0.4861862315379044
0.486034447748127
0.4858822265861511
0.4857295679223074
0.485576471633317
0.48542293760232225
0.48526896571891937
0.4851145558791917
0.48495970798574256
0.48480442194773044
0.48464869768090363
0.48449253510763596
0.4843359341569633
0.48417889476462084
0.4840214168730806
0.4838635004315909
0.4837051453962142
0.48354635172986876
0.48338711940236795
0.48322744839046283
0.48306733867788343
0.48290679025538236
0.48274580312077753
0.4825843772789978
0.48242251274212655
0.4822602095294478
0.4820974676674942
0.48193428719009135
0.4817706681384084
0.48160661056100457
0.48144211451387986
0.4812771800605238
0.481111807271967
0.480945996226832
0.48077974701138526
0.48061305971958984
0.4804459344531589
0.48027837132160933
0.4801103704423165
0.4799419319405699
0.4797730559496284
0.4796037426107772
0.47943399207338494
0.479263804494961
0.4790931800412145
0.47892211888611275
0.4787506212119413
0.47857868720936314
0.4784063170774804
0.47823351102389455
0.4780602692647691
0.47788659202489076
0.47771247953773344
0.4775379320455204
0.47736294979928884
0.47718753305895345
0.47701168209337164
0.47683539718040835
0.47665867860700173
0.4764815266692292
0.47630394167237405
0.4761259239309914
0.47594747376897617
0.4757685915196306
0.4755892775257313
0.4754095321395986
0.4752293557231638
0.4750487486480388
0.4748677112955856
0.47468624405698406
0.47450434733330255
0.4743220215355683
0.4741392670848358
0.4739560844122586
0.4737724739591581
0.47358843617709595
0.4734039715279427
0.47321908048395017
0.4730337635278211
0.47284802115278124
0.47266185386264886
0.47247526217190755
0.47228824660577556
0.47210080770027796
0.47191294600231715
0.4717246620697441
0.47153595647142893
0.4713468297873318
0.4711572826085736
0.47096731553750687
0.47077692918778585
0.47058612418443674
0.4703949011639276
0.470203260774239
0.47001120367493243
0.4698187305372207
0.46962584204403596
0.46943253889009956
0.4692388217819898
0.46904469143821004
0.4688501485892568
0.4686551939776865
0.4684598283581833
0.46826405249762404
0.46806786717514604
0.46787127318221133
0.4676742713226721
0.46747686241283537
0.46727904728152697
0.4670808267701542
0.4668822017327695
0.46668317303613227
0.4664837415597702
0.4662839081960402
0.4660836738501889
0.46588303944041165
0.4656820058979114
0.46548057416695693
0.4652787452049395
0.46507651998243005
0.4648738994832338
0.46467088470444534
0.46446747665650306
0.46426367636324134
0.46405948486194293
0.4638549032033899
0.4636499324519141
0.4634445736854461
0.4632388279955628
0.463032696487536
0.46282618028037736
0.46261928050688345
0.46241199831368035
0.46220433486126566
0.4619962913240512
0.4617878688904025
0.46157906876267907
0.4613698921572714
0.46116034030463976
0.46095041444934787
0.4607401158500989
0.4605294457797679
0.4603184055254339
0.4601069963884104
0.4598952196842746
0.4596830767428955
0.4594705689084599
0.4592576975394982
0.4590444640089076
0.4588308697039743
0.4586169160263946
0.45840260439229397
0.458187936232245
0.45797291299128423
0.45775753612892595
0.45754180711917625
0.4573257274505443
0.4571092986260533
0.4568925221632476
0.4566753995942011
0.45645793246552213
0.4562401223383562
0.45602197078838946
0.4558034794058483
0.4555846497954979
0.4553654835766399
0.4551459823831071
0.4549261478632571
0.45470598167996407
0.4544854855106092
0.4542646610470687
0.4540435099957003
0.4538220340773283
0.45360023502722596
0.45337811459509725
0.45315567454505573
0.45293291665560215
0.45270984271960035
0.45248645454425046
0.4522627539510619
0.452038742775822
0.45181442286856566
0.4515897960935401
0.45136486432917106
0.45113962946802383
0.45091409341676464
0.45068825809611907
0.45046212544082875
0.4502356973996069
0.4500089759350902
0.4497819630237905
0.44955466065604394
0.44932707083595735
0.4490991955813548
0.44887103692371927
0.44864259690813457
0.4484138775932255
0.4481848810510938
0.44795560936725454
0.44772606464056963
0.4474962489831784
0.4472661645204287
0.4470358133908035
0.44680519774584626
0.4465743197500858
0.44634318158095765
0.446111785428723
0.44588013349638833
0.44564822799962
0.44541607116665877
0.4451836652382324
0.44495101246746505
0.4447181151197862
0.4444849754728374
0.4442515958163754
0.4440179784521764
0.443784125693936
0.44355003986716807
0.44331572330910174
0.44308117836857713
0.4428464074059381
0.44261141279292415
0.44237619691255925
0.4421407621590412
0.4419051109376266
0.44166924566451504
0.44143316876673233
0.44119688268201085
0.4409603898586689
0.4407236927554874
0.44048679384158584
0.44024969559629673
0.44001240050903656
0.4397749110791771
0.4395372298159146
0.43929935923813657
0.4390613018742874
0.4388230602622324
0.4385846369491209
0.43834603449124654
0.43810725545390655
0.4378683024112606
0.4376291779461859
0.43738988465013295
0.4371504251229791
0.4369108019728798
0.4366710178161203
0.43643107527696345
0.43619097698749915
0.43595072558748993
0.43571032372421636
0.43546977405232107
0.4352290792336515
0.43498824193710084
0.43474726483844917
0.4345061506202016
0.43426490197142625
0.43402352158759167
0.4337820121704017
0.43354037642763005
0.4332986170729545
0.4330567368257885
0.43281473841111284
0.43257262455930656
0.43233039800597584
0.4320880614917832
0.4318456177622748
0.43160306956770744
0.43136041966287453
0.4311176708069316
0.43087482576322056
0.4306318872990935
0.43038885818573536
0.4301457411979874
0.4299025391141674
0.4296592547158915
0.42941589078789544
0.429172450117853
0.4289289354961965
0.4286853497159354
0.42844169557247497
0.4281979758634344
0.42795419338846363
0.42771035094906207
0.42746645134839434
0.4272224973911077
0.4269784918831476
0.4267344376315756
0.4264903374443827
0.42624619413030745
0.4260020104986513
0.42575778935909203
0.42551353352150223
0.4252692457957628
0.42502492899157884
0.4247805859182952
0.4245362193847122
0.42429183219890043
0.42404742716801747
0.4238030070981234
0.42355857479399645
0.4233141330589494
0.4230696846946468
0.4228252325009207
0.42258077927558857
0.4223363278142701
0.4220918809102059
0.4218474413540745
0.42160301193381206
0.42135859543443077
0.42111419463783945
0.42086981232266185
0.42062545126405937
0.4203811142335512
0.42013680399883624
0.41989252332361615
0.41964827496741813
0.4194040616854189
0.4191598862282692
0.41891575134191983
0.418671659767447
0.4184276142408798
0.4181836174930282
0.4179396722493109
0.4176957812295865
0.41745194714798234
0.4172081727127272
0.41696446062598314
0.4167208135836793
0.41647723427534605
0.41623372538395126
0.415990289585736
0.41574692955005293
0.4155036479392047
0.4152604474082848
0.4150173306050178
0.41477430016960193
0.41453135873455327
0.4142885089245501
0.4140457533562795
0.41380309463828313
0.4135605353708087
0.4133180781456578
0.41307572554603816
0.41283348014641574
0.4125913445123699
0.4123493212004481
0.41210741275802354
0.41186562172315233
0.41162395062443535
0.41138240198087783
0.41114097830175284
0.41089968208646566
0.41065851582441937
0.41041748199488326
0.41017658306686045
0.4099358214989592
0.4096951997392652
0.4094547202252149
0.40921438538347066
0.4089741976297985
0.40873415936894614
0.40849427299452357
0.40825454088888413
0.40801496542300997
0.40777554895639534
0.40753629383693474
0.40729720240081135
0.407058276972387
0.40681951986409526
0.4065809333763342
0.4063425197973631
0.4061042814031983
0.4058662204575142
0.4056283392115422
0.4053906399039753
0.40515312476087023
0.4049157959955557
0.4046786558085393
0.4044417063874171
0.4042049499067858
0.40396838852815575
0.4037320243998661
0.4034958596570015
0.4032598964213115
0.4030241368011299
0.4027885828912987
0.4025532367730905
0.40231810051413625
0.40208317616835104
0.4018484657758654
0.4016139713629558
0.40137969494197817
0.40114563851130197
0.400911804055249
0.40067819354402967
0.4004448089336848
0.4002116521660274
0.39997872516858685
0.3997460298545546
0.3995135681227312
0.39928134185747644
0.39904935292865973
0.3988176031916135
0.39858609448708804
0.3983548286412071
0.39812380746542675
0.3978930327564944
0.39766250629641203
0.39743222985239796
0.39720220517685273
0.39697243400732574
0.3967429180664842
0.3965136590620825
0.3962846586869352
0.3960559186188896
0.39582744052080193
0.39559922604051395
0.395371276810831
0.3951435944495034
0.39491618055920796
0.39468903672753075
0.3944621645269528
0.3942355655148378
0.3940092412334187
0.39378319320978855
0.39355742295589247
0.39333193196852
0.3931067217292996
0.3928817937046954
0.3926571493460047
0.39243279008935705
0.39220871735571505
0.3919849325508761
0.3917614370654765
0.39153823227499673
0.39131531953976756
0.391092700204978
0.39087037560068505
0.3906483470418246
0.39042661582822297
0.3902051832446113
0.38998405056063945
0.38976321903089395
0.38954268989491386
0.3893224643772107
0.389102543687288
0.38888292901966404
0.3886636215538936
0.388444622454592
0.3882259328714611
0.38800755393931535
0.38778948677810965
0.3875717324929684
0.3873542921742155
0.38713716689740574
0.38692035772335687
0.3867038656981839
0.3864876918533333
0.38627183720561914
0.38605630275725944
0.38584108949591467
0.38562619839472656
0.38541163041235815
0.385197386493035
0.38498346756658725
0.3847698745484929
0.3845566083399212
0.38434366982777857
0.38413105988475393
0.38391877936936586
0.3837068291260107
0.3834952099850108
0.3832839227626644
0.3830729682612956
0.382862347269307
0.3826520605612301
0.3824421088977793
0.3822324930259059
0.3820232136788519
0.38181427157620573
0.3816056674239583
0.38139740191456023
0.38118947572697837
0.380981889526755
0.38077464396606653
0.38056773968378327
0.380361177305529
0.380154957443743
0.37994908069774114
0.37974354765377716
0.37953835888510756
0.37933351495205303
0.3791290164020636
0.3789248637697819
0.37872105757710983
0.37851759833327303
0.3783144865348875
0.37811172266602555
0.3779093071982841
0.3777072405908507
0.37750552329057274
0.3773041557320256
0.377103138337581
0.3769024715174775
0.37670215566988874
0.3765021911809947
0.376302578425051
0.3761033177644618
0.37590440954984844
0.3757058541201226
0.37550765180255763
0.3753098029128609
0.37511230775524584
0.37491516662250507
0.3747183797960833
0.3745219475461502
0.37432587013167473
0.37413014780049775
0.3739347807894074
0.37373976932421155
0.3735451136198136
0.37335081388028646
0.37315687029894673
0.3729632830584312
0.37277005233077
0.3725771782774629
0.37238466104955437
0.37219250078770877
0.37200069762228605
0.37180925167341805
0.37161816305108275
0.37142743185518134
0.37123705817561325
0.3710470420923532
0.37085738367552573
0.3706680829854817
0.37047914007287497
0.37029055497873775
0.37010232773455737
0.3699144583623505
0.3697269468747418
0.3695397932750378
0.36935299755730405
0.3691665597064405
0.36898047969825776
0.3687947574995526
0.3686093930681841
0.3684243863531487
0.3682397372946571
0.36805544582420796
0.3678715118646649
0.36768793533033145
0.36750471612702545
0.36732185415215535
0.3671393492947945
0.36695720143575605
0.36677541044766765
0.36659397619504624
0.3664128985343719
0.36623217731416324
0.3660518123750499
0.3658718035498474
0.3656921506636308
0.36551285353380847
0.36533391197019405
0.3651553257750819
0.3649770947433175
0.3647992186623719
0.3646216973124137
0.36444453046638153
0.36426771789005546
0.3640912593421288
0.36391515457428125
0.36373940333124843
0.36356400535089317
0.36338896036427765
0.36321426809573265
0.3630399282629282
0.36286594057694377
0.3626923047423386
0.3625190204572193
0.3623460874133116
0.3621735052960274
0.36200127378453445
0.36182939255182345
0.361657861264778
0.36148667958424063
0.36131584716508125
0.36114536365626354
0.3609752287009129
0.36080544193638153
0.360636002994316
0.3604669115007224
0.36029816707603135
0.36012976933516516
0.3599617178876004
0.3597940123374343
0.35962665228344803
0.35945963731917085
0.35929296703294367
0.35912664100798247
0.3589606588224409
0.3587950200494733
0.3586297242572963
0.3584647710092509
0.3583001598638643
0.3581358903749102
0.35797196209147086
0.35780837455799686
0.35764512731436626
0.3574822198959463
0.3573196518336509
0.3571574226540008
0.3569955318791818
0.35683397902710334
0.3566727636114555
0.35651188514176774
0.3563513431234651
0.35619113705792593
0.3560312664425371
0.35587173077075135
0.35571252953214194
0.35555366221245877
0.35539512829368314
0.3552369272540813
0.35507905856826005
0.35492152170722036
0.35476431613841003
0.35460744132577726
0.35445089672982294
0.35429468180765417
0.35413879601303494
0.353983238796438
0.3538280096050963
0.3536731078830537
0.3535185330712154
0.3533642846073982
0.3532103619263799
0.3530567644599488
0.35290349163695234
0.35275054288334634
0.35259791762224246
0.35244561527395674
0.3522936352560563
0.3521419769834068
0.3519906398682193
0.3518396233200966
0.3516889267460782
0.35153854955068786
0.3513884911359767
0.3512387509015697
0.3510893282447092
0.35094022256029944
0.35079143324094975
0.35064295967701936
0.3504948012566583
0.35034695736585225
0.35019942738846305
0.35005221070627135
0.34990530669901876
0.3497587147444484
0.3496124342183451
0.3494664644945774
0.34932080494513634
0.3491754549401762
0.34903041384805383
0.34888568103536666
0.34874125586699267
0.3485971377061278
0.34845332591432554
0.3483098198515321
0.3481666188761262
0.3480237223449545
0.3478811296133687
0.3477388400352619
0.34759685296310483
0.3474551677479809
0.3473137837396215
0.34717270028644154
0.34703191673557354
0.3468914324329016
0.3467512467230964
0.3466113589496479
0.34647176845489863
0.34633247458007743
0.34619347666533085
0.3460547740497569
0.3459163660714354
0.34577825206746104
0.345640431373974
0.3455029033261913
0.34536566725843715
0.3452287225041736
0.34509206839603035
0.34495570426583483
0.34481962944464145
0.3446838432627612
0.34454834504978915
0.34441313413463537
0.34427820984555
0.3441435715101544
0.3440092184554667
0.3438751500079295
0.34374136549343776
0.3436078642373641
0.34347464556458684
0.3433417087995153
0.3432090532661153
0.3430766782879354
0.34294458318813276
0.34281276728949667
0.3426812299144742
0.3425499703851948
0.34241898802349413
0.3422882821509378
0.3421578520888457
0.34202769715831477
0.34189781668024216
0.3417682099753484
0.3416388763641993
0.34150981516722917
0.34138102570476175
0.3412525072970335
0.3411242592642133
0.3409962809264251
0.34086857160376816
0.34074113061633826
0.3406139572842477
0.3404870509276462
0.3403604108667402
0.3402340364218134
0.3401079269132452
0.3399820816615308
0.33985649998730044
0.33973118121133683
0.3396061246545953
0.33948132963822114
0.33935679548356806
0.3392325215122155
0.33910850704598733
0.33898475140696793
0.3388612539175201
0.33873801390030195
0.3386150306782835
0.33849230357476306
0.33836983191338404
0.3382476150181496
0.3381256522134408
0.3380039428240297
0.3378824861750963
0.3377612815922437
0.33764032840151215
0.337519625929395
0.33739917350285237
0.33727897044932575
0.33715901609675253
0.3370393097735794
0.33691985080877696
0.3368006385318519
0.33668167227286183
0.33656295136242736
0.3364444751317459
0.3363262429126041
0.33620825403739024
0.3360905078391068
0.33597300365138294
0.33585574080848624
0.33573871864533483
0.33562193649750854
0.3355053937012611
0.3353890895935312
0.3352730235119531
0.33515719479486844
0.33504160278133677
0.3349262468111456
0.3348111262248219
0.3346962403636414
0.3345815885696392
0.33446717018561967
0.33435298455516665
0.33423903102265173
0.3341253089332454
0.3340118176329255
0.33389855646848626
0.3337855247875472
0.3336727219385631
0.3335601472708308
0.3334478001344997
0.3333356798805788
0.3332237858609452
0.3331121174283527
0.3330006739364389
0.3328894547397338
0.3327784591936667
0.3326676866545747
0.33255713647970886
0.3324468080272426
0.33233670065627735
0.3322268137268513
0.33211714659994457
0.3320076986374867
0.3318984692023634
0.331789457658422
0.33168066337047925
0.3315720857043255
0.3314637240267324
0.3313555777054584
0.33124764610925383
0.3311399286078672
0.3310324245720504
0.3309251333735648
0.33081805438518513
0.3307111869807061
0.33060453053494665
0.33049808442375495
0.33039184802401345
0.33028582071364315
0.3301800018716089
0.33007439087792323
0.3299689871136511
0.32986378996091337
0.32975879880289194
0.32965401302383357
0.3295494320090533
0.3294450551449388
0.3293408818189534
0.32923691141964084
0.32913314333662747
0.3290295769606265
0.32892621168344166
0.3288230468979687
0.3287200819982005
0.32861731637922914
0.3285147494372487
0.3284123805695582
0.32831020917456466
0.3282082346517854
0.32810645640185077
0.3280048738265061
0.32790348632861505
0.32780229331216115
0.3277012941822496
0.3276004883451106
0.3274998752080999
0.32739945417970295
0.3272992246695335
0.3271991860883383
0.32709933784799705
0.32699967936152513
0.32690021004307435
0.32680092930793386
0.3267018365725336
0.326602931254443
0.32650421277237396
0.3264056805461812
0.32630733399686396
0.3262091725465658
0.32611119561857693
0.3260134026373339
0.325915793028421
0.32581836621857063
0.32572112163566413
0.32562405870873184
0.3255271768679547
0.3254304755446631
0.3253339541713384
0.32523761218161285
0.3251414490102697
0.32504546409324353
0.32494965686761973
0.3248540267716359
0.32475857324467977
0.3246632957272911
0.32456819366115996
0.32447326648912783
0.324378513655186
0.3242839346044762
0.3241895287832894
0.32409529563906625
0.324001234620396
0.32390734517701536
0.32381362675980924
0.32372007882080883
0.32362670081319156
0.3235334921912798
0.3234404524105402
0.32334758092758287
0.32325487720016066
0.32316234068716715
0.323069970848637
0.3229777671457436
0.3228857290407985
0.3227938559972499
0.32270214747968223
0.32261060295381333
0.3225192218864944
0.32242800374570774
0.32233694800056617
0.32224605412131063
0.3221553215793092
0.32206474984705524
0.32197433839816575
0.3218840867073799
0.3217939942505571
0.3217040605046755
0.3216142849478293
0.32152466705922844
0.3214352063191956
0.32134590220916426
0.32125675421167676
0.3211677618103832
0.3210789244900382
0.32099024173649926
0.3209017130367248
0.32081333787877186
0.32072511575179363
0.3206370461460376
0.3205491285528433
0.32046136246463924
0.32037374737494173
0.3202862827783514
0.32019896817055143
0.32011180304830517
0.3200247869094526
0.3199379192529094
0.31985119957866304
0.31976462738777056
0.31967820218235665
0.31959192346561016
0.31950579074178154
0.3194198035161802
0.3193339612951718
0.31924826358617575
0.3191627098976616
0.3190772997391471
0.318992032621195
0.3189069080554091
0.31882192555443356
0.31873708463194744
0.31865238480266384
0.31856782558232516
0.3184834064877014
0.3183991270365861
0.31831498674779396
0.3182309851411568
0.31814712173752147
0.31806339605874623
0.3179798076276972
0.3178963559682452
0.31781304060526316
0.3177298610646221
0.3176468168731881
0.31756390755881847
0.31748113265035965
0.31739849167764256
0.31731598417147944
0.317233609663661
0.3171513676869523
0.31706925777508954
0.31698727946277644
0.31690543228568124
0.31682371578043256
0.3167421294846155
0.3166606729367687
0.31657934567638135
0.3164981472438877
0.3164170771806649
0.31633613502902874
0.3162553203322303
0.3161746326344517
0.3160940714808028
0.3160136364173171
0.31593332699094845
0.31585314274956655
0.31577308324195363
0.3156931480178007
0.31561333662770297
0.3155336486231567
0.31545408355655513
0.3153746409811841
0.31529532045121933
0.31521612152172007
0.31513704374862794
0.31505808668876156
0.3149792498998115
0.3149005329403386
0.31482193536976766
0.3147434567483855
0.3146650966373344
0.31458685459861035
0.3145087301950572
0.3144307229903637
0.3143528325490585
0.3142750584365064
0.3141974002189043
0.31411985746327653
0.314042429737471
0.31396511661015425
0.3138879176508086
0.31381083242972607
0.31373386051800606
0.31365700148754894
0.3135802549110535
0.3135036203620116
0.3134270974147039
0.3133506856441961
0.3132743846263336
0.31319819393773773
0.31312211315580163
0.3130461418586844
0.3129702796253089
0.3128945260353546
0.31281888066925534
0.31274334310819374
0.3126679129340969
0.31259258972963133
0.3125173730781997
0.3124422625639351
0.3123672577716965
0.3122923582870649
0.31221756369633824
0.31214287358652654
0.3120682875453479
0.31199380516122294
0.31191942602327116
0.31184514972130556
0.3117709758458279
0.31169690398802413
0.31162293373976
0.31154906469357585
0.31147529644268196
0.3114016285809536
0.31132806070292673
0.3112545924037924
0.31118122327939285
0.31110795292621585
0.31103478094139014
0.310961706922681
0.3108887304684844
0.31081585117782307
0.31074306865034035
0.31067038248629675
0.31059779228656414
0.3105252976526206
0.3104528981865459
0.3103805934910162
0.310308383169299
0.3102362668252485
0.3101642440633001
0.3100923144884659
0.31002047770632857
0.30994873332303685
0.3098770809453013
0.30980552018038754
0.309734050636112
0.30966267192083713
0.3095913836434651
0.3095201854134334
0.30944907684070966
0.30937805753578596
0.3093071271096738
0.3092362851738989
0.3091655313404957
0.30909486522200247
0.3090242864314552
0.30895379458238326
0.3088833892888033
0.3088130701652144
0.3087428368265919
0.30867268888838273
0.3086026259664999
0.3085326476773165
0.30846275363766085
0.3083929434648109
0.30832321677648833
0.3082535731908532
0.30818401232649895
0.3081145338024459
0.3080451372381367
0.3079758222534296
0.30790658846859387
0.3078374355043034
0.3077683629816313
0.3076993705220449
0.30763045774739856
0.30756162427992917
0.3074928697422503
0.3074241937573458
0.3073555959485645
0.3072870759396146
0.30721863335455707
0.30715026781780047
0.30708197895409517
0.30701376638852684
0.30694562974651085
0.3068775686537869
0.3068095827364116
0.3067416716207545
0.3066738349334902
0.30660607230159337
0.30653838335233263
0.3064707677132641
0.3064032250122254
0.3063357548773302
0.3062683569369608
0.3062010308197634
0.3061337761546405
0.3060665925707454
0.30599947969747693
0.3059324371644709
0.30586546460159547
0.30579856163894487
0.3057317279068321
0.30566496303578333
0.305598266656531
0.3055316384000078
0.30546507789734006
0.3053985847798412
0.3053321586790052
0.3052657992264999
0.30519950605416124
0.30513327879398533
0.30506711707812323
0.30500102053887357
0.304934988808675
0.30486902152010165
0.3048031183058544
0.30473727879875445
0.30467150263173803
0.30460578943784744
0.30454013885022546
0.30447455050210825
0.3044090240268181
0.3043435590577567
0.304278155228398
0.3042128121722816
0.3041475295230048
0.3040823069142165
0.3040171439796092
0.30395204035291273
0.30388699566788585
0.30382200955830996
0.30375708165798193
0.3036922116007058
0.30362739902028624
0.30356264355052076
0.30349794482519254
0.3034333024780632
0.3033687161428641
0.3033041854532903
0.3032397100429921
0.3031752895455674
0.30311092359455455
0.30304661182342424
0.3029823538655715
0.3029181493543086
0.30285399792285683
0.30278989920433846
0.30272585283176856
0.3026618584380488
0.30259791565595645
0.3025340241181389
0.30247018345710486
0.30240639330521485
0.3023426532946753
0.30227896305752816
0.30221532222564423
0.30215173043071464
0.3020881873042405
0.30202469247752717
0.301961245581674
0.30189784624756655
0.3018344941058677
0.30177118878700904
0.3017079299211827
0.30164471713833163
0.3015815500681417
0.30151842834003206
0.30145535158314685
0.30139231942634626
0.30132933149819674
0.30126638742696277
0.3012034868405979
0.3011406293667343
0.30107781463267447
0.3010150422653825
0.30095231189147265
0.3008896231372025
0.30082697562846145
0.3007643689907623
0.30070180284923087
0.30063927682859704
0.30057679055318437
0.3005143436469011
0.30045193573322915
0.3003895664352155
0.3003272353754608
0.3002649421761103
0.30020268645884385
0.30014046784486403
0.30007828595488856
0.3000161404091374
0.29995403082732397
0.2998919568286436
0.2998299180317638
0.2997679140548133
0.2997059445153704
0.2996440090304545
0.29958210721651285
0.2995202386894106
0.2994584030644196
0.2993965999562078
0.29933482897882724
0.2992730897457034
0.29921138186962365
0.2991497049627253
0.29908805863648524
0.29902644250170723
0.2989648561685105
0.29890329924631853
0.2988417713438462
0.29878027206908875
0.2987188010293095
0.2986573578310263
0.29859594208000223
0.2985345533812302
0.298473191338923
0.29841185555649874
0.29835054563656926
0.2982892611809278
0.2982280017905352
0.29816676706550815
0.2981055566051044
0.2980443700077112
0.2979832068708322
0.29792206679107214
0.29786094936412577
0.2977998541847633
0.2977387808468162
0.2976777289431643
0.29761669806572155
0.2975556878054216
0.2974946977522047
0.29743372749500246
0.29737277662172407
0.297311844719242
0.29725093137337644
0.2971900361688822
0.2971291586894318
0.2970682985176027
0.2970074552348607
0.2969466284215454
0.2968858176568545
0.29682502251882836
0.29676424258433504
0.2967034774290539
0.29664272662745966
0.2965819897528071
0.2965212663771139
0.29646055607114563
0.29639985840439803
0.2963391729450813
0.2962784992601033
0.29621783691505194
0.29615718547417924
0.29609654450038375
0.29603591355519276
0.2959752921987453
0.2959146799897748
0.2958540764855907
0.29579348124206095
0.2957328938135932
0.2956723137531179
0.2956117406120681
0.2955511739403631
0.29549061328638676
0.29543005819697143
0.29536950821737745
0.29530896289127284
0.29524842176071664
0.29518788436613663
0.2951273502463108
0.29506681893834663
0.29500628997766193
0.2949457628979633
0.2948852372312263
0.2948247125076747
0.2947641882557588
0.2947036640021347
0.29464313927164354
0.294582613587289
0.29452208647021577
0.29446155743968794
0.2944010260130665
0.29434049170578686
0.2942799540313366
0.29421941250123224
0.2941588666249964
0.2940983159101346
0.29403775986211134
0.29397719798432714
0.2939166297780934
0.2938560547426099
0.29379547237493814
0.2937348821699787
0.29367428362044534
0.29361367621684
0.2935530594474275
0.29349243279820947
0.29343179575289907
0.2933711477928939
0.2933104883972509
0.2932498170426584
0.2931891332034098
0.2931284363513761
0.2930677259559784
0.29300700148416015
0.29294626240035937
0.2928855081664794
0.29282473824186167
0.2927639520832553
0.29270314914478884
0.2926423288779402
0.2925814907315074
0.29252063415157753
0.29245975858149753
0.2923988634618422
0.2923379482303843
0.29227701232206166
0.2922160551689469
0.292155076200215
0.29209407484211014
0.29203305051791406
0.2919720026479125
0.2919109306493613
0.2918498339364536
0.2917887119202852
0.29172756400882016
0.29166638960685554
0.2916051881159878
0.2915439589345746
0.2914827014577012
0.29142141507714336
0.29136009918132993
0.29129875315530673
0.29123737638069885
0.29117596823567177
0.29111452809489474
0.2910530553295007
0.2909915493070482
0.2909300093914801
0.290868434943086
0.29080682531846
0.2907451798704609
0.2906834979481697
0.2906217788968497
0.29056002205790277
0.290498226768827
0.29043639236317437
0.2903745181705064
0.2903126035163501
0.29025064772215425
0.2901886501052435
0.2901266099787728
0.29006452665168303
0.2900023994286519
0.2899402276100493
0.2898780104918879
0.2898157473657767
0.28975343751887145
0.289691080233825
0.28962867478874
0.2895662204571152
0.2895037165077981
0.2894411622049305
0.28937855680789976
0.28931589957128323
0.28925318974479786
0.2891904265732439
0.2891276092964527
0.2890647371492316
0.2890018093613071
0.28893882515726976
0.2888757837565174
0.28881268437319785
0.2887495262161503
0.28868630848884713
0.2886230303893342
0.28855969111017127
0.2884962898383707
0.288432825755337
0.28836929803680406
0.28830570585277127
0.2882420483674431
0.2881783247391618
0.28811453412034416
0.28805067565741477
0.2879867484907407
0.28792275175456333
0.2878586845769312
0.28779454607963056
0.28773033537811615
0.28766605158144093
0.28760169379218475
0.2875372611063831
0.28747275261345284
0.2874081673961204
0.287343504530346
0.28727876308524913
0.28721394212303186
0.2871490406989019
0.28708405786099517
0.2870189926502961
0.2869538441005588
0.28688861123822534
0.2868232930823451
0.28675788864449164
0.2866923969286803
0.28662681693128156
0.28656114764093776
0.2864953880384754
0.2864295370968184
0.28636359378089926
0.2862975570475691
0.2862314258455092
0.2861651991151362
0.28609887578851223
0.28603245478925043
0.28596593503241874
0.2858993154244468
0.28583259486302615
0.28576577223701327
0.28569884642633053
0.285631816301866
0.28556468072537017
0.2854974385493556
0.28543008861699043
0.2853626297619951
0.28529506080853484
0.2852273805711121
0.28515958785445855
0.2850916814534235
0.28502366015286307
0.28495552272752794
0.2848872679419481
0.2848188945503181
0.2847504012963803
0.2846817869133065
0.28461305012357835
0.28454418963886696
0.28447520415990957
0.2844060923763871
0.2843368529667975
0.28426748459833007
0.2841979859267376
0.2841283555962053
0.2840585922392215
0.28398869447644326
0.28391866091656304
0.2838484901561739
0.28377818077962974
0.2837077313589084
0.2836371404534701
0.283566406610116
0.2834955283628432
0.28342450423270105
0.28335333272764157
0.2832820123423726
0.2832105415582062
0.2831389188429063
0.28306714265053523
0.2829952114212967
0.2829231235813791
0.28285087754279536
0.282778471703222
0.28270590444583577
0.2826331741391482
0.28256027913683884
0.2824872177775872
0.2824139883848998
0.28234058926694
0.2822670187163512
0.2821932750100806
0.28211935640920166
0.2820452611587305
0.2819709874874461
0.2818965336077037
0.28182189771524757
0.28174707798902265
0.28167207259098265
0.2815968796658969
0.28152149734115534
0.2814459237265682
0.2813701569141694
0.2812941949780116
0.2812180359739627
0.2811416779394991
0.28106511889349606
0.2809883568360164
0.2809113897480963
0.28083421559153077
0.2807568323086524
0.2806792378221121
0.28060143003465626
0.28052340682889876
0.2804451660670946
0.280366705590908
0.2802880232211798
0.2802091167576905
0.2801299839789231
0.2800506226418215
0.2799710304815469
0.2798912052112317
0.2798111445217304
0.27973084608136883
0.27965030753568965
0.2795695265071949
0.2794885005950883
0.27940722737501006
0.2793257043987754
0.2792439291941038
0.27916189926435053
0.2790796120882318
0.2789970651195499
0.27891425578691337
0.278831181493456
0.27874783961655114
0.27866422750752506
0.27858034249136626
0.27849618186643166
0.27841174290415166
0.2783270228487289
0.27824201891683814
0.27815672829731986
0.27807114815087264
0.27798527560974295
0.2778991077774092
0.2778126417282663
0.27772587450730474
0.2776388031297887
0.27755142458092785
0.2774637358155505
0.2773757337577699
0.2772874153006492
0.27719877730586356
0.277109816603359
0.2770205299910069
0.2769309142342575
0.2768409660657888
0.2767506821851533
0.2766600592584215
0.2765690939178207
0.2764777827613746
0.27638612235253446
0.27629410921981334
0.27620173985641133
0.2761090107198422
0.2760159182315548
0.27592245877655197
0.2758286287030062
0.27573442432187323
0.27563984190650176
0.27554487769223934
0.2754495278760383
0.2753537886160548
0.275257656031249
0.27516112620097866
0.27506419516459246
0.2749668589210197
0.2748691134283563
0.2747709546034496
0.2746723783214794
0.2745733804155359
0.27447395667619684
0.27437410285109975
0.27427381464451217
0.2741730877169014
0.2740719176844983
0.27397030011886153
0.27386823054643733
0.2737657044481191
0.2736627172588014
0.2735592643669363
0.2734553411140824
0.2733509427944558
0.273246064654477
0.27314070189231593
0.27303484965743624
0.2729285030501355
0.2728216571210856
0.2727143068708715
0.2726064472495263
0.27249807315606633
0.27238917943802593
0.2722797608909881
0.2721698122581147
0.2720593282296781
0.2719483034425878
0.27183673247991824
0.271724609870437
0.27161193008812806
0.27149868755171924
0.27138487662420596
0.271270491612376
0.27115552676633237
0.27103997627901877
0.2709238342857423
0.2708070948636976
0.2706897520314921
0.27057179974866874
0.27045323191523296
0.270334042371177
0.27021422489600755
0.27009377320827355
0.2699726809650944
0.2698509417616903
0.26972854913091426
0.2696054965427854
0.26948177740402457
0.26935738505759
0.2692323127822195
0.26910655379197057
0.268980101235765
0.2688529481969374
0.26872508769278436
0.2685965126741191
0.26846721602482837
0.2683371905614329
0.26820642903265274
0.2680749241189753
0.26794266843222886
0.2678096545151608
0.26767587484101996
0.26754132181314305
0.26740598776454977
0.26726986495753985
0.26713294558329764
0.26699522176150337
0.2668566855399487
0.2667173288941612
0.26657714372703417
0.26643612186846455
0.2662942550749978
0.2661515350294806
0.26600795334072125
0.2658635015431599
0.2657181710965454
0.2655719533856228
0.26542483971982833
0.26527682133299724
0.2651278893830763
0.2649780349518516
0.2648272490446859
0.2646755225902629
0.2645228464403482
0.26436921136955893
0.2642146080751451
0.2640590271767844
0.2639024592163902
0.2637448946579297
0.2635863238872591
0.2634267372119703
0.2632661248612522
0.2631044769857671
0.2629417836575417
0.2627780348698734
0.2626132205372518
0.2624473304952987
0.26228035450072174
0.2621122822312875
0.2619431032858101
0.2617728071841599
0.2616013833672886
0.26142882119727584
0.2612551099573915
0.2610802388521813
0.26090419700757145
0.2607269734709936
0.260548557211533
0.2603689371200961
0.26018810200960313
0.2600060406152027
0.2598227415945101
0.25963819352786977
0.25945238491864336
0.2592653041935228
0.25907693970286927
0.2588872797210809
0.2586963124469846
0.2585040260042606
0.25831040844189207
0.2581154477346473
0.2579191317835907
0.25772144841662725
0.2575223853890767
0.25732193038428336
0.25712007101425843
0.25691679482035845
0.25671208927399813
0.256505941777403
0.25629833966439725
0.25608927020123184
0.25587872058745464
0.2556666779568183
0.25545312937823483
0.2552380618567719
0.25502146233469464
0.2548033176925547
0.2545836147503267
0.25436234026859533
0.2541394809497919
0.2539150234394852
0.253688954327725
0.25346126015044385
0.25323192739091366
0.2530009424812639
0.25276829180406074
0.2525339616939496
0.2522979384393632
0.2520602082842956
0.25182075743014937
0.25157957203765047
0.2513366382288404
0.2510919420891433
0.25084546966951304
0.25059720698866006
0.2503471400353648
0.25009525477087513
0.24984153713139515
0.24958597303066604
0.24932854836264057
0.24906924900425692
0.24880806081831347
0.2485449696564471
0.24827996136221883
0.24801302177430992
0.2477441367298319
0.2474732920677532
0.24720047363244502
0.24692566727735338
0.24664885886879492
0.24637003428988638
0.24608917944460465
0.24580628026198806
0.24552132270047491
0.2452342927523892
0.2449451764485725
0.24465395986316824
0.24436062911856027
0.24406517039047057
0.24376756991321707
0.24346781398513787
0.24316588897418398
0.24286178132368075
0.2425554775582675
0.24224696429001152
0.24193622822470323
0.24162325616833533
0.24130803503376597
0.24099055184756882
0.2406707937570755
0.2403487480376071
0.2400244020999013
0.23969774349773215
0.23936875993572795
0.23903743927738377
0.23870376955327252
0.23836773896945446
0.23802933591608103
0.23768854897619798
0.2373453669347443
0.23699977878774306
0.23665177375168733
0.23630134127311592
0.23594847103837455
0.2355931529835625
0.23523537730466118
0.2348751344678338
0.2345124152199004
0.23414721059897475
0.2337795119452632
0.23340931091201095
0.23303659947659777
0.23266136995176748
0.23228361499698344
0.231903327629906
0.231520501237973
0.231135129590081
0.23074720684834812
0.23035672757995102
0.22996368676902174
0.22956807982858918
0.22916990261255193
0.22876915142766638
0.2283658230455352
0.22795991471457822
0.22755142417196994
0.2271403496555223
0.22672668991549963
0.2263104442263402
0.22589161239826921
0.22547019478878114
0.22504619231396805
0.22461960645967888
0.22419043929247823
0.2237586934703938
0.2233243722534171
0.222887479513748
0.22244801974574688
0.22200599807558105
0.2215614202705366
0.22111429274797173
0.2206646225838938
0.22021241752112852
0.21975768597706216
0.21930043705093696
0.21884068053066713
0.21837842689916465
0.2179136873401439
0.21744647374338716
0.2169767987094505
0.21650467555378858
0.21603011831027957
0.2155531417341309
0.2150737613041493
0.21459199322435743
0.21410785442494104
0.21362136256251518
0.2131325360196916
0.21264139390393977
0.212147956045728
0.2116522429959366
0.21115427602253722
0.21065407710652742
0.2101516689371215
0.20964707490619117
0.20914031910195527
0.20863142630192005
0.20812042196507136
0.20760733222332287
0.2070921838722251
0.206575004360944
0.20605582178151732
0.20553466485739974
0.20501156293130918
0.20448654595238924
0.203959644462703
0.20343088958307565
0.20290031299830708
0.20236794694177096
0.20183382417942786
0.20129797799327195
0.20076044216423872
0.20022125095459736
0.19968043908986016
0.1991380417402319
0.19859409450163185
0.1980486333763199
0.19750169475315715
0.19695331538753252
0.19640353238098815
0.19585238316058098
0.19529990545800788
0.19474613728853396
0.19419111692975755
0.19363488290024222
0.19307747393805771
0.19251892897925713
0.19195928713633015
0.19139858767666273
0.19083687000103897
0.1902741736222167
0.1897105381436125
0.18914600323812247
0.18858060862711498
0.18801439405962544
0.18744739929177676
0.18687966406646173
0.18631122809330888
0.18574213102896076
0.18517241245768723
0.18460211187236142
0.18403126865581715
0.18345992206260986
0.18288811120120174
0.18231587501659063
0.18174325227339594
0.1811702815394207
0.18059700116970295
0.18002344929106884
0.1794496637871995
0.1788756822842213
0.178301542136828
0.177727280414942
0.1771529338909216
0.17657853902731657
0.17600413196517783
0.1754297485129213
0.17485542413574676
0.1742811939456127
0.17370709269176343
0.17313315475180688
0.17255941412334044
0.17198590441611605
0.17141265884474363
0.17083971022192188
0.170267090952193
0.1696948330262082
0.1691229680154989
0.16855152706774168
0.16798054090250755
0.16741003980748298
0.1668400536351537
0.16627061179993513
0.16570174327574286
0.16513347659398336
0.16456583984195763
0.16399886066166114
0.16343256624896685
0.16286698335317917
0.16230213827694184
0.1617380568764882
0.1611747645622189
0.1606122862995929
0.16005064661031698
0.15948986957382114
0.15892997882900534
0.1583709975762412
0.15781294857962197
0.15725585416943733
0.156699736244869
0.15614461627688875
0.1555905153113475
0.15503745397224225
0.1544854524651512
0.15393453058082102
0.15338470769889845
0.15283600279179232
0.1522884344286568
0.1517420207794838
0.15119677961929526
0.15065272833242588
0.15010988391688435
0.1495682629887879
0.149027881786856
0.1484887561769613
0.14795090165672398
0.14741433336014426
0.14687906606226633
0.14634511418386667
0.14581249179615688
0.1452812126254996
0.1447512900581288
0.14422273714486902
0.14369556660584862
0.14316979083520132
0.14264542190575488
0.14212247157369584
0.14160095128321373
0.14108087217111548
0.14056224507141032
0.14004508051985842
0.139529388758484
0.13901517974004723
0.1385024631324742
0.13799124832324244
0.13748154442371946
0.13697336027345236
0.13646670444440898
0.13596158524516533
0.13545801072504338
0.1349559886781919
0.13445552664761515
0.13395663192914564
0.13345931157536048
0.13296357239944265
0.13246942097898456
0.13197686365973582
0.13148590655929313
0.13099655557073495
0.13050881636619802
0.1300226944003985
0.12953819491409688
0.12905532293750685
0.12857408329364908
0.12809448060165046
0.12761651927999051
0.12714020354969108
0.1266655374374566
0.12619252477876147
0.1257211692208848
0.12525147422589683
0.12478344307359393
0.12431707886438674
0.123852384522139
0.12338936279695999
0.12292801626795152
0.12246834734590907
0.12201035827597946
0.12155405114027545
0.121099427860447
0.12064649020021309
0.12019523976785174
0.11974567801865173
0.11929780625732511
0.11885162564038285
0.11840713717847365
0.11796434173868697
0.11752324004682173
0.11708383268962107
0.11664612011697341
0.11621010264408296
0.11577578045360631
0.11534315359776208
0.11491222200040754
0.11448298545908803
0.11405544364705816
0.11362959611527523
0.1132054422943663
0.11278298149656849
0.11236221291764519
0.11194313563877677
0.11152574862842711
0.11111005074418798
0.11069604073459842
0.11028371724094466
0.10987307879903559
0.1094641238409598
0.10905685069681917
0.10865125759644455
0.10824734267109098
0.10784510395511347
0.10744453938762452
0.10704564681413253
0.10664842398816304
0.1062528685728622
0.10585897814258259
0.1054667501844527
0.10507618209992967
0.10468727120633542
0.10430001473837788
0.10391440984965543
0.10353045361414664
0.10314814302768474
0.1027674750094173
0.10238844640325098
0.10201105397928222
0.1016352944352133
0.10126116439775518
0.10088866042401487
0.10051777900287148
0.1001485165563362
0.09978086944090124
0.09941483394887358
0.09905040630969701
0.09868758269126052
0.09832635920119409
0.09796673188815141
0.09760869674308076
0.09725224970048252
0.096897386639654
0.09654410338592324
0.0961923957118691
0.09584225933853012
0.09549368993660046
0.09514668312761412
0.09480123448511729
0.09445733953582855
0.09411499376078677
0.09377419259648809
0.0934349314360097
0.09309720563012325
0.09276101048839552
0.09242634128027787
0.09209319323618351
0.0917615615485541
0.09143144137291324
0.09110282782891
0.09077571600134969
0.0904501009412138
0.09012597766666831
0.08980334116405968
0.08948218638890132
0.08916250826684664
0.08884430169465161
0.08852756154112663
0.08821228264807529
0.08789845983122405
0.08758608788113856
0.08727516156413007
0.08696567562315066
0.08665762477867615
0.08635100372957874
0.08604580715398903
0.08574202971014563
0.08543966603723428
0.08513871075621662
0.08483915847064735
0.08454100376747983
0.08424424121786245
0.08394886537792234
0.08365487078953926
0.08336225198110883
0.08307100346829452
0.08278111975476862
0.08249259533294385
0.08220542468469313
0.08191960228205894
0.08163512258795327
0.08135198005684562
0.0810701691354415
0.08078968426335054
0.08051051987374375
0.08023267039400149
0.07995613024635008
0.07968089384848964
0.07940695561421036
0.07913430995400028
0.07886295127564202
0.07859287398480028
0.07832407248559897
0.0780565411811894
0.07779027447430797
0.07752526676782491
0.07726151246528316
0.07699900597142767
0.07673774169272579
0.07647771403787781
0.07621891741831877
0.0759613462487105
0.07570499494742527
0.07544985793702004
0.07519592964470151
0.07494320450278306
0.07469167694913208
0.07444134142760944
0.07419219238849956
0.07394422428893235
0.0736974315932967
0.07345180877364577
0.0732073503100934
0.07296405069120294
0.07272190441436752
0.0724809059861826
0.07224104992281039
0.07200233075033657
0.07176474300511876
0.07152828123412794
0.07129293999528202
0.0710587138577716
0.07082559740237862
0.07059358522178721
0.07036267192088846
0.0701328521170761
0.06990412044053693
0.06967647153453305
0.06944990005567767
0.06922440067420399
0.0689999680742272
0.06877659695400037
0.0685542820261626
0.06833301801798189
0.06811279967159117
0.06789362174421762
0.06767547900840626
0.06745836625223722
0.06724227827953666
0.06702720991008262
0.06681315597980368
0.06660011134097243
0.06638807086239369
0.06617702942958668
0.0659669819449605
0.06575792332798663
0.06554984851536333
0.0653427524611767
0.06513663013705559
0.06493147653232113
0.06472728665413219
0.06452405552762461
0.06432177819604651
0.06412044972088807
0.06392006518200677
0.06372061967774821
0.06352210832506178
0.06332452625961252
0.06312786863588722
0.06293213062729804
0.06273730742627989
0.06254339424438476
0.062350386312371484
0.06215827888029144
0.0619670672175702
0.061776746613085305
0.06158731237523996
0.06139875983203338
0.06121108433112632
0.061024281239904325
0.060838345945536464
0.06065327385503054
0.06046906039528506
0.060285701013138085
0.0601031911754116
0.05992152636895417
0.059740702100678646
0.059560713897598525
0.0593815573068596
0.05920322789576944
0.059025721251823614
0.05884903298272929
0.05867315871642524
0.0584980941011
0.05832383480520645
0.05815037651747419
0.05797771494691911
0.05780584582285028
0.05763476489487441
0.05746446793289804
0.05729495072712676
0.05712620908806261
0.056958238846498796
0.05679103585351236
0.05662459598045438
0.0564589151189385
0.056293989180826294
0.0561298140982122
0.055966385823404366
0.055803700328905706
0.055641753607390945
0.05548054167168347
0.0553200605547292
0.05516030630956924
0.05500127500931046
0.05484296274709475
0.05468536563606603
0.05452847980933603
0.05437230141994864
0.054216826640842056
0.05406205166480993
0.05390797270446125
0.053754585992177875
0.05360188778007166
0.053449874339939696
0.05329854196321839
0.05314788696093582
0.05299790566366381
0.052848594421467894
0.05269994960385597
0.05255196759972704
0.05240464481731739
0.052257977684146334
0.05211196264696094
0.05196659617168005
0.051821874743336105
0.05167779486601744
0.05153435306280879
0.051391545875731
0.05124936986568017
0.05110782161236549
0.05096689771424678
0.05082659478847076
0.05068690947080684
0.05054783841558206
0.05040937829561527
0.05027152580215073
0.0501342776447911
0.04999763055142947
