0.5581441246610086
0.6023825928351956
0.5865485252085294
0.572911164833151
0.5615114796796208
0.5522633686389185
0.5449546690080572
0.5393042161252546
0.535012745070575
0.5317983435763698
0.5294156795570397
0.5276626370400985
0.526379066407717
0.5254415840996208
0.524757049278157
0.5242561878493108
0.5238880347240176
0.5236153949142424
0.5234112852874516
0.5232562196642946
0.523136175410189
0.5230410900508269
0.522963759938261
0.5228990387810102
0.5228432572168328
0.5227938039815435
0.522748824514603
0.522707004540742
0.5226674149422136
0.5226294007306813
0.5225925016894762
0.5225563957253353
0.5225208584831883
0.5224857345941774
0.5224509172362405
0.5224163336282055
0.5223819347546146
0.5223476881036333
0.5223135725480609
0.5222795747484198
0.5222456866352228
0.5222119036548766
0.5221782235546724
0.5221446455472787
0.5221111697414867
0.5220777967589871
0.5220445274804734
0.5220113628810823
0.5219783039270621
0.5219453515139779
0.5219125064327208
0.5218797693538009
0.5218471408233593
0.5218146212664247
0.5217822109943885
0.5217499102146843
0.521717719041366
0.521685637505748
0.5216536655666095
0.5216218031196747
0.5215900500062345
0.5215584060208619
0.5215268709182361
0.5214954444191227
0.5214641262155776
0.5214329159754495
0.5214018133462573
0.5213708179585174
0.5213399294285893
0.5213091473611047
0.5212784713510347
0.5212479009854478
0.5212174358450014
0.5211870755052075
0.5211568195375025
0.5211266675101541
0.5210966189890274
0.5210666735382324
0.521036830720671
0.5210070900984979
0.5209774512335108
0.520947913687478
0.5209184770224158
0.5208891408008222
0.5208599045858728
0.5208307679415869
0.5208017304329671
0.520772791626116
0.5207439510883359
0.5207152083882112
0.5206865630956783
0.5206580147820842
0.5206295630202359
0.5206012073844413
0.5205729474505436
0.5205447827959511
0.5205167129996596
0.5204887376422735
0.5204608563060225
0.520433068574774
0.5204053740340459
0.5203777722710143
0.5203502628745222
0.5203228454350841
0.5202955195448917
0.5202682847978162
0.5202411407894122
0.5202140871169185
0.5201871233792595
0.520160249177046
0.5201334641125749
0.5201067677898289
0.5200801598144753
0.5200536397938658
0.520027207337034
0.5200008620546945
0.5199746035592406
0.5199484314647426
0.5199223453869444
0.5198963449432626
0.5198704297527832
0.5198445994362584
0.5198188536161039
0.5197931919163971
0.5197676139628723
0.5197421193829183
0.5197167078055756
0.5196913788615324
0.5196661321831211
0.519640967404315
0.5196158841607253
0.5195908820895961
0.5195659608298017
0.5195411200218425
0.5195163593078412
0.5194916783315388
0.5194670767382904
0.5194425541750618
0.5194181102904245
0.5193937447345526
0.5193694571592173
0.5193452472177844
0.519321114565208
0.5192970588580279
0.5192730797543638
0.5192491769139118
0.51922534999794
0.5192015986692832
0.5191779225923385
0.5191543214330616
0.519130794858961
0.5191073425390937
0.5190839641440612
0.5190606593460036
0.5190374278185956
0.5190142692370413
0.5189911832780693
0.5189681696199285
0.5189452279423821
0.5189223579267034
0.5188995592556707
0.5188768316135621
0.518854174686151
0.5188315881607001
0.5188090717259569
0.518786625072149
0.5187642478909781
0.5187419398756152
0.5187197007206961
0.5186975301223145
0.5186754277780189
0.5186533933868059
0.5186314266491154
0.5186095272668253
0.5185876949432461
0.5185659293831161
0.5185442302925949
0.5185225973792598
0.5185010303520986
0.518479528921506
0.5184580927992767
0.5184367216986007
0.5184154153340582
0.5183941734216138
0.518372995678611
0.5183518818237666
0.5183308315771664
0.5183098446602578
0.5182889207958463
0.5182680597080891
0.5182472611224894
0.5182265247658917
0.5182058503664754
0.51818523765375
0.5181646863585494
0.5181441962130269
0.5181237669506482
0.518103398306188
0.5180830900157231
0.5180628418166267
0.518042653447564
0.5180225246484862
0.5180024551606246
0.5179824447264858
0.5179624930898461
0.5179425999957448
0.5179227651904804
0.5179029884216044
0.5178832694379158
0.5178636079894554
0.5178440038275005
0.5178244567045599
0.5178049663743675
0.5177855325918777
0.5177661551132594
0.517746833695891
0.5177275680983543
0.5177083580804298
0.5176892034030909
0.517670103828498
0.5176510591199943
0.5176320690420992
0.5176131333605039
0.5175942518420644
0.5175754242547987
0.5175566503678786
0.5175379299516268
0.5175192627775094
0.5175006486181324
0.5174820872472353
0.5174635784396855
0.5174451219714746
0.5174267176197113
0.5174083651626168
0.51739006437952
0.5173718150508517
0.5173536169581392
0.5173354698840018
0.5173173736121447
0.5172993279273546
0.5172813326154937
0.5172633874634955
0.5172454922593586
0.517227646792142
0.5172098508519607
0.5171921042299789
0.5171744067184068
0.5171567581104934
0.5171391582005241
0.5171216067838129
0.5171041036566992
0.517086648616542
0.5170692414617148
0.5170518819916015
0.5170345700065898
0.5170173053080682
0.5170000876984194
0.5169829169810163
0.5169657929602167
0.5169487154413583
0.5169316842307544
0.5169146991356885
0.5168977599644097
0.5168808665261273
0.5168640186310071
0.5168472160901656
0.5168304587156656
0.5168137463205118
0.5167970787186451
0.516780455724939
0.5167638771551943
0.5167473428261338
0.5167308525553991
0.5167144061615451
0.5166980034640348
0.5166816442832362
0.5166653284404157
0.5166490557577358
0.5166328260582488
0.5166166391658926
0.5166004949054871
0.5165843931027284
0.5165683335841853
0.5165523161772945
0.5165363407103557
0.5165204070125283
0.5165045149138258
0.5164886642451118
0.5164728548380964
0.5164570865253304
0.5164413591402027
0.516425672516934
0.5164100264905744
0.5163944208969982
0.5163788555728994
0.516363330355788
0.5163478450839853
0.5163323995966209
0.5163169937336267
0.5163016273357343
0.5162863002444699
0.5162710123021506
0.5162557633518802
0.5162405532375454
0.5162253818038112
0.5162102488961174
0.5161951543606743
0.5161800980444587
0.5161650797952099
0.516150099461426
0.5161351568923596
0.5161202519380139
0.5161053844491394
0.5160905542772292
0.5160757612745156
0.5160610052939661
0.5160462861892797
0.516031603814883
0.5160169580259264
0.5160023486782802
0.5159877756285315
0.5159732387339795
0.5159587378526325
0.5159442728432038
0.5159298435651084
0.515915449878459
0.5159010916440631
0.5158867687234177
0.5158724809787075
0.5158582282728007
0.5158440104692454
0.5158298274322655
0.5158156790267583
0.5158015651182898
0.5157874855730925
0.5157734402580608
0.5157594290407483
0.5157454517893634
0.5157315083727675
0.5157175986604701
0.5157037225226259
0.5156898798300318
0.5156760704541233
0.5156622942669712
0.515648551141278
0.5156348409503752
0.5156211635682194
0.5156075188693898
0.515593906729084
0.5155803270231158
0.5155667796279116
0.5155532644205063
0.5155397812785422
0.5155263300802637
0.5155129107045154
0.5154995230307391
0.5154861669389699
0.5154728423098336
0.5154595490245438
0.5154462869648984
0.5154330560132769
0.5154198560526375
0.5154066869665137
0.5153935486390119
0.5153804409548076
0.5153673637991434
0.5153543170578256
0.515341300617221
0.5153283143642549
0.5153153581864072
0.5153024319717102
0.5152895356087457
0.5152766689866419
0.515263831995071
0.5152510245242456
0.5152382464649172
0.5152254977083723
0.5152127781464302
0.5152000876714402
0.5151874261762784
0.515174793554346
0.515162189699566
0.5151496145063805
0.5151370678697479
0.5151245496851409
0.515112059848543
0.5150995982564469
0.5150871648058513
0.515074759394258
0.5150623819196702
0.5150500322805891
0.5150377103760124
0.5150254161054305
0.5150131493688253
0.5150009100666663
0.5149886980999095
0.5149765133699941
0.5149643557788401
0.5149522252288469
0.5149401216228889
0.5149280448643152
0.5149159948569456
0.5149039715050692
0.5148919747134417
0.514880004387283
0.5148680604322753
0.5148561427545596
0.5148442512607351
0.5148323858578554
0.5148205464534273
0.514808732955408
0.5147969452722025
0.5147851833126624
0.5147734469860825
0.5147617362021996
0.5147500508711894
0.5147383909036654
0.5147267562106757
0.5147151467037008
0.5147035622946525
0.514692002895871
0.5146804684201229
0.514668958780599
0.5146574738909122
0.5146460136650957
0.5146345780176007
0.5146231668632945
0.5146117801174577
0.5146004176957837
0.5145890795143749
0.5145777654897422
0.5145664755388019
0.5145552095788741
0.5145439675276812
0.5145327493033447
0.514521554824385
0.5145103840097179
0.5144992367786531
0.5144881130508926
0.5144770127465288
0.5144659357860419
0.5144548820902991
0.5144438515805516
0.5144328441784336
0.5144218598059599
0.514410898385524
0.5143999598398972
0.5143890440922254
0.5143781510660282
0.5143672806851969
0.5143564328739926
0.5143456075570441
0.5143348046593473
0.5143240241062619
0.5143132658235107
0.514302529737177
0.5142918157737043
0.5142811238598928
0.5142704539228988
0.514259805890233
0.5142491796897581
0.5142385752496879
0.5142279924985848
0.5142174313653589
0.5142068917792664
0.5141963736699066
0.514185876967222
0.5141754016014956
0.5141649475033497
0.5141545146037442
0.5141441028339746
0.5141337121256712
0.5141233424107967
0.5141129936216453
0.5141026656908407
0.5140923585513346
0.5140820721364049
0.514071806379655
0.5140615612150117
0.514051336576723
0.514041132399358
0.5140309486178043
0.514020785167267
0.5140106419832668
0.5140005190016392
0.5139904161585322
0.5139803333904054
0.513970270634028
0.5139602278264784
0.5139502049051414
0.5139402018077076
0.5139302184721718
0.5139202548368317
0.513910310840286
0.5139003864214333
0.5138904815194714
0.5138805960738944
0.5138707300244921
0.5138608833113495
0.5138510558748438
0.5138412476556441
0.5138314585947095
0.5138216886332883
0.5138119377129161
0.5138022057754149
0.5137924927628916
0.5137827986177361
0.5137731232826215
0.5137634667005007
0.5137538288146072
0.5137442095684519
0.5137346089058236
0.5137250267707859
0.5137154631076779
0.5137059178611109
0.5136963909759686
0.5136868823974051
0.5136773920708443
0.5136679199419778
0.5136584659567645
0.5136490300614283
0.513639612202458
0.5136302123266059
0.5136208303808857
0.5136114663125719
0.5136021200691991
0.5135927915985596
0.5135834808487035
0.5135741877679363
0.5135649123048185
0.5135556544081643
0.51354641402704
0.5135371911107641
0.5135279856089039
0.5135187974712765
0.5135096266479466
0.5135004730892254
0.51349133674567
0.5134822175680811
0.5134731155075035
0.5134640305152236
0.5134549625427689
0.5134459115419067
0.5134368774646432
0.5134278602632222
0.5134188598901239
0.5134098762980646
0.5134009094399936
0.513391959269095
0.513383025738784
0.5133741088027077
0.5133652084147426
0.5133563245289946
0.5133474570997971
0.5133386060817107
0.5133297714295217
0.5133209530982412
0.5133121510431038
0.5133033652195669
0.5132945955833094
0.5132858420902308
0.5132771046964505
0.5132683833583058
0.5132596780323521
0.5132509886753608
0.5132423152443191
0.5132336576964285
0.5132250159891042
0.5132163900799734
0.5132077799268753
0.5131991854878591
0.513190606721184
0.5131820435853169
0.5131734960389333
0.5131649640409143
0.5131564475503467
0.5131479465265225
0.5131394609289368
0.5131309907172875
0.5131225358514743
0.5131140962915972
0.5131056719979565
0.5130972629310513
0.5130888690515782
0.5130804903204315
0.5130721266987005
0.5130637781476706
0.5130554446288207
0.5130471261038232
0.5130388225345425
0.5130305338830351
0.513022260111547
0.5130140011825142
0.5130057570585614
0.5129975277025013
0.5129893130773328
0.5129811131462408
0.5129729278725957
0.5129647572199518
0.5129566011520461
0.512948459632799
0.5129403326263111
0.5129322200968645
0.5129241220089205
0.5129160383271194
0.5129079690162794
0.5128999140413959
0.5128918733676398
0.5128838469603583
0.5128758347850721
0.5128678368074763
0.5128598529934381
0.5128518833089968
0.5128439277203629
0.5128359861939167
0.5128280586962077
0.5128201451939547
0.5128122456540433
0.5128043600435258
0.5127964883296211
0.5127886304797127
0.5127807864613487
0.5127729562422402
0.5127651397902612
0.5127573370734473
0.5127495480599952
0.5127417727182617
0.5127340110167631
0.5127262629241738
0.5127185284093257
0.5127108074412086
0.512703099988967
0.5126954060219018
0.5126877255094677
0.5126800584212728
0.5126724047270786
0.5126647643967986
0.5126571374004972
0.5126495237083896
0.5126419232908397
0.5126343361183618
0.512626762161617
0.5126192013914143
0.5126116537787087
0.5126041192946013
0.5125965979103383
0.5125890895973092
0.512581594327048
0.5125741120712305
0.5125666428016743
0.5125591864903385
0.5125517431093223
0.512544312630864
0.5125368950273416
0.5125294902712699
0.5125220983353018
0.5125147191922265
0.5125073528149683
0.5124999991765873
0.5124926582502773
0.5124853300093655
0.512478014427312
0.5124707114777087
0.5124634211342789
0.5124561433708759
0.5124488781614829
0.5124416254802125
0.5124343853013051
0.5124271575991282
0.5124199423481768
0.5124127395230714
0.5124055490985581
0.512398371049507
0.5123912053509126
0.5123840519778926
0.5123769109056859
0.5123697821096541
0.5123626655652797
0.5123555612481648
0.5123484691340313
0.5123413891987196
0.5123343214181886
0.5123272657685141
0.5123202222258882
0.5123131907666199
0.512306171367132
0.5122991640039628
0.5122921686537639
0.5122851852933004
0.5122782138994487
0.5122712544491979
0.5122643069196475
0.5122573712880073
0.5122504475315967
0.5122435356278439
0.512236635554285
0.5122297472885636
0.5122228708084308
0.5122160060917421
0.5122091531164602
0.5122023118606511
0.5121954823024853
0.5121886644202369
0.512181858192282
0.5121750635970989
0.512168280613267
0.5121615092194666
0.5121547493944774
0.5121480011171784
0.5121412643665477
0.5121345391216603
0.5121278253616891
0.5121211230659032
0.5121144322136674
0.512107752784442
0.5121010847577813
0.5120944281133339
0.5120877828308414
0.5120811488901377
0.5120745262711485
0.5120679149538909
0.5120613149184725
0.5120547261450904
0.5120481486140313
0.5120415823056699
0.5120350272004695
0.5120284832789797
0.5120219505218375
0.5120154289097651
0.5120089184235707
0.5120024190441461
0.5119959307524683
0.5119894535295965
0.511982987356673
0.5119765322149223
0.5119700880856503
0.511963654950243
0.5119572327901671
0.5119508215869686
0.5119444213222722
0.5119380319777813
0.5119316535352759
0.5119252859766138
0.5119189292837285
0.5119125834386296
0.511906248423401
0.5118999242202021
0.5118936108112653
0.511887308178896
0.5118810163054728
0.5118747351734455
0.5118684647653353
0.5118622050637348
0.5118559560513055
0.511849717710779
0.5118434900249559
0.5118372729767041
0.5118310665489598
0.5118248707247259
0.5118186854870718
0.5118125108191324
0.5118063467041079
0.5118001931252627
0.5117940500659257
0.5117879175094888
0.5117817954394062
0.5117756838391946
0.5117695826924326
0.5117634919827586
0.5117574116938723
0.5117513418095327
0.511745282313558
0.5117392331898247
0.5117331944222675
0.5117271659948783
0.5117211478917058
0.5117151400968546
0.5117091425944852
0.5117031553688127
0.5116971784041071
0.5116912116846917
0.5116852551949436
0.5116793089192916
0.5116733728422175
0.5116674469482542
0.5116615312219854
0.5116556256480453
0.5116497302111183
0.5116438448959366
0.5116379696872828
0.511632104569986
0.5116262495289239
0.5116204045490205
0.5116145696152463
0.5116087447126177
0.5116029298261962
0.5115971249410877
0.5115913300424425
0.5115855451154547
0.5115797701453608
0.5115740051174402
0.511568250017014
0.5115625048294443
0.5115567695401345
0.5115510441345281
0.5115453285981078
0.511539622916396
0.5115339270749534
0.5115282410593788
0.5115225648553084
0.5115168984484155
0.5115112418244098
0.5115055949690366
0.511499957868077
0.5114943305073465
0.5114887128726952
0.5114831049500064
0.5114775067251971
0.5114719181842169
0.5114663393130474
0.511460770097702
0.511455210524225
0.5114496605786913
0.5114441202472062
0.5114385895159042
0.5114330683709484
0.5114275567985314
0.5114220547848731
0.5114165623162209
0.5114110793788494
0.5114056059590595
0.5114001420431781
0.5113946876175576
0.5113892426685749
0.511383807182632
0.5113783811461541
0.5113729645455904
0.5113675573674131
0.5113621595981159
0.5113567712242154
0.5113513922322493
0.5113460226087762
0.5113406623403751
0.5113353114136447
0.5113299698152043
0.5113246375316904
0.51131931454976
0.5113140008560861
0.5113086964373608
0.5113034012802924
0.5112981153716062
0.5112928386980434
0.511287571246361
0.5112823130033308
0.5112770639557397
0.5112718240903886
0.5112665933940921
0.511261371853678
0.5112561594559873
0.5112509561878732
0.5112457620362004
0.5112405769878455
0.511235401029696
0.5112302341486497
0.5112250763316146
0.5112199275655083
0.5112147878372575
0.5112096571337981
0.5112045354420733
0.5111994227490351
0.5111943190416423
0.5111892243068606
0.5111841385316627
0.511179061703027
0.5111739938079375
0.5111689348333834
0.5111638847663589
0.5111588435938623
0.5111538113028957
0.511148787880465
0.5111437733135791
0.5111387675892489
0.5111337706944885
0.511128782616313
0.5111238033417393
0.5111188328577849
0.5111138711514683
0.5111089182098075
0.5111039740198209
0.5110990385685256
0.5110941118429376
0.5110891938300723
0.5110842845169421
0.5110793838905576
0.5110744919379268
0.511069608646054
0.5110647340019406
0.5110598679925842
0.5110550106049772
0.5110501618261082
0.5110453216429607
0.5110404900425121
0.5110356670117349
0.5110308525375942
0.5110260466070495
0.511021249207053
0.5110164603245496
0.5110116799464763
0.5110069080597619
0.5110021446513272
0.510997389708084
0.5109926432169343
0.5109879051647715
0.5109831755384784
0.5109784543249277
0.5109737415109816
0.5109690370834908
0.5109643410292957
0.5109596533352235
0.5109549739880905
0.5109503029747
0.5109456402818431
0.5109409858962971
0.5109363398048264
0.5109317019941813
0.5109270724510981
0.5109224511622988
0.5109178381144902
0.5109132332943643
0.5109086366885975
0.5109040482838504
0.510899468066768
0.5108948960239778
0.5108903321420912
0.5108857764077028
0.5108812288073894
0.5108766893277102
0.5108721579552059
0.5108676346763998
0.5108631194777957
0.5108586123458789
0.5108541132671152
0.5108496222279509
0.5108451392148127
0.5108406642141067
0.5108361972122185
0.5108317381955138
0.5108272871503358
0.5108228440630075
0.51081840891983
0.510813981707082
0.5108095624110207
0.5108051510178804
0.5108007475138724
0.5107963518851854
0.5107919641179843
0.5107875841984112
0.5107832121125834
0.5107788478465941
0.5107744913865128
0.510770142718384
0.5107658018282267
0.5107614687020355
0.5107571433257787
0.5107528256853995
0.510748515766815
0.5107442135559158
0.5107399190385661
0.5107356322006034
0.5107313530278381
0.5107270815060534
0.5107228176210051
0.5107185613584213
0.5107143127040017
0.5107100716434183
0.5107058381623144
0.5107016122463046
0.5106973938809747
0.510693183051881
0.5106889797445513
0.5106847839444826
0.5106805956371431
0.5106764148079704
0.5106722414423718
0.5106680755257246
0.5106639170433751
0.5106597659806384
0.5106556223227989
0.5106514860551097
0.5106473571627921
0.5106432356310356
0.5106391214449982
0.5106350145898052
0.51063091505055
0.5106268228122933
0.5106227378600632
0.5106186601788543
0.5106145897536287
0.510610526569315
0.5106064706108084
0.5106024218629702
0.5105983803106283
0.5105943459385756
0.5105903187315719
0.5105862986743422
0.5105822857515765
0.5105782799479305
0.5105742812480248
0.5105702896364454
0.5105663050977423
0.5105623276164307
0.5105583571769898
0.5105543937638635
0.5105504373614593
0.5105464879541493
0.5105425455262689
0.510538610062117
0.5105346815459566
0.5105307599620137
0.5105268452944774
0.5105229375275003
0.5105190366451975
0.510515142631647
0.5105112554708895
0.5105073751469282
0.5105035016437286
0.5104996349452186
0.5104957750352881
0.5104919218977887
0.5104880755165346
0.5104842358753012
0.5104804029578255
0.5104765767478061
0.5104727572289032
0.5104689443847377
0.5104651381988924
0.5104613386549104
0.5104575457362961
0.5104537594265149
0.5104499797089924
0.5104462065671154
0.5104424399842308
0.5104386799436458
0.5104349264286282
0.510431179422406
0.5104274389081672
0.5104237048690597
0.5104199772881918
0.5104162561486312
0.5104125414334051
0.5104088331255011
0.510405131207866
0.5104014356634062
0.5103977464749874
0.5103940636254344
0.5103903870975319
0.5103867168740234
0.5103830529376115
0.5103793952709581
0.5103757438566838
0.5103720986773684
0.5103684597155502
0.5103648269537265
0.5103612003743536
0.510357579959846
0.5103539656925768
0.5103503575548783
0.5103467555290406
0.5103431595973127
0.5103395697419015
0.5103359859449728
0.5103324081886506
0.5103288364550168
0.5103252707261119
0.5103217109839343
0.5103181572104408
0.5103146093875462
0.5103110674971232
0.5103075315210028
0.5103040014409738
0.5103004772387828
0.510296958896135
0.5102934463946927
0.5102899397160764
0.510286438841865
0.5102829437535941
0.510279454432758
0.5102759708608087
0.5102724930191556
0.510269020889166
0.5102655544521654
0.5102620936894363
0.5102586385822193
0.5102551891117129
0.5102517452590729
0.5102483070054131
0.5102448743318049
0.5102414472192772
0.510238025648817
0.5102346096013686
0.5102311990578343
0.5102277939990739
0.510224394405905
0.5102210002591027
0.5102176115394
0.5102142282274877
0.5102108503040145
0.510207477749586
0.5102041105447666
0.5102007486700779
0.5101973921059997
0.5101940408329689
0.5101906948313811
0.5101873540815893
0.510184018563904
0.5101806882585946
0.5101773631458876
0.5101740432059678
0.5101707284189779
0.5101674187650187
0.5101641142241491
0.5101608147763859
0.5101575204017039
0.5101542310800364
0.5101509467912753
0.5101476675152693
0.5101443932318269
0.5101411239207142
0.5101378595616556
0.5101346001343341
0.5101313456183911
0.5101280959934268
0.5101248512389993
0.5101216113346259
0.5101183762597821
0.5101151459939024
0.5101119205163799
0.5101086998065667
0.5101054838437735
0.5101022726072703
0.5100990660762855
0.5100958642300073
0.5100926670475822
0.5100894745081163
0.5100862865906751
0.5100831032742831
0.5100799245379242
0.5100767503605417
0.5100735807210388
0.5100704155982777
0.5100672549710805
0.510064098818229
0.5100609471184648
0.5100577998504894
0.5100546569929644
0.5100515185245107
0.5100483844237101
0.5100452546691042
0.5100421292391951
0.5100390081124447
0.510035891267276
0.510032778682072
0.5100296703351765
0.510026566204894
0.5100234662694894
0.5100203705071888
0.5100172788961795
0.510014191414609
0.5100111080405869
0.5100080287521831
0.5100049535274291
0.5100018823443184
0.509998815180805
0.5099957520148052
0.5099926928241967
0.5099896375868187
0.5099865862804733
0.5099835388829232
0.5099804953718943
0.509977455725074
0.5099744199201122
0.5099713879346212
0.5099683597461758
0.5099653353323137
0.5099623146705343
0.5099592977383012
0.5099562845130398
0.5099532749721388
0.5099502690929507
0.5099472668527901
0.5099442682289359
0.5099412731986299
0.5099382817390781
0.5099352938274493
0.5099323094408771
0.5099293285564581
0.5099263511512535
0.5099233772022884
0.5099204066865525
0.5099174395809996
0.509914475862548
0.5099115155080807
0.5099085584944455
0.509905604798455
0.5099026543968869
0.5098997072664837
0.5098967633839535
0.5098938227259697
0.509890885269171
0.5098879509901616
0.5098850198655122
0.5098820918717581
0.5098791669854017
0.509876245182911
0.5098733264407203
0.5098704107352301
0.509867498042808
0.5098645883397878
0.5098616816024696
0.5098587778071213
0.5098558769299772
0.509852978947239
0.5098500838350757
0.5098471915696234
0.5098443021269864
0.5098414154832359
0.5098385316144113
0.50983565049652
0.5098327721055376
0.5098298964174075
0.5098270234080419
0.5098241530533211
0.5098212853290944
0.5098184202111796
0.5098155576753636
0.5098126976974021
0.5098098402530206
0.5098069853179127
0.5098041328677427
0.5098012828781441
0.5097984353247199
0.5097955901830431
0.5097927474286569
0.5097899070370745
0.5097870689837793
0.5097842332442255
0.5097813997938375
0.5097785686080107
0.5097757396621113
0.5097729129314765
0.5097700883914144
0.509767266017205
0.5097644457840991
0.5097616276673197
0.509758811642061
0.5097559976834891
0.5097531857667429
0.5097503758669324
0.5097475679591403
0.5097447620184223
0.5097419580198059
0.5097391559382919
0.5097363557488536
0.5097335574264376
0.5097307609459636
0.5097279662823244
0.5097251734103869
0.5097223823049911
0.5097195929409506
0.5097168052930535
0.5097140193360615
0.5097112350447106
0.5097084523937113
0.5097056713577485
0.5097028919114818
0.5097001140295454
0.5096973376865485
0.5096945628570756
0.5096917895156863
0.5096890176369153
0.5096862471952732
0.5096834781652462
0.5096807105212962
0.5096779442378611
0.5096751792893548
0.5096724156501677
0.5096696532946666
0.5096668921971942
0.5096641323320711
0.5096613736735935
0.5096586161960351
0.5096558598736471
0.5096531046806575
0.5096503505912716
0.5096475975796728
0.5096448456200217
0.5096420946864569
0.5096393447530955
0.5096365957940316
0.509633847783339
0.5096311006950687
0.5096283545032512
0.509625609181895
0.509622864704988
0.5096201210464967
0.5096173781803672
0.5096146360805246
0.5096118947208731
0.5096091540752972
0.5096064141176609
0.5096036748218078
0.5096009361615612
0.5095981981107258
0.5095954606430851
0.5095927237324043
0.5095899873524282
0.5095872514768824
0.5095845160794743
0.5095817811338913
0.5095790466138023
0.5095763124928573
0.509573578744688
0.5095708453429074
0.5095681122611102
0.5095653794728731
0.5095626469517546
0.5095599146712951
0.5095571826050177
0.5095544507264276
0.5095517190090124
0.5095489874262424
0.5095462559515709
0.5095435245584338
0.50954079322025
0.509538061910422
0.5095353306023351
0.5095325992693586
0.5095298678848447
0.5095271364221295
0.5095244048545334
0.5095216731553602
0.5095189412978982
0.5095162092554193
0.5095134770011807
0.509510744508423
0.5095080117503722
0.5095052787002387
0.5095025453312179
0.5094998116164898
0.5094970775292202
0.5094943430425594
0.5094916081296436
0.509488872763594
0.5094861369175179
0.5094834005645078
0.5094806636776427
0.5094779262299868
0.5094751881945909
0.5094724495444919
0.5094697102527131
0.5094669702922641
0.5094642296361409
0.5094614882573264
0.5094587461287905
0.5094560032234895
0.5094532595143673
0.5094505149743545
0.5094477695763688
0.5094450232933162
0.5094422760980889
0.5094395279635677
0.5094367788626206
0.5094340287681035
0.5094312776528601
0.5094285254897228
0.5094257722515112
0.5094230179110336
0.5094202624410865
0.5094175058144552
0.5094147480039132
0.5094119889822227
0.5094092287221349
0.5094064671963895
0.5094037043777158
0.5094009402388311
0.5093981747524429
0.5093954078912475
0.5093926396279307
0.5093898699351679
0.5093870987856235
0.5093843261519521
0.5093815520067977
0.5093787763227946
0.5093759990725666
0.5093732202287278
0.5093704397638819
0.5093676576506236
0.5093648738615376
0.5093620883691985
0.5093593011461719
0.5093565121650141
0.5093537213982715
0.5093509288184815
0.5093481343981725
0.5093453381098634
0.5093425399260645
0.5093397398192768
0.5093369377619926
0.5093341337266958
0.5093313276858606
0.5093285196119537
0.5093257094774324
0.509322897254746
0.5093200829163355
0.5093172664346329
0.5093144477820627
0.5093116269310406
0.5093088038539747
0.5093059785232649
0.5093031509113027
0.5093003209904726
0.5092974887331502
0.5092946541117042
0.5092918170984948
0.5092889776658752
0.5092861357861906
0.5092832914317791
0.5092804445749706
0.5092775951880884
0.5092747432434478
0.5092718887133572
0.5092690315701177
0.509266171786023
0.5092633093333596
0.5092604441844075
0.509257576311439
0.5092547056867195
0.5092518322825078
0.5092489560710556
0.5092460770246079
0.5092431951154024
0.5092403103156706
0.5092374225976374
0.5092345319335201
0.5092316382955304
0.5092287416558727
0.5092258419867455
0.5092229392603398
0.509220033448841
0.5092171245244278
0.5092142124592722
0.50921129722554
0.509208378795391
0.5092054571409782
0.5092025322344478
0.5091996040479412
0.5091966725535921
0.5091937377235287
0.509190799529873
0.5091878579447406
0.5091849129402408
0.5091819644884772
0.509179012561547
0.509176057131541
0.5091730981705446
0.5091701356506363
0.5091671695438894
0.5091641998223706
0.5091612264581405
0.5091582494232539
0.5091552686897597
0.5091522842297002
0.5091492960151123
0.5091463040180264
0.5091433082104674
0.5091403085644536
0.5091373050519978
0.5091342976451065
0.5091312863157802
0.5091282710360135
0.5091252517777949
0.5091222285131067
0.5091192012139254
0.5091161698522213
0.5091131343999589
0.5091100948290961
0.509107051111585
0.509104003219372
0.5091009511243966
0.5090978947985925
0.5090948342138872
0.5090917693422025
0.5090887001554532
0.5090856266255482
0.5090825487243902
0.5090794664238755
0.5090763796958944
0.5090732885123304
0.5090701928450608
0.5090670926659567
0.5090639879468823
0.509060878659696
0.5090577647762489
0.5090546462683859
0.5090515231079458
0.5090483952667596
0.509045262716653
0.5090421254294438
0.5090389833769438
0.5090358365309573
0.5090326848632825
0.5090295283457101
0.5090263669500243
0.5090232006480016
0.5090200294114122
0.5090168532120184
0.5090136720215762
0.5090104858118335
0.5090072945545311
0.509004098221403
0.5090008967841751
0.5089976902145658
0.5089944784842861
0.5089912615650399
0.5089880394285224
0.5089848120464215
0.5089815793904175
0.5089783414321822
0.5089750981433798
0.5089718494956662
0.5089685954606891
0.5089653360100881
0.5089620711154946
0.5089588007485313
0.5089555248808123
0.5089522434839436
0.5089489565295219
0.5089456639891355
0.5089423658343637
0.5089390620367772
0.5089357525679369
0.5089324373993951
0.5089291165026946
0.5089257898493695
0.5089224574109429
0.5089191191589302
0.508915775064836
0.5089124251001551
0.5089090692363728
0.5089057074449643
0.5089023396973947
0.5088989659651189
0.508895586219581
0.5088922004322155
0.5088888085744453
0.5088854106176836
0.5088820065333322
0.5088785962927818
0.5088751798674126
0.5088717572285929
0.5088683283476805
0.5088648931960209
0.5088614517449485
0.5088580039657858
0.5088545498298436
0.5088510893084204
0.5088476223728027
0.5088441489942644
0.5088406691440679
0.5088371827934621
0.5088336899136835
0.5088301904759555
0.5088266844514888
0.5088231718114805
0.508819652527115
0.5088161265695629
0.5088125939099807
0.5088090545195117
0.5088055083692851
0.5088019554304155
0.5087983956740042
0.5087948290711368
0.5087912555928852
0.5087876752103061
0.5087840878944413
0.5087804936163174
0.5087768923469457
0.508773284057322
0.5087696687184267
0.5087660463012235
0.5087624167766609
0.5087587801156711
0.5087551362891694
0.5087514852680544
0.5087478270232089
0.5087441615254975
0.5087404887457683
0.5087368086548518
0.5087331212235611
0.5087294264226913
0.5087257242230196
0.5087220145953049
0.508718297510288
0.5087145729386906
0.5087108408512161
0.5087071012185485
0.5087033540113528
0.5086995992002743
0.508695836755939
0.5086920666489527
0.508688288849901
0.5086845033293497
0.5086807100578431
0.5086769090059057
0.5086731001440403
0.5086692834427289
0.5086654588724316
0.5086616264035871
0.5086577860066122
0.5086539376519008
0.5086500813098254
0.5086462169507352
0.5086423445449564
0.5086384640627923
0.5086345754745227
0.5086306787504038
0.5086267738606676
0.5086228607755222
0.5086189394651511
0.5086150098997134
0.5086110720493426
0.508607125884148
0.5086031713742122
0.5085992084895927
0.5085952372003211
0.5085912574764025
0.5085872692878154
0.5085832726045114
0.5085792673964153
0.508575253633424
0.5085712312854068
0.5085672003222059
0.5085631607136339
0.5085591124294759
0.5085550554394873
0.5085509897133955
0.5085469152208972
0.5085428319316603
0.5085387398153223
0.5085346388414904
0.5085305289797413
0.5085264101996209
0.5085222824706431
0.5085181457622913
0.5085140000440167
0.5085098452852375
0.5085056814553407
0.5085015085236797
0.508497326459575
0.5084931352323135
0.5084889348111485
0.5084847251652991
0.5084805062639501
0.5084762780762515
0.5084720405713179
0.5084677937182289
0.5084635374860281
0.508459271843723
0.5084549967602845
0.5084507122046472
0.508446418145708
0.5084421145523265
0.5084378013933246
0.5084334786374857
0.5084291462535551
0.5084248042102385
0.5084204524762027
0.5084160910200753
0.5084117198104431
0.508407338815853
0.5084029480048109
0.5083985473457818
0.5083941368071891
0.5083897163574143
0.5083852859647967
0.5083808455976327
0.5083763952241764
0.5083719348126375
0.508367464331183
0.5083629837479344
0.5083584930309701
0.5083539921483221
0.5083494810679782
0.5083449597578796
0.5083404281859216
0.5083358863199533
0.5083313341277761
0.5083267715771445
0.5083221986357647
0.5083176152712954
0.5083130214513459
0.508308417143477
0.5083038023151996
0.5082991769339749
0.5082945409672134
0.5082898943822752
0.5082852371464694
0.5082805692270524
0.5082758905912299
0.508271201206154
0.5082665010389243
0.5082617900565867
0.5082570682261338
0.508252335514503
0.5082475918885776
0.5082428373151856
0.5082380717610989
0.5082332951930337
0.5082285075776496
0.5082237088815482
0.5082188990712753
0.5082140781133166
0.508209245974101
0.5082044026199973
0.5081995480173159
0.508194682132306
0.5081898049311575
0.5081849163799986
0.5081800164448966
0.5081751050918568
0.5081701822868216
0.5081652479956715
0.5081603021842226
0.5081553448182277
0.5081503758633747
0.5081453952852876
0.5081404030495236
0.5081353991215752
0.5081303834668672
0.5081253560507588
0.5081203168385405
0.5081152657954355
0.508110202886598
0.5081051280771136
0.5081000413319977
0.5080949426161958
0.5080898318945828
0.5080847091319622
0.5080795742930657
0.5080744273425529
0.5080692682450101
0.5080640969649503
0.5080589134668124
0.5080537177149613
0.5080485096736861
0.5080432893072002
0.5080380565796413
0.5080328114550695
0.5080275538974681
0.5080222838707423
0.5080170013387182
0.5080117062651432
0.5080063986136851
0.5080010783479308
0.5079957454313868
0.5079903998274775
0.5079850414995457
0.5079796704108515
0.5079742865245707
0.5079688898037962
0.5079634802115359
0.5079580577107128
0.5079526222641636
0.5079471738346386
0.5079417123848018
0.5079362378772285
0.5079307502744064
0.5079252495387341
0.5079197356325204
0.5079142085179839
0.5079086681572527
0.5079031145123629
0.5078975475452587
0.5078919672177914
0.5078863734917188
0.5078807663287046
0.5078751456903178
0.5078695115380316
0.5078638638332234
0.5078582025371735
0.5078525276110647
0.507846839015982
0.5078411367129112
0.5078354206627387
0.5078296908262503
0.5078239471641314
0.5078181896369652
0.5078124182052333
0.5078066328293135
0.5078008334694799
0.5077950200859029
0.507789192638647
0.5077833510876709
0.507777495392827
0.5077716255138598
0.5077657414104062
0.5077598430419942
0.507753930368042
0.5077480033478579
0.5077420619406388
0.5077361061054697
0.5077301358013236
0.50772415098706
0.5077181516214241
0.5077121376630465
0.5077061090704421
0.5077000658020094
0.5076940078160301
0.5076879350706676
0.5076818475239666
0.5076757451338532
0.5076696278581315
0.5076634956544863
0.5076573484804796
0.5076511862935511
0.5076450090510166
0.507638816710068
0.5076326092277721
0.5076263865610697
0.507620148666775
0.5076138955015743
0.5076076270220258
0.5076013431845584
0.5075950439454715
0.5075887292609325
0.5075823990869778
0.5075760533795113
0.507569692094303
0.5075633151869889
0.50755692261307
0.5075505143279108
0.507544090286739
0.5075376504446448
0.50753119475658
0.5075247231773559
0.5075182356616443
0.5075117321639753
0.5075052126387367
0.5074986770401734
0.5074921253223861
0.5074855574393309
0.5074789733448175
0.5074723729925095
0.5074657563359223
0.5074591233284229
0.5074524739232287
0.5074458080734066
0.5074391257318724
0.5074324268513888
0.5074257113845662
0.5074189792838597
0.5074122305015701
0.5074054649898412
0.50739868270066
0.5073918835858557
0.5073850675970979
0.5073782346858963
0.5073713848035992
0.5073645179013934
0.5073576339303024
0.507350732841185
0.5073438145847363
0.5073368791114837
0.5073299263717889
0.5073229563158442
0.5073159688936739
0.5073089640551315
0.5073019417498993
0.5072949019274875
0.5072878445372324
0.5072807695282969
0.507273676849668
0.507266566450156
0.5072594382783938
0.5072522922828357
0.5072451284117568
0.5072379466132504
0.5072307468352287
0.5072235290254207
0.5072162931313712
0.5072090391004398
0.5072017668798002
0.5071944764164386
0.5071871676571522
0.5071798405485493
0.5071724950370466
0.5071651310688695
0.5071577485900503
0.5071503475464267
0.5071429278836418
0.5071354895471412
0.5071280324821734
0.507120556633788
0.5071130619468346
0.5071055483659617
0.5070980158356145
0.5070904643000359
0.5070828937032634
0.5070753039891286
0.5070676951012556
0.5070600669830604
0.5070524195777493
0.5070447528283171
0.507037066677548
0.5070293610680112
0.5070216359420622
0.5070138912418404
0.5070061269092678
0.5069983428860487
0.5069905391136672
0.5069827155333868
0.5069748720862481
0.5069670087130691
0.5069591253544424
0.5069512219507344
0.5069432984420849
0.5069353547684037
0.5069273908693713
0.506919406684437
0.5069114021528167
0.5069033772134929
0.5068953318052121
0.5068872658664842
0.5068791793355808
0.5068710721505345
0.5068629442491366
0.5068547955689362
0.5068466260472386
0.5068384356211038
0.5068302242273459
0.5068219918025311
0.5068137382829754
0.5068054636047453
0.5067971677036541
0.506788850515262
0.5067805119748742
0.5067721520175391
0.5067637705780471
0.5067553675909294
0.5067469429904563
0.5067384967106351
0.5067300286852101
0.5067215388476598
0.5067130271311955
0.5067044934687601
0.5066959377930275
0.5066873600363987
0.5066787601310027
0.5066701380086935
0.5066614936010492
0.50665282683937
0.5066441376546773
0.5066354259777112
0.5066266917389296
0.506617934868506
0.5066091552963294
0.5066003529520006
0.5065915277648316
0.5065826796638444
0.5065738085777689
0.5065649144350407
0.5065559971638007
0.5065470566918925
0.5065380929468608
0.5065291058559503
0.5065200953461034
0.5065110613439587
0.5065020037758495
0.5064929225678021
0.5064838176455334
0.5064746889344498
0.5064655363596459
0.5064563598459018
0.5064471593176816
0.5064379346991318
0.50642868591408
0.5064194128860322
0.5064101155381715
0.5064007937933563
0.5063914475741185
0.5063820768026612
0.5063726814008582
0.5063632612902501
0.5063538163920442
0.5063443466271125
0.5063348519159883
0.5063253321788661
0.5063157873355989
0.5063062173056966
0.5062966220083234
0.5062870013622968
0.506277355286085
0.5062676836978061
0.5062579865152238
0.5062482636557478
0.5062385150364312
0.5062287405739682
0.5062189401846915
0.5062091137845717
0.5061992612892144
0.5061893826138585
0.5061794776733737
0.5061695463822592
0.5061595886546413
0.5061496044042709
0.5061395935445221
0.50612955598839
0.5061194916484881
0.506109400437047
0.5060992822659114
0.5060891370465384
0.5060789646899958
0.5060687651069595
0.506058538207711
0.5060482839021356
0.5060380020997207
0.5060276927095524
0.5060173556403149
0.5060069908002867
0.5059965980973392
0.5059861774389345
0.5059757287321227
0.5059652518835402
0.5059547467994073
0.5059442133855249
0.5059336515472738
0.5059230611896114
0.5059124422170694
0.5059017945337523
0.5058911180433335
0.5058804126490543
0.5058696782537212
0.5058589147597032
0.5058481220689297
0.5058373000828872
0.505826448702619
0.5058155678287202
0.505804657361337
0.5057937172001635
0.5057827472444394
0.5057717473929475
0.5057607175440112
0.5057496575954918
0.5057385674447865
0.505727446988825
0.5057162961240677
0.5057051147465026
0.5056939027516434
0.505682660034526
0.5056713864897063
0.505660082011258
0.5056487464927693
0.5056373798273401
0.5056259819075808
0.5056145526256068
0.5056030918730395
0.5055915995409999
0.5055800755201083
0.5055685197004811
0.5055569319717271
0.5055453122229457
0.5055336603427237
0.5055219762191325
0.5055102597397256
0.5054985107915346
0.5054867292610687
0.5054749150343092
0.5054630679967081
0.5054511880331848
0.5054392750281238
0.5054273288653699
0.5054153494282282
0.5054033365994582
0.5053912902612726
0.5053792102953341
0.5053670965827514
0.5053549490040772
0.5053427674393052
0.5053305517678658
0.5053183018686246
0.5053060176198779
0.5052936988993509
0.5052813455841932
0.5052689575509769
0.5052565346756923
0.5052440768337457
0.5052315838999557
0.5052190557485499
0.5052064922531619
0.5051938932868278
0.5051812587219833
0.5051685884304598
0.5051558822834818
0.5051431401516628
0.505130361905003
0.5051175474128844
0.5051046965440689
0.5050918091666944
0.5050788851482706
0.5050659243556767
0.5050529266551571
0.505039891912319
0.5050268199921273
0.5050137107589021
0.5050005640763152
0.5049873798073862
0.504974157814479
0.5049608979592982
0.5049476001028855
0.504934264105616
0.5049208898271946
0.5049074771266524
0.5048940258623428
0.5048805358919375
0.5048670070724237
0.5048534392600994
0.5048398323105698
0.5048261860787441
0.5048125004188303
0.5047987751843331
0.5047850102280489
0.5047712054020618
0.5047573605577405
0.5047434755457331
0.5047295502159648
0.5047155844176328
0.5047015779992018
0.5046875308084016
0.5046734426922214
0.5046593134969067
0.5046451430679552
0.5046309312501116
0.5046166778873646
0.504602382822943
0.5045880458993097
0.5045736669581595
0.5045592458404136
0.5045447823862154
0.5045302764349273
0.5045157278251251
0.504501136394594
0.5044865019803245
0.504471824418508
0.504457103544532
0.5044423391929762
0.5044275311976074
0.5044126793913755
0.5043977836064089
0.5043828436740094
0.5043678594246488
0.504352830687963
0.5043377572927479
0.5043226390669552
0.5043074758376872
0.5042922674311918
0.5042770136728587
0.504261714387214
0.5042463693979149
0.5042309785277461
0.5042155415986145
0.5042000584315434
0.504184528846669
0.5041689526632348
0.5041533296995862
0.5041376597731666
0.5041219427005114
0.5041061782972431
0.504090366378067
0.5040745067567654
0.5040585992461921
0.5040426436582686
0.5040266398039772
0.5040105874933575
0.5039944865354994
0.5039783367385394
0.5039621379096542
0.5039458898550556
0.5039295923799858
0.5039132452887111
0.5038968483845168
0.5038804014697016
0.5038639043455728
0.5038473568124398
0.5038307586696088
0.5038141097153779
0.5037974097470302
0.5037806585608294
0.5037638559520137
0.5037470017147891
0.5037300956423251
0.5037131375267483
0.5036961271591364
0.5036790643295125
0.503661948826839
0.5036447804390122
0.5036275589528557
0.5036102841541147
0.50359295582745
0.503575573756432
0.5035581377235345
0.5035406475101284
0.5035231028964754
0.5035055036617224
0.5034878495838949
0.5034701404398906
0.503452376005473
0.5034345560552654
0.5034166803627447
0.503398748700234
0.5033807608388968
0.5033627165487309
0.5033446155985607
0.5033264577560317
0.5033082427876037
0.5032899704585432
0.5032716405329181
0.5032532527735898
0.5032348069422069
0.503216302799199
0.5031977401037683
0.5031791186138843
0.5031604380862758
0.5031416982764242
0.5031228989385574
0.5031040398256408
0.5030851206893721
0.5030661412801731
0.5030471013471828
0.5030280006382503
0.5030088388999271
0.5029896158774606
0.5029703313147856
0.5029509849545185
0.502931576537948
0.5029121058050288
0.5028925724943739
0.502872976343247
0.5028533170875548
0.5028335944618394
0.5028138081992702
0.5027939580316374
0.5027740436893421
0.5027540649013911
0.5027340213953864
0.5027139128975192
0.5026937391325613
0.5026734998238566
0.5026531946933133
0.5026328234613967
0.5026123858471195
0.502591881568035
0.5025713103402275
0.5025506718783056
0.5025299658953921
0.5025091921031171
0.5024883502116085
0.502467439929484
0.5024464609638428
0.5024254130202566
0.5024042958027602
0.5023831090138451
0.5023618523544485
0.5023405255239451
0.5023191282201388
0.5022976601392535
0.502276120975924
0.5022545104231871
0.5022328281724731
0.5022110739135952
0.5021892473347422
0.502167348122468
0.5021453759616826
0.5021233305356434
0.5021012115259452
0.5020790186125111
0.5020567514735823
0.5020344097857097
0.5020119932237437
0.5019895014608244
0.5019669341683723
0.5019442910160786
0.5019215716718948
0.5018987758020234
0.5018759030709076
0.5018529531412222
0.5018299256738622
0.5018068203279336
0.5017836367607431
0.5017603746277882
0.5017370335827458
0.5017136132774636
0.5016901133619486
0.5016665334843563
0.5016428732909812
0.5016191324262463
0.501595310532691
0.5015714072509622
0.5015474222198026
0.5015233550760404
0.5014992054545772
0.501474972988379
0.5014506573084643
0.5014262580438922
0.5014017748217527
0.5013772072671552
0.5013525550032163
0.5013278176510497
0.5013029948297544
0.501278086156403
0.5012530912460309
0.5012280097116242
0.5012028411641074
0.501177585212334
0.5011522414630725
0.5011268095209953
0.5011012889886673
0.5010756794665335
0.5010499805529072
0.5010241918439575
0.5009983129336978
0.5009723434139737
0.5009462828744492
0.5009201309025966
0.5008938870836825
0.5008675510007563
0.5008411222346365
0.500814600363899
0.5007879849648644
0.5007612756115853
0.5007344718758324
0.5007075733270834
0.5006805795325087
0.5006534900569583
0.5006263044629499
0.5005990223106546
0.5005716431578843
0.500544166560078
0.5005165920702889
0.5004889192391698
0.5004611476149615
0.5004332767434773
0.5004053061680902
0.5003772354297195
0.5003490640668162
0.5003207916153496
0.5002924176087935
0.5002639415781106
0.5002353630517418
0.5002066815555879
0.5001778966129984
0.5001490077447557
0.500120014469061
0.5000909163015199
0.5000617127551281
0.5000324033402562
0.5000029875646348
0.49997346493334094
0.49994383494878203
0.4999140971106814
0.49988425091606314
0.4998542958592368
0.49982423143178323
0.49979405712253744
0.4997637724175751
0.49973337680019625
0.49970286975091005
0.4996722507474189
0.49964151926460315
0.4996106747745048
0.49957971674631285
0.4995486446463459
0.4995174579380377
0.49948615608192015
0.49945473853560635
0.4994232047537771
0.4993915541881618
0.49935978628752353
0.49932790049764214
0.49929589626129844
0.4992637730182561
0.49923153020524647
0.4991991672559509
0.4991666836009847
0.49913407866787884
0.49910135188106464
0.49906850266185515
0.4990355304284291
0.49900243459581267
0.4989692145758631
0.4989358697772503
0.49890239960544047
0.4988688034626771
0.4988350807479648
0.49880123085704986
0.4987672531824044
0.49873314711320654
0.49869891203532357
0.4986645473312937
0.4986300523803074
0.4985954265581892
0.4985606692373802
0.49852577978691853
0.49849075757242184
0.49845560195606753
0.49842031229657563
0.49838488794918806
0.49834932826565204
0.4983136325941992
0.49827780027952784
0.4982418306627833
0.4982057230815387
0.4981694768697761
0.49813309135786676
0.49809656587255213
0.4980598997369236
0.49802309227040437
0.4979861427887276
0.4979490506039187
0.49791181502427456
0.4978744353543438
0.49783691089490617
0.4977992409429538
0.49776142479166974
0.4977234617304086
0.4976853510446754
0.49764709201610613
0.4976086839224467
0.49757012603753165
0.4975314176312654
0.4974925579696
0.4974535463145141
0.4974143819239938
0.4973750640520094
0.4973355919484967
0.49729596485933386
0.49725618202632105
0.4972162426871599
0.49717614607543054
0.4971358914205714
0.4970954779478574
0.4970549048783781
0.49701417142901616
0.4969732768124259
0.4969322202370111
0.496891000906903
0.49684961802193905
0.4968080707776396
0.49676635836518745
0.49672447997140445
0.4966824347787294
0.49664022196519575
0.49659784070441015
0.49655529016552813
0.4965125695132334
0.4964696779077136
0.4964266145046396
0.49638337845514047
0.49633996890578236
0.4962963849985449
0.49625262587079866
0.49620869065528156
0.4961645784800762
0.4961202884685866
0.49607581973951503
0.4960311714068387
0.4959863425797867
0.49594133236281635
0.4958961398555892
0.49585076415294865
0.49580520434489594
0.4957594595165661
0.4957135287482045
0.4956674111151436
0.49562110568777884
0.4955746115315443
0.4955279277068898
0.49548105326925584
0.49543398726905047
0.4953867287516257
0.4953392767572517
0.49529163032109397
0.4952437884731893
0.4951957502384206
0.49514751463649365
0.4950990806819121
0.4950504473839535
0.495001613746645
0.4949525787687382
0.4949033414436859
0.494853900759617
0.4948042556993113
0.49475440524017633
0.49470434835422206
0.494654084008036
0.49460361116275947
0.4945529287740622
0.4945020357921179
0.49445093116157945
0.4943996138215545
0.49434808270558106
0.4942963367416015
0.4942443748519392
0.49419219595327285
0.4941397989566126
0.4940871827672744
0.4940343462848555
0.49398128840320954
0.49392800801042286
0.49387450398878807
0.4938207752147805
0.4937668205590325
0.4937126388863097
0.4936582290554855
0.49360358991951647
0.49354872032541797
0.49349361911423917
0.4934382851210383
0.49338271717485827
0.4933269140987019
0.4932708747095068
0.4932145978181218
0.4931580822292821
0.4931013267415837
0.4930443301474606
0.49298709123315904
0.49292960877871395
0.49287188155792394
0.49281390833832783
0.4927556878811798
0.49269721894142504
0.49263850026767625
0.49257953060218934
0.49252030868083935
0.4924608332330962
0.49240110298200196
0.49234111664414526
0.49228087292963996
0.49222037054209933
0.4921596081786134
0.49209858452972594
0.4920372982794107
0.49197574810504774
0.49191393267740147
0.49185185066059556
0.4917895007120931
0.4917268814826705
0.4916639916163964
0.49160082975061
0.49153739451589584
0.4914736845360645
0.49140969842812854
0.4913454348022806
0.4912808922618723
0.4912160694033917
0.4911509648164414
0.49108557708371814
0.49101990478099067
0.4909539464770786
0.4908877007338316
0.49082116610610854
0.49075434114175726
0.4906872243815925
0.49061981435937807
0.4905521096018045
0.49048410862847047
0.4904158099518626
0.4903472120773362
0.490278313503096
0.49020911272017603
0.49013960821242286
0.4900697984564749
0.4899996819217455
0.4899292570704036
0.48985852235735683
0.48978747623023333
0.4897161171293639
0.4896444434877666
0.48957245373112734
0.48950014627778526
0.4894275195387153
0.4893545719175132
0.48928130181037843
0.48920770760609955
0.4891337876860389
0.4890595404241179
0.4889849641868021
0.488910057333087
0.4888348182144845
0.48875924517500924
0.48868333655116514
0.48860709067193253
0.4885305058587561
0.48845358042553194
0.4883763126785965
0.4882987009167144
0.4882207434310685
0.4881424385052476
0.4880637844152379
0.48798477942941176
0.48790542180851976
0.48782570980567896
0.48774564166636797
0.48766521562841514
0.4875844299219936
0.4875032827696123
0.48742177238610995
0.48733989697864755
0.4872576547467039
0.4871750438820696
0.4870920625688412
0.4870087089834181
0.48692498129449735
0.48684087766307105
0.4867563962424232
0.4866715351781262
0.48658629260804087
0.4865006666623133
0.486414655463375
0.48632825712594213
0.4862414697570161
0.4861542914558843
0.4860667203141211
0.48597875441559096
0.48589039183645016
0.4858016306451496
0.4857124689024398
0.4856229046613747
0.48553293596731684
0.48544256085794263
0.4853517773632496
0.4852605835055628
0.485168977299542
0.48507695675219187
0.4849845198628685
0.48489166462329153
0.4847983890175521
0.4847046910221267
0.4846105686058867
0.4845160197301124
0.4844210423485051
0.4843256344072026
0.48422979384479264
0.48413351859232906
0.48403680657334847
0.4839396557038866
0.48384206389249673
0.48374402904026803
0.4836455490408455
0.4835466217804496
0.48344724513789805
0.48334741698462763
0.48324713518471674
0.48314639759490896
0.4830452020646376
0.4829435464360521
0.48284142854404233
0.4827388462162675
0.48263579727318345
0.4825322795280712
0.48242829078706745
0.48232382884919495
0.48221889150639463
0.4821134765435575
0.4820075817385592
0.481901204862293
0.48179434367870666
0.48168699594483877
0.48157915941085566
0.48147083182008965
0.4813620109090789
0.4812526944076077
0.4811428800387485
0.48103256551890256
0.4809217485578455
0.4808104268587707
0.48069859811833454
0.48058626002670435
0.4804734102676041
0.4803600465183649
0.480246166449974
0.48013176772712524
0.4800168480082717
0.4799014049456787
0.479785436185477
0.4796689393677193
0.4795519121264359
0.4794343520896921
0.47931625687964696
0.4791976241126128
0.47907845139911676
0.4789587363439616
0.4788384765462902
0.47871766959964834
0.47859631309205153
0.478474404606051
0.4783519417188013
0.4782289220021294
0.478105343022605
0.47798120234161157
0.47785649751541914
0.4777312260952575
0.4776053856273916
0.47747897365319725
0.47735198770923837
0.4772244253273456
0.47709628403469595
0.4769675613538935
0.4768382548030518
0.4767083618958766
0.4765778801417511
0.4764468070458207
0.4763151401090808
0.4761828768284645
0.47605001469693187
0.4759165512035609
0.4757824838336391
0.47564781006875584
0.4755125273868972
0.4753766332625423
0.4752401251667578
0.4751030005672973
0.47496525692869973
0.47482689171239034
0.47468790237678127
0.47454828637737395
0.47440804116686464
0.4742671641952477
0.4741256529099224
0.4739835047558013
0.47384071717541626
0.47369728760903157
0.47355321349475216
0.47340849226863735
0.4732631213648125
0.47311709821558545
0.47297042025156033
0.4728230849017551
0.47267508959371884
0.47252643175365094
0.4723771088065216
0.472227118176192
0.4720764572855364
0.47192512355656724
0.4717731144105571
0.4716204272681659
0.4714670595495664
0.4713130086745721
0.47115827206276517
0.4710028471336272
0.4708467313066682
0.47068992200155946
0.4705324166382647
0.4703742126371747
0.47021530741924106
0.47005569840611117
0.469895383020265
0.4697343586851518
0.46957262282532825
0.4694101728665969
0.46924700623614624
0.4690831203626906
0.4689185126766122
0.46875318061010196
0.4685871215973034
0.4684203330744557
0.46825281248003753
0.4680845572549128
0.4679155648424754
0.46774583268879555
0.4675753582427678
0.46740413895625643
0.4672321722842454
0.4670594556849859
0.46688598662014497
0.4667117625549571
0.46653678095837203
0.4663610393032065
0.4661845350662949
0.4660072657286406
0.4658292287755676
0.46565042169687315
0.4654708419869784
0.4652904871450829
0.465109354675317
0.4649274420868934
0.4647447468942628
0.46456126661726527
0.4643769987812847
0.4641919409174024
0.4640060905625502
0.46381944525966473
0.4636320025578405
0.46344376001248416
0.46325471518546696
0.46306486564527916
0.4628742089671826
0.46268274273336396
0.4624904645330877
0.4622973719628478
0.4621034626265209
0.4619087341355173
0.46171318410893364
0.4615168101737022
0.46131960996474297
0.46112158112511303
0.46092272130615564
0.46072302816765054
0.4605224993779608
0.46032113261418095
0.4601189255622842
0.45991587591726835
0.45971198138330105
0.4595072396738645
0.4593016485118989
0.4590952056299452
0.45888790877028696
0.4586797556850914
0.4584707441365476
0.45826087189700737
0.4580501367491207
0.45783853648597317
0.4576260689112199
0.4574127318392199
0.45719852309516873
0.45698344051522866
0.45676748194665906
0.4565506452479433
0.45633292828891747
0.45611432895089243
0.45589484512677997
0.4556744747212128
0.45545321565066554
0.4552310658435723
0.4550080232404439
0.4547840857939817
0.4545592514691912
0.45433351824349194
0.45410688410682754
0.45387934706177074
0.45365090512363015
0.45342155632055114
0.4531912986936172
0.4529601302969477
0.4527280491977937
0.45249505347663194
0.45226114122725564
0.4520263105568637
0.4517905595861463
0.4515538864493699
0.451316289294457
0.45107776628306645
0.4508383155906677
0.450597935406616
0.4503566239342216
0.45011437939081766
0.44987120000782566
0.4496270840308177
0.4493820297195751
0.4491360353481447
0.4488890992048917
0.44864121959255154
0.44839239482827414
0.4481426232436698
0.4478919031848496
0.44764023301246214
0.44738761110172875
0.44713403584247324
0.4468795056391502
0.4466240189108689
0.44636757409141425
0.44611016962926353
0.44585180398760044
0.4455924756443248
0.4453321830920599
0.44507092483815436
0.4448086994046827
0.44454550532843934
0.4442813411609314
0.4440162054683666
0.4437500968316372
0.44348301384629973
0.4432149551225533
0.44294591928521027
0.4426759049736655
0.4424049108418603
0.4421329355582445
0.4418599778057319
0.4415860362816524
0.4413111096977007
0.4410351967798808
0.44075829626844587
0.4404804069178335
0.4402015274965976
0.4399216567873364
0.4396407935866146
0.439358936704882
0.43907608496638945
0.4387922372090969
0.4385073922845803
0.43822154905793287
0.4379347064076622
0.43764686322558166
0.4373580184166995
0.43706817089910227
0.4367773196038328
0.4364854634747669
0.43619260146848127
0.43589873255411915
0.4356038557132539
0.43530796993974147
0.435011074239575
0.43471316763073153
0.43441424914301363
0.434114317817888
0.4338133727083202
0.43351141287860034
0.43320843740417
0.4329044453714408
0.4325994358776088
0.4322934080304654
0.431986360948202
0.4316782937592122
0.431369205601887
0.4310590956244067
0.4307479629845271
0.43043580684936367
0.4301226263951677
0.42980842080709875
0.4294931892789948
0.42917693101313426
0.4288596452199961
0.4285413311180138
0.428221987933325
0.42790161489951745
0.42758021125736884
0.4272577762545836
0.4269343091455233
0.42660980919093505
0.4262842756576726
0.42595770781841424
0.42563010495137726
0.4253014663400254
0.4249717912727746
0.42464107904269194
0.42430932894719087
0.42397654028772347
0.42364271236946605
0.42330784450100234
0.42297193599400074
0.42263498616288847
0.4222969943245208
0.42195795979784634
0.42161788190356736
0.4212767599637983
0.4209345933017156
0.4205913812412088
0.4202471231065229
0.41990181822190054
0.41955546591121623
0.41920806549761075
0.41885961630311785
0.41851011764828977
0.4181595688518177
0.4178079692301478
0.4174553180970953
0.41710161476345353
0.4167468585365992
0.4163910487200947
0.4160341846132871
0.41567626551090214
0.4153172907026356
0.41495725947274287
0.4145961710996219
0.41423402485539557
0.4138708200054896
0.41350655580820717
0.41314123151430177
0.4127748463665449
0.41240739959929135
0.4120388904380441
0.4116693180990131
0.41129868178867157
0.410926980703312
0.4105542140285973
0.41018038093910975
0.4098054805978981
0.409429512156022
0.40905247475209405
0.4086743675118193
0.4082951895475321
0.4079149399577325
0.4075336178266205
0.4071512222236246
0.40676775220293493
0.40638320680302875
0.40599758504619793
0.4056108859380743
0.40522310846715104
0.40483425160430603
0.40444431430232286
0.4040532954954099
0.4036611940987189
0.4032680090078625
0.40287373909843194
0.4024783832255125
0.4020819402231991
0.4016844089041122
0.4012857880589123
0.4008860764558136
0.400485272840101
0.40008337593364174
0.3996803844344024
0.399276297015964
0.3988711123270363
0.3984648289909747
0.39805744560529793
0.3976489607412049
0.3972393729430944
0.3968286807280848
0.3964168825855354
0.3960039769765705
0.3955899623336028
0.39517483705986056
0.3947585995289174
0.39434124808422044
0.3939227810386261
0.39350319667393446
0.3930824932404281
0.3926606689564135
0.39223772200776597
0.39181365054747685
0.3913884526952058
0.3909621265368348
0.39053467012402854
0.39010608147379644
0.38967635856806165
0.3892454993532315
0.3888135017397761
0.38838036360180944
0.3879460827766774
0.3875106570645491
0.38707408422801837
0.38663636199170526
0.38619748804186954
0.38575746002602573
0.38531627555257
0.3848739321904081
0.38443042746859746
0.38398575887599096
0.38353992386089186
0.3830929198307166
0.3826447441516639
0.38219539414839654
0.3817448671037276
0.38129316025832055
0.38084027081039495
0.38038619591544565
0.37993093268597045
0.37947447819120833
0.3790168294568891
0.37855798346499575
0.3780979371535355
0.37763668741632567
0.3771742311027909
0.37671056501777334
0.37624568592135493
0.37577959052869525
0.3753122755098822
0.3748437374897959
0.3743739730479893
0.3739029787185831
0.3734307509901756
0.37295728630576963
0.3724825810627139
0.3720066316126648
0.3715294342615597
0.37105098526961494
0.37057128085133495
0.3700903171755464
0.3696080903654442
0.36912459649866486
0.3686398316073737
0.3681537916783744
0.36766647265324076
0.36717787042846906
0.366687980855649
0.36619679974166414
0.36570432284890775
0.36521054589552643
0.3647154645556866
0.36421907445986523
0.36372137119516457
0.36322235030565453
0.36272200729273907
0.3622203376155486
0.3617173366913629
0.36121299989605804
0.36070732256458155
0.36020029999145986
0.35969192743133
0.3591822000995054
0.3586711131725697
0.35815866178900124
0.35764484104983146
0.35712964601933156
0.3566130717257359
0.3560951131619957
0.35557576528656687
0.355055023024234
0.35453288126696664
0.3540093348748133
0.35348437867683014
0.35295800747204653
0.35243021603046887
0.3519009990941199
0.35137035137811923
0.35083826757179964
0.35030474233986586
0.3497697703235915
0.3492333461420565
0.3486954643934269
0.34815611965627485
0.3476153064909419
0.3470730194409454
0.3465292530344251
0.345984001785639
0.3454372601964971
0.34488902275814565
0.3443392839525925
0.3437880382543799
0.343235280132305
0.34268100405118296
0.3421252044736618
0.3415678758620811
0.3410090126803812
0.3404486093960587
0.3398866604821726
0.3393231604193979
0.33875810369813
0.3381914848206368
0.33762329830326476
0.3370535386786897
0.33648220049822436
0.3359092783341713
0.3353347667822312
0.33475866046395936
0.33418095402927595
0.33360164215902516
0.3330207195675903
0.3324381810055552
0.33185402126242164
0.3312682351693782
0.3306808176021174
0.3300917634837098
0.3295010677875257
0.3289087255402103
0.3283147318247104
0.32771908178335135
0.3271217706209656
0.326522793608072
0.3259221460841057
0.3253198234606975
0.32471582122500336
0.3241101349430839
0.32350276026332947
0.32289369291993825
0.3222829287364379
0.3216704636292564
0.32105629361133725
0.32044041479580354
0.31982282339966267
0.31920351574755673
0.3185824882755587
0.31795973753500517
0.3173352601963742
0.31670905305320235
0.3160811130260395
0.31545143716644153
0.3148200226610014
0.3141868668354118
0.3135519671585646
0.3129153212466813
0.31227692686747427
0.31163678194433697
0.3109948845605625
0.31035123296358813
0.3097058255692626
0.3090586609661378
0.3084097379197788
0.3077590553770946
0.30710661247068366
0.30645240852319466
0.30579644305169906
0.30513871577207463
0.3044792266033963
0.30381797567233204
0.30315496331754205
0.30249019009407924
0.30182365677778805
0.3011553643696964
0.30048531410040263
0.2998135074344535
0.2991399460747066
0.2984646319666795
0.297787567302879
0.29710875452711205
0.2964281963387678
0.29574589569707727
0.2950618558253377
0.29437608021510797
0.29368857263036363
0.2929993371116138
0.292308377979974
0.29161569984119234
0.2909213075896267
0.2902252064121666
0.2895274017920998
0.28882789951291765
0.2881267056620579
0.2874238266345771
0.2867192691367566
0.2860130401896294
0.28530514713243255
0.2845955976259754
0.2838843996559255
0.2831715615360002
0.282457091911073
0.2817409997601779
0.2810232943994161
0.28030398548476
0.27958308301474977
0.2788605973330794
0.2781365391310677
0.2774109194500137
0.27668374968343007
0.2759550415791511
0.2752248072413154
0.2744930591322135
0.27375981007400485
0.273025073250294
0.27228886220756726
0.2715511908564845
0.2708120734730239
0.27007152469947665
0.2693295595452871
0.2685861933877391
0.2678414419724805
0.2670953214138893
0.26634784819527313
0.2655990391689031
0.26484891155587864
0.2640974829458217
0.26334477129639566
0.2625907949326506
0.26183557254619055
0.2610791231941617
0.2603214662980586
0.2595626216423497
0.2588026093729189
0.2580414499953196
0.257279164372847
0.2565157737244189
0.2557512996222712
0.2549857639894644
0.2542191890972004
0.25345159756195085
0.25268301234239443
0.25191345673616694
0.25114295437641987
0.25037152922819
0.24959920558458276
0.2488260080627646
0.24805196159977042
0.24727709144812465
0.24650142317127655
0.24572498263885362
0.2449477960217317
0.2441698897869265
0.24339129069230497
0.242612025781123
0.24183212237638715
0.2410516080750458
0.24027051074201267
0.2394888585040223
0.23870667974332405
0.2379240030912155
0.23714085742142071
0.23635727184331257
0.23557327569498882
0.2347888985362012
0.23400417014114147
0.23321912049109217
0.2324337797669432
0.23164817834157755
0.23086234677213718
0.23007631579216276
0.22929011630362456
0.2285037793688395
0.2277173362022837
0.2269308181623078
0.22614425674275304
0.22535768356448277
0.22457113036682705
0.22378462899895007
0.22299821141114679
0.22221190964606813
0.22142575582989088
0.220639782163427
0.2198540209131885
0.21906850440240525
0.2182832650020067
0.2174983351215731
0.21671374720026115
0.21592953369770926
0.21514572708493157
0.21436235983520427
0.21357946441495082
0.2127970732746332
0.21201521883965402
0.2112339335012763
0.21045324960756728
0.20967319945437024
0.20889381527631384
0.20811512923786205
0.2073371734244096
0.20655997983343397
0.20578358036570268
0.20500800681654766
0.20423329086720715
0.20345946407624568
0.2026865578710529
0.20191460353942806
0.20114363222125803
0.20037367490028996
0.1996047623960046
0.1988369253555976
0.19807019424606956
0.19730459934643255
0.19654017074003546
0.19577693830701426
0.19501493171686882
0.1942541804211739
0.1934947136464233
0.19273656038701664
0.1919797493983857
0.1912243091902706
0.19047026802014289
0.18971765388678297
0.18896649452401193
0.18821681739458246
0.18746864968422974
0.18672201829588533
0.18597694984405752
0.18523347064937765
0.1844916067333161
0.1837513838130694
0.18301282729661875
0.1822759622779639
0.18154081353252946
0.18080740551275007
0.18007576234382927
0.17934590781967796
0.17861786539903018
0.17789165820173694
0.17716730900523792
0.17644484024121346
0.17572427399241353
0.17500563198966476
0.1742889356090569
0.17357420586930436
0.1728614634292855
0.17215072858575795
0.17144202127124697
0.17073536105211037
0.17003076712677248
0.16932825832413137
0.16862785310213507
0.16792956954652646
0.16723342536975325
0.1665394379100431
0.1658476241306429
0.16515800061921487
0.16447058358739586
0.16378538887050992
0.1631024319274352
0.1624217278406248
0.16174329131627335
0.16106713668463388
0.1603932779004766
0.15972172854369043
0.15905250182002278
0.15838561056195533
0.15772106722971382
0.15705888391240733
0.15639907232929603
0.15574164383118316
0.15508660940192748
0.15443397966007638
0.15378376486061243
0.15313597489681452
0.1524906193022254
0.15184770725272895
0.1512072475687277
0.15056924871742225
0.14993371881518622
0.14930066563003525
0.1486700965841878
0.14804201875671127
0.14741643888625372
0.1467933633738568
0.14617279828584603
0.14555474935679644
0.14493922199257014
0.14432622127342204
0.1437157519571724
0.1431078184824411
0.1425024249719418
0.14189957523583335
0.1412992727751247
0.14070152078513007
0.14010632215897373
0.13951367949113894
0.13892359508105806
0.13833607093674574
0.1377511087784653
0.13716871004243214
0.13658887588454705
0.13601160718415917
0.13543690454785628
0.13486476831327734
0.1342951985529485
0.1337281950781366
0.13316375744272077
0.1326018849470775
0.1320425766419796
0.13148583133250197
0.1309316475819401
0.13038002371572993
0.12983095782537407
0.1292844477723683
0.12874049119212952
0.12819908549792036
0.12766022788477038
0.1271239153333913
0.1265901446140854
0.12605891229064473
0.12553021472423853
0.12500404807729035
0.12448040831733954
0.12395929122088852
0.12344069237723249
0.12292460719227269
0.12241103089230755
0.1218999585278066
0.12139138497715894
0.12088530495040162
0.12038171299292197
0.11988060348913529
0.11938197066613629
0.1188858085973231
0.1183921112059927
0.11790087226890783
0.11741208541983372
0.11692574415304341
0.11644184182679207
0.11596037166675922
0.11548132676945708
0.11500470010560583
0.11453048452347489
0.11405867275218837
0.11358925740499609
0.11312223098250852
0.11265758587589514
0.11219531437004562
0.11173540864669482
0.11127786078751001
0.11082266277713965
0.11036980650622442
0.10991928377436953
0.10947108629307951
0.10902520568865229
0.10858163350503591
0.10814036120664511
0.1077013801811389
0.10726468174215859
0.10683025713202676
0.106398097524406
0.10596819402691854
0.1055405376837262
0.10511511947807108
0.10469193033477578
0.10427096112270563
0.10385220265719024
0.1034356457024064
0.10302128097372183
0.10260909913999958
0.10219909082586354
0.10179124661392597
0.10138555704697538
0.10098201263012666
0.10058060383293346
0.10018132109146148
0.0997841548103256
0.09938909536468796
0.09899613310222029
0.09860525834502853
0.09821646139154099
0.09782973251835976
0.09744506198207767
0.0970624400210569
0.09668185685717437
0.09630330269753178
0.09592676773612938
0.09555224215550673
0.0951797161283494
0.09480917981906097
0.09444062338530251
0.09407403697949852
0.09370941075031068
0.09334673484407902
0.09298599940623095
0.09262719458265964
0.09227031052107038
0.09191533737229608
0.09156226529158315
0.09121108443984768
0.0908617849849001
0.09051435710264218
0.09016879097823591
0.08982507680724176
0.08948320479673075
0.08914316516636768
0.08880494814946853
0.08846854399402898
0.08813394296372862
0.08780113533890785
0.08747011141751877
0.08714086151605226
0.08681337597043871
0.08648764513692472
0.08616365939292644
0.08584140913785787
0.08552088479393673
0.08520207680696698
0.0848849756470992
0.08456957180956823
0.08425585581540895
0.08394381821215144
0.08363344957449396
0.08332474050495597
0.08301768163451022
0.08271226362319552
0.08240847716070931
0.08210631296698132
0.081805761792728
0.08150681441998846
0.08120946166264191
0.08091369436690848
0.08061950341183054
0.080326879709738
0.08003581420669684
0.07974629788294019
0.07945832175328432
0.07917187686752743
0.07888695431083387
0.07860354520410295
0.078321640704322
0.07804123200490527
0.07776231033601916
0.07748486696489171
0.07720889319611011
0.07693438037190335
0.07666131987241209
0.07638970311594612
0.07611952155922842
0.07585076669762729
0.07558343006537584
0.0753175032357809
0.07505297782141848
0.07478984547431947
0.07452809788614354
0.07426772678834255
0.0740087239523129
0.07375108118953805
0.0734947903517208
0.0732398433309058
0.07298623205959187
0.0727339485108359
0.07248298469834669
0.07223333267657019
0.0719849845407663
0.0717379324270765
0.07149216851258385
0.07124768501536424
0.07100447419452995
0.0707625283502663
0.07052183982385919
0.07028240099771643
0.07004420429538223
0.06980724218154369
0.06957150716203107
0.06933699178381163
0.06910368863497678
0.06887159034472333
0.06864068958332782
0.06841097906211636
0.06818245153342692
0.06795509979056802
0.06772891666777026
0.06750389504013345
0.06728002782356889
0.06705730797473561
0.06683572849097269
0.06661528241022677
0.06639596281097436
0.06617776281214069
0.06596067557301347
0.06574469429315294
0.06552981221229763
0.06531602261026648
0.06510331880685696
0.06489169416173958
0.06468114207434908
0.06447165598377166
0.06426322936862945
0.06405585574696185
0.06384952867610275
0.06364424175255594
0.0634399886118675
0.06323676292849444
0.06303455841567168
0.06283336882527599
0.06263318794768763
0.062434009611648994
0.062235827684122114
0.06203863607014269
0.06184242871267266
0.06164719959245077
0.0614529427278409
0.06125965217467842
0.061067322026114965
0.06087594641246159
0.06068551950103005
0.06049603549597266
0.060307488638119994
0.06011987320481826
0.05993318350976441
0.05974741390284029
0.059562558769945796
0.05937861253283027
0.05919556964892287
0.05901342461116264
0.058832171947826514
0.058651806222357356
0.0584723220331904
0.05829371401357897
0.05811597683142018
0.057939105189078674
0.05776309382321061
0.05758793750458677
0.05741363103791507
0.0572401692616626
0.05706754704787702
0.05689575930200787
0.0567248009627268
0.056554667001748514
0.05638535242365034
0.05621685226569233
0.056049161597636565
0.05588227552156653
0.05571618917170619
0.0555508977142397
0.055386396347129566
0.05522268029993602
0.05505974483363607
0.05489758524044198
0.05473619684362058
0.054575574997312484
0.0544157150863509
0.05425661252608133
0.054098262762180535
0.05394066127047671
0.05378380355676897
0.053627685156647856
0.05347230163531553
0.05331764858740592
0.053163721636806924
0.05301051643648047
0.0528580286682851
0.052706254042797496
0.05255518829913506
0.052404827204779014
0.052255166555397595
0.0521062021746693
0.05195792991410805
0.05181034565288711
0.0516634452976648
0.05151722478241004
0.051371680068228676
0.05122680714319028
0.05108260202215574
0.05093906074660487
0.05079617938446526
0.05065395402994183
0.05051238080334561
0.050371455850925125
0.05023117534469729
0.05009153548227876
0.04995253248671838
