0.4852653097770413
0.5128740421388139
0.511854993313431
0.5121642656831504
0.5126707148866523
0.5118393607315908
0.5104265551996299
0.5096321945491277
0.5094356102664883
0.509346676800148
0.5092444898546843
0.5091294628565609
0.5088766857152593
0.5084400579590517
0.507951568298896
0.5075465797913106
0.5072430233332139
0.506992882125879
0.5067499220265201
0.5064801404364107
0.50616561601365
0.5058162322466618
0.5054609716415144
0.505123024051073
0.5048067184715539
0.5045026326911605
0.5041977881998705
0.503882742770409
0.5035551624566699
0.5032194475623398
0.5028825295135397
0.5025490784131288
0.5022195225617008
0.5018911804444514
0.5015606614137441
0.5012258430825405
0.5008866213222147
0.5005443765418318
0.5002007506099533
0.49985661679692595
0.49951179003939206
0.49916541388000213
0.4988165941203026
0.4984648603405025
0.4981102578081367
0.4977531236495684
0.4973937599791885
0.49703221792504854
0.49666828248412814
0.49630160689671876
0.49593187656778515
0.4955589021360878
0.4951826099711617
0.4948029646811884
0.4944198867769346
0.49403321343803663
0.4936427119224688
0.49324812235762083
0.49284919670373006
0.4924457124813655
0.4920374603822547
0.4916242200586137
0.4912057410834863
0.49078173822770965
0.49035189930466644
0.4899158970654125
0.4894733967197298
0.48902405559840334
0.48856751702687284
0.48810340325842916
0.487631311480465
0.487150813961922
0.4866614606731435
0.4861627817286644
0.48565428786089193
0.48513546880682823
0.4846057907645239
0.4840646943089523
0.48351159350144973
0.4829458760211921
0.48236690360183254
0.48177401209757303
0.4811665109432025
0.4805436822372636
0.4799047798805506
0.4792490290941427
0.4785756263743902
0.47788373972340836
0.47717250894364205
0.47644104588880737
0.47568843471610084
0.47491373227979333
0.47411596880223494
0.4732941488855031
0.4724472528501439
0.47157423835622225
0.4706740422837776
0.4697455828970663
0.4687877623532077
0.4677994696211202
0.4667795838554785
0.4657269782424138
0.46464052431694336
0.4635190967521587
0.46236157862964694
0.4611668672073251
0.4599338801968521
0.458661562548242
0.45734889372025656
0.4559948953980526
0.45459863960690083
0.45315925716075617
0.4516759463731395
0.4501479819426718
0.4485747239068624
0.4469556265378748
0.44529024703569764
0.44357825385896793
0.4418194345216615
0.44001370267430323
0.4381611042810134
0.43626182269928804
0.43431618246920567
0.4323246516240729
0.4302878423459898
0.4282065098073142
0.42608154906201545
0.4239139898787166
0.4217049894392872
0.41945582286248817
0.4171678715505223
0.41484260939609635
0.41248158692715614
0.4100864135041069
0.40765873771842315
0.4052002261707447
0.40271254082970687
0.4001973151890702
0.397656129449604
0.39509048495353594
0.392501778093405
0.3898912739046665
0.3872600795336267
0.3846091177509059
0.38193910065771175
0.3792505037100503
0.3765435401672402
0.373818136058482
0.371073905757746
0.36831012826587617
0.3655257243226105
0.36271923451300464
0.35988879859514067
0.35703213636103354
0.35414653045157174
0.35122881167917086
0.34827534756679834
0.3452820349849748
0.34224429795186556
0.33915709184436316
0.3360149154342354
0.3328118322922895
0.3295415031699038
0.32619723094281705
0.3227720195577919
0.31925864813321075
0.31564976091342356
0.3119379731629623
0.3081159923318658
0.304176752975373
0.30011356304561293
0.2959202583871065
0.29159136166826743
0.2871222416627199
0.2825092688163926
0.2777499633991226
0.27284313316940273
0.2677889982320939
0.26258930144478565
0.2572474031222461
0.251768358735343
0.246158977729474
0.24042786055561538
0.23458540971026706
0.22864380932908326
0.2226169670445488
0.21652041176124656
0.21037114199451448
0.2041874215748564
0.19798852275791193
0.19179442080845233
0.18562544848247836
0.17950192294319028
0.17344376093074945
0.16747009996850915
0.16159894371570577
0.1558468481920226
0.15022866267597196
0.14475733500293025
0.13944378628394205
0.13429685529926522
0.12932330850545423
0.12452790812165318
0.11991352835604181
0.11548130855546136
0.11123083182553817
0.10716031829006209
0.10326682339969004
0.0995464333152646
0.09599445115837905
0.09260556966339852
0.08937402735469438
0.08629374673414439
0.0833584540633201
0.08056178116096277
0.07789735022996526
0.07535884311237295
0.07294005658440697
0.07063494538474463
0.06843765465357848
0.06634254337757858
0.06434420031145767
0.06243745369948732
0.06061737596420259
0.05887928437462061
0.05721873855917712
0.05563153559322448
0.05411370326940319
0.05266149205215645
0.05127136612488277
0.04993999385886757
