0.4942251421947483
0.5216227328276142
0.5216308276402796
0.521077949046399
0.5212949676080059
0.5215903345630948
0.5211328625655457
0.5203109714573595
0.5197716209405445
0.5195622904784899
0.5194671178702133
0.5194125280271891
0.5193699502020384
0.5192528769899555
0.5190225722800943
0.5187422744676851
0.5184920118748437
0.5182978017809192
0.5181444575720949
0.5180075926717004
0.517864241304054
0.5176986606411649
0.5175105148202575
0.5173130349803288
0.5171209446518388
0.5169410736825146
0.5167717579133244
0.5166069477504852
0.5164404428275384
0.5162688339479629
0.5160925260223092
0.5159145182325806
0.5157380150992202
0.5155646406971324
0.515394110582071
0.5152249970665117
0.5150557999736798
0.5148857188442957
0.5147148492725115
0.5145438593302556
0.5143734576546894
0.5142039997547263
0.5140353996628534
0.5138672946337554
0.5136992974265397
0.5135311817973599
0.5133629280576509
0.513194647201249
0.5130264589454803
0.5128584009286197
0.5126904066510773
0.5125223423500467
0.51235406575067
0.5121854700262516
0.5120164950928368
0.5118471104433835
0.5116772870451057
0.51150697615585
0.5113361039183707
0.511164579758551
0.5109923101290625
0.5108192089899225
0.510645200714654
0.5104702163016511
0.5102941869359174
0.5101170390769961
0.5099386931937625
0.5097590657464168
0.5095780724688587
0.5093956309281817
0.5092116613227735
0.5090260856988724
0.5088388265219344
0.5086498055854209
0.5084589437668283
0.5082661615491353
0.5080713798554949
0.5078745207192249
0.5076755075387855
0.5074742649547499
0.5072707185669608
0.5070647947239
0.5068564205061246
0.5066455238855385
0.5064320339534418
0.5062158811030134
0.505996997105323
0.5057753150862476
0.5055507694550462
0.5053232958388915
0.5050928310514521
0.504859313090125
0.5046226811352438
0.5043828755228844
0.5041398376757816
0.5038935099933316
0.5036438357120797
0.5033907587489177
0.5031342235328827
0.5028741748234572
0.5026105575083066
0.5023433163732274
0.5020723958404181
0.5017977396753639
0.5015192906652443
0.5012369902720558
0.5009507782622054
0.5006605923125211
0.5003663675916392
0.500068036315891
0.49976552727983403
0.4994587653627326
0.49914767101302593
0.49883215971294226
0.4985121414251161
0.4981875200226643
0.4978581927039837
0.4975240493936055
0.49718497213068935
0.49684083444698035
0.4964915007361451
0.4961368256163217
0.49577665328750686
0.49541081688517113
0.49503913783129944
0.4946614251839242
0.4942774749861158
0.4938870696152871
0.4934899771335192
0.49308595063943295
0.4926747276219263
0.4922560293159239
0.49182956006013623
0.491395006656736
0.4909520377328096
0.4905003031034216
0.4900394331361626
0.48956903811711233
0.4890887076182798
0.48859800986677543
0.48809649111625386
0.48758367502152544
0.48705906201769333
0.48652212870571954
0.4859723272469719
0.48540908477005085
0.484831802794058
0.4842398566734424
0.4836325950706609
0.48300933946410235
0.4823693837000616
0.48171199359900574
0.48103640662793146
0.4803418316522875
0.4796274487826889
0.4788924093334941
0.47813583591220005
0.4773568226605447
0.47655443567011363
0.4757277135971213
0.4748756685028119
0.47399728694754384
0.47309153136800697
0.47215734176811175
0.47119363775477263
0.4701993209499875
0.46917327781017915
0.4681143828825828
0.4670215025264057
0.4658934991234094
0.4647292357983383
0.4635275816640855
0.4622874175995449
0.46100764255960963
0.45968718040667395
0.45832498724122206
0.45692005919563394
0.4554714406402844
0.45397823273445315
0.4524396022367346
0.4508547904708395
0.4492231223232892
0.44754401513005554
0.445816987290265
0.4440416664273734
0.44221779690247615
0.44034524647147516
0.438424011868491
0.43645422309299653
0.43443614617838566
0.4323701842256831
0.4302568764982748
0.42809689539211226
0.4258910411207361
0.42364023398534845
0.42134550413635813
0.41900797877339446
0.416628866774501
0.41420944079069233
0.41175101688770355
0.40925493186106426
0.4067225183920648
0.4041550782494978
0.40155385377429703
0.39891999791080535
0.39625454306935093
0.3935583691206384
0.3908321708342424
0.38807642508292384
0.38529135814372883
0.3824769134384905
0.3796327200732593
0.3767580625613177
0.37385185215050665
0.37091260022500044
0.36793839431589803
0.36492687733447904
0.36187523073547256
0.35878016242200633
0.35563790031342624
0.3524441926035885
0.3491943158294433
0.34588309193406747
0.3425049155292223
0.33905379252371987
0.3355233911703312
0.33190710638409804
0.32819813789357016
0.32438958240750554
0.3204745395278343
0.3164462306415323
0.3122981295155969
0.30802410284180626
0.3036185585706432
0.2990765995649821
0.2943941799023502
0.28956826104231015
0.28459696500836074
0.2794797216468515
0.2742174068473858
0.2688124682821334
0.26326903472269375
0.25759300435350135
0.25179210681396386
0.24587593312037592
0.2398559273365825
0.23374533408217713
0.22755909686128492
0.2213137038655848
0.215026980349181
0.20871782976303943
0.2024059293217339
0.19611138920352678
0.18985438774894062
0.183654797420403
0.1775318175843411
0.17150363017418296
0.16558709295204999
0.1597974825480959
0.15414829601187913
0.1486511156547375
0.1433155379277416
0.13814916336817357
0.13315764157566806
0.12834476294651548
0.12371258757422963
0.11926160127641461
0.1149908890072172
0.1108983167856924
0.10698071452039888
0.10323405355652551
0.09965361425884132
0.09623414035400375
0.09296997801043247
0.08985519868952119
0.08688370564364709
0.0840493245704911
0.08134587937962112
0.07876725431351901
0.07630744382137386
0.07396059163938945
0.07172102051267983
0.06958325392381422
0.06754203109027065
0.06559231637199012
0.06372930410172832
0.06194841972276777
0.060245317996018774
0.058615878924889814
0.057056201943359225
0.05556259882114467
0.05413158565974427
0.052759874283890375
0.0514443632738153
0.050182128833714604
0.04897041564987627
